###  JD        HJD            UT_date             IMAGE          FWHM  Diff Limit      mag   mag_err       counts     count_err  flux (mJy)    flux_err
2458176.62798  2458176.62746  2018-02-27.1279810  coadd_bn030492 1.48 -1.65 18.469     >18.469  99.990          14.51        29.93   0.024        0.050       
2458177.62327  2458177.62283  2018-02-28.1232739  coadd_bn030885 1.50 -1.65 19.330     >19.330  99.990          15.37        13.54   0.025        0.022       
2458178.62304  2458178.62268  2018-03-01.1230407  coadd_bn031267 1.69 -1.65 18.352     >18.352  99.990           7.25        33.34   0.012        0.055       
2458178.86606  2458178.86573  2018-03-01.3660659  coadd_bj053164 1.64 -1.74 17.654     >17.654  99.990        -173.68        58.21   -0.313       0.105       
2458181.61219  2458181.61209  2018-03-04.1121980  coadd_bn032110 1.52 -1.65 17.251     >17.251  99.990          74.38        91.91   0.123        0.152       
2458182.60882  2458182.60880  2018-03-05.1088222  coadd_bn032549 1.60 -1.65 17.932      17.900  0.354          151.68        49.08   0.251        0.081       
2458187.87617  2458187.87660  2018-03-10.3761763  coadd_bj056442 1.63 -1.74 19.041     >19.041  99.990         -36.31        16.23   -0.065       0.029       
2458189.85365  2458189.85425  2018-03-12.3536537  coadd_bj057228 1.61 -1.74 19.248     >19.248  99.990           0.41        13.41   0.001        0.024       
2458195.59203  2458195.59310  2018-03-18.0920444  coadd_bn035298 1.56 -1.65 19.445     >19.445  99.990         -11.09        12.18   -0.018       0.020       
2458196.58890  2458196.59004  2018-03-19.0888988  coadd_bn035756 1.54 -1.65 19.649     >19.649  99.990          22.89        10.09   0.038        0.017       
2458203.85280  2458203.85453  2018-03-26.3528  coadd_bj062697 1.59 -1.74 19.326     >19.326  99.990          17.23        12.48   0.031        0.023       
2458205.54383  2458205.54570  2018-03-28.0438332  coadd_bn039096 1.52 -1.65 19.028     >19.028  99.990           8.77        17.88   0.015        0.030       
2458205.80203  2458205.80391  2018-03-28.3020293  coadd_bj063467 1.57 -1.74 18.717     >18.717  99.990          11.46        21.87   0.021        0.039       
2458216.52423  2458216.52692  2018-04-08.0242353  coadd_bn040908 1.55 -1.65 18.895      18.716  0.310           71.55        20.22   0.119        0.034       
2458227.80717  2458227.81059  2018-04-19.3071704  coadd_bj072425 1.64 -1.74 18.925     >18.925  99.990          36.40        18.07   0.066        0.033       
2458229.82521  2458229.82875  2018-04-21.3252141  coadd_bj073315 1.52 -1.74 18.932     >18.932  99.990          44.73        17.95   0.081        0.032       
2458235.71594  2458235.71981  2018-04-27.2159452  coadd_bj075517 1.64 -1.74 17.951     >17.951  99.990         -10.28        44.31   -0.019       0.080       
2458236.82436  2458236.82828  2018-04-28.3243625  coadd_bj076047 1.51 -1.74 17.833     >17.833  99.990         124.52        49.40   0.225        0.089       
2458239.46071  2458239.46477  2018-04-30.9607180  coadd_bn045996 1.51 -1.65 18.103     >18.103  99.990         -93.07        41.93   -0.154       0.069       
2458242.49713  2458242.50132  2018-05-03.9971336  coadd_bn046760 1.61 -1.65 17.592     >17.592  99.990          46.76        67.10   0.077        0.111       
2458243.48954  2458243.49377  2018-05-04.9895425  coadd_bn047181 1.51 -1.65 18.637     >18.637  99.990         -10.22        25.63   -0.017       0.042       
2458244.48525  2458244.48952  2018-05-05.9852452  coadd_bn047566 1.52 -1.65 18.750     >18.750  99.990          24.43        23.11   0.040        0.038       
2458245.46592  2458245.47024  2018-05-06.9659251  coadd_bn047961 1.47 -1.65 18.746     >18.746  99.990          50.16        23.19   0.083        0.038       
2458247.75725  2458247.76166  2018-05-09.2572553  coadd_bj080648 1.63 -1.74 17.468     >17.468  99.990          85.32        69.13   0.154        0.125       
2458249.67607  2458249.68054  2018-05-11.1760716  coadd_bj081225 1.53 -1.74 19.357     >19.357  99.990          -4.40        12.13   -0.008       0.022       
2458254.67886  2458254.68350  2018-05-16.1788660  coadd_bj083145 1.59 -1.74 18.694     >18.694  99.990          21.99        22.35   0.040        0.040       
2458261.64577  2458261.65057  2018-05-23.1457746  coadd_bj086178 1.53 -1.74 19.218     >19.218  99.990           6.91        13.80   0.012        0.025       
2458262.39033  2458262.39515  2018-05-23.8903417  coadd_bn051961 1.68 -1.65 18.510     >18.510  99.990         -13.79        28.81   -0.023       0.048       
2458263.80954  2458263.81438  2018-05-25.3095407  coadd_bj087218 1.65 -1.74 19.414     >19.414  99.990           7.58        11.51   0.014        0.021       
2458266.63312  2458266.63799  2018-05-28.1331217  coadd_bj088445 1.57 -1.74 17.785     >17.785  99.990        -152.42        51.61   -0.275       0.093       
2458276.78102  2458276.78595  2018-06-07.2810214  coadd_bj090970 1.61 -1.74 18.886     >18.886  99.990         -22.24        18.72   -0.040       0.034       
2458277.72813  2458277.73306  2018-06-08.2281313  coadd_bj091388 1.59 -1.74 19.481     >19.481  99.990          -3.66        10.83   -0.007       0.020       
2458285.59820  2458285.60306  2018-06-16.0982031  coadd_bj093755 1.83 -1.74 17.916     >17.916  99.990          57.93        45.75   0.104        0.083       
2458288.59294  2458288.59775  2018-06-19.0929447  coadd_bj095141 1.59 -1.74 19.227     >19.227  99.990          10.02        13.67   0.018        0.025       
2458290.30477  2458290.30955  2018-06-20.8047723  coadd_bn057187 1.65 -1.65 18.528     >18.528  99.990          79.50        28.35   0.132        0.047       
2458290.65583  2458290.66059  2018-06-21.1558267  coadd_bj096132 1.57 -1.74 18.569     >18.569  99.990          23.95        25.08   0.043        0.045       
2458292.55915  2458292.56387  2018-06-23.0591464  coadd_bj096995 1.57 -1.74 17.467     >17.467  99.990        -201.75        69.17   -0.364       0.125       
2458303.37188  2458303.37627  2018-07-03.8718791  coadd_bn059357 2.01 -1.65 18.787     >18.787  99.990          40.13        22.32   0.066        0.037       
2458310.49626  2458310.50036  2018-07-10.9962607  coadd_bj104003 1.65 -1.74 19.214     >19.214  99.990         -41.41        13.84   -0.075       0.025       
2458311.51924  2458311.52329  2018-07-12.0192437  coadd_bj104479 1.60 -1.74 19.397     >19.397  99.990         -22.38        11.69   -0.040       0.021       
2458312.57517  2458312.57916  2018-07-13.0751672  coadd_bj104983 1.67 -1.74 19.331     >19.331  99.990          13.29        12.42   0.024        0.022       
2458313.64237  2458313.64632  2018-07-14.1423684  coadd_bj105496 1.70 -1.74 19.094     >19.094  99.990          24.53        15.47   0.044        0.028       
2458317.29484  2458317.29860  2018-07-17.7948417  coadd_bn062818 1.49 -1.65 19.153     >19.153  99.990          21.23        15.93   0.035        0.026       
2458319.27372  2458319.27737  2018-07-19.7737178  coadd_bn063288 1.51 -1.65 18.189     >18.189  99.990         -57.94        38.72   -0.096       0.064       
2458320.21780  2458320.22139  2018-07-20.7178015  coadd_bn063658 1.62 -1.65 17.125     >17.125  99.990         239.22       103.19   0.396        0.171       
2458321.22423  2458321.22776  2018-07-21.7242246  coadd_bn064100 1.71 -1.65 18.224     >18.224  99.990         -22.40        37.50   -0.037       0.062       
2458322.24897  2458322.25245  2018-07-22.7489714  coadd_bn064555 2.00 -1.65 18.224     >18.224  99.990         -12.91        37.51   -0.021       0.062       
2458322.54905  2458322.55251  2018-07-23.0490496  coadd_bj108519 1.53 -1.74 18.072     >18.072  99.990           4.57        39.61   0.008        0.071       
2458323.30317  2458323.30658  2018-07-23.8031699  coadd_bn065033 1.65 -1.65 18.151     >18.151  99.990         -30.01        40.12   -0.050       0.066       
2458324.37047  2458324.37382  2018-07-24.8704688  coadd_bn065483 1.53 -1.65 17.963     >17.963  99.990         -39.22        47.68   -0.065       0.079       
2458324.70423  2458324.70756  2018-07-25.2042315  coadd_bj109545 1.70 -1.74 17.837     >17.837  99.990         -62.88        49.22   -0.113       0.089       
2458326.46465  2458326.46787  2018-07-26.9646532  coadd_bj110252 1.63 -1.74 17.734     >17.734  99.990         100.79        54.12   0.182        0.098       
2458328.23813  2458328.24124  2018-07-28.7381309  coadd_bn066360 1.60 -1.65 18.251     >18.251  99.990         -76.88        36.59   -0.127       0.061       
2458329.65169  2458329.65471  2018-07-30.1516920  coadd_bj111151 1.53 -1.74 17.798     >17.798  99.990          20.71        50.98   0.037        0.092       
2458332.48160  2458332.48443  2018-08-01.9815981  coadd_bj112349 1.61 -1.74 19.301     >19.301  99.990           2.65        12.78   0.005        0.023       
2458336.66911  2458336.67165  2018-08-06.1691121  coadd_bj114253 2.06 -1.74 19.156     >19.156  99.990         -19.96        14.60   -0.036       0.026       
2458340.62181  2458340.62406  2018-08-10.1218141  coadd_bj115745 1.72 -1.74 19.206     >19.206  99.990         -10.48        13.94   -0.019       0.025       
2458341.65628  2458341.65846  2018-08-11.1562800  coadd_bj116216 1.78 -1.74 19.372     >19.372  99.990          -3.71        11.97   -0.007       0.022       
2458342.65644  2458342.65854  2018-08-12.1564402  coadd_bj116658 1.71 -1.74 19.325     >19.325  99.990         -18.78        12.50   -0.034       0.023       
2458347.58099  2458347.58272  2018-08-17.0809914  coadd_bj118803 1.57 -1.74 18.921     >18.921  99.990           2.61        18.13   0.005        0.033       
2458350.31211  2458350.31362  2018-08-19.8121121  coadd_bn071318 1.82 -1.65 17.046     >17.046  99.990         -23.21       110.95   -0.038       0.184       
2458350.56999  2458350.57148  2018-08-20.0699910  coadd_bj119912 1.49 -1.74 18.234     >18.234  99.990         -29.78        34.15   -0.054       0.062       
2458352.33593  2458352.33728  2018-08-21.8359305  coadd_bn071582 1.62 -1.65 18.299     >18.299  99.990           6.31        35.00   0.010        0.058       
2458352.60203  2458352.60336  2018-08-22.1020288  coadd_bj120815 1.58 -1.74 15.722     >15.722  99.990        -402.24       345.20   -0.725       0.623       
2458353.35125  2458353.35253  2018-08-22.8512562  coadd_bn071952 1.72 -1.65 18.166     >18.166  99.990          49.75        39.56   0.082        0.066       
2458359.59546  2458359.59623  2018-08-29.0954637  coadd_bj123415 1.61 -1.74 17.940     >17.940  99.990         -54.18        44.77   -0.098       0.081       
2458378.54292  2458378.54212  2018-09-17.0429203  coadd_bj130926 1.63 -1.74 18.160     >18.160  99.990         -49.35        36.54   -0.089       0.066       
2458383.52938  2458383.52818  2018-09-22.0293807  coadd_bj132794 2.10 -1.74 18.133     >18.133  99.990         -60.22        37.45   -0.109       0.068       
2458385.50062  2458385.49925  2018-09-24.0006133  coadd_bj133358 1.65 -1.74 17.901     >17.901  99.990         -48.94        46.41   -0.088       0.084       
2458390.51095  2458390.50919  2018-09-29.0109553  coadd_bj134843 1.57 -1.74 18.993     >18.993  99.990          25.95        16.96   0.047        0.031       
2458394.49702  2458394.49496  2018-10-02.9970244  coadd_bj136341 1.59 -1.74 18.776      18.612  0.314           72.30        20.72   0.130        0.037       
2458395.49765  2458395.49551  2018-10-03.9976467  coadd_bF002526 1.62 -1.82 18.607     >18.607  99.990         -22.05        22.57   -0.043       0.044       
2458507.16247  2458507.15931  2019-01-23.6624693  coadd_bB017796 1.98 -1.22 17.952     >17.952  99.990         -28.83        71.35   -0.032       0.080       
2458508.15955  2458508.15646  2019-01-24.6595539  coadd_bB018216 2.05 -1.22 18.441     >18.441  99.990         -37.79        45.49   -0.042       0.051       
2458509.15236  2458509.14933  2019-01-25.6523673  coadd_bB018661 1.99 -1.22 18.647      18.644  0.364          113.16        37.62   0.127        0.042       
2458520.12268  2458520.12041  2019-02-05.6226759  coadd_bB019947 2.18 -1.22 19.536     >19.536  99.990          49.54        16.59   0.055        0.019       
2458521.11888  2458521.11670  2019-02-06.6188893  coadd_bB020079 2.33 -1.22 19.574     >19.574  99.990         -52.22        16.02   -0.058       0.018       
2458532.63263  2458532.63134  2019-02-18.1326302  coadd_bn111012 1.53 -1.65 18.229     >18.229  99.990         -28.99        37.33   -0.048       0.062       
2458549.60929  2458549.60942  2019-03-07.1093003  coadd_bn115962 1.46 -1.65 19.351     >19.351  99.990         -27.75        13.28   -0.046       0.022       
2458553.84812  2458553.84860  2019-03-11.3481266  coadd_bF053823 1.71 -1.82 19.182     >19.182  99.990          -6.42        13.28   -0.012       0.026       
2458554.57838  2458554.57893  2019-03-12.0783915  coadd_bn116459 1.54 -1.65 19.421     >19.421  99.990          17.70        12.45   0.029        0.021       
2458554.84350  2458554.84406  2019-03-12.3435076  coadd_bF054200 1.47 -1.82 19.217     >19.217  99.990           0.45        12.87   0.001        0.025       
2458555.57442  2458555.57505  2019-03-13.0744296  coadd_bn116851 1.56 -1.65 19.326     >19.326  99.990           8.02        13.59   0.013        0.023       
2458555.84496  2458555.84561  2019-03-13.3449621  coadd_bj190425 1.52 -1.74 19.326     >19.326  99.990         -11.76        12.48   -0.021       0.023       
2458557.85153  2458557.85235  2019-03-15.3515309  coadd_bF055339 1.58 -1.82 19.407     >19.407  99.990           2.01        10.80   0.004        0.021       
2458563.58153  2458563.58282  2019-03-21.0815290  coadd_bn119512 1.59 -1.65 17.739     >17.739  99.990          80.77        58.63   0.134        0.097       
2458564.60341  2458564.60478  2019-03-22.1034078  coadd_bn119937 1.54 -1.65 17.668     >17.668  99.990         -56.67        62.60   -0.094       0.104       
2458565.60154  2458565.60299  2019-03-23.1015373  coadd_bn120249 1.53 -1.65 17.386     >17.386  99.990          94.69        81.18   0.157        0.134       
2458566.61865  2458566.62018  2019-03-24.1186483  coadd_bn120652 1.48 -1.65 17.941     >17.941  99.990           5.42        48.66   0.009        0.081       
2458567.84641  2458567.84804  2019-03-25.3464054  coadd_bj195257 1.60 -1.74 18.025     >18.025  99.990          67.09        41.37   0.121        0.075       
2458568.81876  2458568.82047  2019-03-26.3187703  coadd_bj195646 1.53 -1.74 18.307      18.013  0.278          125.50        31.91   0.226        0.058       
2458569.88655  2458569.88835  2019-03-27.3865542  coadd_bj196080 1.56 -1.74 18.279      18.046  0.294          121.83        32.76   0.220        0.059       
2458570.90645  2458570.90832  2019-03-28.4064587  coadd_bj196477 1.57 -1.74 18.297     >18.297  99.990          95.62        32.20   0.172        0.058       
2458571.82915  2458571.83110  2019-03-29.3291599  coadd_bF060746 1.93 -1.82 18.898     >18.898  99.990          -3.31        17.26   -0.006       0.033       
2458572.56905  2458572.57105  2019-03-30.0690606  coadd_bn122462 1.48 -1.65 18.946     >18.946  99.990         -16.72        19.30   -0.028       0.032       
2458573.82359  2458573.82569  2019-03-31.3235923  coadd_bF061349 2.11 -1.82 19.422     >19.422  99.990           4.32        10.65   0.008        0.021       
2458575.77227  2458575.77452  2019-04-02.2722773  coadd_bF062099 1.55 -1.82 19.724     >19.724  99.990         -13.24         8.07   -0.026       0.016       
2458577.00139  2458577.00372  2019-04-03.5013869  coadd_bB022736 1.99 -1.22 19.506     >19.506  99.990         -15.14        17.05   -0.017       0.019       
2458578.02614  2458578.02855  2019-04-04.5261471  coadd_bB023160 1.98 -1.22 19.411     >19.411  99.990         -34.30        18.61   -0.038       0.021       
2458580.07556  2458580.07812  2019-04-06.5755625  coadd_bB024006 2.06 -1.22 19.862     >19.862  99.990          28.23        12.29   0.032        0.014       
2458581.01642  2458581.01905  2019-04-07.5164281  coadd_bB024364 1.66 -1.22 19.757     >19.757  99.990         -21.27        13.53   -0.024       0.015       
2458582.50639  2458582.50912  2019-04-09.0063980  coadd_bn125255 1.60 -1.65 19.394     >19.394  99.990          12.73        12.76   0.021        0.021       
2458583.08097  2458583.08374  2019-04-09.5809696  coadd_bB025217 2.00 -1.22 19.990     >19.990  99.990          -3.84        10.92   -0.004       0.012       
2458584.01769  2458584.02052  2019-04-10.5176851  coadd_bB025540 2.09 -1.22 19.774     >19.774  99.990         -21.34        13.32   -0.024       0.015       
2458584.49312  2458584.49599  2019-04-10.9931306  coadd_bn126096 1.50 -1.65 19.585     >19.585  99.990          13.43        10.71   0.022        0.018       
2458588.93183  2458588.93499  2019-04-15.4318310  coadd_bB026198 2.02 -1.22 18.252     >18.252  99.990          32.84        54.13   0.037        0.061       
2458590.04621  2458590.04944  2019-04-16.5462091  coadd_bB026662 2.06 -1.22 18.560     >18.560  99.990          87.51        40.74   0.098        0.046       
2458591.72096  2458591.72430  2019-04-18.2209723  coadd_bj204417 1.53 -1.74 17.125      16.976  0.318          326.31        94.78   0.588        0.171       
2458595.71024  2458595.71382  2019-04-22.2102469  coadd_bj206076 1.57 -1.74 17.562     >17.562  99.990          28.74        63.38   0.052        0.114       
2458596.75330  2458596.75694  2019-04-23.2533046  coadd_bj206550 1.67 -1.74 17.983     >17.983  99.990        -183.92        43.03   -0.332       0.078       
2458598.92579  2458598.92954  2019-04-25.4257934  coadd_bB030056 2.13 -1.22 19.346     >19.346  99.990          -2.39        19.76   -0.003       0.022       
2458599.41396  2458599.41774  2019-04-25.9139665  coadd_bn129264 1.55 -1.65 18.667     >18.667  99.990         -50.05        24.94   -0.083       0.041       
2458599.78461  2458599.78841  2019-04-26.2846116  coadd_bF070823 1.44 -1.82 19.021     >19.021  99.990          32.28        15.41   0.062        0.030       
2458599.96817  2458599.97198  2019-04-26.4681703  coadd_bB030479 2.02 -1.22 19.531     >19.531  99.990         -55.56        16.66   -0.062       0.019       
2458602.64433  2458602.64828  2019-04-29.1443317  coadd_bn130730 1.61 -1.65 19.427     >19.427  99.990         -36.10        12.39   -0.060       0.021       
2458604.87298  2458604.87704  2019-05-01.3729802  coadd_bB031284 2.04 -1.22 19.861     >19.861  99.990           3.02        12.29   0.003        0.014       
2458605.95930  2458605.96341  2019-05-02.4593005  coadd_bB031738 1.68 -1.22 19.297     >19.297  99.990          47.93        20.67   0.054        0.023       
2458607.67948  2458607.68367  2019-05-04.1794859  coadd_bj210832 1.57 -1.74 18.583     >18.583  99.990         -18.76        24.75   -0.034       0.045       
2458609.67783  2458609.68210  2019-05-06.1778273  coadd_bF074699 1.45 -1.82 18.982     >18.982  99.990          42.66        15.98   0.083        0.031       
2458611.85592  2458611.86028  2019-05-08.3559228  coadd_bB033060 2.09 -1.22 19.498      19.433  0.344           54.70        17.18   0.061        0.019       
2458613.43819  2458613.44261  2019-05-09.9381877  coadd_bn132936 1.48 -1.65 19.211     >19.211  99.990          41.13        15.11   0.068        0.025       
2458614.67573  2458614.68019  2019-05-11.1757258  coadd_bj213498 1.60 -1.74 19.399     >19.399  99.990          29.46        11.67   0.053        0.021       
2458615.66452  2458615.66902  2019-05-12.1645215  coadd_bj213938 1.59 -1.74 18.743     >18.743  99.990          28.97        21.36   0.052        0.039       
2458616.64935  2458616.65388  2019-05-13.1493541  coadd_bj214375 1.54 -1.74 18.418     >18.418  99.990         -70.69        28.83   -0.127       0.052       
2458617.71194  2458617.71650  2019-05-14.2119369  coadd_bj214875 1.57 -1.74 18.565     >18.565  99.990          52.46        25.17   0.095        0.045       
2458618.68541  2458618.69001  2019-05-15.1854181  coadd_bj215304 1.55 -1.74 18.138     >18.138  99.990         -76.04        37.29   -0.137       0.067       
2458619.65522  2458619.65985  2019-05-16.1552231  coadd_bj218384 1.53 -1.74 17.728     >17.728  99.990         -18.66        54.38   -0.034       0.098       
2458621.74318  2458621.74786  2019-05-18.2431826  coadd_bj216253 1.65 -1.74 17.813     >17.813  99.990         -16.10        50.30   -0.029       0.091       
2458624.62730  2458624.63206  2019-05-21.1273045  coadd_bF077914 2.25 -1.82 17.823     >17.823  99.990          52.66        46.47   0.102        0.090       
2458624.73290  2458624.73766  2019-05-21.2329142  coadd_bj217249 1.57 -1.74 17.843     >17.843  99.990         -17.58        48.91   -0.032       0.088       
2458625.62377  2458625.62854  2019-05-22.1237819  coadd_bF078347 1.56 -1.82 17.981     >17.981  99.990          23.86        40.15   0.046        0.078       
2458626.62756  2458626.63235  2019-05-23.1275606  coadd_bF078787 1.52 -1.82 18.228     >18.228  99.990         -69.80        31.98   -0.135       0.062       
2458627.63921  2458627.64402  2019-05-24.1392123  coadd_bF079234 1.61 -1.82 17.790     >17.790  99.990         -37.47        47.90   -0.073       0.093       
2458629.00729  2458629.01212  2019-05-25.5072940  coadd_bB039172 2.46 -1.22 19.161     >19.161  99.990          28.13        23.44   0.031        0.026       
2458630.90993  2458630.91480  2019-05-27.4099343  coadd_bB039843 2.00 -1.22 19.664     >19.664  99.990           1.80        14.74   0.002        0.016       
2458633.91819  2458633.92309  2019-05-30.4181902  coadd_bB040965 1.99 -1.22 19.907     >19.907  99.990           5.39        11.78   0.006        0.013       
2458635.93055  2458635.93546  2019-06-01.4305534  coadd_bB041695 2.00 -1.22 19.851     >19.851  99.990         -17.27        12.41   -0.019       0.014       
2458637.59408  2458637.59901  2019-06-03.0940865  coadd_bF081337 1.55 -1.82 19.215     >19.215  99.990          15.61        12.89   0.030        0.025       
2458638.75630  2458638.76122  2019-06-04.2562964  coadd_bj221626 1.57 -1.74 19.013     >19.013  99.990         -49.00        16.66   -0.088       0.030       
2458641.97890  2458641.98383  2019-06-07.4788990  coadd_bB043261 2.00 -1.22 19.854     >19.854  99.990         -14.01        12.37   -0.016       0.014       
2458643.32023  2458643.32515  2019-06-08.8202262  coadd_bn141846 1.53 -1.65 19.051     >19.051  99.990          52.09        17.51   0.086        0.029       
2458644.02646  2458644.03138  2019-06-09.5264627  coadd_bB044035 2.00 -1.22 19.929     >19.929  99.990          -1.87        11.55   -0.002       0.013       
2458646.56704  2458646.57195  2019-06-12.0670421  coadd_bF085294 1.56 -1.82 18.668     >18.668  99.990          12.26        21.33   0.024        0.041       
2458647.57705  2458647.58194  2019-06-13.0770495  coadd_bj225626 1.59 -1.74 18.106     >18.106  99.990          83.68        38.41   0.151        0.069       
2458648.57948  2458648.58437  2019-06-14.0794837  coadd_bF086190 1.52 -1.82 18.079     >18.079  99.990           8.88        36.70   0.017        0.071       
2458649.90014  2458649.90501  2019-06-15.4001440  coadd_bB046143 2.11 -1.22 18.488     >18.488  99.990         -56.57        43.55   -0.063       0.049       
2458654.39734  2458654.40214  2019-06-19.8973436  coadd_bn145374 1.57 -1.65 17.537     >17.537  99.990         116.43        70.63   0.193        0.117       
2458655.33519  2458655.33997  2019-06-20.8351907  coadd_bn145764 1.46 -1.65 17.868     >17.868  99.990          74.50        52.07   0.123        0.086       
2458655.99979  2458656.00455  2019-06-21.4997892  coadd_bB048352 2.00 -1.22 17.389     >17.389  99.990          -4.58       119.87   -0.005       0.134       
2458656.88928  2458656.89402  2019-06-22.3892751  coadd_bB048633 1.74 -1.22 19.041     >19.041  99.990          37.21        26.16   0.042        0.029       
2458659.98723  2458659.99190  2019-06-25.4872304  coadd_bB049302 2.02 -1.22 19.249     >19.249  99.990        -124.26        21.61   -0.139       0.024       
2458660.77598  2458660.78063  2019-06-26.2759843  coadd_bF090521 1.50 -1.82 18.710     >18.710  99.990        -102.87        20.51   -0.199       0.040       
2458661.41938  2458661.42401  2019-06-26.9193740  coadd_bn147140 1.46 -1.65 19.431     >19.431  99.990         -24.10        12.34   -0.040       0.020       
2458661.91903  2458661.92365  2019-06-27.4190388  coadd_bB049546 2.31 -1.22 19.834     >19.834  99.990         -37.42        12.60   -0.042       0.014       
2458662.56435  2458662.56895  2019-06-28.0643521  coadd_bj231059 1.56 -1.74 18.523     >18.523  99.990         -52.14        26.15   -0.094       0.047       
2458662.91775  2458662.92234  2019-06-28.4177594  coadd_bB049803 1.98 -1.22 19.749     >19.749  99.990          -3.00        13.63   -0.003       0.015       
2458667.51712  2458667.52155  2019-07-03.0171217  coadd_bj231559 1.62 -1.74 19.249     >19.249  99.990           6.02        13.40   0.011        0.024       
2458668.64210  2458668.64649  2019-07-04.1421027  coadd_bj232064 1.58 -1.74 19.209     >19.209  99.990           6.09        13.91   0.011        0.025       
2458670.68732  2458670.69164  2019-07-06.1873277  coadd_bF092709 1.58 -1.82 19.015     >19.015  99.990           3.97        15.50   0.008        0.030       
2458671.55184  2458671.55612  2019-07-07.0518482  coadd_bj233337 1.56 -1.74 18.954     >18.954  99.990          13.26        17.58   0.024        0.032       
2458671.95709  2458671.96136  2019-07-07.4570974  coadd_bB051735 2.00 -1.22 19.516     >19.516  99.990         -24.44        16.90   -0.027       0.019       
2458673.29507  2458673.29927  2019-07-08.7950642  coadd_bn148299 1.66 -1.65 18.893     >18.893  99.990          27.23        20.25   0.045        0.034       
2458674.88589  2458674.89003  2019-07-10.3858980  coadd_bB052258 1.98 -1.22 19.055     >19.055  99.990         -61.94        25.83   -0.069       0.029       
2458675.69661  2458675.70071  2019-07-11.1966138  coadd_bF094430 1.52 -1.82 18.066     >18.066  99.990          69.72        37.12   0.135        0.072       
2458676.69051  2458676.69457  2019-07-12.1905136  coadd_bj235121 1.63 -1.74 18.018     >18.018  99.990         -67.65        41.65   -0.122       0.075       
2458677.36786  2458677.37188  2019-07-12.8678619  coadd_bn149644 1.50 -1.65 18.321     >18.321  99.990          16.63        34.29   0.028        0.057       
2458677.84814  2458677.85214  2019-07-13.3481438  coadd_bB052920 2.09 -1.22 18.454     >18.454  99.990         -85.39        44.93   -0.096       0.050       
2458678.68251  2458678.68647  2019-07-14.1825209  coadd_bj235790 1.54 -1.74 17.953     >17.953  99.990         -33.03        44.22   -0.060       0.080       
2458679.50974  2458679.51366  2019-07-15.0097473  coadd_bF095782 1.63 -1.82 17.993     >17.993  99.990         -32.14        39.72   -0.062       0.077       
2458679.89628  2458679.90018  2019-07-15.3962833  coadd_bB053674 2.06 -1.22 18.360     >18.360  99.990          40.17        49.01   0.045        0.055       
2458680.47926  2458680.48312  2019-07-15.9792596  coadd_bj236516 1.58 -1.74 17.625     >17.625  99.990        -162.43        59.79   -0.293       0.108       
2458681.50046  2458681.50428  2019-07-17.0004679  coadd_bj236987 1.57 -1.74 17.338     >17.338  99.990           3.37        77.89   0.006        0.140       
2458682.92310  2458682.92684  2019-07-18.4231105  coadd_bB054645 2.01 -1.22 18.524     >18.524  99.990          70.97        42.13   0.079        0.047       
2458683.88886  2458683.89254  2019-07-19.3888557  coadd_bB054974 2.10 -1.22 18.632     >18.632  99.990         -19.62        38.15   -0.022       0.043       
2458690.64847  2458690.65176  2019-07-26.1484765  coadd_bj240084 1.56 -1.74 19.036     >19.036  99.990         -31.76        16.31   -0.057       0.029       
2458692.48869  2458692.49187  2019-07-27.9887043  coadd_bj240753 1.61 -1.74 18.164     >18.164  99.990          69.20        36.40   0.125        0.066       
2458692.90572  2458692.90887  2019-07-28.4057230  coadd_bB057313 1.99 -1.22 19.457     >19.457  99.990          40.38        17.83   0.045        0.020       
2458694.60095  2458694.60399  2019-07-30.1009532  coadd_bj241692 1.53 -1.74 18.612     >18.612  99.990         -15.02        24.11   -0.027       0.043       
2458699.63229  2458699.63499  2019-08-04.1322949  coadd_bF103212 1.54 -1.82 19.171     >19.171  99.990          34.50        13.42   0.067        0.026       
2458700.47957  2458700.48221  2019-08-04.9795753  coadd_bF103520 1.54 -1.82 19.308     >19.308  99.990          -7.45        11.83   -0.014       0.023       
2458700.88146  2458700.88408  2019-08-05.3814650  coadd_bB058967 2.03 -1.22 19.831     >19.831  99.990          11.54        12.64   0.013        0.014       
2458702.59621  2458702.59871  2019-08-07.0962253  coadd_bj245058 1.63 -1.74 18.852     >18.852  99.990          24.97        19.32   0.045        0.035       
2458703.67567  2458703.67808  2019-08-08.1756788  coadd_bF104733 1.55 -1.82 18.271     >18.271  99.990          37.52        30.75   0.073        0.060       
2458704.59397  2458704.59632  2019-08-09.0939722  coadd_bj245927 1.55 -1.74 18.143     >18.143  99.990         -44.17        37.10   -0.080       0.067       
2458706.33378  2458706.33600  2019-08-10.8337799  coadd_bn156562 1.57 -1.65 18.089     >18.089  99.990          -3.05        42.48   -0.005       0.070       
2458707.83335  2458707.83545  2019-08-12.3333469  coadd_bB060895 2.17 -1.22 18.660     >18.660  99.990         -12.28        37.16   -0.014       0.042       
2458708.77333  2458708.77536  2019-08-13.2733277  coadd_bB061234 2.07 -1.22 18.296      18.192  0.332          171.55        51.98   0.192        0.058       
2458710.21527  2458710.21719  2019-08-14.7152702  coadd_bn157355 1.54 -1.65 17.949     >17.949  99.990          27.04        48.32   0.045        0.080       
2458711.78512  2458711.78692  2019-08-16.2851171  coadd_bB062061 2.22 -1.22 17.432     >17.432  99.990        -254.16       115.16   -0.284       0.129       
2458713.30719  2458713.30889  2019-08-17.8071998  coadd_bn158471 1.48 -1.65 18.088     >18.088  99.990          -9.81        42.51   -0.016       0.070       
2458713.81508  2458713.81673  2019-08-18.3150824  coadd_bB062742 2.02 -1.22 18.542     >18.542  99.990           4.73        41.44   0.005        0.046       
2458714.84023  2458714.84180  2019-08-19.3402258  coadd_bB062905 2.02 -1.22 18.393     >18.393  99.990         -53.99        47.54   -0.060       0.053       
2458715.38291  2458715.38443  2019-08-19.8829098  coadd_bn159117 1.56 -1.65 18.456     >18.456  99.990         -33.06        30.30   -0.055       0.050       
2458715.82135  2458715.82284  2019-08-20.3213465  coadd_bB062430 1.99 -1.22 19.340     >19.340  99.990          51.78        19.87   0.058        0.022       
2458716.37067  2458716.37212  2019-08-20.8706726  coadd_bn159530 1.53 -1.65 18.842     >18.842  99.990         -20.13        21.24   -0.033       0.035       
2458716.83277  2458716.83418  2019-08-21.3327814  coadd_bB063588 2.00 -1.22 19.476     >19.476  99.990         -27.52        17.53   -0.031       0.020       
2458718.65219  2458718.65346  2019-08-23.1521931  coadd_bF110791 1.56 -1.82 18.968     >18.968  99.990         -37.81        16.17   -0.073       0.031       
2458721.81663  2458721.81764  2019-08-26.3166326  coadd_bB065387 2.03 -1.22 19.812     >19.812  99.990          30.15        12.87   0.034        0.014       
2458723.73352  2458723.73438  2019-08-28.2335244  coadd_bB065937 2.16 -1.22 19.178     >19.178  99.990          30.78        23.07   0.034        0.026       
2458724.80953  2458724.81030  2019-08-29.3095317  coadd_bB066416 1.99 -1.22 19.783     >19.783  99.990          25.72        13.22   0.029        0.015       
2458725.61118  2458725.61189  2019-08-30.1111853  coadd_bF113438 1.52 -1.82 18.835     >18.835  99.990         -37.56        18.30   -0.073       0.035       
2458726.78428  2458726.78488  2019-08-31.2842778  coadd_bB067145 2.02 -1.22 19.997     >19.997  99.990         -10.24        10.85   -0.011       0.012       
2458727.34129  2458727.34185  2019-08-31.8412895  coadd_bn162458 1.48 -1.65 19.233     >19.233  99.990          29.61        14.81   0.049        0.025       
2458727.82449  2458727.82502  2019-09-01.3244998  coadd_bB067498 2.00 -1.22 19.801     >19.801  99.990          -8.44        12.99   -0.009       0.015       
2458729.74876  2458729.74912  2019-09-03.2487582  coadd_bB067911 2.49 -1.22 19.245     >19.245  99.990          30.34        21.69   0.034        0.024       
2458730.59367  2458730.59396  2019-09-04.0936776  coadd_bF115396 1.54 -1.82 18.699     >18.699  99.990         -32.95        20.74   -0.064       0.040       
2458731.59877  2458731.59897  2019-09-05.0987767  coadd_bj257215 1.59 -1.74 18.066     >18.066  99.990         -50.15        39.86   -0.090       0.072       
2458736.28902  2458736.28884  2019-09-09.7890185  coadd_bn165357 1.51 -1.65 17.048     >17.048  99.990         -78.78       110.74   -0.131       0.183       
2458736.77189  2458736.77167  2019-09-10.2718922  coadd_bB069516 2.26 -1.22 18.315     >18.315  99.990          50.75        51.07   0.057        0.057       
2458737.22730  2458737.22704  2019-09-10.7272973  coadd_bn165716 1.70 -1.65 16.843     >16.843  99.990          79.10       133.85   0.131        0.222       
2458737.75564  2458737.75534  2019-09-11.2556369  coadd_bB069864 2.04 -1.22 17.537     >17.537  99.990         128.43       104.59   0.144        0.117       
2458738.56341  2458738.56304  2019-09-12.0634115  coadd_bF117057 1.51 -1.82 17.717     >17.717  99.990         -42.97        51.21   -0.083       0.099       
2458740.56707  2458740.56654  2019-09-14.0670766  coadd_bF117843 1.54 -1.82 17.757     >17.757  99.990           4.52        49.38   0.009        0.096       
2458741.29077  2458741.29017  2019-09-14.7907715  coadd_bn166016 1.68 -1.65 17.863     >17.863  99.990          14.37        52.31   0.024        0.087       
2458742.56775  2458742.56706  2019-09-16.0677618  coadd_bj260225 1.59 -1.74 17.746     >17.746  99.990         -68.44        53.53   -0.123       0.097       
2458744.73908  2458744.73821  2019-09-18.2390799  coadd_bB071862 2.32 -1.22 19.641     >19.641  99.990          -8.86        15.06   -0.010       0.017       
2458745.73445  2458745.73349  2019-09-19.2344510  coadd_bB072270 2.38 -1.22 19.795      19.777  0.359           39.85        13.07   0.045        0.015       
2458746.25303  2458746.25203  2019-09-19.7530335  coadd_bn167736 1.50 -1.65 18.097     >18.097  99.990          13.31        42.15   0.022        0.070       
2458746.72992  2458746.72889  2019-09-20.2299284  coadd_bB072675 2.34 -1.22 18.753     >18.753  99.990          -6.77        34.12   -0.008       0.038       
2458748.54784  2458748.54666  2019-09-22.0478483  coadd_bF120862 1.66 -1.82 19.227     >19.227  99.990          -3.23        12.74   -0.006       0.025       
2458750.54514  2458750.54379  2019-09-24.0451466  coadd_bF121589 1.58 -1.82 19.025     >19.025  99.990         -16.53        15.35   -0.032       0.030       
2458750.71165  2458750.71029  2019-09-24.2116504  coadd_bB073406 2.16 -1.22 18.755     >18.755  99.990         -67.17        34.05   -0.075       0.038       
2458751.23828  2458751.23688  2019-09-24.7382856  coadd_bn168846 2.15 -1.65 19.037     >19.037  99.990          39.26        17.73   0.065        0.029       
2458752.52006  2458752.51856  2019-09-26.0200673  coadd_bj264121 1.60 -1.74 19.021     >19.021  99.990          20.13        16.53   0.036        0.030       
2458753.51836  2458753.51679  2019-09-27.0183675  coadd_bF122722 1.62 -1.82 19.122     >19.122  99.990          21.58        14.04   0.042        0.027       
2458754.25592  2458754.25429  2019-09-27.7559252  coadd_bn169693 1.48 -1.65 19.092     >19.092  99.990           6.90        16.85   0.011        0.028       
2458754.51482  2458754.51317  2019-09-28.0148240  coadd_bF123093 1.53 -1.82 19.296     >19.296  99.990          -2.94        11.96   -0.006       0.023       
2458756.50773  2458756.50592  2019-09-30.0077297  coadd_bF123828 2.23 -1.82 19.259     >19.259  99.990           5.40        12.37   0.010        0.024       
2458756.70777  2458756.70595  2019-09-30.2077738  coadd_bB075526 2.34 -1.22 18.503     >18.503  99.990         -37.65        42.95   -0.042       0.048       
2458760.23303  2458760.23094  2019-10-03.7330372  coadd_bn170706 1.49 -1.65 17.974     >17.974  99.990         -60.14        47.19   -0.100       0.078       
2458762.53518  2458762.53292  2019-10-06.0351863  coadd_bF125469 1.59 -1.82 18.058     >18.058  99.990         -95.42        37.41   -0.185       0.072       
2458898.62126  2458898.62004  2020-02-19.1212648  coadd_bn202326 1.50 -1.65 18.636     >18.636  99.990         -26.55        25.66   -0.044       0.043       
2458902.90242  2458902.90154  2020-02-23.4024158  coadd_bj310664 1.62 -1.74 17.359     >17.359  99.990         119.92        76.43   0.216        0.138       
2458903.87926  2458903.87846  2020-02-24.3792704  coadd_bF165911 1.48 -1.82 17.579     >17.579  99.990          21.50        58.14   0.042        0.113       
2458904.16835  2458904.16758  2020-02-24.6683503  coadd_bB112445 2.05 -1.22 17.438     >17.438  99.990        -239.42       114.54   -0.268       0.128       
2458904.87072  2458904.87001  2020-02-25.3707188  coadd_bF166265 1.53 -1.82 18.805     >18.805  99.990         -38.50        18.81   -0.075       0.036       
2458905.86615  2458905.86552  2020-02-26.3661466  coadd_bF166626 1.52 -1.82 19.222     >19.222  99.990          12.23        12.80   0.024        0.025       
2458907.86048  2458907.86002  2020-02-28.3604770  coadd_bF167302 1.49 -1.82 18.666     >18.666  99.990          13.21        21.36   0.026        0.041       
2458908.87514  2458908.87476  2020-02-29.3751449  coadd_bF167663 1.49 -1.82 19.226     >19.226  99.990         -19.68        12.75   -0.038       0.025       
2458911.60036  2458911.60021  2020-03-03.1003621  coadd_bn205216 1.47 -1.65 18.954     >18.954  99.990         -31.68        19.15   -0.052       0.032       
2458912.85470  2458912.85466  2020-03-04.3547062  coadd_bj314317 1.50 -1.74 18.529     >18.529  99.990          28.63        26.02   0.052        0.047       
2458915.87967  2458915.87988  2020-03-07.3796660  coadd_bj315414 1.61 -1.74 18.621     >18.621  99.990          26.29        23.89   0.047        0.043       
2458916.89249  2458916.89279  2020-03-08.3924858  coadd_bj315787 1.60 -1.74 18.177     >18.177  99.990          58.78        35.98   0.106        0.065       
2458920.82517  2458920.82580  2020-03-12.3251684  coadd_bj317239 1.51 -1.74 17.308     >17.308  99.990          -6.36        80.11   -0.011       0.144       
2458923.81509  2458923.81597  2020-03-15.3150896  coadd_bF172932 1.58 -1.82 18.213     >18.213  99.990          -2.70        32.44   -0.005       0.063       
2458924.81950  2458924.82046  2020-03-16.3195019  coadd_bj318661 1.52 -1.74 18.211     >18.211  99.990         -88.54        34.85   -0.160       0.063       
2458925.81854  2458925.81959  2020-03-17.3185408  coadd_bj319037 1.54 -1.74 18.686     >18.686  99.990         -28.42        22.51   -0.051       0.041       
2458929.55050  2458929.55184  2020-03-21.0504975  coadd_bn208523 1.51 -1.65 19.127     >19.127  99.990           6.77        16.33   0.011        0.027       
2458930.55697  2458930.55840  2020-03-22.0569681  coadd_bn208884 1.54 -1.65 19.260     >19.260  99.990         -20.30        14.44   -0.034       0.024       
2458932.97683  2458932.97846  2020-03-24.4768347  coadd_bB116919 2.07 -1.22 19.455     >19.455  99.990           3.59        17.87   0.004        0.020       
2458942.10660  2458942.10892  2020-04-02.6065989  coadd_bB118621 2.49 -1.22 19.647     >19.647  99.990           2.11        14.98   0.002        0.017       
2458952.10771  2458952.11074  2020-04-12.6077065  coadd_bB120563 2.03 -1.22 17.194     >17.194  99.990        -184.78       143.45   -0.207       0.160       
2458957.93739  2458957.94079  2020-04-18.4374028  coadd_bB121736 1.99 -1.22 19.422     >19.422  99.990         -37.95        18.43   -0.042       0.021       
2458960.91073  2458960.91431  2020-04-21.4107347  coadd_bB122830 2.07 -1.22 19.401     >19.401  99.990          15.00        18.79   0.017        0.021       
2458964.98489  2458964.98868  2020-04-25.4848899  coadd_bB124258 2.27 -1.22 19.378     >19.378  99.990          27.22        19.18   0.030        0.021       
2458967.01771  2458967.02161  2020-04-27.5177084  coadd_bB125035 1.99 -1.22 19.664     >19.664  99.990         -57.99        14.74   -0.065       0.016       
2458971.93058  2458971.93473  2020-05-02.4305875  coadd_bB126774 2.00 -1.22 18.627     >18.627  99.990         -12.63        38.31   -0.014       0.043       
2458979.40691  2458979.41136  2020-05-09.9069098  coadd_bn211579 1.61 -1.65 17.262      16.970  0.279          357.14        90.98   0.592        0.151       
2458983.40107  2458983.40564  2020-05-13.9010634  coadd_bn212883 1.53 -1.65 19.051     >19.051  99.990          37.04        17.52   0.061        0.029       
2458984.06350  2458984.06810  2020-05-14.5635038  coadd_bB129030 1.99 -1.22 19.421     >19.421  99.990          12.73        18.44   0.014        0.021       
2458984.39988  2458984.40449  2020-05-14.8998820  coadd_bn213231 1.57 -1.65 19.040     >19.040  99.990           6.34        17.69   0.011        0.029       
2458985.06287  2458985.06750  2020-05-15.5628827  coadd_bB129331 2.15 -1.22 19.315     >19.315  99.990           5.75        20.33   0.006        0.023       
2458985.49842  2458985.50307  2020-05-15.9984239  coadd_bn213579 1.44 -1.65 19.019     >19.019  99.990          17.79        18.03   0.029        0.030       
2458986.04160  2458986.04626  2020-05-16.5415988  coadd_bB129674 2.00 -1.22 19.774     >19.774  99.990          -1.40        13.32   -0.002       0.015       
2458987.07794  2458987.08263  2020-05-17.5779460  coadd_bB130051 2.05 -1.22 19.701     >19.701  99.990          -6.01        14.25   -0.007       0.016       
2458988.04341  2458988.04812  2020-05-18.5434178  coadd_bB130380 1.99 -1.22 19.813     >19.813  99.990          -8.95        12.85   -0.010       0.014       
2458988.97305  2458988.97778  2020-05-19.4730519  coadd_bB130611 1.99 -1.22 19.890     >19.890  99.990         -17.88        11.97   -0.020       0.013       
2458989.48582  2458989.49056  2020-05-19.9858174  coadd_bn214868 1.57 -1.65 19.255     >19.255  99.990         -11.56        14.51   -0.019       0.024       
2458991.39093  2458991.39572  2020-05-21.8909339  coadd_bn215278 1.50 -1.65 19.170     >19.170  99.990          42.40        15.69   0.070        0.026       
2458992.39906  2458992.40387  2020-05-22.8990692  coadd_bn215695 1.52 -1.65 19.371     >19.371  99.990           4.58        13.04   0.008        0.022       
2458992.80803  2458992.81284  2020-05-23.3080289  coadd_bB131648 2.02 -1.22 19.537     >19.537  99.990         -19.70        16.57   -0.022       0.019       
2458993.37102  2458993.37584  2020-05-23.8710226  coadd_bn216073 1.57 -1.65 19.160     >19.160  99.990          44.81        15.83   0.074        0.026       
2458994.80101  2458994.80586  2020-05-25.3010164  coadd_bB132230 2.16 -1.22 19.641     >19.641  99.990         -15.08        15.06   -0.017       0.017       
2458995.79737  2458995.80223  2020-05-26.2973729  coadd_bB132587 2.02 -1.22 19.382     >19.382  99.990         -24.05        19.11   -0.027       0.021       
2458997.05055  2458997.05542  2020-05-27.5505475  coadd_bB132900 2.23 -1.22 19.550     >19.550  99.990          24.47        16.38   0.027        0.018       
2458998.79859  2458998.80348  2020-05-29.2985866  coadd_bB133358 2.02 -1.22 18.901     >18.901  99.990          -7.21        29.76   -0.008       0.033       
2458999.79107  2458999.79597  2020-05-30.2910681  coadd_bB133695 2.02 -1.22 18.735     >18.735  99.990         -13.07        34.67   -0.015       0.039       
2459000.36209  2459000.36700  2020-05-30.8620935  coadd_bn217246 1.52 -1.65 18.557     >18.557  99.990         -22.48        27.59   -0.037       0.046       
2459000.96954  2459000.97445  2020-05-31.4695391  coadd_bB134180 2.02 -1.22 19.238     >19.238  99.990         -94.37        21.82   -0.106       0.024       
2459001.40667  2459001.41159  2020-05-31.9066716  coadd_bn217648 1.58 -1.65 17.789     >17.789  99.990        -233.64        56.01   -0.387       0.093       
2459001.98148  2459001.98640  2020-06-01.4814888  coadd_bB134383 2.33 -1.22 18.808     >18.808  99.990           2.10        32.42   0.002        0.036       
2459002.38100  2459002.38592  2020-06-01.8810096  coadd_bn217961 1.65 -1.65 18.078     >18.078  99.990           1.05        42.91   0.002        0.071       
2459003.34276  2459003.34768  2020-06-02.8427576  coadd_bn218217 1.65 -1.65 17.360     >17.360  99.990        -115.39        83.08   -0.191       0.138       
2459003.97189  2459003.97682  2020-06-03.4718961  coadd_bB134800 2.04 -1.22 17.531     >17.531  99.990        -295.88       105.15   -0.331       0.118       
2459009.31999  2459009.32491  2020-06-08.8199865  coadd_bn220685 1.47 -1.65 18.318     >18.318  99.990          53.77        34.41   0.089        0.057       
2459009.96069  2459009.96561  2020-06-09.4606953  coadd_bB136845 2.42 -1.22 17.777     >17.777  99.990        -101.24        83.80   -0.113       0.094       
2459011.87594  2459011.88084  2020-06-11.3759403  coadd_bB137470 2.06 -1.22 19.917     >19.917  99.990         -20.31        11.68   -0.023       0.013       
2459012.99247  2459012.99737  2020-06-12.4924855  coadd_bB137897 2.18 -1.22 19.120     >19.120  99.990          -0.17        24.34   -0.000       0.027       
2459013.80986  2459013.81475  2020-06-13.3098599  coadd_bB138105 2.04 -1.22 19.600     >19.600  99.990         -19.77        15.64   -0.022       0.018       
2459015.49255  2459015.49741  2020-06-14.9925438  coadd_bn221645 1.49 -1.65 19.397     >19.397  99.990         -35.44        12.73   -0.059       0.021       
2459016.00812  2459016.01298  2020-06-15.5081194  coadd_bB138926 2.05 -1.22 19.550     >19.550  99.990           9.01        16.38   0.010        0.018       
2459016.83235  2459016.83720  2020-06-16.3323548  coadd_bB139125 1.74 -1.22 19.598     >19.598  99.990         -60.00        15.66   -0.067       0.018       
2459017.83827  2459017.84310  2020-06-17.3382668  coadd_bB139463 1.66 -1.22 19.888     >19.888  99.990           0.19        11.99   0.000        0.013       
2459018.40965  2459018.41447  2020-06-17.9096513  coadd_bn222777 1.56 -1.65 19.241     >19.241  99.990         -13.44        14.70   -0.022       0.024       
2459019.30350  2459019.30830  2020-06-18.8034988  coadd_bn223077 1.58 -1.65 19.237     >19.237  99.990          -6.16        14.76   -0.010       0.024       
2459019.94107  2459019.94586  2020-06-19.4410739  coadd_bB140068 2.09 -1.22 19.281     >19.281  99.990          46.32        20.99   0.052        0.023       
2459020.95709  2459020.96187  2020-06-20.4570940  coadd_bB140380 2.07 -1.22 18.186     >18.186  99.990          22.01        57.52   0.025        0.064       
2459021.47067  2459021.47543  2020-06-20.9706761  coadd_bn223813 1.62 -1.65 18.784     >18.784  99.990          -5.89        22.38   -0.010       0.037       
2459022.37764  2459022.38239  2020-06-21.8776451  coadd_bn223872 1.49 -1.65 19.400     >19.400  99.990          26.60        12.70   0.044        0.021       
2459022.89929  2459022.90402  2020-06-22.3992931  coadd_bB140979 2.16 -1.22 19.860     >19.860  99.990          -5.02        12.30   -0.006       0.014       
2459023.86281  2459023.86752  2020-06-23.3628107  coadd_bB141287 2.06 -1.22 19.887     >19.887  99.990         -16.42        12.01   -0.018       0.013       
2459024.35304  2459024.35774  2020-06-23.8530410  coadd_bn224610 1.48 -1.65 19.260     >19.260  99.990           3.08        14.45   0.005        0.024       
2459024.96221  2459024.96689  2020-06-24.4622077  coadd_bB141708 2.01 -1.22 19.959     >19.959  99.990           7.80        11.23   0.009        0.013       
2459028.75141  2459028.75598  2020-06-28.2514119  coadd_bB142363 2.26 -1.22 17.681     >17.681  99.990         237.57        91.60   0.266        0.102       
2459029.75408  2459029.75862  2020-06-29.2540763  coadd_bB142662 2.01 -1.22 18.468     >18.468  99.990         106.28        44.37   0.119        0.050       
2459031.75422  2459031.75869  2020-07-01.2542283  coadd_bB143309 2.05 -1.22 18.204     >18.204  99.990         -40.59        56.55   -0.045       0.063       
2459034.24861  2459034.25299  2020-07-03.7486072  coadd_bn226773 1.53 -1.65 17.392     >17.392  99.990        -643.33        80.69   -1.066       0.134       
2459039.89858  2459039.90272  2020-07-09.3985754  coadd_bB145918 2.02 -1.22 18.783     >18.783  99.990          34.94        33.19   0.039        0.037       
2459042.83731  2459042.84132  2020-07-12.3373116  coadd_bB146913 2.04 -1.22 19.829     >19.829  99.990          -8.09        12.67   -0.009       0.014       
2459044.88095  2459044.88486  2020-07-14.3809481  coadd_bB147620 2.16 -1.22 19.590     >19.590  99.990          28.59        15.79   0.032        0.018       
2459048.92732  2459048.93102  2020-07-18.4273265  coadd_bB148649 1.99 -1.22 19.852     >19.852  99.990         -35.69        12.40   -0.040       0.014       
2459051.90470  2459051.90823  2020-07-21.4047039  coadd_bB149582 2.02 -1.22 19.716     >19.716  99.990          40.68        14.05   0.046        0.016       
2459060.76419  2459060.76717  2020-07-30.2641956  coadd_bB151647 2.14 -1.22 18.326     >18.326  99.990          13.08        50.56   0.015        0.057       
2459062.81694  2459062.81978  2020-08-01.3169434  coadd_bB152410 2.19 -1.22 18.629     >18.629  99.990         -86.56        38.23   -0.097       0.043       
2459069.87693  2459069.87928  2020-08-08.3769298  coadd_bB154301 2.06 -1.22 19.035     >19.035  99.990         -31.03        26.32   -0.035       0.029       
2459072.84901  2459072.85113  2020-08-11.3490055  coadd_bB155290 2.00 -1.22 19.596     >19.596  99.990           9.57        15.69   0.011        0.018       
2459075.23020  2459075.23214  2020-08-13.7302031  coadd_bn236927 1.47 -1.65 19.239     >19.239  99.990          25.97        14.73   0.043        0.024       
2459075.77965  2459075.78155  2020-08-14.2796465  coadd_bB156329 2.04 -1.22 19.917     >19.917  99.990          24.83        11.67   0.028        0.013       
2459080.81442  2459080.81593  2020-08-19.3144262  coadd_bB157859 1.99 -1.22 19.964     >19.964  99.990           6.02        11.18   0.007        0.013       
2459084.79680  2459084.79800  2020-08-23.2968141  coadd_bB159017 1.99 -1.22 19.410     >19.410  99.990         -42.07        18.63   -0.047       0.021       
2459086.81500  2459086.81603  2020-08-25.3149979  coadd_bB159707 2.03 -1.22 19.135     >19.135  99.990          14.33        24.00   0.016        0.027       
2459088.78668  2459088.78755  2020-08-27.2866760  coadd_bB160452 2.03 -1.22 18.821     >18.821  99.990          52.20        32.03   0.058        0.036       
2459095.27845  2459095.27879  2020-09-02.7784531  coadd_bn240708 1.49 -1.65 17.842     >17.842  99.990          33.89        53.31   0.056        0.088       
2459096.78519  2459096.78540  2020-09-04.2851876  coadd_bB163490 2.00 -1.22 18.746     >18.746  99.990         -22.31        34.33   -0.025       0.038       
2459098.78472  2459098.78477  2020-09-06.2847199  coadd_bB164290 2.04 -1.22 19.879     >19.879  99.990          21.46        12.10   0.024        0.014       
2459101.78758  2459101.78738  2020-09-09.2875822  coadd_bB165219 2.15 -1.22 20.012     >20.012  99.990           6.30        10.70   0.007        0.012       
2459103.76915  2459103.76879  2020-09-11.2691552  coadd_bB166003 2.00 -1.22 19.890     >19.890  99.990          13.94        11.97   0.016        0.013       
2459106.75931  2459106.75870  2020-09-14.2593135  coadd_bB167141 2.36 -1.22 19.844     >19.844  99.990          24.59        12.49   0.028        0.014       
2459110.72724  2459110.72630  2020-09-18.2272383  coadd_bB168545 2.29 -1.22 19.685     >19.685  99.990         -13.63        14.46   -0.015       0.016       
2459115.73064  2459115.72930  2020-09-23.2306447  coadd_bB170294 2.12 -1.22 19.491     >19.491  99.990         -10.80        17.29   -0.012       0.019       
2459121.71929  2459121.71748  2020-09-29.2192912  coadd_bB172030 2.02 -1.22 18.407     >18.407  99.990          26.59        46.93   0.030        0.053       
2459227.16382  2459227.16006  2021-01-12.6638222  coadd_bB203549 2.01 -1.22 19.181     >19.181  99.990         -16.34        23.00   -0.018       0.026       
2459258.10283  2459258.10114  2021-02-12.6028346  coadd_bB211365 2.00 -1.22 19.791     >19.791  99.990          16.72        13.12   0.019        0.015       
2459259.87732  2459259.87577  2021-02-14.3773226  coadd_bF205001 1.49 -1.82 18.972     >18.972  99.990          25.21        16.13   0.049        0.031       
2459260.87637  2459260.87491  2021-02-15.3763754  coadd_bF205341 1.53 -1.82 18.860      18.566  0.278           70.24        17.86   0.136        0.035       
2459263.61072  2459263.60948  2021-02-18.1107275  coadd_bn279231 1.53 -1.65 18.874     >18.874  99.990          13.59        20.62   0.023        0.034       
2459268.87175  2459268.87093  2021-02-23.3717553  coadd_bF207014 1.52 -1.82 19.058     >19.058  99.990          15.62        14.89   0.030        0.029       
2459270.86462  2459270.86397  2021-02-25.3646201  coadd_bF207717 1.48 -1.82 18.958     >18.958  99.990         -12.94        16.32   -0.025       0.032       
2459272.85931  2459272.85883  2021-02-27.3593131  coadd_bF208330 1.59 -1.82 17.591     >17.591  99.990        -128.82        57.50   -0.249       0.111       
2459272.89449  2459272.89401  2021-02-27.3944984  coadd_bj359114 1.55 -1.74 17.338     >17.338  99.990          26.30        77.94   0.047        0.141       
2459274.85402  2459274.85370  2021-03-01.3540273  coadd_bF209042 1.56 -1.82 18.045     >18.045  99.990          40.04        37.86   0.077        0.073       
2459279.04315  2459279.04318  2021-03-05.5431466  coadd_bB215378 1.73 -1.22 18.212     >18.212  99.990        -209.28        56.15   -0.234       0.063       
2459280.84208  2459280.84227  2021-03-07.3420804  coadd_bj361900 1.52 -1.74 18.852     >18.852  99.990         -47.22        19.32   -0.085       0.035       
2459281.83196  2459281.83223  2021-03-08.3319623  coadd_bF211386 1.51 -1.82 18.618     >18.618  99.990          43.22        22.34   0.084        0.043       
2459288.99826  2459288.99913  2021-03-15.4982611  coadd_bB216106 2.00 -1.22 19.665     >19.665  99.990         -29.69        14.73   -0.033       0.016       
2459292.54755  2459292.54871  2021-03-19.0475503  coadd_bn286603 1.46 -1.65 19.148     >19.148  99.990          30.69        16.02   0.051        0.027       
2459295.52882  2459295.53023  2021-03-22.0288231  coadd_bn287344 1.53 -1.65 19.075     >19.075  99.990         -12.07        17.13   -0.020       0.028       
2459298.78204  2459298.78370  2021-03-25.2820456  coadd_bj367830 1.66 -1.74 18.457     >18.457  99.990           8.21        27.80   0.015        0.050       
2459303.76814  2459303.77019  2021-03-30.2681412  coadd_bF218279 1.53 -1.82 17.522      17.401  0.327          205.52        61.26   0.398        0.119       
2459306.76131  2459306.76359  2021-04-02.2613092  coadd_bF219402 1.49 -1.82 17.908     >17.908  99.990         -45.27        42.95   -0.088       0.083       
2459309.49404  2459309.49652  2021-04-04.9940534  coadd_bn291132 1.52 -1.65 18.587     >18.587  99.990          39.54        26.84   0.066        0.044       
2459309.75527  2459309.75777  2021-04-05.2552699  coadd_bF220471 1.52 -1.82 18.716     >18.716  99.990         -63.89        20.40   -0.124       0.039       
2459311.75221  2459311.75486  2021-04-07.2522146  coadd_bj372622 1.51 -1.74 19.383     >19.383  99.990          -0.14        11.85   -0.000       0.021       
2459313.79551  2459313.79829  2021-04-09.2955055  coadd_bj373487 1.57 -1.74 19.402     >19.402  99.990          24.58        11.64   0.044        0.021       
2459314.85295  2459314.85580  2021-04-10.3529516  coadd_bF222164 1.50 -1.82 19.068     >19.068  99.990          36.06        14.76   0.070        0.029       
2459316.13143  2459316.13438  2021-04-11.6314359  coadd_bB223324 2.09 -1.22 18.735     >18.735  99.990         -67.72        34.68   -0.076       0.039       
2459316.54127  2459316.54425  2021-04-12.0412788  coadd_bn293753 1.45 -1.65 19.141     >19.141  99.990          25.40        16.11   0.042        0.027       
2459316.73098  2459316.73397  2021-04-12.2309848  coadd_bj374673 1.57 -1.74 18.902      18.304  0.210           96.03        18.45   0.173        0.033       
2459319.72702  2459319.73020  2021-04-15.2270171  coadd_bF224094 1.51 -1.82 19.148     >19.148  99.990         -13.38        13.71   -0.026       0.027       
2459320.71057  2459320.71381  2021-04-16.2105687  coadd_bF224444 1.47 -1.82 19.205     >19.205  99.990          -8.03        13.01   -0.016       0.025       
2459322.95155  2459322.95494  2021-04-18.4515531  coadd_bB225534 2.03 -1.22 19.620     >19.620  99.990           3.63        15.35   0.004        0.017       
2459323.46630  2459323.46972  2021-04-18.9663020  coadd_bn295906 1.49 -1.65 19.002     >19.002  99.990         -31.06        18.32   -0.051       0.030       
2459323.72475  2459323.72817  2021-04-19.2247534  coadd_bF225639 1.67 -1.82 18.732     >18.732  99.990          29.13        20.12   0.056        0.039       
2459323.90411  2459323.90755  2021-04-19.4041131  coadd_bB225892 2.18 -1.22 19.188     >19.188  99.990         -31.84        22.84   -0.036       0.026       
2459326.99034  2459326.99396  2021-04-22.4903344  coadd_bB226590 1.70 -1.22 19.593     >19.593  99.990         -42.05        15.74   -0.047       0.018       
2459328.95636  2459328.96008  2021-04-24.4563557  coadd_bB227327 2.36 -1.22 18.396     >18.396  99.990        -103.42        47.41   -0.116       0.053       
2459329.90515  2459329.90893  2021-04-25.4051567  coadd_bB227661 2.30 -1.22 18.262     >18.262  99.990          32.63        53.62   0.037        0.060       
2459330.69113  2459330.69495  2021-04-26.1911266  coadd_bF228112 1.61 -1.82 17.601     >17.601  99.990         -24.68        56.96   -0.048       0.110       
2459333.77655  2459333.78053  2021-04-29.2765496  coadd_bj381494 1.59 -1.74 17.433     >17.433  99.990        -102.48        71.37   -0.185       0.129       
2459336.88367  2459336.88780  2021-05-02.3836768  coadd_bB229313 2.10 -1.22 19.455     >19.455  99.990         -38.46        17.87   -0.043       0.020       
2459337.41621  2459337.42036  2021-05-02.9162155  coadd_bn299042 1.50 -1.65 19.051     >19.051  99.990          17.23        17.52   0.029        0.029       
2459337.70538  2459337.70954  2021-05-03.2053751  coadd_bj382325 1.55 -1.74 18.367     >18.367  99.990        -101.58        30.19   -0.183       0.054       
2459338.82944  2459338.83366  2021-05-04.3294472  coadd_bj382841 1.77 -1.74 18.777     >18.777  99.990          30.04        20.71   0.054        0.037       
2459340.66804  2459340.67233  2021-05-06.1680396  coadd_bj383312 1.59 -1.74 19.172     >19.172  99.990         -20.78        14.39   -0.037       0.026       
2459343.84682  2459343.85124  2021-05-09.3468231  coadd_bB230800 2.05 -1.22 19.454     >19.454  99.990          22.18        17.89   0.025        0.020       
2459344.84310  2459344.84755  2021-05-10.3431059  coadd_bB231180 2.43 -1.22 19.523     >19.523  99.990           9.25        16.78   0.010        0.019       
2459346.97366  2459346.97818  2021-05-12.4736594  coadd_bB232048 2.09 -1.22 20.128     >20.128  99.990          16.58         9.62   0.019        0.011       
2459348.86165  2459348.86623  2021-05-14.36165  coadd_bj385800 1.53 -1.74 18.773     >18.773  99.990          11.37        20.78   0.021        0.037       
2459350.77010  2459350.77474  2021-05-16.2700969  coadd_bj386464 1.61 -1.74 19.123     >19.123  99.990          -8.71        15.05   -0.016       0.027       
2459350.81528  2459350.81993  2021-05-16.3152960  coadd_bF234189 1.66 -1.82 19.158     >19.158  99.990         -25.86        13.58   -0.050       0.026       
2459351.39410  2459351.39876  2021-05-16.8941047  coadd_bn302413 1.46 -1.65 19.152     >19.152  99.990          -5.90        15.95   -0.010       0.026       
2459351.63087  2459351.63554  2021-05-17.1308728  coadd_bj386783 1.53 -1.74 18.795     >18.795  99.990          26.28        20.37   0.047        0.037       
2459351.85485  2459351.85952  2021-05-17.3548568  coadd_bB233559 2.11 -1.22 19.552     >19.552  99.990          10.21        16.35   0.011        0.018       
2459352.86921  2459352.87391  2021-05-18.3692081  coadd_bj387404 1.55 -1.74 19.025     >19.025  99.990         -21.47        16.47   -0.039       0.030       
2459354.89184  2459354.89659  2021-05-20.3918420  coadd_bB234652 2.08 -1.22 19.215     >19.215  99.990         -32.06        22.29   -0.036       0.025       
2459356.97305  2459356.97784  2021-05-22.4730557  coadd_bB235389 2.01 -1.22 18.822     >18.822  99.990         -65.63        32.01   -0.073       0.036       
2459358.37412  2459358.37893  2021-05-23.8741173  coadd_bn303793 1.63 -1.65 17.843     >17.843  99.990         -36.30        53.26   -0.060       0.088       
2459358.61198  2459358.61680  2021-05-24.1119870  coadd_bF236545 1.51 -1.82 18.221     >18.221  99.990         -38.26        32.19   -0.074       0.062       
2459359.81186  2459359.81670  2021-05-25.3118548  coadd_bj389273 1.69 -1.74 17.474     >17.474  99.990         123.30        68.77   0.222        0.124       
2459359.85173  2459359.85657  2021-05-25.3517320  coadd_bF237140 1.55 -1.82 17.489     >17.489  99.990        -161.33        63.20   -0.312       0.122       
2459361.65496  2459361.65982  2021-05-27.1549556  coadd_bj390005 1.58 -1.74 17.737      17.471  0.286          206.75        53.93   0.373        0.097       
2459365.60250  2459365.60741  2021-05-31.1025079  coadd_bF239040 1.43 -1.82 18.861     >18.861  99.990          14.35        17.86   0.028        0.035       
2459365.84636  2459365.85127  2021-05-31.3463627  coadd_bj391485 1.59 -1.74 18.140     >18.140  99.990         107.83        37.21   0.194        0.067       
2459367.61585  2459367.62077  2021-06-02.1158546  coadd_bF239909 1.49 -1.82 19.059     >19.059  99.990          25.73        14.88   0.050        0.029       
2459369.56621  2459369.57114  2021-06-04.0662140  coadd_bn306051 1.59 -1.65 18.327      18.231  0.335          111.74        34.12   0.185        0.057       
2459370.85782  2459370.86275  2021-06-05.3578182  coadd_bF241282 1.53 -1.82 18.947     >18.947  99.990          -5.36        16.50   -0.010       0.032       
2459371.69838  2459371.70331  2021-06-06.1983856  coadd_bF241586 1.48 -1.82 19.451     >19.451  99.990          -7.99        10.37   -0.015       0.020       
2459371.75343  2459371.75836  2021-06-06.2534239  coadd_bj393975 1.59 -1.74 19.200     >19.200  99.990          11.75        14.02   0.021        0.025       
2459372.32822  2459372.33315  2021-06-06.8282196  coadd_bn307131 1.85 -1.65 19.337     >19.337  99.990           1.07        13.45   0.002        0.022       
2459372.57449  2459372.57941  2021-06-07.0744865  coadd_bF241917 1.51 -1.82 19.080     >19.080  99.990          20.29        14.60   0.039        0.028       
2459372.98721  2459372.99214  2021-06-07.4872085  coadd_bB240853 2.26 -1.22 19.771     >19.771  99.990          -0.38        13.35   -0.000       0.015       
2459375.81186  2459375.81677  2021-06-10.3118600  coadd_bB241758 2.19 -1.22 20.381     >20.381  99.990          -1.98         7.62   -0.002       0.009       
2459378.49303  2459378.49793  2021-06-12.9930327  coadd_bn308701 1.64 -1.65 18.605     >18.605  99.990          16.76        26.40   0.028        0.044       
2459379.30082  2459379.30570  2021-06-13.8008193  coadd_bn308919 1.55 -1.65 19.230     >19.230  99.990          16.10        14.84   0.027        0.025       
2459379.56391  2459379.56879  2021-06-14.0639098  coadd_bF244844 1.48 -1.82 19.014     >19.014  99.990         -21.53        15.50   -0.042       0.030       
2459379.58504  2459379.58992  2021-06-14.0850363  coadd_bj397359 1.54 -1.74 19.346     >19.346  99.990         -17.46        12.26   -0.031       0.022       
2459380.74170  2459380.74657  2021-06-15.2417008  coadd_bj397847 1.56 -1.74 18.729     >18.729  99.990           2.75        21.63   0.005        0.039       
2459382.71832  2459382.72315  2021-06-17.2183177  coadd_bF245720 1.56 -1.82 19.187     >19.187  99.990          35.90        13.23   0.069        0.026       
2459383.80879  2459383.81361  2021-06-18.3087940  coadd_bF246072 1.51 -1.82 18.778     >18.778  99.990          12.16        19.28   0.024        0.037       
2459385.34162  2459385.34641  2021-06-19.8416228  coadd_bn309919 1.54 -1.65 18.106     >18.106  99.990          -3.96        41.81   -0.007       0.069       
2459386.53823  2459386.54299  2021-06-21.0382278  coadd_bF247047 1.55 -1.82 17.929     >17.929  99.990          11.32        42.14   0.022        0.082       
2459386.74055  2459386.74531  2021-06-21.2405487  coadd_bj399768 1.59 -1.74 18.061     >18.061  99.990          82.06        40.04   0.148        0.072       
2459391.87726  2459391.88190  2021-06-26.3772680  coadd_bB247301 1.97 -1.22 18.406     >18.406  99.990          82.39        46.96   0.092        0.053       
2459393.51913  2459393.52372  2021-06-28.0191358  coadd_bF249273 1.53 -1.82 19.183     >19.183  99.990           1.87        13.28   0.004        0.026       
2459393.75652  2459393.76109  2021-06-28.2565165  coadd_bj402116 1.55 -1.74 17.915     >17.915  99.990         -21.89        45.79   -0.039       0.083       
2459394.66146  2459394.66601  2021-06-29.1614605  coadd_bj402478 1.63 -1.74 18.285     >18.285  99.990          21.41        32.56   0.039        0.059       
2459395.76023  2459395.76474  2021-06-30.2602258  coadd_bF250278 1.55 -1.82 17.241     >17.241  99.990         152.01        79.38   0.294        0.154       
2459396.77259  2459396.77707  2021-07-01.2725906  coadd_bj403438 1.60 -1.74 18.139     >18.139  99.990         -70.56        37.26   -0.127       0.067       
2459397.72539  2459397.72984  2021-07-02.2253894  coadd_bF251079 1.52 -1.82 19.106     >19.106  99.990          27.19        14.24   0.053        0.028       
2459399.93493  2459399.93930  2021-07-04.4349315  coadd_bB249774 2.06 -1.22 19.838     >19.838  99.990          -8.68        12.56   -0.010       0.014       
2459400.76907  2459400.77340  2021-07-05.2690712  coadd_bB249998 2.05 -1.22 19.813     >19.813  99.990          27.53        12.85   0.031        0.014       
2459403.75706  2459403.76127  2021-07-08.2570629  coadd_bF253536 1.56 -1.82 19.080     >19.080  99.990          26.42        14.59   0.051        0.028       
2459405.48120  2459405.48533  2021-07-09.9811983  coadd_bn312635 1.63 -1.65 19.224     >19.224  99.990          19.63        14.93   0.033        0.025       
2459406.26295  2459406.26705  2021-07-10.7629622  coadd_bn312883 1.50 -1.65 19.532     >19.532  99.990          22.39        11.24   0.037        0.019       
2459407.22833  2459407.23238  2021-07-11.7283302  coadd_bn313259 1.57 -1.65 18.980     >18.980  99.990         -15.98        18.69   -0.026       0.031       
2459407.55459  2459407.55863  2021-07-12.0545917  coadd_bj407772 1.55 -1.74 19.153     >19.153  99.990          36.33        14.64   0.066        0.026       
2459408.71791  2459408.72189  2021-07-13.2179158  coadd_bj408324 1.56 -1.74 18.889     >18.889  99.990          -2.88        18.68   -0.005       0.034       
2459409.62714  2459409.63107  2021-07-14.1271399  coadd_bj408677 1.60 -1.74 19.237     >19.237  99.990          14.02        13.55   0.025        0.024       
2459412.47835  2459412.48214  2021-07-16.9783491  coadd_bj409846 1.76 -1.74 18.225     >18.225  99.990          26.06        34.43   0.047        0.062       
2459413.83293  2459413.83665  2021-07-18.3329329  coadd_bB254401 2.06 -1.22 18.967     >18.967  99.990         -21.89        28.01   -0.024       0.031       
2459414.24652  2459414.25021  2021-07-18.7465180  coadd_bn314969 1.48 -1.65 17.921     >17.921  99.990         -42.56        49.58   -0.071       0.082       
2459414.59270  2459414.59637  2021-07-19.0926972  coadd_bF257717 1.56 -1.82 18.975     >18.975  99.990           7.66        16.08   0.015        0.031       
2459415.90919  2459415.91279  2021-07-20.4091920  coadd_bB255120 2.13 -1.22 18.430     >18.430  99.990        -149.55        45.92   -0.167       0.051       
2459419.50933  2459419.51273  2021-07-24.0093344  coadd_bj412866 2.04 -1.74 17.295     >17.295  99.990          47.67        81.05   0.086        0.146       
2459422.30676  2459422.30998  2021-07-26.8067594  coadd_bn316649 1.61 -1.65 18.136     >18.136  99.990         -36.00        40.69   -0.060       0.067       
2459424.59687  2459424.59995  2021-07-29.0968819  coadd_bF261814 2.11 -1.82 19.221     >19.221  99.990          15.72        12.81   0.030        0.025       
2459424.89169  2459424.89475  2021-07-29.3916923  coadd_bB257638 2.11 -1.22 18.868     >18.868  99.990         -50.20        30.68   -0.056       0.034       
2459425.88896  2459425.89195  2021-07-30.3889706  coadd_bB257826 2.04 -1.22 19.494     >19.494  99.990          30.02        17.25   0.034        0.019       
2459426.87920  2459426.88213  2021-07-31.3792089  coadd_bB258184 2.01 -1.22 19.951     >19.951  99.990         -21.20        11.32   -0.024       0.013       
2459428.85528  2459428.85807  2021-08-02.3552857  coadd_bB258912 2.48 -1.22 19.838     >19.838  99.990           8.47        12.56   0.009        0.014       
2459429.65081  2459429.65354  2021-08-03.1508120  coadd_bj417186 1.72 -1.74 19.105     >19.105  99.990          22.33        15.30   0.040        0.028       
2459430.67920  2459430.68187  2021-08-04.1792093  coadd_bF264315 1.52 -1.82 19.059     >19.059  99.990         -12.35        14.88   -0.024       0.029       
2459431.65650  2459431.65910  2021-08-05.1565049  coadd_bF264703 1.52 -1.82 19.251     >19.251  99.990         -27.96        12.46   -0.054       0.024       
2459432.43033  2459432.43287  2021-08-05.9303340  coadd_bn318540 1.63 -1.65 18.869     >18.869  99.990           8.17        20.71   0.014        0.034       
2459432.60139  2459432.60392  2021-08-06.1013958  coadd_bj418389 1.54 -1.74 18.957     >18.957  99.990         -12.41        17.55   -0.022       0.032       
2459433.57663  2459433.57909  2021-08-07.0766391  coadd_bF265450 1.58 -1.82 19.206     >19.206  99.990         -22.95        13.00   -0.044       0.025       
2459434.41798  2459434.42038  2021-08-07.9179828  coadd_bn319323 1.63 -1.65 18.646     >18.646  99.990          24.84        25.43   0.041        0.042       
2459435.48152  2459435.48384  2021-08-08.9815285  coadd_bF265940 1.47 -1.82 19.517     >19.517  99.990          -2.68         9.76   -0.005       0.019       
2459435.67425  2459435.67656  2021-08-09.1742511  coadd_bj419446 1.58 -1.74 18.730     >18.730  99.990          42.96        21.63   0.077        0.039       
2459436.56846  2459436.57070  2021-08-10.0684616  coadd_bj419775 1.53 -1.74 19.171     >19.171  99.990          27.14        14.41   0.049        0.026       
2459437.55349  2459437.55566  2021-08-11.0534943  coadd_bF266799 2.05 -1.82 19.116     >19.116  99.990         -23.06        14.12   -0.045       0.027       
2459439.57394  2459439.57596  2021-08-13.0739520  coadd_bj420989 1.58 -1.74 18.974     >18.974  99.990           5.51        17.26   0.010        0.031       
2459442.24792  2459442.24974  2021-08-15.7479236  coadd_bn320327 1.56 -1.65 17.970     >17.970  99.990          76.84        47.37   0.127        0.078       
2459442.75567  2459442.75744  2021-08-16.2556737  coadd_bB263877 2.40 -1.22 18.858     >18.858  99.990         -10.81        30.96   -0.012       0.035       
2459444.49511  2459444.49675  2021-08-17.9951188  coadd_bF269084 1.55 -1.82 17.941     >17.941  99.990          14.25        41.66   0.028        0.081       
2459446.81524  2459446.81669  2021-08-20.3152427  coadd_bB265354 2.02 -1.22 18.317     >18.317  99.990          82.11        50.99   0.092        0.057       
2459448.82164  2459448.82294  2021-08-22.3216506  coadd_bB266111 2.19 -1.22 18.262     >18.262  99.990         -86.27        53.64   -0.097       0.060       
2459449.37734  2459449.37859  2021-08-22.8773407  coadd_bn321213 1.51 -1.65 16.669     >16.669  99.990         -67.99       157.13   -0.113       0.260       
2459449.62850  2459449.62973  2021-08-23.1285027  coadd_bF270212 1.59 -1.82 17.112     >17.112  99.990        -219.23        89.41   -0.424       0.173       
2459450.81733  2459450.81847  2021-08-24.3173438  coadd_bB266525 2.09 -1.22 18.454     >18.454  99.990          39.91        44.94   0.045        0.050       
2459452.63227  2459452.63325  2021-08-26.1322677  coadd_bF270593 1.50 -1.82 17.886     >17.886  99.990           5.09        43.85   0.010        0.085       
2459453.62581  2459453.62672  2021-08-27.1258180  coadd_bF270958 1.55 -1.82 18.230     >18.230  99.990           7.63        31.92   0.015        0.062       
2459454.80248  2459454.80329  2021-08-28.3024861  coadd_bB267726 2.02 -1.22 19.707     >19.707  99.990          26.49        14.17   0.030        0.016       
2459455.55191  2459455.55266  2021-08-29.0519143  coadd_bj425420 1.64 -1.74 19.040     >19.040  99.990          17.48        16.25   0.032        0.029       
2459456.36767  2459456.36836  2021-08-29.8676850  coadd_bn322633 1.56 -1.65 18.489     >18.489  99.990          10.33        29.38   0.017        0.049       
2459456.59448  2459456.59514  2021-08-30.0944759  coadd_bj425872 1.60 -1.74 18.838     >18.838  99.990          -2.30        19.56   -0.004       0.035       
2459456.78163  2459456.78228  2021-08-30.2816366  coadd_bB268495 1.66 -1.22 19.866     >19.866  99.990          -2.31        12.24   -0.003       0.014       
2459457.59882  2459457.59940  2021-08-31.0988247  coadd_bj426289 1.67 -1.74 18.834     >18.834  99.990           1.62        19.64   0.003        0.035       
2459458.57653  2459458.57703  2021-09-01.0765354  coadd_bj426727 1.54 -1.74 18.548      18.239  0.274          101.94        25.55   0.184        0.046       
2459459.57549  2459459.57591  2021-09-02.0754997  coadd_bF272954 1.53 -1.82 18.886     >18.886  99.990          35.37        17.44   0.068        0.034       
2459460.31901  2459460.31937  2021-09-02.8190214  coadd_bn323797 1.57 -1.65 19.026     >19.026  99.990         -25.67        17.93   -0.043       0.030       
2459462.32856  2459462.32875  2021-09-04.8285655  coadd_bn324164 1.49 -1.65 18.898     >18.898  99.990          38.08        20.16   0.063        0.033       
2459466.75206  2459466.75188  2021-09-09.2520598  coadd_bB271269 2.19 -1.22 19.629     >19.629  99.990          15.28        15.23   0.017        0.017       
2459467.32532  2459467.32509  2021-09-09.8253188  coadd_bn325347 1.59 -1.65 18.707     >18.707  99.990         -15.61        24.04   -0.026       0.040       
2459469.74623  2459469.74581  2021-09-12.2462318  coadd_bB272487 2.02 -1.22 19.585     >19.585  99.990         -16.89        15.86   -0.019       0.018       
2459470.50177  2459470.50129  2021-09-13.0017754  coadd_bF276621 1.51 -1.82 18.727     >18.727  99.990          -8.25        20.21   -0.016       0.039       
2459470.55800  2459470.55751  2021-09-13.0580047  coadd_bj430790 1.54 -1.74 18.303     >18.303  99.990          -3.10        32.02   -0.006       0.058       
2459474.49079  2459474.48998  2021-09-16.9907932  coadd_bj432319 1.79 -1.74 18.318     >18.318  99.990          75.48        31.60   0.136        0.057       
2459476.72702  2459476.72602  2021-09-19.2270243  coadd_bB273978 2.30 -1.22 18.365     >18.365  99.990        -232.49        48.79   -0.260       0.055       
2459477.28496  2459477.28392  2021-09-19.7849718  coadd_bn327206 1.51 -1.65 17.406     >17.406  99.990        -293.48        79.64   -0.486       0.132       
2459477.52608  2459477.52502  2021-09-20.0260856  coadd_bj433374 1.98 -1.74 17.692     >17.692  99.990         -53.10        56.21   -0.096       0.101       
2459478.53742  2459478.53628  2021-09-21.0374339  coadd_bF279519 1.60 -1.82 17.613     >17.613  99.990         132.81        56.35   0.257        0.109       
2459479.53834  2459479.53712  2021-09-22.0383478  coadd_bj434158 1.64 -1.74 17.770     >17.770  99.990         -21.51        52.33   -0.039       0.094       
2459481.73432  2459481.73293  2021-09-24.2343289  coadd_bB275920 2.36 -1.22 19.568     >19.568  99.990           3.62        16.10   0.004        0.018       
2459483.72156  2459483.72001  2021-09-26.2215743  coadd_bB276669 2.01 -1.22 19.764     >19.764  99.990           5.05        13.44   0.006        0.015       
2459484.26781  2459484.26622  2021-09-26.7678157  coadd_bn329364 1.56 -1.65 18.601     >18.601  99.990          28.50        26.50   0.047        0.044       
2459484.51507  2459484.51345  2021-09-27.0150716  coadd_bF281508 1.59 -1.82 19.181     >19.181  99.990           5.37        13.30   0.010        0.026       
2459489.49705  2459489.49506  2021-10-01.9970644  coadd_bj437594 1.65 -1.74 18.728     >18.728  99.990         -12.88        21.65   -0.023       0.039       
