###  JD        HJD            UT_date             IMAGE          FWHM  Diff Limit      mag   mag_err       counts     count_err  flux (mJy)    flux_err
2458019.65936  2458019.66358  2017-09-23.1593628  coadd_bs001008 1.54 -1.54 19.495     >19.495  99.990         -31.17        12.84   -0.047       0.019       
2458034.59523  2458034.59857  2017-10-08.0952371  coadd_bk009396 1.76 -1.73 18.454     >18.454  99.990          42.60        28.21   0.076        0.050       
2458034.75710  2458034.76044  2017-10-08.2571103  coadd_bs003170 2.28 -1.54 18.379     >18.379  99.990         -55.96        35.89   -0.084       0.054       
2458035.60303  2458035.60631  2017-10-09.1030282  coadd_bk009795 1.74 -1.73 18.761     >18.761  99.990         -40.25        21.26   -0.072       0.038       
2458042.70550  2458042.70828  2017-10-16.2055130  coadd_bs007699 1.71 -1.54 19.374     >19.374  99.990         -26.36        14.34   -0.040       0.022       
2458043.70070  2458043.70341  2017-10-17.2007111  coadd_bs008025 2.03 -1.54 19.355     >19.355  99.990          -2.83        14.61   -0.004       0.022       
2458046.69223  2458046.69470  2017-10-20.1922371  coadd_bs004745 2.29 -1.54 18.223     >18.223  99.990        -215.92        41.40   -0.324       0.062       
2458048.68583  2458048.68815  2017-10-22.1858336  coadd_bs005132 2.31 -1.54 19.580     >19.580  99.990         -34.85        11.87   -0.052       0.018       
2458051.68538  2458051.68746  2017-10-25.1853859  coadd_bs005860 1.48 -1.54 19.441     >19.441  99.990          -8.23        13.49   -0.012       0.020       
2458058.57026  2458058.57178  2017-11-01.0702674  coadd_bs010358 1.54 -1.54 18.422     >18.422  99.990          -4.67        34.48   -0.007       0.052       
2458059.66962  2458059.67104  2017-11-02.1696312  coadd_bs010877 1.67 -1.54 18.310     >18.310  99.990          39.42        38.23   0.059        0.057       
2458060.67963  2458060.68097  2017-11-03.1796356  coadd_bs011346 1.64 -1.54 17.827     >17.827  99.990         -79.30        59.63   -0.119       0.090       
2458063.67720  2458063.67827  2017-11-06.1772028  coadd_bs012420 1.55 -1.54 18.404     >18.404  99.990         -62.83        35.05   -0.094       0.053       
2458064.54534  2458064.54634  2017-11-07.0453424  coadd_bs012736 1.73 -1.54 19.128     >19.128  99.990         -11.55        18.00   -0.017       0.027       
2458068.64753  2458068.64818  2017-11-11.1475408  coadd_bs013804 1.53 -1.54 19.619     >19.619  99.990          32.10        11.45   0.048        0.017       
2458069.63958  2458069.64014  2017-11-12.1395820  coadd_bs014259 1.89 -1.54 19.387     >19.387  99.990           7.26        14.18   0.011        0.021       
2458070.63659  2458070.63706  2017-11-13.1365958  coadd_bs014703 1.61 -1.54 19.248     >19.248  99.990          47.07        16.12   0.071        0.024       
2458072.61274  2458072.61303  2017-11-15.1127385  coadd_bs015369 1.49 -1.54 19.800     >19.800  99.990          -1.01         9.69   -0.002       0.015       
2458074.60837  2458074.60848  2017-11-17.1083686  coadd_bs015817 1.47 -1.54 19.570     >19.570  99.990          -4.72        11.98   -0.007       0.018       
2458075.60454  2458075.60457  2017-11-18.1045365  coadd_bs016290 1.44 -1.54 19.635     >19.635  99.990         -17.34        11.28   -0.026       0.017       
2458197.00478  2458197.00051  2018-03-19.5047784  coadd_bs056677 1.66 -1.54 17.132     >17.132  99.990        -372.31       113.18   -0.559       0.170       
2458207.97137  2458207.96769  2018-03-30.4713737  coadd_bs059613 1.56 -1.54 17.849     >17.849  99.990          83.88        58.44   0.126        0.088       
2458213.91451  2458213.91120  2018-04-05.4145168  coadd_bk066798 1.46 -1.73 18.010     >18.010  99.990         -68.43        42.45   -0.122       0.076       
2458214.90982  2458214.90657  2018-04-06.4098207  coadd_bk067415 1.50 -1.73 17.873     >17.873  99.990          80.54        48.15   0.144        0.086       
2458215.90906  2458215.90587  2018-04-07.4090579  coadd_bk067838 1.53 -1.73 18.304     >18.304  99.990          -1.05        32.40   -0.002       0.058       
2458216.90468  2458216.90156  2018-04-08.4046796  coadd_bk068255 1.47 -1.73 18.587     >18.587  99.990          50.92        24.95   0.091        0.044       
2458217.90766  2458217.90462  2018-04-09.4076677  coadd_bk068680 1.55 -1.73 18.574      18.305  0.285           97.07        25.24   0.173        0.045       
2458219.96123  2458219.95832  2018-04-11.4612284  coadd_bs063185 1.56 -1.54 19.074     >19.074  99.990          -9.19        18.91   -0.014       0.028       
2458226.93519  2458226.93280  2018-04-18.4351967  coadd_bs064789 1.52 -1.54 18.925     >18.925  99.990          29.04        21.70   0.044        0.033       
2458228.93422  2458228.93199  2018-04-20.4342240  coadd_bs065322 2.47 -1.54 19.169     >19.169  99.990          46.47        17.33   0.070        0.026       
2458230.63379  2458230.63169  2018-04-22.1337946  coadd_bo044172 1.45 -1.82 19.059     >19.059  99.990         -14.31        14.83   -0.028       0.029       
2458230.88832  2458230.88624  2018-04-22.3883214  coadd_bk073789 1.50 -1.73 19.128     >19.128  99.990         -14.83        15.16   -0.026       0.027       
2458231.63610  2458231.63408  2018-04-23.1361072  coadd_bo044593 1.46 -1.82 18.643     >18.643  99.990           2.29        21.74   0.004        0.042       
2458233.62783  2458233.62597  2018-04-25.1278335  coadd_bo045040 1.45 -1.82 19.127     >19.127  99.990         -15.31        13.93   -0.030       0.027       
2458234.91877  2458234.91701  2018-04-26.4187745  coadd_bs066746 2.15 -1.54 18.257      18.153  0.332          132.56        40.12   0.199        0.060       
2458235.61888  2458235.61718  2018-04-27.1188791  coadd_bo045231 1.62 -1.82 19.262     >19.262  99.990           6.22        12.30   0.012        0.024       
2458238.61445  2458238.61299  2018-04-30.1144508  coadd_bo045686 1.69 -1.82 17.268     >17.268  99.990        -200.84        77.13   -0.390       0.150       
2458239.61134  2458239.60996  2018-05-01.1113427  coadd_bo046108 1.50 -1.82 17.282     >17.282  99.990         163.90        76.18   0.318        0.148       
2458242.59987  2458242.59875  2018-05-04.0998798  coadd_bo046833 1.60 -1.82 18.179     >18.179  99.990          61.77        33.35   0.120        0.065       
2458243.60095  2458243.59991  2018-05-05.1009523  coadd_bo047229 1.49 -1.82 18.170     >18.170  99.990         -76.51        33.60   -0.149       0.065       
2458244.59637  2458244.59541  2018-05-06.0963656  coadd_bo047645 1.55 -1.82 17.942     >17.942  99.990          59.71        41.47   0.116        0.081       
2458244.91719  2458244.91626  2018-05-06.4171915  coadd_bs069250 1.47 -1.54 18.100      18.004  0.334          152.07        46.37   0.228        0.070       
2458245.59467  2458245.59380  2018-05-07.0946703  coadd_bo048054 1.53 -1.82 17.856     >17.856  99.990           1.23        44.89   0.002        0.087       
2458246.88400  2458246.88324  2018-05-08.3840001  coadd_bs069928 1.51 -1.54 18.410     >18.410  99.990          51.56        34.86   0.077        0.052       
2458247.87531  2458247.87463  2018-05-09.3753144  coadd_bk080725 1.51 -1.73 17.940     >17.940  99.990         -64.75        45.26   -0.115       0.081       
2458248.65880  2458248.65819  2018-05-10.1587965  coadd_bo048577 1.50 -1.82 18.332     >18.332  99.990         -48.24        28.95   -0.094       0.056       
2458248.87967  2458248.87908  2018-05-10.3796717  coadd_bs070556 1.61 -1.54 19.006     >19.006  99.990         -14.31        20.13   -0.021       0.030       
2458249.87144  2458249.87093  2018-05-11.3714438  coadd_bs070888 1.67 -1.54 19.046     >19.046  99.990          45.88        19.40   0.069        0.029       
2458251.57584  2458251.57548  2018-05-13.0758482  coadd_bo049260 1.48 -1.82 19.046      18.733  0.273           60.02        15.01   0.117        0.029       
2458251.87237  2458251.87204  2018-05-13.3723765  coadd_bs071410 1.61 -1.54 18.971     >18.971  99.990          33.19        20.80   0.050        0.031       
2458252.57534  2458252.57506  2018-05-14.0753363  coadd_bo049687 1.53 -1.82 19.144     >19.144  99.990          24.00        13.71   0.047        0.027       
2458256.82243  2458256.82253  2018-05-18.3224303  coadd_bk084035 1.49 -1.73 19.244     >19.244  99.990           7.46        13.63   0.013        0.024       
2458257.91871  2458257.91889  2018-05-19.4187090  coadd_bs073103 2.16 -1.54 18.726     >18.726  99.990          21.94        26.07   0.033        0.039       
2458258.84621  2458258.84648  2018-05-20.3462179  coadd_bs073345 2.29 -1.54 18.849     >18.849  99.990          31.17        23.27   0.047        0.035       
2458261.84421  2458261.84473  2018-05-23.3442097  coadd_bs073655 2.16 -1.54 18.643     >18.643  99.990          -5.65        28.14   -0.008       0.042       
2458263.83951  2458263.84020  2018-05-25.3395079  coadd_bs074255 2.30 -1.54 17.597     >17.597  99.990         195.52        73.75   0.294        0.111       
2458265.53790  2458265.53875  2018-05-27.0379075  coadd_bo052490 1.51 -1.82 18.041     >18.041  99.990         -51.32        37.85   -0.100       0.074       
2458265.80163  2458265.80250  2018-05-27.3016370  coadd_bk088107 1.52 -1.73 18.232     >18.232  99.990          12.55        34.61   0.022        0.062       
2458267.86928  2458267.87032  2018-05-29.3692800  coadd_bs075566 1.51 -1.54 17.789     >17.789  99.990         128.10        61.79   0.192        0.093       
2458270.82305  2458270.82434  2018-06-01.3230494  coadd_bk089158 1.55 -1.73 17.651     >17.651  99.990         -36.52        59.08   -0.065       0.105       
2458271.85527  2458271.85664  2018-06-02.3552699  coadd_bs076884 1.46 -1.54 18.002     >18.002  99.990          61.20        50.77   0.092        0.076       
2458274.54766  2458274.54925  2018-06-05.0476608  coadd_bo053544 1.48 -1.82 18.533     >18.533  99.990          10.31        24.06   0.020        0.047       
2458275.56623  2458275.56791  2018-06-06.0662309  coadd_bo054005 1.46 -1.82 18.602     >18.602  99.990          36.25        22.58   0.070        0.044       
2458277.67290  2458277.67475  2018-06-08.1729042  coadd_bo054778 1.47 -1.82 18.630     >18.630  99.990          56.93        21.99   0.111        0.043       
2458277.95716  2458277.95903  2018-06-08.4571581  coadd_bs078022 1.64 -1.54 17.460     >17.460  99.990        -115.87        83.63   -0.174       0.126       
2458281.85232  2458281.85451  2018-06-12.3523322  coadd_bs078399 1.44 -1.54 19.347     >19.347  99.990           1.19        14.71   0.002        0.022       
2458284.91730  2458284.91972  2018-06-15.4173057  coadd_bs079447 1.61 -1.54 18.475     >18.475  99.990          55.63        32.85   0.084        0.049       
2458287.86583  2458287.86847  2018-06-18.3658405  coadd_bs079879 1.72 -1.54 19.494     >19.494  99.990         -23.40        12.85   -0.035       0.019       
2458288.75869  2458288.76139  2018-06-19.2586872  coadd_bs080119 1.67 -1.54 19.187     >19.187  99.990          31.11        17.04   0.047        0.026       
2458290.46855  2458290.47138  2018-06-20.9685527  coadd_bo057310 1.52 -1.82 19.465     >19.465  99.990          16.05        10.20   0.031        0.020       
2458293.71187  2458293.71493  2018-06-24.2118748  coadd_bk097571 1.60 -1.73 18.120     >18.120  99.990         -85.89        38.36   -0.153       0.068       
2458294.45818  2458294.46129  2018-06-24.9581817  coadd_bo057894 1.51 -1.82 17.520     >17.520  99.990         160.93        61.15   0.313        0.119       
2458294.72025  2458294.72338  2018-06-25.2202543  coadd_bk097949 2.13 -1.73 18.035     >18.035  99.990         -33.88        41.50   -0.060       0.074       
2458295.45459  2458295.45777  2018-06-25.9545975  coadd_bo058155 1.60 -1.82 17.812     >17.812  99.990         -12.10        46.74   -0.024       0.091       
2458295.75576  2458295.75896  2018-06-26.2557608  coadd_bs082400 2.16 -1.54 18.752     >18.752  99.990          61.46        25.45   0.092        0.038       
2458296.46972  2458296.47296  2018-06-26.9697163  coadd_bo058600 1.49 -1.82 17.714     >17.714  99.990         -13.33        51.16   -0.026       0.099       
2458296.70517  2458296.70844  2018-06-27.2051766  coadd_bk098878 1.49 -1.73 17.738      17.693  0.350          170.61        54.54   0.304        0.097       
2458298.83999  2458298.84339  2018-06-29.3399850  coadd_bk099741 1.48 -1.73 17.941     >17.941  99.990         -62.03        45.25   -0.111       0.081       
2458300.79762  2458300.80115  2018-07-01.2976258  coadd_bk100615 2.33 -1.73 18.092     >18.092  99.990         -47.13        39.35   -0.084       0.070       
2458302.73927  2458302.74292  2018-07-03.2392699  coadd_bs083828 1.75 -1.54 18.195     >18.195  99.990         -38.40        42.48   -0.058       0.064       
2458303.50185  2458303.50554  2018-07-04.0018508  coadd_bo059450 1.47 -1.82 18.387     >18.387  99.990          51.82        27.52   0.101        0.053       
2458304.52808  2458304.53183  2018-07-05.0280805  coadd_bo059921 1.45 -1.82 18.560     >18.560  99.990          -8.26        23.46   -0.016       0.046       
2458304.78098  2458304.78475  2018-07-05.2809861  coadd_bs084176 2.07 -1.54 18.862     >18.862  99.990          44.56        23.00   0.067        0.035       
2458305.45100  2458305.45481  2018-07-05.9510076  coadd_bo060312 1.50 -1.82 18.872     >18.872  99.990          23.64        17.61   0.046        0.034       
2458306.48018  2458306.48405  2018-07-06.9801773  coadd_bo060772 1.42 -1.82 19.228     >19.228  99.990          -4.78        12.69   -0.009       0.025       
2458307.47617  2458307.48010  2018-07-07.9761719  coadd_bo061217 1.48 -1.82 19.298     >19.298  99.990          32.87        11.90   0.064        0.023       
2458308.47641  2458308.48039  2018-07-08.9764212  coadd_bo061668 1.49 -1.82 19.528     >19.528  99.990          -6.87         9.62   -0.013       0.019       
2458313.74271  2458313.74696  2018-07-14.2427089  coadd_bk105561 1.58 -1.73 19.352     >19.352  99.990          23.95        12.34   0.043        0.022       
2458317.45787  2458317.46230  2018-07-17.9578748  coadd_bo062882 1.59 -1.82 19.137     >19.137  99.990          19.93        13.80   0.039        0.027       
2458318.65142  2458318.65589  2018-07-19.1514172  coadd_bk106862 2.49 -1.73 18.360     >18.360  99.990         -46.74        30.75   -0.083       0.055       
2458318.86911  2458318.87360  2018-07-19.3691171  coadd_bs085807 1.49 -1.54 19.458     >19.458  99.990          31.19        13.29   0.047        0.020       
2458319.38957  2458319.39408  2018-07-19.8895755  coadd_bo063357 1.52 -1.82 18.569     >18.569  99.990          12.38        23.28   0.024        0.045       
2458320.38638  2458320.39093  2018-07-20.8863864  coadd_bo063785 1.51 -1.82 18.506     >18.506  99.990         -15.40        24.66   -0.030       0.048       
2458321.38203  2458321.38662  2018-07-21.8820326  coadd_bo064220 1.53 -1.82 18.566     >18.566  99.990         -10.34        23.34   -0.020       0.045       
2458322.38341  2458322.38804  2018-07-22.8834196  coadd_bo064653 1.51 -1.82 18.192     >18.192  99.990           0.08        32.95   0.000        0.064       
2458322.71579  2458322.72043  2018-07-23.2157945  coadd_bs087060 1.48 -1.54 18.990     >18.990  99.990         -73.54        20.43   -0.110       0.031       
2458323.37999  2458323.38465  2018-07-23.8799885  coadd_bo065086 1.51 -1.82 18.052     >18.052  99.990          29.67        37.48   0.058        0.073       
2458324.37789  2458324.38259  2018-07-24.8778886  coadd_bo065481 1.50 -1.82 17.285     >17.285  99.990         167.97        75.93   0.326        0.148       
2458325.37593  2458325.38066  2018-07-25.8759318  coadd_bo065764 1.54 -1.82 17.568     >17.568  99.990         -74.24        58.50   -0.144       0.114       
2458325.62806  2458325.63280  2018-07-26.1280585  coadd_bk109918 1.79 -1.73 17.477     >17.477  99.990         146.39        69.34   0.261        0.124       
2458325.86072  2458325.86547  2018-07-26.3607212  coadd_bs088026 1.57 -1.54 17.574      17.473  0.333          247.90        75.31   0.372        0.113       
2458327.37585  2458327.38065  2018-07-27.8758543  coadd_bo066224 1.42 -1.82 19.470     >19.470  99.990          -5.35        10.15   -0.010       0.020       
2458329.82366  2458329.82853  2018-07-30.3236599  coadd_bs088903 1.61 -1.54 17.956     >17.956  99.990         -23.54        52.96   -0.035       0.080       
2458330.44912  2458330.45401  2018-07-30.9491274  coadd_bo066923 1.59 -1.82 17.733     >17.733  99.990         -10.52        50.27   -0.020       0.098       
2458332.49256  2458332.49750  2018-08-01.9925667  coadd_bo067267 1.48 -1.82 18.506     >18.506  99.990         -19.61        24.66   -0.038       0.048       
2458333.39081  2458333.39576  2018-08-02.8908063  coadd_bo067608 1.46 -1.82 18.983     >18.983  99.990          16.75        15.90   0.033        0.031       
2458333.79870  2458333.80367  2018-08-03.2987084  coadd_bs089821 1.56 -1.54 18.096     >18.096  99.990         -21.34        46.57   -0.032       0.070       
2458334.40145  2458334.40643  2018-08-03.9014516  coadd_bo068045 1.50 -1.82 19.586     >19.586  99.990           4.98         9.13   0.010        0.018       
2458335.63508  2458335.64009  2018-08-05.1350848  coadd_bk113764 1.45 -1.73 19.065     >19.065  99.990         -28.55        16.06   -0.051       0.029       
2458336.59481  2458336.59983  2018-08-06.0948098  coadd_bk114177 1.46 -1.73 19.219     >19.219  99.990          27.70        13.94   0.049        0.025       
2458338.61373  2458338.61879  2018-08-08.1137347  coadd_bs091090 1.69 -1.54 19.229     >19.229  99.990           0.73        16.40   0.001        0.025       
2458339.38953  2458339.39460  2018-08-08.8895317  coadd_bo068604 1.57 -1.82 19.400     >19.400  99.990          22.19        10.82   0.043        0.021       
2458339.73258  2458339.73766  2018-08-09.2325856  coadd_bk115374 2.03 -1.73 19.346      19.342  0.363           37.35        12.40   0.067        0.022       
2458340.38647  2458340.39155  2018-08-09.8864704  coadd_bo068978 1.45 -1.82 19.484     >19.484  99.990          -5.66        10.02   -0.011       0.019       
2458341.76866  2458341.77376  2018-08-11.2686589  coadd_bk116290 1.48 -1.73 19.223     >19.223  99.990          -0.25        13.88   -0.000       0.025       
2458342.38736  2458342.39247  2018-08-11.8873619  coadd_bo069255 1.72 -1.82 18.284     >18.284  99.990         -75.37        30.26   -0.146       0.059       
2458342.59653  2458342.60164  2018-08-12.0965300  coadd_bk116594 1.49 -1.73 19.277     >19.277  99.990          -8.26        13.22   -0.015       0.024       
2458344.57150  2458344.57662  2018-08-14.0715055  coadd_bk117459 1.49 -1.73 19.137     >19.137  99.990          -6.43        15.04   -0.011       0.027       
2458345.36637  2458345.37150  2018-08-14.8663743  coadd_bo069957 1.80 -1.82 19.369     >19.369  99.990         -12.75        11.14   -0.025       0.022       
2458345.72467  2458345.72981  2018-08-15.2246770  coadd_bk118025 1.53 -1.73 19.274     >19.274  99.990         -24.88        13.25   -0.044       0.024       
2458346.30785  2458346.31299  2018-08-15.8078546  coadd_bo070332 1.48 -1.82 19.282     >19.282  99.990          28.02        12.07   0.054        0.023       
2458346.62196  2458346.62709  2018-08-16.1219628  coadd_bs092179 1.64 -1.54 18.795     >18.795  99.990           9.99        24.44   0.015        0.037       
2458348.30154  2458348.30668  2018-08-17.8015460  coadd_bo070781 1.63 -1.82 18.697     >18.697  99.990         -55.79        20.70   -0.108       0.040       
2458348.60246  2458348.60760  2018-08-18.1024701  coadd_bs092410 1.52 -1.54 17.842     >17.842  99.990        -115.01        58.85   -0.173       0.088       
2458349.55486  2458349.55999  2018-08-19.0548611  coadd_bk119446 1.69 -1.73 18.993     >18.993  99.990          14.15        17.17   0.025        0.031       
2458350.61849  2458350.62362  2018-08-20.1184888  coadd_bk119935 1.58 -1.73 18.474     >18.474  99.990         -65.32        27.70   -0.116       0.049       
2458351.89350  2458351.89863  2018-08-21.3934981  coadd_bs093288 1.54 -1.54 19.052     >19.052  99.990          27.67        19.29   0.042        0.029       
2458352.29156  2458352.29669  2018-08-21.7915648  coadd_bo071538 1.61 -1.82 18.010     >18.010  99.990           1.09        38.96   0.002        0.076       
2458352.68447  2458352.68960  2018-08-22.1844800  coadd_bs093494 1.49 -1.54 18.011     >18.011  99.990          51.52        50.34   0.077        0.076       
2458353.28864  2458353.29377  2018-08-22.7886454  coadd_bo071893 1.51 -1.82 18.064     >18.064  99.990          82.06        37.05   0.159        0.072       
2458354.28568  2458354.29080  2018-08-23.7856848  coadd_bo072310 1.51 -1.82 17.639     >17.639  99.990         -75.95        54.80   -0.148       0.106       
2458354.64519  2458354.65030  2018-08-24.1451949  coadd_bk121568 1.67 -1.73 18.293     >18.293  99.990          44.00        32.71   0.078        0.058       
2458355.28225  2458355.28737  2018-08-24.7822560  coadd_bo072726 2.02 -1.82 17.601     >17.601  99.990          94.76        56.75   0.184        0.110       
2458357.60588  2458357.61097  2018-08-27.1058859  coadd_bk122828 1.57 -1.73 17.421     >17.421  99.990         146.88        73.00   0.262        0.130       
2458359.43868  2458359.44374  2018-08-28.9386840  coadd_bo073194 1.55 -1.82 17.938     >17.938  99.990          40.64        41.63   0.079        0.081       
2458360.43823  2458360.44328  2018-08-29.9382350  coadd_bo073609 1.53 -1.82 18.074     >18.074  99.990          80.42        36.74   0.156        0.071       
2458360.86391  2458360.86895  2018-08-30.3639202  coadd_bs095568 1.44 -1.54 17.860     >17.860  99.990          99.08        57.84   0.149        0.087       
2458361.33583  2458361.34086  2018-08-30.8358342  coadd_bo073935 1.46 -1.82 17.417     >17.417  99.990         153.18        67.28   0.298        0.131       
2458362.32504  2458362.33005  2018-08-31.8250400  coadd_bo074329 1.63 -1.82 18.836     >18.836  99.990           0.71        18.21   0.001        0.035       
2458362.75808  2458362.76308  2018-09-01.2580862  coadd_bs096137 1.45 -1.54 19.071     >19.071  99.990          -3.73        18.97   -0.006       0.028       
2458363.73075  2458363.73573  2018-09-02.2307575  coadd_bk124942 1.43 -1.73 18.676     >18.676  99.990          25.54        22.98   0.046        0.041       
2458364.66462  2458364.66958  2018-09-03.1646166  coadd_bk125311 1.67 -1.73 19.406     >19.406  99.990         -20.17        11.73   -0.036       0.021       
2458365.33249  2458365.33744  2018-09-03.8324940  coadd_bo074816 1.45 -1.82 19.635     >19.635  99.990          -1.26         8.72   -0.002       0.017       
2458365.61608  2458365.62102  2018-09-04.1160802  coadd_bk125694 1.43 -1.73 19.099     >19.099  99.990           2.45        15.57   0.004        0.028       
2458366.33011  2458366.33503  2018-09-04.8301101  coadd_bo075160 1.40 -1.82 19.134     >19.134  99.990           3.75        13.84   0.007        0.027       
2458366.66123  2458366.66615  2018-09-05.1612369  coadd_bk126151 1.47 -1.73 19.516     >19.516  99.990         -18.67        10.60   -0.033       0.019       
2458367.73049  2458367.73537  2018-09-06.2304913  coadd_bk126615 1.47 -1.73 19.174     >19.174  99.990          13.69        14.53   0.024        0.026       
2458371.27031  2458371.27509  2018-09-09.7703115  coadd_bo075274 1.54 -1.82 19.363     >19.363  99.990          11.39        11.21   0.022        0.022       
2458372.45147  2458372.45621  2018-09-10.9514712  coadd_bo075781 2.01 -1.82 19.342     >19.342  99.990         -23.08        11.43   -0.045       0.022       
2458372.82641  2458372.83114  2018-09-11.3264225  coadd_bs097547 1.61 -1.54 19.469     >19.469  99.990           2.30        13.15   0.003        0.020       
2458374.60462  2458374.60929  2018-09-13.1046209  coadd_bk129361 1.45 -1.73 18.746     >18.746  99.990         -11.97        21.55   -0.021       0.038       
2458376.23044  2458376.23505  2018-09-14.7304437  coadd_bo076672 1.67 -1.82 17.399     >17.399  99.990        -105.04        68.35   -0.204       0.133       
2458378.48688  2458378.49140  2018-09-16.9868895  coadd_bk130865 1.47 -1.73 18.508     >18.508  99.990        -128.05        26.83   -0.228       0.048       
2458389.30300  2458389.30699  2018-09-27.8029998  coadd_bo078110 1.67 -1.82 18.542     >18.542  99.990          14.74        23.86   0.029        0.046       
2458390.71771  2458390.72162  2018-09-29.2177112  coadd_bs100903 2.08 -1.54 18.704     >18.704  99.990         -70.60        26.59   -0.106       0.040       
2458392.69585  2458392.69965  2018-10-01.1958623  coadd_bs101528 1.52 -1.54 19.592     >19.592  99.990          23.02        11.74   0.035        0.018       
2458394.66742  2458394.67110  2018-10-03.1674296  coadd_bk136461 1.44 -1.73 19.121     >19.121  99.990          15.10        15.25   0.027        0.027       
2458398.29383  2458398.29728  2018-10-06.7938281  coadd_bo080440 1.46 -1.82 19.254     >19.254  99.990           6.86        12.38   0.013        0.024       
2458401.35296  2458401.35620  2018-10-09.8529545  coadd_bo081475 1.44 -1.82 19.180     >19.180  99.990         -17.58        13.26   -0.034       0.026       
2458405.28553  2458405.28850  2018-10-13.7855351  coadd_bo082276 1.72 -1.82 18.261     >18.261  99.990          54.29        30.91   0.105        0.060       
2458406.26252  2458406.26542  2018-10-14.7625158  coadd_bo082328 2.33 -1.82 18.644     >18.644  99.990          37.53        21.73   0.073        0.042       
2458406.55889  2458406.56177  2018-10-15.0588968  coadd_bk139796 1.45 -1.73 18.877     >18.877  99.990           1.34        19.10   0.002        0.034       
2458409.35559  2458409.35827  2018-10-17.8555895  coadd_bo083146 1.53 -1.82 18.436     >18.436  99.990           2.90        26.30   0.006        0.051       
2458412.37910  2458412.38154  2018-10-20.8791040  coadd_bo083910 1.61 -1.82 17.506     >17.506  99.990         -39.00        61.94   -0.076       0.120       
2458413.25866  2458413.26103  2018-10-21.7586613  coadd_bo084148 1.59 -1.82 17.822     >17.822  99.990          56.83        46.29   0.110        0.090       
2458414.60434  2458414.60660  2018-10-23.1043425  coadd_bk142849 1.49 -1.73 17.772     >17.772  99.990         102.94        52.86   0.183        0.094       
2458415.34442  2458415.34663  2018-10-23.8444194  coadd_bo084868 1.56 -1.82 17.394     >17.394  99.990          51.30        68.68   0.100        0.133       
2458416.59039  2458416.59249  2018-10-25.0903879  coadd_bk143580 1.51 -1.73 17.643     >17.643  99.990        -171.11        59.54   -0.305       0.106       
2458417.33109  2458417.33314  2018-10-25.8310942  coadd_bo085578 1.69 -1.82 17.471     >17.471  99.990         -59.26        64.01   -0.115       0.124       
2458417.59074  2458417.59277  2018-10-26.0907473  coadd_bk143851 1.40 -1.73 18.038     >18.038  99.990          49.28        41.37   0.088        0.074       
2458418.28730  2458418.28927  2018-10-26.7873078  coadd_bo085908 2.27 -1.82 19.019     >19.019  99.990          -1.33        15.38   -0.003       0.030       
2458424.31378  2458424.31525  2018-11-01.8137819  coadd_bo087240 1.45 -1.82 19.502     >19.502  99.990          21.90         9.86   0.043        0.019       
2458425.30304  2458425.30443  2018-11-02.8030445  coadd_bo087588 2.12 -1.82 19.389     >19.389  99.990         -25.36        10.94   -0.049       0.021       
2458428.66466  2458428.66576  2018-11-06.1646615  coadd_bs109337 1.52 -1.54 19.432     >19.432  99.990           6.82        13.61   0.010        0.020       
2458434.54410  2458434.54469  2018-11-12.0441011  coadd_bG014612 1.51 -2.10 19.051     >19.051  99.990          12.46        11.56   0.031        0.029       
2458437.55088  2458437.55120  2018-11-15.0508753  coadd_bk149887 1.50 -1.73 18.624     >18.624  99.990         -46.62        24.12   -0.083       0.043       
2458438.27219  2458438.27245  2018-11-15.7721890  coadd_bo089088 2.44 -1.82 18.382     >18.382  99.990           7.95        27.64   0.015        0.054       
2458439.63489  2458439.63503  2018-11-17.1348935  coadd_bs112383 1.43 -1.54 17.472     >17.472  99.990         -44.11        82.72   -0.066       0.124       
2458440.26624  2458440.26632  2018-11-17.7662471  coadd_bo089679 2.45 -1.82 17.759     >17.759  99.990          23.09        49.07   0.045        0.095       
2458441.26395  2458441.26395  2018-11-18.7639523  coadd_bo089987 2.37 -1.82 17.497     >17.497  99.990          57.84        62.45   0.112        0.121       
2458441.51115  2458441.51112  2018-11-19.0111511  coadd_bG016813 1.51 -2.10 17.397     >17.397  99.990        -144.15        53.03   -0.362       0.133       
2458442.52216  2458442.52205  2018-11-20.0221756  coadd_bG017173 1.82 -2.10 17.763     >17.763  99.990         -52.75        37.88   -0.132       0.095       
2458443.63018  2458443.62996  2018-11-21.1301803  coadd_bs114146 1.45 -1.54 16.965     >16.965  99.990          26.65       131.95   0.040        0.198       
2458444.62642  2458444.62612  2018-11-22.1264267  coadd_bs114568 1.47 -1.54 17.953     >17.953  99.990          49.74        53.10   0.075        0.080       
2458450.54386  2458450.54304  2018-11-28.0438623  coadd_bs116123 2.43 -1.54 18.988     >18.988  99.990           9.43        20.48   0.014        0.031       
2458451.60493  2458451.60402  2018-11-29.1049358  coadd_bs116613 1.61 -1.54 19.477     >19.477  99.990         -39.89        13.04   -0.060       0.020       
2458454.59592  2458454.59474  2018-12-02.0959218  coadd_bs117629 1.49 -1.54 19.343     >19.343  99.990         -18.37        14.76   -0.028       0.022       
2458457.58861  2458457.58718  2018-12-05.0886078  coadd_bs119005 1.49 -1.54 18.773     >18.773  99.990         -32.66        24.95   -0.049       0.037       
2458463.56320  2458463.56128  2018-12-11.0632127  coadd_bs119577 1.76 -1.54 18.694     >18.694  99.990         -57.87        26.84   -0.087       0.040       
2458465.57283  2458465.57074  2018-12-13.0728401  coadd_bs119840 1.60 -1.54 18.764     >18.764  99.990         -48.71        25.17   -0.073       0.038       
2458475.53923  2458475.53638  2018-12-23.0392421  coadd_bs121572 1.51 -1.54 17.001     >17.001  99.990        -178.72       127.58   -0.268       0.192       
2458562.00392  2458561.99965  2019-03-19.5039305  coadd_bs143985 1.46 -1.54 17.622     >17.622  99.990         140.98        72.07   0.212        0.108       
2458575.65559  2458575.65205  2019-04-02.1555895  coadd_bo123382 1.56 -1.82 17.506      17.368  0.322          211.01        61.97   0.410        0.120       
2458576.90523  2458576.90177  2019-04-03.4052371  coadd_bk198306 1.46 -1.73 18.158     >18.158  99.990          44.50        37.06   0.079        0.066       
2458578.89983  2458578.89650  2019-04-05.3998372  coadd_bk199020 1.45 -1.73 18.382     >18.382  99.990          58.59        30.13   0.104        0.054       
2458579.89535  2458579.89208  2019-04-06.3953545  coadd_bG063592 1.43 -2.10 18.657     >18.657  99.990          30.81        16.62   0.077        0.042       
2458580.90253  2458580.89933  2019-04-07.4025311  coadd_bG064000 1.48 -2.10 18.614     >18.614  99.990         -13.26        17.29   -0.033       0.043       
2458582.90031  2458582.89724  2019-04-09.4003130  coadd_bk200705 1.47 -1.73 19.125     >19.125  99.990          -9.21        15.20   -0.016       0.027       
2458583.95877  2458583.95578  2019-04-10.4587707  coadd_bs150595 1.48 -1.54 18.806     >18.806  99.990         -13.79        24.21   -0.021       0.036       
2458585.63974  2458585.63687  2019-04-12.1397403  coadd_bo126610 1.37 -1.82 18.650     >18.650  99.990         -87.81        21.60   -0.171       0.042       
2458586.66322  2458586.66042  2019-04-13.1632285  coadd_bo127047 1.49 -1.82 17.192     >17.192  99.990          40.14        82.73   0.078        0.161       
2458590.63056  2458590.62806  2019-04-17.1305699  coadd_bo127472 1.59 -1.82 18.168     >18.168  99.990         -63.66        33.69   -0.124       0.065       
2458591.63480  2458591.63237  2019-04-18.1348021  coadd_bo127847 1.56 -1.82 17.824     >17.824  99.990        -223.23        46.24   -0.434       0.090       
2458593.91252  2458593.91026  2019-04-20.4125222  coadd_bs153368 1.47 -1.54 17.660     >17.660  99.990          -1.01        69.53   -0.002       0.104       
2458595.87633  2458595.87423  2019-04-22.3763346  coadd_bk206179 1.46 -1.73 17.905     >17.905  99.990         -67.68        46.75   -0.121       0.083       
2458598.95428  2458598.95242  2019-04-25.4542855  coadd_bs153684 1.41 -1.54 18.496     >18.496  99.990          -2.55        32.20   -0.004       0.048       
2458599.86330  2458599.86151  2019-04-26.3633111  coadd_bk207401 1.46 -1.73 18.262     >18.262  99.990          59.04        33.67   0.105        0.060       
2458600.85670  2458600.85500  2019-04-27.3567081  coadd_bk207837 1.44 -1.73 18.362     >18.362  99.990          23.25        30.69   0.041        0.055       
2458601.85681  2458601.85518  2019-04-28.3568195  coadd_bk208280 1.49 -1.73 18.574     >18.574  99.990           1.56        25.26   0.003        0.045       
2458604.59761  2458604.59621  2019-05-01.0976155  coadd_bo131360 1.53 -1.82 18.277     >18.277  99.990          -1.69        30.47   -0.003       0.059       
2458604.83771  2458604.83633  2019-05-01.3377118  coadd_bk209596 1.49 -1.73 18.741     >18.741  99.990          22.34        21.66   0.040        0.039       
2458607.88335  2458607.88223  2019-05-04.3833587  coadd_bs156522 1.43 -1.54 19.163     >19.163  99.990         -37.53        17.42   -0.056       0.026       
2458608.93103  2458608.92999  2019-05-05.4310292  coadd_bs156915 1.52 -1.54 19.112     >19.112  99.990         -10.24        18.27   -0.015       0.027       
2458612.82378  2458612.82308  2019-05-09.3237846  coadd_bk212710 1.43 -1.73 18.989     >18.989  99.990          -7.26        17.23   -0.013       0.031       
2458617.63999  2458617.63970  2019-05-14.1399895  coadd_bo134688 1.48 -1.82 18.552     >18.552  99.990           6.24        23.64   0.012        0.046       
2458618.80408  2458618.80389  2019-05-15.3040784  coadd_bk215376 1.46 -1.73 17.999     >17.999  99.990        -183.02        42.91   -0.326       0.076       
2458618.93681  2458618.93663  2019-05-15.4368178  coadd_bs159181 1.50 -1.54 19.438     >19.438  99.990           1.48        13.53   0.002        0.020       
2458619.85909  2458619.85899  2019-05-16.3590943  coadd_bs161168 1.49 -1.54 17.974     >17.974  99.990          90.35        52.11   0.136        0.078       
2458620.58500  2458620.58496  2019-05-17.0850015  coadd_bo135892 1.52 -1.82 17.839      17.820  0.359          139.17        45.58   0.270        0.089       
2458621.56226  2458621.56231  2019-05-18.0622628  coadd_bo136302 1.90 -1.82 17.092     >17.092  99.990         -75.23        90.71   -0.146       0.176       
2458622.56980  2458622.56993  2019-05-19.0698026  coadd_bo136744 1.50 -1.82 17.411     >17.411  99.990         159.00        67.61   0.309        0.131       
2458624.80318  2458624.80351  2019-05-21.3031793  coadd_bG077982 1.46 -2.10 17.856     >17.856  99.990          32.55        34.76   0.082        0.087       
2458625.79652  2458625.79693  2019-05-22.2965231  coadd_bG078413 1.46 -2.10 17.903     >17.903  99.990          84.12        33.29   0.211        0.084       
2458626.78833  2458626.78883  2019-05-23.2883339  coadd_bG078844 1.50 -2.10 18.196     >18.196  99.990         -22.39        25.41   -0.056       0.064       
2458636.75916  2458636.76050  2019-06-02.2591569  coadd_bG080948 1.59 -2.10 18.971     >18.971  99.990         -34.23        12.45   -0.086       0.031       
2458640.75883  2458640.76051  2019-06-06.2588388  coadd_bG082716 1.47 -2.10 18.555      18.491  0.344           58.06        18.25   0.146        0.046       
2458642.74430  2458642.74614  2019-06-08.2443034  coadd_bG083589 1.47 -2.10 18.827     >18.827  99.990         -22.55        14.21   -0.057       0.036       
2458643.74446  2458643.74637  2019-06-09.2444619  coadd_bk223885 1.44 -1.73 19.133     >19.133  99.990         -30.98        15.09   -0.055       0.027       
2458646.72701  2458646.72917  2019-06-12.227025  coadd_bk225253 1.59 -1.73 18.085     >18.085  99.990         105.59        39.62   0.188        0.071       
2458647.51979  2458647.52200  2019-06-13.0197969  coadd_bo142588 1.48 -1.82 18.267     >18.267  99.990        -117.27        30.73   -0.228       0.060       
2458648.72889  2458648.73120  2019-06-14.2288966  coadd_bG086229 1.42 -2.10 17.830     >17.830  99.990         -10.56        35.61   -0.027       0.089       
2458651.72134  2458651.72387  2019-06-17.2213364  coadd_bG087190 1.65 -2.10 17.345     >17.345  99.990           8.08        55.66   0.020        0.140       
2458655.79588  2458655.79872  2019-06-21.2958797  coadd_bs167154 1.55 -1.54 17.841     >17.841  99.990           1.02        58.88   0.002        0.088       
2458656.89970  2458656.90262  2019-06-22.3997077  coadd_bk229500 1.38 -1.73 17.604     >17.604  99.990          -7.10        61.72   -0.013       0.110       
2458657.87844  2458657.88143  2019-06-23.3784475  coadd_bG089830 1.45 -2.10 18.384     >18.384  99.990         -10.23        21.37   -0.026       0.054       
2458662.85223  2458662.85556  2019-06-28.3522435  coadd_bG090942 1.58 -2.10 19.021     >19.021  99.990          -8.36        11.89   -0.021       0.030       
2458667.69802  2458667.70165  2019-07-03.1980210  coadd_bG091349 1.43 -2.10 18.999     >18.999  99.990           4.60        12.13   0.012        0.030       
2458675.40308  2458675.40715  2019-07-10.9030803  coadd_bo149073 1.50 -1.82 18.174     >18.174  99.990         -97.15        33.50   -0.189       0.065       
2458676.43146  2458676.43558  2019-07-11.9314567  coadd_bo149249 1.42 -1.82 18.068     >18.068  99.990        -176.24        36.93   -0.342       0.072       
2458676.69301  2458676.69715  2019-07-12.1930177  coadd_bG094722 1.48 -2.10 18.270      18.068  0.303           85.74        23.73   0.215        0.060       
2458678.48281  2458678.48704  2019-07-13.9828111  coadd_bo150142 1.46 -1.82 17.821     >17.821  99.990          65.28        46.36   0.127        0.090       
2458681.78967  2458681.79405  2019-07-17.2896768  coadd_bk237174 1.60 -1.73 17.724     >17.724  99.990          -1.89        55.27   -0.003       0.099       
2458682.65040  2458682.65482  2019-07-18.1504128  coadd_bk237484 1.59 -1.73 17.634     >17.634  99.990         -59.42        60.02   -0.106       0.107       
2458683.76832  2458683.77279  2019-07-19.2683196  coadd_bG097536 1.47 -2.10 17.999     >17.999  99.990           9.03        30.46   0.023        0.076       
2458688.84995  2458688.85462  2019-07-24.3499552  coadd_bs173906 1.50 -1.54 18.775     >18.775  99.990         -44.39        24.91   -0.067       0.037       
2458691.70514  2458691.70991  2019-07-27.2051447  coadd_bs174781 1.56 -1.54 19.260     >19.260  99.990          22.64        15.94   0.034        0.024       
2458692.77129  2458692.77609  2019-07-28.2712952  coadd_bk240943 1.48 -1.73 19.302     >19.302  99.990          11.47        12.91   0.020        0.023       
2458695.72210  2458695.72698  2019-07-31.2221059  coadd_bs175812 2.16 -1.54 19.190      18.724  0.237           78.31        17.00   0.118        0.026       
2458697.33124  2458697.33617  2019-08-01.8312494  coadd_bo153848 1.46 -1.82 19.112     >19.112  99.990           0.59        14.12   0.001        0.027       
2458697.79497  2458697.79991  2019-08-02.2949809  coadd_bk242984 1.50 -1.73 19.302     >19.302  99.990          17.82        12.92   0.032        0.023       
2458700.34975  2458700.35475  2019-08-04.8497571  coadd_bo155105 1.52 -1.82 18.774     >18.774  99.990          -9.42        19.26   -0.018       0.037       
2458700.59792  2458700.60292  2019-08-05.0979149  coadd_bk244152 1.45 -1.73 19.131     >19.131  99.990          33.24        15.13   0.059        0.027       
2458700.83331  2458700.83832  2019-08-05.3333216  coadd_bs177000 1.45 -1.54 18.880     >18.880  99.990           3.90        22.61   0.006        0.034       
2458701.93581  2458701.94084  2019-08-06.4358236  coadd_bs177431 1.97 -1.54 19.170      18.715  0.240           78.99        17.32   0.119        0.026       
2458702.68315  2458702.68818  2019-08-07.1831468  coadd_bk245093 1.38 -1.73 19.177     >19.177  99.990           0.46        14.49   0.001        0.026       
2458703.59845  2458703.60350  2019-08-08.0984527  coadd_bk245457 1.51 -1.73 18.298     >18.298  99.990          -9.98        32.57   -0.018       0.058       
2458705.39476  2458705.39984  2019-08-09.8947583  coadd_bo155971 1.50 -1.82 18.386     >18.386  99.990          39.82        27.55   0.077        0.054       
2458706.90139  2458706.90648  2019-08-11.4013976  coadd_bs178600 1.45 -1.54 19.413     >19.413  99.990          11.54        13.84   0.017        0.021       
2458708.57520  2458708.58031  2019-08-13.0751973  coadd_bk247533 1.55 -1.73 17.761     >17.761  99.990          82.43        53.39   0.147        0.095       
2458709.34901  2458709.35413  2019-08-13.8490091  coadd_bo156824 1.48 -1.82 17.787     >17.787  99.990         -12.03        47.83   -0.023       0.093       
2458711.80165  2458711.80678  2019-08-16.3016489  coadd_bs179750 1.64 -1.54 17.162     >17.162  99.990        -159.84       110.06   -0.240       0.165       
2458712.69369  2458712.69882  2019-08-17.1936892  coadd_bk249185 1.46 -1.73 17.119      16.854  0.286          369.55        96.41   0.659        0.172       
2458713.47998  2458713.48512  2019-08-17.9799782  coadd_bo158378 1.55 -1.82 16.607     >16.607  99.990         328.65       141.75   0.638        0.275       
2458715.66755  2458715.67269  2019-08-20.1675574  coadd_bG109412 1.45 -2.10 18.543     >18.543  99.990           0.90        18.46   0.002        0.046       
2458716.52406  2458716.52920  2019-08-21.0240594  coadd_bo159421 1.61 -1.82 18.464     >18.464  99.990          33.19        25.64   0.064        0.050       
2458717.52943  2458717.53456  2019-08-22.0294337  coadd_bo159843 1.55 -1.82 17.371     >17.371  99.990         -69.90        70.19   -0.136       0.136       
2458718.51650  2458718.52163  2019-08-23.0165064  coadd_bo160123 1.44 -1.82 18.434     >18.434  99.990         -91.39        26.35   -0.178       0.051       
2458719.80762  2458719.81274  2019-08-24.3076197  coadd_bG111192 1.44 -2.10 18.487     >18.487  99.990          51.73        19.44   0.130        0.049       
2458721.77654  2458721.78164  2019-08-26.2765451  coadd_bs182039 1.45 -1.54 19.328     >19.328  99.990          -4.80        14.97   -0.007       0.022       
2458725.76205  2458725.76709  2019-08-30.2620572  coadd_bs183331 1.48 -1.54 19.418     >19.418  99.990         -15.84        13.78   -0.024       0.021       
2458726.78113  2458726.78616  2019-08-31.2811383  coadd_bk255199 1.45 -1.73 18.672     >18.672  99.990         -59.88        23.06   -0.107       0.041       
2458727.62981  2458727.63482  2019-09-01.1298123  coadd_bk255500 1.50 -1.73 19.255     >19.255  99.990          10.11        13.49   0.018        0.024       
2458727.79054  2458727.79555  2019-09-01.2905478  coadd_bs184105 1.46 -1.54 19.230      18.732  0.230           77.79        16.38   0.117        0.025       
2458728.50358  2458728.50857  2019-09-02.0035766  coadd_bk255841 1.44 -1.73 19.114     >19.114  99.990         -16.53        15.36   -0.029       0.027       
2458729.57962  2458729.58459  2019-09-03.0796178  coadd_bG114839 1.42 -2.10 19.017     >19.017  99.990          -6.31        11.93   -0.016       0.030       
2458730.38528  2458730.39024  2019-09-03.8852894  coadd_bo163543 1.45 -1.82 19.163     >19.163  99.990           4.18        13.46   0.008        0.026       
2458730.55380  2458730.55875  2019-09-04.0538028  coadd_bk256707 1.50 -1.73 19.029     >19.029  99.990          -1.34        16.60   -0.002       0.030       
2458731.49735  2458731.50227  2019-09-04.9973571  coadd_bk257101 1.55 -1.73 18.495     >18.495  99.990         -54.44        27.16   -0.097       0.048       
2458732.31693  2458732.32183  2019-09-05.8169403  coadd_bo163951 1.58 -1.82 18.237     >18.237  99.990         -59.15        31.59   -0.115       0.061       
2458734.36043  2458734.36528  2019-09-07.8604266  coadd_bo164532 1.49 -1.82 18.033     >18.033  99.990           2.77        38.15   0.005        0.074       
2458734.48723  2458734.49208  2019-09-07.9872332  coadd_bk257825 1.46 -1.73 18.303     >18.303  99.990          16.92        32.41   0.030        0.058       
2458736.61506  2458736.61984  2019-09-10.1150590  coadd_bk258243 1.50 -1.73 16.735     >16.735  99.990         120.93       137.37   0.216        0.245       
2458738.47730  2458738.48202  2019-09-11.9773090  coadd_bk258476 1.72 -1.73 17.097     >17.097  99.990        -203.97        98.39   -0.364       0.175       
2458739.47892  2458739.48360  2019-09-12.9789217  coadd_bk258907 1.98 -1.73 17.008     >17.008  99.990         211.34       106.84   0.377        0.190       
2458740.62543  2458740.63007  2019-09-14.1254261  coadd_bG117742 1.58 -2.10 17.487     >17.487  99.990          30.26        48.84   0.076        0.123       
2458741.67801  2458741.68261  2019-09-15.1780179  coadd_bk259869 1.51 -1.73 17.636     >17.636  99.990          48.19        59.91   0.086        0.107       
2458742.43913  2458742.44370  2019-09-15.9391402  coadd_bo166160 1.63 -1.82 16.939     >16.939  99.990        -244.41       104.43   -0.475       0.203       
2458743.40882  2458743.41336  2019-09-16.9088224  coadd_bo166544 1.57 -1.82 17.544     >17.544  99.990        -687.62        59.80   -1.336       0.116       
2458744.33423  2458744.33872  2019-09-17.8342354  coadd_bo166896 1.44 -1.82 18.576     >18.576  99.990         -35.36        23.13   -0.069       0.045       
2458744.69474  2458744.69921  2019-09-18.1947462  coadd_bk261040 1.45 -1.73 18.103     >18.103  99.990        -103.84        38.98   -0.185       0.069       
2458747.59732  2458747.60167  2019-09-21.0973202  coadd_bk262173 1.44 -1.73 19.209     >19.209  99.990           3.31        14.07   0.006        0.025       
2458748.54799  2458748.55230  2019-09-22.0479991  coadd_bk262539 1.53 -1.73 19.271     >19.271  99.990          11.36        13.28   0.020        0.024       
2458749.23534  2458749.23961  2019-09-22.7353430  coadd_bo168060 1.76 -1.82 19.121     >19.121  99.990          28.82        14.00   0.056        0.027       
2458750.40870  2458750.41291  2019-09-23.9087104  coadd_bo168345 1.46 -1.82 19.016     >19.016  99.990         -20.63        15.42   -0.040       0.030       
2458750.56833  2458750.57253  2019-09-24.0683353  coadd_bG121466 1.49 -2.10 19.108     >19.108  99.990         -21.27        10.97   -0.053       0.028       
2458751.68254  2458751.68669  2019-09-25.1825454  coadd_bk263810 1.64 -1.73 19.011     >19.011  99.990          29.58        16.89   0.053        0.030       
2458752.72990  2458752.73399  2019-09-26.2299129  coadd_bs187239 1.42 -1.54 18.809     >18.809  99.990          -8.14        24.13   -0.012       0.036       
2458753.67951  2458753.68355  2019-09-27.1795144  coadd_bk264608 1.48 -1.73 19.011     >19.011  99.990         -33.09        16.89   -0.059       0.030       
2458754.67249  2458754.67648  2019-09-28.1724927  coadd_bG123076 1.46 -2.10 19.137     >19.137  99.990          15.91        10.68   0.040        0.027       
2458755.62897  2458755.63290  2019-09-29.1289708  coadd_bG123424 1.45 -2.10 19.001     >19.001  99.990          21.56        12.10   0.054        0.030       
2458756.51787  2458756.52176  2019-09-30.0178758  coadd_bk265663 1.46 -1.73 19.111     >19.111  99.990          29.92        15.40   0.053        0.027       
2458761.72582  2458761.72939  2019-10-05.2258296  coadd_bs189686 1.46 -1.54 19.194     >19.194  99.990           0.14        16.94   0.000        0.025       
2458762.68367  2458762.68718  2019-10-06.1836721  coadd_bs189956 1.43 -1.54 18.751     >18.751  99.990          23.80        25.48   0.036        0.038       
2458763.66436  2458763.66780  2019-10-07.1643587  coadd_bG125805 1.50 -2.10 18.160     >18.160  99.990          -1.05        26.27   -0.003       0.066       
2458764.65088  2458764.65426  2019-10-08.1508818  coadd_bG126152 1.43 -2.10 18.134      17.979  0.317           93.05        26.91   0.233        0.068       
2458772.78029  2458772.78310  2019-10-16.2803045  coadd_bs193161 1.45 -1.54 17.383     >17.383  99.990        -177.14        89.77   -0.266       0.135       
2458773.74173  2458773.74447  2019-10-17.2417302  coadd_bs193533 1.68 -1.54 18.253     >18.253  99.990          16.31        40.29   0.024        0.060       
2458775.28618  2458775.28880  2019-10-18.7861846  coadd_bo175310 1.46 -1.82 19.289     >19.289  99.990         -11.02        11.99   -0.021       0.023       
2458775.73487  2458775.73746  2019-10-19.2348810  coadd_bs194093 1.48 -1.54 18.027     >18.027  99.990          85.56        49.63   0.128        0.075       
2458776.30208  2458776.30462  2019-10-19.8020802  coadd_bo175672 1.43 -1.82 19.443     >19.443  99.990           9.91        10.40   0.019        0.020       
2458779.69043  2458779.69271  2019-10-23.1904327  coadd_bs195337 1.67 -1.54 18.596     >18.596  99.990          25.96        29.39   0.039        0.044       
2458781.61434  2458781.61647  2019-10-25.1143442  coadd_bk273755 1.42 -1.73 18.978     >18.978  99.990          15.33        17.41   0.027        0.031       
2458782.61047  2458782.61252  2019-10-26.1104737  coadd_bk274125 1.45 -1.73 18.910     >18.910  99.990           2.19        18.53   0.004        0.033       
2458783.70214  2458783.70410  2019-10-27.2021392  coadd_bs196687 1.57 -1.54 19.447     >19.447  99.990         -17.43        13.42   -0.026       0.020       
2458784.71263  2458784.71451  2019-10-28.2126313  coadd_bs197136 1.54 -1.54 19.447     >19.447  99.990         -24.53        13.41   -0.037       0.020       
2458786.27894  2458786.28069  2019-10-29.7789454  coadd_bo176972 1.47 -1.82 19.300     >19.300  99.990           7.26        11.87   0.014        0.023       
2458791.54990  2458791.55120  2019-11-04.0498959  coadd_bG134124 1.49 -2.10 18.417     >18.417  99.990          16.43        20.73   0.041        0.052       
2458792.58658  2458792.58779  2019-11-05.0865826  coadd_bk277170 1.44 -1.73 18.076     >18.076  99.990          26.21        39.94   0.047        0.071       
2458795.55763  2458795.55859  2019-11-08.0576350  coadd_bG135488 1.48 -2.10 17.779     >17.779  99.990          -4.37        37.30   -0.011       0.094       
2458797.25267  2458797.25348  2019-11-09.7526795  coadd_bo179630 2.20 -1.82 17.494     >17.494  99.990          -9.46        62.62   -0.018       0.122       
2458801.28207  2458801.28252  2019-11-13.7820702  coadd_bo180370 1.54 -1.82 17.972     >17.972  99.990        -105.53        40.34   -0.205       0.078       
2458802.66338  2458802.66372  2019-11-15.1633791  coadd_bs203022 1.55 -1.54 18.261     >18.261  99.990          37.63        39.99   0.056        0.060       
2458804.65804  2458804.65820  2019-11-17.1580491  coadd_bs203908 1.45 -1.54 19.156     >19.156  99.990           2.48        17.53   0.004        0.026       
2458805.65095  2458805.65102  2019-11-18.1509460  coadd_bs204350 1.49 -1.54 19.624     >19.624  99.990          11.92        11.39   0.018        0.017       
2458806.56229  2458806.56228  2019-11-19.0622885  coadd_bk281996 1.46 -1.73 18.844     >18.844  99.990           4.80        19.69   0.009        0.035       
2458807.56206  2458807.56197  2019-11-20.0620840  coadd_bG139470 1.38 -2.10 18.835     >18.835  99.990           8.87        14.11   0.022        0.035       
2458808.56600  2458808.56582  2019-11-21.0660011  coadd_bG139801 1.65 -2.10 18.918     >18.918  99.990          -8.67        13.07   -0.022       0.033       
2458808.61358  2458808.61339  2019-11-21.1135899  coadd_bs205273 1.45 -1.54 18.191     >18.191  99.990          62.38        42.65   0.094        0.064       
2458809.31725  2458809.31700  2019-11-21.8172490  coadd_bo182052 1.42 -1.82 19.155     >19.155  99.990          -7.89        13.57   -0.015       0.026       
2458810.64243  2458810.64206  2019-11-23.1424368  coadd_bs205930 1.45 -1.54 19.459     >19.459  99.990         -30.35        13.26   -0.046       0.020       
2458818.61110  2458818.61004  2019-12-01.1111050  coadd_bs208106 1.67 -1.54 19.045     >19.045  99.990          53.29        19.43   0.080        0.029       
2458819.61022  2458819.60907  2019-12-02.1102224  coadd_bs208559 1.46 -1.54 19.307     >19.307  99.990         -32.81        15.26   -0.049       0.023       
2458820.54010  2458820.53887  2019-12-03.0401082  coadd_bs208960 2.05 -1.54 18.992     >18.992  99.990         -11.97        20.41   -0.018       0.031       
2458821.60747  2458821.60615  2019-12-04.1074851  coadd_bs209470 1.45 -1.54 18.927     >18.927  99.990          54.12        21.65   0.081        0.033       
2458824.60318  2458824.60160  2019-12-07.1031854  coadd_bs210638 1.50 -1.54 18.771     >18.771  99.990         -41.79        25.00   -0.063       0.038       
2458825.57367  2458825.57201  2019-12-08.0736766  coadd_bs211072 1.41 -1.54 18.032     >18.032  99.990        -164.64        49.40   -0.247       0.074       
2458830.55612  2458830.55406  2019-12-13.0561341  coadd_bs212194 1.62 -1.54 18.493     >18.493  99.990          33.95        32.29   0.051        0.048       
2458831.59437  2458831.59222  2019-12-14.0943699  coadd_bs212682 1.46 -1.54 18.243     >18.243  99.990          88.87        40.66   0.133        0.061       
2458833.59116  2458833.58885  2019-12-16.0911614  coadd_bs213599 1.54 -1.54 19.497     >19.497  99.990          -2.84        12.81   -0.004       0.019       
2458835.54984  2458835.54738  2019-12-18.0498516  coadd_bs214248 1.45 -1.54 19.696     >19.696  99.990         -15.46        10.66   -0.023       0.016       
2458838.54344  2458838.54075  2019-12-21.0434474  coadd_bs215551 1.73 -1.54 19.267     >19.267  99.990          12.25        15.84   0.018        0.024       
2458839.54008  2458839.53733  2019-12-22.0400942  coadd_bs216005 2.45 -1.54 18.618     >18.618  99.990         -65.00        28.79   -0.098       0.043       
2458968.89466  2458968.89318  2020-04-29.3946644  coadd_bs245117 1.52 -1.54 19.077     >19.077  99.990         -31.10        18.86   -0.047       0.028       
2458980.57047  2458980.56998  2020-05-11.0704752  coadd_bo211901 1.63 -1.82 17.568     >17.568  99.990        -141.61        58.49   -0.275       0.114       
2458983.86109  2458983.86089  2020-05-14.3610936  coadd_bs248149 1.70 -1.54 18.374     >18.374  99.990         -26.61        36.05   -0.040       0.054       
2458984.87786  2458984.87774  2020-05-15.3778629  coadd_bs248316 1.46 -1.54 18.605      18.267  0.267          119.31        29.14   0.179        0.044       
2458986.56290  2458986.56293  2020-05-17.0629054  coadd_bo213747 1.47 -1.82 18.762     >18.762  99.990          22.37        19.49   0.043        0.038       
2458992.54146  2458992.54200  2020-05-23.0414564  coadd_bo215595 1.47 -1.82 19.007     >19.007  99.990         -13.63        15.55   -0.026       0.030       
2458999.95380  2458999.95497  2020-05-30.4538052  coadd_bs252124 1.60 -1.54 18.033     >18.033  99.990         -14.03        49.32   -0.021       0.074       
2459001.51369  2459001.51500  2020-06-01.0136916  coadd_bo217483 1.63 -1.82 18.786     >18.786  99.990         -24.35        19.05   -0.047       0.037       
2459003.50707  2459003.50854  2020-06-03.0070651  coadd_bo218141 1.54 -1.82 16.485     >16.485  99.990         179.69       158.63   0.349        0.308       
2459008.52671  2459008.52858  2020-06-08.0267037  coadd_bo220218 1.47 -1.82 17.195     >17.195  99.990        -139.75        82.50   -0.271       0.160       
2459011.85189  2459011.85404  2020-06-11.3518971  coadd_bs255317 1.44 -1.54 18.020     >18.020  99.990        -176.90        49.92   -0.266       0.075       
2459015.53330  2459015.53573  2020-06-15.0332998  coadd_bo221477 1.50 -1.82 18.930     >18.930  99.990          23.02        16.70   0.045        0.032       
2459020.47594  2459020.47874  2020-06-19.9759464  coadd_bo223386 1.54 -1.82 19.134     >19.134  99.990         -20.18        13.84   -0.039       0.027       
2459025.73670  2459025.73987  2020-06-25.2367018  coadd_bs258429 1.67 -1.54 18.340      18.311  0.355          114.63        37.17   0.172        0.056       
2459038.88045  2459038.88443  2020-07-08.3804571  coadd_bs260772 1.45 -1.54 17.935     >17.935  99.990          65.14        54.01   0.098        0.081       
2459047.40079  2459047.40519  2020-07-16.9007922  coadd_bo228928 1.44 -1.82 19.098     >19.098  99.990         -53.52        14.30   -0.104       0.028       
2459052.41989  2459052.42450  2020-07-21.9198959  coadd_bo230927 1.44 -1.82 19.370     >19.370  99.990          -6.29        11.13   -0.012       0.022       
2459054.40522  2459054.40990  2020-07-23.9052180  coadd_bo231757 1.48 -1.82 18.952     >18.952  99.990          11.34        16.36   0.022        0.032       
2459059.84687  2459059.85173  2020-07-29.3468733  coadd_bs265242 1.61 -1.54 19.447     >19.447  99.990          10.65        13.42   0.016        0.020       
2459063.90444  2459063.90940  2020-08-02.4044489  coadd_bs266582 1.45 -1.54 17.508     >17.508  99.990          91.70        80.00   0.138        0.120       
2459066.89675  2459066.90178  2020-08-05.3967540  coadd_bs267394 1.64 -1.54 17.390     >17.390  99.990         266.05        89.22   0.399        0.134       
2459067.81279  2459067.81783  2020-08-06.3127929  coadd_bs267599 1.48 -1.54 17.879      17.008  0.164          380.38        56.86   0.571        0.085       
2459070.71978  2459070.72486  2020-08-09.2197762  coadd_bs268534 1.54 -1.54 18.887      18.839  0.349           70.47        22.46   0.106        0.034       
2459071.91623  2459071.92133  2020-08-10.4162288  coadd_bs268824 1.45 -1.54 18.447     >18.447  99.990        -132.48        33.70   -0.199       0.051       
2459074.85233  2459074.85745  2020-08-13.3523291  coadd_bs269800 1.48 -1.54 19.483     >19.483  99.990           3.52        12.98   0.005        0.019       
2459075.91843  2459075.92355  2020-08-14.4184262  coadd_bs270203 1.48 -1.54 19.177     >19.177  99.990         -24.78        17.21   -0.037       0.026       
2459087.81870  2459087.82379  2020-08-26.3187008  coadd_bs273461 1.47 -1.54 19.394     >19.394  99.990          11.06        14.08   0.017        0.021       
2459088.80461  2459088.80969  2020-08-27.3046103  coadd_bs273804 1.45 -1.54 19.512     >19.512  99.990         -46.61        12.64   -0.070       0.019       
2459090.69319  2459090.69824  2020-08-29.1931858  coadd_bs274465 1.46 -1.54 18.061     >18.061  99.990          12.27        48.08   0.018        0.072       
2459091.81365  2459091.81869  2020-08-30.3136574  coadd_bs274917 1.40 -1.54 17.485     >17.485  99.990         243.54        81.73   0.366        0.123       
2459095.25609  2459095.26105  2020-09-02.7560927  coadd_bo240489 1.62 -1.82 16.852     >16.852  99.990           7.00       113.12   0.014        0.220       
2459096.24193  2459096.24687  2020-09-03.7419368  coadd_bo240576 1.51 -1.82 17.622     >17.622  99.990         -44.00        55.68   -0.085       0.108       
2459111.42150  2459111.42591  2020-09-18.9214959  coadd_bo244239 1.47 -1.82 18.576     >18.576  99.990           0.25        23.12   0.000        0.045       
2459127.71563  2459127.71916  2020-10-05.2156383  coadd_bs278662 1.44 -1.54 18.241     >18.241  99.990          68.73        40.73   0.103        0.061       
2459131.67906  2459131.68231  2020-10-09.1790542  coadd_bs280140 1.47 -1.54 19.349     >19.349  99.990          -6.73        14.68   -0.010       0.022       
2459142.70095  2459142.70341  2020-10-20.2009641  coadd_bs283805 1.45 -1.54 19.311     >19.311  99.990          -7.46        15.21   -0.011       0.023       
2459143.74050  2459143.74288  2020-10-21.2405009  coadd_bs284250 1.48 -1.54 19.123     >19.123  99.990         -27.17        18.08   -0.041       0.027       
2459145.57506  2459145.57729  2020-10-23.0750693  coadd_bk319978 1.45 -1.73 18.562     >18.562  99.990         -20.06        25.54   -0.036       0.046       
2459145.69354  2459145.69576  2020-10-23.1935480  coadd_bs285047 1.48 -1.54 18.757     >18.757  99.990         -52.20        25.32   -0.078       0.038       
2459147.68546  2459147.68753  2020-10-25.1854648  coadd_bs285696 1.49 -1.54 16.795     >16.795  99.990        -149.39       154.37   -0.224       0.232       
2459155.32853  2459155.32996  2020-11-01.8285282  coadd_bo254165 1.66 -1.82 17.255      16.993  0.287          298.08        78.06   0.579        0.152       
2459156.31151  2459156.31285  2020-11-02.8115069  coadd_bo254468 1.47 -1.82 17.970     >17.970  99.990          83.69        40.39   0.163        0.078       
2459157.31072  2459157.31198  2020-11-03.8107194  coadd_bo255173 1.46 -1.82 17.488     >17.488  99.990         -49.74        63.00   -0.097       0.122       
2459164.53455  2459164.53519  2020-11-11.0345604  coadd_bk324378 1.41 -1.73 19.242     >19.242  99.990          -6.45        13.66   -0.011       0.024       
2459164.64805  2459164.64868  2020-11-11.1480570  coadd_bs290258 1.45 -1.54 19.446     >19.446  99.990         -14.71        13.43   -0.022       0.020       
2459166.62591  2459166.62635  2020-11-13.1259130  coadd_bs291074 1.50 -1.54 18.674     >18.674  99.990         -77.63        27.34   -0.117       0.041       
2459173.52689  2459173.52673  2020-11-20.0268930  coadd_bG179806 2.09 -2.10 18.367     >18.367  99.990         -67.26        21.71   -0.169       0.054       
2459175.60100  2459175.60066  2020-11-22.1010078  coadd_bs294895 1.43 -1.54 18.660     >18.660  99.990         -39.48        27.70   -0.059       0.042       
2459177.61206  2459177.61154  2020-11-24.1120741  coadd_bs295378 1.43 -1.54 18.123     >18.123  99.990         -10.69        45.43   -0.016       0.068       
2459179.61178  2459179.61109  2020-11-26.1117841  coadd_bs296145 1.47 -1.54 18.380     >18.380  99.990        -137.68        35.85   -0.207       0.054       
2459181.59648  2459181.59561  2020-11-28.0964877  coadd_bs296836 1.49 -1.54 18.238     >18.238  99.990         108.85        40.84   0.163        0.061       
2459191.58588  2459191.58416  2020-12-08.0858870  coadd_bs299952 1.48 -1.54 19.407     >19.407  99.990          -8.43        13.92   -0.013       0.021       
2459193.56348  2459193.56160  2020-12-10.0634829  coadd_bs300782 1.45 -1.54 19.504     >19.504  99.990          -1.60        12.73   -0.002       0.019       
2459196.56026  2459196.55813  2020-12-13.0602550  coadd_bs301728 1.55 -1.54 19.324     >19.324  99.990          -3.38        15.02   -0.005       0.023       
2459199.54980  2459199.54744  2020-12-16.0498027  coadd_bs303003 1.79 -1.54 19.386     >19.386  99.990         -12.33        14.19   -0.019       0.021       
2459201.55047  2459201.54795  2020-12-18.0504743  coadd_bs303868 1.68 -1.54 18.987     >18.987  99.990         -17.93        20.49   -0.027       0.031       
2459206.54072  2459206.53783  2020-12-23.0407152  coadd_bs306028 1.60 -1.54 18.110     >18.110  99.990          61.93        45.95   0.093        0.069       
2459304.91586  2459304.91225  2021-03-31.4158679  coadd_bG220089 1.37 -2.10 16.306     >16.306  99.990         425.65       144.94   1.068        0.364       
2459310.90617  2459310.90294  2021-04-06.4061743  coadd_bk372342 1.46 -1.73 18.375     >18.375  99.990          12.57        30.33   0.022        0.054       
2459311.95806  2459311.95489  2021-04-07.4580652  coadd_bs335796 1.53 -1.54 18.955     >18.955  99.990          41.64        21.11   0.063        0.032       
2459317.64969  2459317.64693  2021-04-13.1497004  coadd_bo294215 1.49 -1.82 18.883     >18.883  99.990         -12.31        17.42   -0.024       0.034       
2459322.63096  2459322.62857  2021-04-18.1309699  coadd_bo295979 1.40 -1.82 18.808     >18.808  99.990         -29.27        18.68   -0.057       0.036       
2459325.97513  2459325.97300  2021-04-21.4751363  coadd_bs339162 1.53 -1.54 17.417     >17.417  99.990         -92.93        86.98   -0.140       0.131       
2459330.86767  2459330.86593  2021-04-26.3676733  coadd_bG229612 1.47 -2.10 17.464     >17.464  99.990          39.67        49.87   0.100        0.125       
2459332.84649  2459332.84490  2021-04-28.3464855  coadd_bG230401 1.52 -2.10 17.334     >17.334  99.990         -26.87        56.19   -0.067       0.141       
2459337.86372  2459337.86255  2021-05-03.3637194  coadd_bG231679 1.51 -2.10 18.084     >18.084  99.990           2.33        28.18   0.006        0.071       
2459337.87919  2459337.87803  2021-05-03.3791981  coadd_bk382477 1.49 -1.73 18.305     >18.305  99.990           5.34        32.35   0.010        0.058       
2459340.84724  2459340.84633  2021-05-06.3472452  coadd_bk383469 1.53 -1.73 18.791     >18.791  99.990          36.66        20.67   0.065        0.037       
2459345.80715  2459345.80666  2021-05-11.3071530  coadd_bG233901 1.45 -2.10 18.834     >18.834  99.990           8.09        14.12   0.020        0.035       
2459346.84472  2459346.84432  2021-05-12.3447214  coadd_bG234332 1.46 -2.10 18.890     >18.890  99.990           8.02        13.41   0.020        0.034       
2459348.82027  2459348.82004  2021-05-14.3202700  coadd_bk385783 1.52 -1.73 19.470     >19.470  99.990         -13.57        11.06   -0.024       0.020       
2459350.81137  2459350.81131  2021-05-16.3113703  coadd_bG235551 1.44 -2.10 18.264     >18.264  99.990         -28.20        23.88   -0.071       0.060       
2459352.86658  2459352.86670  2021-05-18.3665792  coadd_bs344567 1.43 -1.54 19.378     >19.378  99.990         -24.12        14.29   -0.036       0.021       
2459360.62519  2459360.62597  2021-05-26.1251853  coadd_bo305073 1.63 -1.82 16.480     >16.480  99.990        -251.82       159.45   -0.489       0.310       
2459362.59370  2459362.59465  2021-05-28.0936960  coadd_bo305533 1.53 -1.82 17.907     >17.907  99.990        -157.22        42.83   -0.305       0.083       
2459364.75316  2459364.75430  2021-05-30.2531630  coadd_bk391010 1.53 -1.73 17.580     >17.580  99.990          -6.05        63.10   -0.011       0.112       
2459368.75116  2459368.75262  2021-06-03.2511559  coadd_bG241791 1.45 -2.10 18.742     >18.742  99.990          -0.60        15.37   -0.001       0.039       
2459370.60004  2459370.60166  2021-06-05.1000380  coadd_bo307074 1.48 -1.82 19.233     >19.233  99.990          -9.11        12.62   -0.018       0.025       
2459375.50164  2459375.50365  2021-06-10.0016407  coadd_bo308254 1.43 -1.82 19.231      19.217  0.360           38.44        12.65   0.075        0.025       
2459378.48447  2459378.48672  2021-06-12.9844730  coadd_bo309270 1.44 -1.82 18.686     >18.686  99.990          50.52        20.89   0.098        0.041       
2459384.70544  2459384.70816  2021-06-19.2054467  coadd_bk398882 1.53 -1.73 18.427     >18.427  99.990         -12.00        28.91   -0.021       0.052       
2459385.47230  2459385.47508  2021-06-19.9722983  coadd_bo310592 1.46 -1.82 18.059     >18.059  99.990          41.76        37.23   0.081        0.072       
2459388.69839  2459388.70139  2021-06-23.1983877  coadd_bG249366 1.60 -2.10 17.487     >17.487  99.990         -38.85        48.84   -0.097       0.123       
2459393.83069  2459393.83405  2021-06-28.3306940  coadd_bG250868 1.47 -2.10 18.470     >18.470  99.990         -28.61        19.74   -0.072       0.050       
2459396.66978  2459396.67331  2021-07-01.1697773  coadd_bk403377 1.62 -1.73 19.139     >19.139  99.990         -14.13        15.01   -0.025       0.027       
2459403.45442  2459403.45835  2021-07-07.9544190  coadd_bo312937 1.46 -1.82 19.192     >19.192  99.990          36.94        13.11   0.072        0.025       
2459404.87517  2459404.87918  2021-07-09.3751774  coadd_bG255166 1.46 -2.10 19.304     >19.304  99.990         -10.88         9.15   -0.027       0.023       
2459405.93434  2459405.93842  2021-07-10.4343520  coadd_bs355658 1.45 -1.54 18.820      18.619  0.303           86.26        23.89   0.130        0.036       
2459410.59969  2459410.60399  2021-07-15.0996885  coadd_bo314264 1.48 -1.82 19.191     >19.191  99.990         -33.80        13.12   -0.066       0.025       
2459411.57935  2459411.58370  2021-07-16.0793493  coadd_bo314640 1.47 -1.82 19.132     >19.132  99.990          21.10        13.85   0.041        0.027       
2459411.67995  2459411.68430  2021-07-16.1799468  coadd_bG257909 1.45 -2.10 18.661     >18.661  99.990          36.13        16.56   0.091        0.042       
2459411.83747  2459411.84183  2021-07-16.3374703  coadd_bs356690 1.49 -1.54 19.384     >19.384  99.990          23.17        14.22   0.035        0.021       
2459412.72262  2459412.72702  2021-07-17.2226152  coadd_bG258347 1.46 -2.10 19.091     >19.091  99.990          10.22        11.14   0.026        0.028       
2459413.64985  2459413.65430  2021-07-18.1498557  coadd_bk410431 1.61 -1.73 18.363     >18.363  99.990         -41.34        30.66   -0.074       0.055       
2459416.61802  2459416.62259  2021-07-21.1180195  coadd_bG259922 1.63 -2.10 17.700     >17.700  99.990         -12.99        40.13   -0.033       0.101       
2459417.62023  2459417.62483  2021-07-22.1202241  coadd_bG260338 1.54 -2.10 17.349     >17.349  99.990          41.11        55.45   0.103        0.139       
2459419.70288  2459419.70756  2021-07-24.2028802  coadd_bG261221 1.53 -2.10 17.312     >17.312  99.990         -43.08        57.36   -0.108       0.144       
2459420.51392  2459420.51863  2021-07-25.0139172  coadd_bo316616 1.55 -1.82 17.341     >17.341  99.990         -27.56        72.12   -0.054       0.140       
2459422.59433  2459422.59911  2021-07-27.0943334  coadd_bk414213 1.58 -1.73 17.628     >17.628  99.990         121.72        60.34   0.217        0.108       
2459423.63820  2459423.64301  2021-07-28.1381949  coadd_bG262798 2.04 -2.10 18.128     >18.128  99.990           0.24        27.06   0.001        0.068       
2459424.68434  2459424.68918  2021-07-29.1843376  coadd_bG263240 1.46 -2.10 18.428     >18.428  99.990         -15.82        20.53   -0.040       0.051       
2459425.42733  2459425.43220  2021-07-29.9273303  coadd_bo317637 1.46 -1.82 18.391     >18.391  99.990          -1.14        27.43   -0.002       0.053       
2459425.77452  2459425.77939  2021-07-30.2745163  coadd_bs359754 1.51 -1.54 18.931     >18.931  99.990          -8.69        21.58   -0.013       0.032       
2459426.36939  2459426.37428  2021-07-30.8693976  coadd_bo317995 1.43 -1.82 19.168     >19.168  99.990         -11.78        13.40   -0.023       0.026       
2459426.80290  2459426.80780  2021-07-31.3029063  coadd_bG264146 1.41 -2.10 18.569     >18.569  99.990         -50.01        18.02   -0.125       0.045       
2459427.78994  2459427.79487  2021-08-01.2899408  coadd_bk416475 1.49 -1.73 18.837     >18.837  99.990          39.14        19.82   0.070        0.035       
2459429.72075  2459429.72572  2021-08-03.22075  coadd_bG265306 1.57 -2.10 18.728     >18.728  99.990          -1.96        15.57   -0.005       0.039       
2459430.50875  2459430.51373  2021-08-04.0087493  coadd_bo318571 1.41 -1.82 19.135     >19.135  99.990         -14.37        13.83   -0.028       0.027       
2459431.44815  2459431.45316  2021-08-04.9481571  coadd_bo318768 1.46 -1.82 19.244     >19.244  99.990          -4.83        12.50   -0.009       0.024       
2459433.78144  2459433.78649  2021-08-07.2814434  coadd_bk418967 1.58 -1.73 19.130     >19.130  99.990          -8.87        15.13   -0.016       0.027       
2459440.61741  2459440.62253  2021-08-14.1174126  coadd_bG269395 1.46 -2.10 18.284     >18.284  99.990          -4.86        23.43   -0.012       0.059       
2459443.30703  2459443.31217  2021-08-16.8070370  coadd_bo321225 1.56 -1.82 16.712     >16.712  99.990         262.45       128.69   0.510        0.250       
2459443.71292  2459443.71806  2021-08-17.2129172  coadd_bk422235 1.60 -1.73 18.460     >18.460  99.990           1.85        28.05   0.003        0.050       
2459444.75490  2459444.76004  2021-08-18.2549074  coadd_bk422660 1.48 -1.73 18.375     >18.375  99.990          12.91        30.32   0.023        0.054       
2459447.65301  2459447.65814  2021-08-21.1530156  coadd_bk423115 1.52 -1.73 17.599     >17.599  99.990         -46.57        62.01   -0.083       0.111       
2459451.45632  2459451.46142  2021-08-24.9563222  coadd_bo322623 1.45 -1.82 17.237     >17.237  99.990         182.10        79.38   0.354        0.154       
2459452.68548  2459452.69057  2021-08-26.1854885  coadd_bk424351 1.63 -1.73 18.213     >18.213  99.990          56.92        35.20   0.101        0.063       
2459453.58714  2459453.59222  2021-08-27.0871384  coadd_bG272290 1.48 -2.10 18.841     >18.841  99.990         -49.15        14.04   -0.123       0.035       
2459460.82197  2459460.82692  2021-09-03.3219696  coadd_bs365436 1.42 -1.54 19.064     >19.064  99.990         -14.09        19.09   -0.021       0.029       
2459462.45718  2459462.46210  2021-09-04.9571928  coadd_bo324831 1.47 -1.82 18.925     >18.925  99.990          -9.18        16.77   -0.018       0.033       
2459466.33632  2459466.34112  2021-09-08.8363240  coadd_bo325538 1.45 -1.82 19.046     >19.046  99.990          16.41        15.00   0.032        0.029       
2459467.35194  2459467.35671  2021-09-09.8519481  coadd_bo325951 1.44 -1.82 18.804     >18.804  99.990         -20.86        18.75   -0.041       0.036       
2459472.50191  2459472.50650  2021-09-15.0019167  coadd_bk431565 1.60 -1.73 18.042     >18.042  99.990          52.77        41.20   0.094        0.073       
2459475.37018  2459475.37464  2021-09-17.8701858  coadd_bo327127 1.47 -1.82 17.695     >17.695  99.990         -50.83        52.04   -0.099       0.101       
2459478.36764  2459478.37197  2021-09-20.8676469  coadd_bo328084 1.59 -1.82 17.185      17.135  0.349          261.68        83.24   0.508        0.162       
2459479.80813  2459479.81239  2021-09-22.3081307  coadd_bs371112 1.61 -1.54 17.058     >17.058  99.990          -1.93       121.10   -0.003       0.182       
2459482.69946  2459482.70357  2021-09-25.1994549  coadd_bG282277 1.46 -2.10 17.782     >17.782  99.990         -31.38        37.21   -0.079       0.093       
2459486.77689  2459486.78079  2021-09-29.2768994  coadd_bs372895 1.70 -1.54 18.819     >18.819  99.990         -82.63        23.92   -0.124       0.036       
2459489.37890  2459489.38264  2021-10-01.8789047  coadd_bo330804 1.45 -1.82 18.684     >18.684  99.990         -34.62        20.93   -0.067       0.041       
