###  JD        HJD            UT_date             IMAGE          FWHM  Diff Limit      mag   mag_err       counts     count_err  flux (mJy)    flux_err
2455947.04460  2455947.04940  2012-01-20.5446001  coadd_bb001975 2.48 -1.91 18.291     >18.291  99.990        -135.62        27.59   -0.303       0.062       
2455959.04668  2455959.05198  2012-02-01.5466763  coadd_bb004329 1.75 -1.91 18.408     >18.408  99.990         -43.62        24.75   -0.098       0.055       
2455979.94025  2455979.94588  2012-02-22.4402520  coadd_bb007340 1.74 -1.91 18.075     >18.075  99.990        -147.13        33.66   -0.329       0.075       
2455983.94019  2455983.94579  2012-02-26.4401993  coadd_bb007649 1.72 -1.91 18.193     >18.193  99.990         -36.12        30.17   -0.081       0.068       
2455997.92805  2455997.93335  2012-03-11.4280491  coadd_bb008939 1.74 -1.91 17.541     >17.541  99.990        -144.74        55.02   -0.324       0.123       
2456002.92930  2456002.93441  2012-03-16.4293054  coadd_bb009841 2.21 -1.91 18.293     >18.293  99.990         -79.98        27.54   -0.179       0.062       
2456251.14472  2456251.14442  2012-11-19.6447281  coadd_bb026897 2.08 -1.91 17.191     >17.191  99.990        -210.44        75.95   -0.471       0.170       
2456272.12411  2456272.12585  2012-12-10.6241197  coadd_bb028704 2.31 -1.91 18.618     >18.618  99.990           2.36        20.41   0.005        0.046       
2456301.06914  2456301.07327  2013-01-08.5691425  coadd_bb031356 2.27 -1.91 18.358     >18.358  99.990         -52.37        25.92   -0.117       0.058       
2456304.09394  2456304.09827  2013-01-11.5939401  coadd_bb031826 2.30 -1.91 18.478     >18.478  99.990           5.40        23.23   0.012        0.052       
2456309.04715  2456309.05178  2013-01-16.5471599  coadd_bb032209 2.16 -1.91 18.230     >18.230  99.990         -11.63        29.17   -0.026       0.065       
2456311.05558  2456311.06031  2013-01-18.5555785  coadd_bb032559 2.51 -1.91 18.726     >18.726  99.990          18.15        18.47   0.041        0.041       
2456316.01866  2456316.02364  2013-01-23.5186555  coadd_bb033198 2.10 -1.91 18.205     >18.205  99.990         -61.36        29.87   -0.137       0.067       
2456318.96065  2456318.96576  2013-01-26.4606553  coadd_bb033976 2.47 -1.91 17.236     >17.236  99.990         -17.64        72.85   -0.039       0.163       
2456324.00417  2456324.00947  2013-01-31.5041731  coadd_bb034677 2.02 -1.91 18.115      18.038  0.341          104.40        32.44   0.234        0.073       
2456327.98979  2456327.99521  2013-02-04.4897944  coadd_bb035436 2.18 -1.91 18.471     >18.471  99.990         -27.05        23.36   -0.061       0.052       
2456337.91591  2456337.92151  2013-02-14.4159138  coadd_bb036504 2.32 -1.91 18.277     >18.277  99.990           9.45        27.93   0.021        0.062       
2456344.87184  2456344.87746  2013-02-21.3718392  coadd_bb037382 2.79 -1.91 18.235     >18.235  99.990          33.10        29.04   0.074        0.065       
2456369.85724  2456369.86228  2013-03-18.3572445  coadd_bb041390 2.39 -1.91 18.202     >18.202  99.990          77.68        29.95   0.174        0.067       
2456385.89005  2456385.89421  2013-04-03.3900486  coadd_bb042897 2.10 -1.91 18.325     >18.325  99.990         -18.86        26.72   -0.042       0.060       
2456391.76981  2456391.77357  2013-04-09.2698083  coadd_bb044336 1.71 -1.91 18.389     >18.389  99.990          49.97        25.20   0.112        0.056       
2456406.80856  2456406.81112  2013-04-24.3085656  coadd_bb047667 1.77 -1.91 17.818     >17.818  99.990         -33.46        42.63   -0.075       0.095       
2456412.80951  2456412.81154  2013-04-30.3095098  coadd_bb049118 1.67 -1.91 18.184     >18.184  99.990          81.50        30.43   0.182        0.068       
2456576.14595  2456576.14205  2013-10-10.6459528  coadd_bb084478 2.01 -1.91 16.924     >16.924  99.990        -136.23        97.17   -0.305       0.217       
2456631.98950  2456631.99089  2013-12-05.4894998  coadd_bb093878 2.30 -1.91 18.335     >18.335  99.990         -76.48        26.49   -0.171       0.059       
2456633.97185  2456633.97344  2013-12-07.4718554  coadd_bb094654 3.01 -1.91 17.346     >17.346  99.990         -48.86        65.89   -0.109       0.147       
2456637.97842  2456637.98038  2013-12-11.4784231  coadd_bb095282 1.83 -1.91 17.729     >17.729  99.990          49.81        46.29   0.111        0.104       
2456638.96880  2456638.97085  2013-12-12.4688031  coadd_bb095663 1.84 -1.91 17.025     >17.025  99.990         -19.20        88.49   -0.043       0.198       
2456641.94464  2456641.94697  2013-12-15.4446452  coadd_bb096770 2.16 -1.91 17.178     >17.178  99.990         -60.82        76.85   -0.136       0.172       
2456655.92384  2456655.92735  2013-12-29.4238435  coadd_bb099607 2.07 -1.91 18.620     >18.620  99.990           2.30        20.37   0.005        0.046       
2456658.97257  2456658.97632  2014-01-01.4725718  coadd_bb100382 2.36 -1.91 18.482     >18.482  99.990          64.64        23.14   0.145        0.052       
2456682.85789  2456682.86294  2014-01-25.3578945  coadd_bb100950 1.86 -1.91 18.683     >18.683  99.990         -29.50        19.23   -0.066       0.043       
2456683.85730  2456683.86240  2014-01-26.3573030  coadd_bb101194 1.74 -1.91 18.228     >18.228  99.990           6.63        29.23   0.015        0.065       
2456735.89023  2456735.89524  2014-03-19.3898296  coadd_bb104487 1.60 -1.91 17.639      15.876  0.072          765.04        50.27   1.712        0.113       
2456741.77211  2456741.77683  2014-03-25.2717093  coadd_bb105624 1.77 -1.91 18.250     >18.250  99.990          40.34        28.63   0.090        0.064       
2456752.83226  2456752.83631  2014-04-05.3318532  coadd_bb107034 2.15 -1.91 18.034     >18.034  99.990         -29.37        34.95   -0.066       0.078       
2456764.80978  2456764.81295  2014-04-17.3093840  coadd_bb109024 2.06 -1.91 17.595     >17.595  99.990          -9.99        52.34   -0.022       0.117       
2456771.82159  2456771.82417  2014-04-24.3211872  coadd_bb110210 2.02 -1.91 18.601     >18.601  99.990          37.10        20.74   0.083        0.046       
2456781.79925  2456781.80093  2014-05-04.2988460  coadd_bb110981 1.67 -1.91 17.911     >17.911  99.990         -58.08        39.13   -0.130       0.088       
2456795.78422  2456795.78457  2014-05-18.2838126  coadd_bb113699 1.89 -1.91 18.422     >18.422  99.990          62.90        24.45   0.141        0.055       
2456796.78510  2456796.78536  2014-05-19.2846972  coadd_bb114011 1.78 -1.91 18.035     >18.035  99.990         -78.42        34.93   -0.175       0.078       
2456798.77230  2456798.77237  2014-05-21.2718984  coadd_bb114720 2.08 -1.91 18.471     >18.471  99.990           3.11        23.38   0.007        0.052       
2456799.77438  2456799.77435  2014-05-22.2739719  coadd_bb115085 1.81 -1.91 18.483     >18.483  99.990         -36.24        23.11   -0.081       0.052       
2456801.76523  2456801.76501  2014-05-24.2648268  coadd_bb115639 1.80 -1.91 18.398     >18.398  99.990           2.09        24.99   0.005        0.056       
2456805.78010  2456805.77950  2014-05-28.2796988  coadd_bb116894 1.77 -1.91 18.200     >18.200  99.990        -113.21        29.98   -0.253       0.067       
2456943.11957  2456943.11580  2014-10-12.6191689  coadd_bb150331 2.16 -1.91 17.177     >17.177  99.990        -219.62        76.92   -0.491       0.172       
2456961.10595  2456961.10368  2014-10-30.6055473  coadd_bb150878 2.41 -1.91 18.324     >18.324  99.990          20.15        26.77   0.045        0.060       
2456962.09972  2456962.09754  2014-10-31.5993238  coadd_bb151100 2.13 -1.91 18.123     >18.123  99.990         -41.97        32.20   -0.094       0.072       
2456967.08635  2456967.08463  2014-11-05.5859457  coadd_bb151498 1.71 -1.91 17.350     >17.350  99.990        -202.06        65.60   -0.452       0.147       
2456968.08543  2456968.08380  2014-11-06.5850239  coadd_bb151885 1.89 -1.91 16.996     >16.996  99.990        -244.34        90.88   -0.547       0.203       
2456969.08742  2456969.08589  2014-11-07.5870135  coadd_bb152163 1.80 -1.91 16.024     >16.024  99.990          20.21       222.44   0.045        0.498       
2456971.06921  2456971.06787  2014-11-09.5688096  coadd_bb152862 2.12 -1.91 17.381     >17.381  99.990         185.17        63.74   0.414        0.143       
2456972.07235  2456972.07111  2014-11-10.5719484  coadd_bb153258 1.86 -1.91 17.279     >17.279  99.990         101.91        70.02   0.228        0.157       
2456974.06691  2456974.06586  2014-11-12.5665021  coadd_bb153890 1.83 -1.91 17.803     >17.803  99.990         -95.03        43.24   -0.213       0.097       
2456979.08147  2456979.08091  2014-11-17.5810634  coadd_bb154499 1.99 -1.91 18.397     >18.397  99.990          43.47        25.02   0.097        0.056       
2456980.06759  2456980.06713  2014-11-18.5671824  coadd_bb154878 2.02 -1.91 18.287     >18.287  99.990          -8.43        27.67   -0.019       0.062       
2456981.05802  2456981.05766  2014-11-19.5576185  coadd_bb155191 2.09 -1.91 18.658     >18.658  99.990          -6.24        19.67   -0.014       0.044       
2456982.13900  2456982.13874  2014-11-20.6385914  coadd_bb155554 1.68 -1.91 18.319     >18.319  99.990         -88.31        26.87   -0.198       0.060       
2456983.03657  2456983.03640  2014-11-21.5361615  coadd_bb155890 1.73 -1.91 18.422     >18.422  99.990         -30.42        24.45   -0.068       0.055       
2456985.06861  2456985.06864  2014-11-23.5682126  coadd_bb156680 1.74 -1.91 18.413     >18.413  99.990           4.71        24.65   0.011        0.055       
2456989.01843  2456989.01886  2014-11-27.5180291  coadd_bb157642 1.71 -1.91 18.161     >18.161  99.990         -54.24        31.09   -0.121       0.070       
2456992.01971  2456992.02043  2014-11-30.5193130  coadd_bb158673 1.64 -1.91 18.212     >18.212  99.990          60.09        29.66   0.134        0.066       
2456993.05719  2456993.05801  2014-12-01.5567890  coadd_bb159060 1.74 -1.91 18.466     >18.466  99.990         -47.77        23.47   -0.107       0.053       
2456998.04943  2456998.05074  2014-12-06.5490271  coadd_bb159949 1.70 -1.91 17.093     >17.093  99.990         107.06        83.16   0.240        0.186       
2456998.98287  2456998.98427  2014-12-07.4824706  coadd_bb160262 1.96 -1.91 17.213     >17.213  99.990        -257.58        74.41   -0.576       0.166       
2457001.00509  2457001.00669  2014-12-09.5046891  coadd_bb161103 2.01 -1.91 17.514     >17.514  99.990         -84.08        56.40   -0.188       0.126       
2457006.97289  2457006.97504  2014-12-15.4724858  coadd_bb163214 2.61 -1.91 18.234     >18.234  99.990         -53.30        29.07   -0.119       0.065       
2457009.03405  2457009.03639  2014-12-17.5336491  coadd_bb163972 2.29 -1.91 18.476     >18.476  99.990          -3.15        23.26   -0.007       0.052       
2457013.95945  2457013.96222  2014-12-22.4590475  coadd_bb165803 1.74 -1.91 18.299     >18.299  99.990          23.26        27.38   0.052        0.061       
2457018.01331  2457018.01642  2014-12-26.5129060  coadd_bb166295 1.99 -1.91 18.868     >18.868  99.990          -6.46        16.21   -0.014       0.036       
2457019.01878  2457019.02197  2014-12-27.5183734  coadd_bb166601 2.08 -1.91 18.257     >18.257  99.990          12.51        28.45   0.028        0.064       
2457021.01786  2457021.02122  2014-12-29.5174622  coadd_bb167008 2.39 -1.91 18.543     >18.543  99.990         -20.00        21.87   -0.045       0.049       
2457023.93048  2457023.93406  2015-01-01.4300778  coadd_bb167741 1.78 -1.91 17.611     >17.611  99.990         124.97        51.57   0.280        0.115       
2457035.14134  2457035.14571  2015-01-12.6409407  coadd_bb169608 1.87 -1.91 18.045      18.043  0.365          103.90        34.61   0.232        0.077       
2457036.13985  2457036.14427  2015-01-13.6394407  coadd_bb170013 2.18 -1.91 18.161     >18.161  99.990         -57.61        31.09   -0.129       0.070       
2457037.93450  2457037.93903  2015-01-15.4340921  coadd_bb170816 1.80 -1.91 18.245     >18.245  99.990         -15.91        28.78   -0.036       0.064       
2457039.97530  2457039.97995  2015-01-17.4748942  coadd_bb171677 1.69 -1.91 18.500     >18.500  99.990         -46.13        22.75   -0.103       0.051       
2457041.97856  2457041.98332  2015-01-19.4781613  coadd_bb172399 2.03 -1.91 18.342     >18.342  99.990          11.98        26.31   0.027        0.059       
2457043.96944  2457043.97431  2015-01-21.4690407  coadd_bb173222 1.66 -1.91 18.759     >18.759  99.990         -56.14        17.92   -0.126       0.040       
2457045.96837  2457045.97333  2015-01-23.4679651  coadd_bb174046 1.74 -1.91 18.538     >18.538  99.990         -59.84        21.97   -0.134       0.049       
2457048.97316  2457048.97825  2015-01-26.4727509  coadd_bb175245 2.07 -1.91 18.378     >18.378  99.990         -83.13        25.45   -0.186       0.057       
2457051.99354  2457051.99875  2015-01-29.4931362  coadd_bb176142 2.14 -1.91 18.021     >18.021  99.990         -24.15        35.38   -0.054       0.079       
2457052.94159  2457052.94683  2015-01-30.4411824  coadd_bb176416 2.48 -1.91 18.079     >18.079  99.990        -179.04        33.52   -0.401       0.075       
2457053.83093  2457053.83621  2015-01-31.3305276  coadd_bb176747 2.46 -1.91 17.401     >17.401  99.990         -15.80        62.61   -0.035       0.140       
2457061.81247  2457061.81797  2015-02-08.3120729  coadd_bb178306 1.65 -1.91 18.097     >18.097  99.990          53.50        32.99   0.120        0.074       
2457066.00833  2457066.01390  2015-02-12.5079254  coadd_bb179249 1.78 -1.91 18.282     >18.282  99.990        -103.63        27.80   -0.232       0.062       
2457069.94971  2457069.95532  2015-02-16.4492854  coadd_bb179950 1.75 -1.91 18.495     >18.495  99.990          11.75        22.87   0.026        0.051       
2457071.92594  2457071.93156  2015-02-18.4255215  coadd_bb180713 1.76 -1.91 18.515     >18.515  99.990          25.86        22.44   0.058        0.050       
2457077.92072  2457077.92634  2015-02-24.4203017  coadd_bb182016 1.62 -1.91 18.569     >18.569  99.990           1.90        21.35   0.004        0.048       
2457078.85635  2457078.86195  2015-02-25.3559122  coadd_bb182350 1.75 -1.91 18.252     >18.252  99.990         -60.74        28.59   -0.136       0.064       
2457080.84177  2457080.84735  2015-02-27.3413876  coadd_bb182884 1.72 -1.91 17.833     >17.833  99.990          64.75        42.04   0.145        0.094       
2457091.85516  2457091.86052  2015-03-10.3547693  coadd_bb184429 1.88 -1.91 18.220     >18.220  99.990         -13.08        29.46   -0.029       0.066       
2457095.79006  2457095.79529  2015-03-14.2896686  coadd_bf091105 1.42 -2.30 17.536     >17.536  99.990         -33.86        38.91   -0.108       0.124       
2457096.87570  2457096.88089  2015-03-15.3752980  coadd_bb185373 1.66 -1.91 18.623     >18.623  99.990          10.22        20.32   0.023        0.045       
2457098.93445  2457098.93956  2015-03-17.4340520  coadd_bb186032 1.70 -1.91 18.569     >18.569  99.990          13.50        21.35   0.030        0.048       
2457099.89834  2457099.90340  2015-03-18.3983383  coadd_bb186331 1.74 -1.91 18.364     >18.364  99.990         -52.98        25.78   -0.119       0.058       
2457102.92773  2457102.93266  2015-03-21.4277438  coadd_bb187269 1.72 -1.91 18.192     >18.192  99.990         -66.46        30.21   -0.149       0.068       
2457105.90583  2457105.91061  2015-03-24.4058435  coadd_bb188171 1.73 -1.91 18.398     >18.398  99.990         -84.65        24.99   -0.189       0.056       
2457108.85590  2457108.86052  2015-03-27.3559113  coadd_bb188902 1.68 -1.91 17.603     >17.603  99.990          47.50        51.97   0.106        0.116       
2457110.76570  2457110.77021  2015-03-29.2657128  coadd_bb189522 1.96 -1.91 17.629     >17.629  99.990        -142.07        50.75   -0.318       0.114       
2457118.91577  2457118.91977  2015-04-06.4157881  coadd_bb191829 1.77 -1.91 17.231     >17.231  99.990         -81.90        73.21   -0.183       0.164       
2457119.91547  2457119.91940  2015-04-07.4154866  coadd_bb192114 1.69 -1.91 17.661     >17.661  99.990          10.99        49.26   0.025        0.110       
2457121.90642  2457121.91021  2015-04-09.4064383  coadd_bb192605 1.75 -1.91 17.879     >17.879  99.990         111.19        40.30   0.249        0.090       
2457124.83021  2457124.83378  2015-04-12.3302206  coadd_bb193272 1.69 -1.91 18.480     >18.480  99.990         -22.53        23.18   -0.050       0.052       
2457125.86874  2457125.87223  2015-04-13.3687494  coadd_bb193615 1.69 -1.91 18.303     >18.303  99.990          -3.27        27.27   -0.007       0.061       
2457126.80480  2457126.80822  2015-04-14.3048179  coadd_bb193905 1.72 -1.91 17.627      17.559  0.343          162.32        50.84   0.363        0.114       
2457128.83984  2457128.84310  2015-04-16.3398488  coadd_bb194218 1.76 -1.91 18.324     >18.324  99.990          35.33        26.74   0.079        0.060       
2457130.81392  2457130.81702  2015-04-18.3139351  coadd_bb194508 1.65 -1.91 18.266     >18.266  99.990         -67.68        28.22   -0.151       0.063       
2457132.83212  2457132.83506  2015-04-20.3321385  coadd_bb195192 1.75 -1.91 18.135     >18.135  99.990         -50.34        31.85   -0.113       0.071       
2457134.80566  2457134.80843  2015-04-22.3056755  coadd_bb195690 1.79 -1.91 18.452     >18.452  99.990          40.63        23.77   0.091        0.053       
2457137.79431  2457137.79683  2015-04-25.2943252  coadd_bb196489 1.86 -1.91 18.073     >18.073  99.990         -20.45        33.72   -0.046       0.075       
2457144.84365  2457144.84554  2015-05-02.3436459  coadd_bb197416 1.75 -1.91 17.289     >17.289  99.990        -127.81        69.42   -0.286       0.155       
2457148.83227  2457148.83379  2015-05-06.3322681  coadd_bb197914 1.74 -1.91 17.516     >17.516  99.990          44.41        56.32   0.099        0.126       
2457149.79189  2457149.79333  2015-05-07.2918947  coadd_bb198221 1.70 -1.91 18.402     >18.402  99.990         -53.45        24.90   -0.120       0.056       
2457155.79044  2457155.79131  2015-05-13.2904460  coadd_bb199644 1.64 -1.91 18.659     >18.659  99.990          19.59        19.66   0.044        0.044       
2457159.79833  2457159.79881  2015-05-17.2983293  coadd_bb200492 1.75 -1.91 18.314     >18.314  99.990         -11.92        27.00   -0.027       0.060       
2457161.77133  2457161.77162  2015-05-19.2713310  coadd_bb200891 1.76 -1.91 17.597     >17.597  99.990          93.71        52.27   0.210        0.117       
2457163.76695  2457163.76704  2015-05-21.2669606  coadd_bb201483 1.78 -1.91 18.448     >18.448  99.990         -10.75        23.87   -0.024       0.053       
2457165.77604  2457165.77594  2015-05-23.2760569  coadd_bb202016 1.74 -1.91 17.887     >17.887  99.990          82.27        40.00   0.184        0.090       
2457171.74463  2457171.74396  2015-05-29.2446372  coadd_bb203084 1.94 -1.91 17.229     >17.229  99.990          55.66        73.33   0.125        0.164       
2457173.75297  2457173.75211  2015-05-31.2529858  coadd_bb203584 2.49 -1.91 17.785     >17.785  99.990        -125.47        43.94   -0.281       0.098       
2457308.13248  2457308.12869  2015-10-12.6324815  coadd_bb232679 2.04 -1.91 18.058     >18.058  99.990          30.26        34.19   0.068        0.076       
2457309.12829  2457309.12457  2015-10-13.6282944  coadd_bb233091 2.03 -1.91 18.015     >18.015  99.990         -40.23        35.58   -0.090       0.080       
2457310.13135  2457310.12771  2015-10-14.6313555  coadd_bb233456 2.20 -1.91 18.249     >18.249  99.990          11.26        28.67   0.025        0.064       
2457311.12324  2457311.11968  2015-10-15.6232437  coadd_bb233795 2.22 -1.91 18.151     >18.151  99.990         -29.15        31.38   -0.065       0.070       
2457314.11416  2457314.11083  2015-10-18.6141601  coadd_bb234287 2.00 -1.91 18.034     >18.034  99.990           3.30        34.95   0.007        0.078       
2457315.11644  2457315.11319  2015-10-19.6164391  coadd_bb234820 1.86 -1.91 18.019     >18.019  99.990         -62.86        35.43   -0.141       0.079       
2457319.11178  2457319.10887  2015-10-23.6117864  coadd_bb236430 1.76 -1.91 18.153     >18.153  99.990          11.22        31.33   0.025        0.070       
2457324.10089  2457324.09841  2015-10-28.6008921  coadd_bb238384 1.71 -1.91 17.289     >17.289  99.990         -80.06        69.44   -0.179       0.155       
2457325.13086  2457325.12847  2015-10-29.6308616  coadd_bb238783 2.16 -1.91 17.568     >17.568  99.990        -139.02        53.69   -0.311       0.120       
2457335.07106  2457335.06960  2015-11-08.5710615  coadd_bb241466 1.72 -1.91 18.342     >18.342  99.990         -27.20        26.32   -0.061       0.059       
2457343.05485  2457343.05417  2015-11-16.5548555  coadd_bb242440 2.01 -1.91 18.125     >18.125  99.990          42.17        32.14   0.094        0.072       
2457350.03132  2457350.03133  2015-11-23.5313262  coadd_bb243354 1.77 -1.91 17.291     >17.291  99.990          54.64        69.31   0.122        0.155       
2457357.02034  2457357.02103  2015-11-30.5203384  coadd_bb244838 1.77 -1.91 17.561      17.209  0.264          224.12        54.05   0.502        0.121       
2457362.15442  2457362.15562  2015-12-05.6544273  coadd_bb247067 1.79 -1.91 18.414     >18.414  99.990           8.91        24.64   0.020        0.055       
2457363.11563  2457363.11692  2015-12-06.6156313  coadd_bb247465 1.72 -1.91 17.999     >17.999  99.990          64.74        36.08   0.145        0.081       
2457365.10082  2457365.10230  2015-12-08.6008203  coadd_bb248323 1.64 -1.91 18.714     >18.714  99.990           5.88        18.67   0.013        0.042       
2457366.07089  2457366.07247  2015-12-09.5708928  coadd_bb248738 1.81 -1.91 18.411     >18.411  99.990         -34.47        24.69   -0.077       0.055       
2457367.01046  2457367.01212  2015-12-10.5104637  coadd_bb249128 2.27 -1.91 18.703     >18.703  99.990         -18.27        18.88   -0.041       0.042       
2457368.03692  2457368.03868  2015-12-11.5369207  coadd_bb249371 2.37 -1.91 18.471     >18.471  99.990         -81.60        23.37   -0.183       0.052       
2457369.99574  2457369.99768  2015-12-13.4957409  coadd_bb250072 1.74 -1.91 18.548     >18.548  99.990          56.39        21.77   0.126        0.049       
2457379.94979  2457379.95263  2015-12-23.4497928  coadd_bb251907 1.79 -1.91 17.592     >17.592  99.990         128.58        52.51   0.288        0.117       
2457381.07184  2457381.07476  2015-12-24.5718398  coadd_bb252437 1.84 -1.91 17.616     >17.616  99.990         115.54        51.36   0.259        0.115       
2457389.10474  2457389.10832  2016-01-01.6047435  coadd_bb254855 1.64 -1.91 18.297     >18.297  99.990         -87.95        27.42   -0.197       0.061       
2457391.04122  2457391.04494  2016-01-03.5412196  coadd_bb255455 1.71 -1.91 18.246     >18.246  99.990         -19.73        28.74   -0.044       0.064       
2457392.03006  2457392.03386  2016-01-04.5300620  coadd_bb255879 1.69 -1.91 18.617     >18.617  99.990          13.62        20.43   0.030        0.046       
2457395.03911  2457395.04312  2016-01-07.5391079  coadd_bb256776 2.29 -1.91 18.497     >18.497  99.990         -41.44        22.81   -0.093       0.051       
2457396.91129  2457396.91542  2016-01-09.4112887  coadd_bb257540 2.04 -1.91 18.524     >18.524  99.990          11.95        22.25   0.027        0.050       
2457397.98755  2457397.99176  2016-01-10.4875480  coadd_bb258004 1.68 -1.91 18.427     >18.427  99.990          24.06        24.33   0.054        0.054       
2457399.93123  2457399.93556  2016-01-12.4312271  coadd_bb258830 1.75 -1.91 18.767     >18.767  99.990          23.64        17.80   0.053        0.040       
2457401.98125  2457401.98571  2016-01-14.4812543  coadd_bb259305 1.71 -1.91 18.704     >18.704  99.990         -32.11        18.86   -0.072       0.042       
2457404.88781  2457404.89244  2016-01-17.3878094  coadd_bb260513 1.69 -1.91 18.492     >18.492  99.990         -74.11        22.92   -0.166       0.051       
2457405.95651  2457405.96120  2016-01-18.4565121  coadd_bb260999 1.76 -1.91 18.104     >18.104  99.990          55.23        32.75   0.124        0.073       
2457407.10244  2457407.10720  2016-01-19.6024481  coadd_bb261542 1.74 -1.91 18.804     >18.804  99.990         -16.46        17.19   -0.037       0.038       
2457407.87338  2457407.87817  2016-01-20.3733857  coadd_bb261799 1.74 -1.91 17.790     >17.790  99.990          79.08        43.75   0.177        0.098       
2457409.05997  2457409.06482  2016-01-21.5599747  coadd_bb262346 1.77 -1.91 17.944     >17.944  99.990         -94.99        37.96   -0.213       0.085       
2457410.87153  2457410.87648  2016-01-23.3715357  coadd_bb263067 1.81 -1.91 17.307     >17.307  99.990          -2.87        68.25   -0.006       0.153       
2457417.01386  2457417.01906  2016-01-29.5138655  coadd_bb265747 1.73 -1.91 17.960     >17.960  99.990          52.60        37.40   0.118        0.084       
2457419.07922  2457419.08449  2016-01-31.5792197  coadd_bb266646 1.65 -1.91 18.360     >18.360  99.990          28.46        25.88   0.064        0.058       
2457420.02645  2457420.03175  2016-02-01.5264501  coadd_bb267034 1.66 -1.91 18.539     >18.539  99.990         -19.14        21.95   -0.043       0.049       
2457421.01541  2457421.02075  2016-02-02.5154121  coadd_bb267452 1.75 -1.91 18.603     >18.603  99.990          17.73        20.69   0.040        0.046       
2457421.98177  2457421.98714  2016-02-03.4817740  coadd_bb267828 1.71 -1.91 18.856     >18.856  99.990         -21.69        16.40   -0.049       0.037       
2457424.02480  2457424.03022  2016-02-05.5248009  coadd_bb268809 2.04 -1.91 18.417     >18.417  99.990          51.35        24.57   0.115        0.055       
2457428.05951  2457428.06503  2016-02-09.5595112  coadd_bb269952 1.70 -1.91 18.556     >18.556  99.990         -50.50        21.61   -0.113       0.048       
2457429.86209  2457429.86764  2016-02-11.3620952  coadd_bb270629 1.71 -1.91 18.661     >18.661  99.990          -1.77        19.62   -0.004       0.044       
2457430.85806  2457430.86362  2016-02-12.3580594  coadd_bb271049 1.69 -1.91 18.427     >18.427  99.990         -64.83        24.33   -0.145       0.054       
2457431.88020  2457431.88578  2016-02-13.3802026  coadd_bb271487 2.28 -1.91 18.577     >18.577  99.990         -61.31        21.19   -0.137       0.047       
2457432.85283  2457432.85842  2016-02-14.3528307  coadd_bb271770 2.23 -1.91 18.241      17.905  0.268          118.01        28.89   0.264        0.065       
2457433.82058  2457433.82618  2016-02-15.3205864  coadd_bb272035 2.04 -1.91 18.223     >18.223  99.990         -36.84        29.37   -0.082       0.066       
2457434.80583  2457434.81144  2016-02-16.3058356  coadd_bb272424 2.40 -1.91 17.931     >17.931  99.990        -131.99        38.41   -0.295       0.086       
2457438.89178  2457438.89740  2016-02-20.3917758  coadd_bb273881 2.13 -1.91 17.753     >17.753  99.990         105.51        45.26   0.236        0.101       
2457443.90518  2457443.91079  2016-02-25.4051854  coadd_bb275885 1.76 -1.91 17.846     >17.846  99.990          30.13        41.53   0.067        0.093       
2457444.80130  2457444.80690  2016-02-26.3013032  coadd_bb276209 1.77 -1.91 18.240     >18.240  99.990         -63.79        28.90   -0.143       0.065       
2457448.00860  2457448.01416  2016-02-29.5085990  coadd_bb277503 1.76 -1.91 18.276     >18.276  99.990          -1.87        27.96   -0.004       0.063       
2457448.98980  2457448.99535  2016-03-01.4898039  coadd_bb277884 1.75 -1.91 18.469     >18.469  99.990          28.56        23.42   0.064        0.052       
2457449.99003  2457449.99556  2016-03-02.4900361  coadd_bb278277 1.78 -1.91 18.358     >18.358  99.990         -56.50        25.94   -0.126       0.058       
2457450.97910  2457450.98461  2016-03-03.4791017  coadd_bb278681 1.71 -1.91 18.604     >18.604  99.990         -20.46        20.68   -0.046       0.046       
2457451.97185  2457451.97734  2016-03-04.4718490  coadd_bb279088 1.70 -1.91 18.604     >18.604  99.990         -47.57        20.68   -0.106       0.046       
2457452.89108  2457452.89655  2016-03-05.3910821  coadd_bb279438 1.65 -1.91 18.402     >18.402  99.990          16.35        24.91   0.037        0.056       
2457454.81537  2457454.82079  2016-03-07.3153770  coadd_bb280201 1.71 -1.91 18.498     >18.498  99.990          -7.95        22.79   -0.018       0.051       
2457455.92365  2457455.92904  2016-03-08.4236475  coadd_bb280687 1.68 -1.91 17.889     >17.889  99.990         -11.44        39.95   -0.026       0.089       
2457457.80697  2457457.81231  2016-03-10.3069754  coadd_bb281058 1.74 -1.91 18.678     >18.678  99.990         -23.43        19.31   -0.052       0.043       
2457459.83165  2457459.83692  2016-03-12.3316517  coadd_bb281864 1.63 -1.91 18.922     >18.922  99.990         -23.29        15.43   -0.052       0.035       
2457461.92726  2457461.93245  2016-03-14.4272631  coadd_bb282623 1.76 -1.91 17.280     >17.280  99.990          98.85        70.02   0.221        0.157       
2457462.87097  2457462.87612  2016-03-15.3709689  coadd_bb282985 1.73 -1.91 18.442     >18.442  99.990         -37.87        24.01   -0.085       0.054       
2457465.92776  2457465.93279  2016-03-18.4277590  coadd_bb283878 1.81 -1.91 17.743     >17.743  99.990          28.18        45.68   0.063        0.102       
2457471.92318  2457471.92792  2016-03-24.4231807  coadd_bb285839 1.85 -1.91 17.570     >17.570  99.990         -44.84        53.58   -0.100       0.120       
2457472.78683  2457472.79153  2016-03-25.2868355  coadd_bb286131 1.67 -1.91 17.720     >17.720  99.990         -19.52        46.65   -0.044       0.104       
2457475.88065  2457475.88517  2016-03-28.3806505  coadd_bb286738 1.73 -1.91 17.994     >17.994  99.990         -79.12        36.26   -0.177       0.081       
2457477.89301  2457477.89741  2016-03-30.3930180  coadd_bb287264 2.00 -1.91 18.689     >18.689  99.990         -17.74        19.12   -0.040       0.043       
2457479.89468  2457479.89895  2016-04-01.3946804  coadd_bb287989 1.85 -1.91 18.431     >18.431  99.990           9.75        24.25   0.022        0.054       
2457481.88027  2457481.88442  2016-04-03.3802715  coadd_bb288692 1.75 -1.91 18.625     >18.625  99.990         -43.34        20.28   -0.097       0.045       
2457482.91039  2457482.91447  2016-04-04.4103905  coadd_bb289108 1.68 -1.91 18.769     >18.769  99.990         -30.04        17.76   -0.067       0.040       
2457487.85492  2457487.85865  2016-04-09.3549215  coadd_bb289973 1.74 -1.91 18.444      18.367  0.340           77.14        23.95   0.173        0.054       
2457489.86153  2457489.86512  2016-04-11.3615362  coadd_bb290750 1.66 -1.91 18.743     >18.743  99.990         -37.03        18.18   -0.083       0.041       
2457492.81294  2457492.81630  2016-04-14.3129454  coadd_bb291811 1.77 -1.91 18.011     >18.011  99.990          20.96        35.69   0.047        0.080       
2457498.74944  2457498.75232  2016-04-20.2494405  coadd_bb293335 1.71 -1.91 17.464     >17.464  99.990           2.00        59.06   0.004        0.132       
2457500.82635  2457500.82905  2016-04-22.3263479  coadd_bb294153 1.74 -1.91 17.772     >17.772  99.990        -202.93        44.49   -0.454       0.100       
2457501.78455  2457501.78717  2016-04-23.2845501  coadd_bb294499 1.78 -1.91 17.686     >17.686  99.990         -29.42        48.15   -0.066       0.108       
2457503.84247  2457503.84492  2016-04-25.3424732  coadd_bb295146 1.69 -1.91 18.171     >18.171  99.990        -149.18        30.80   -0.334       0.069       
2457504.76645  2457504.76881  2016-04-26.2664506  coadd_bb295462 1.76 -1.91 18.568     >18.568  99.990         -40.32        21.37   -0.090       0.048       
2457507.83706  2457507.83915  2016-04-29.3370627  coadd_bb296565 2.01 -1.91 18.637     >18.637  99.990         -56.05        20.05   -0.125       0.045       
2457509.83291  2457509.83482  2016-05-01.3329168  coadd_bb297291 1.68 -1.91 18.276     >18.276  99.990         -10.39        27.97   -0.023       0.063       
2457510.82947  2457510.83129  2016-05-02.3294739  coadd_bb297445 1.76 -1.91 18.740     >18.740  99.990           8.96        18.25   0.020        0.041       
2457511.82615  2457511.82789  2016-05-03.3261584  coadd_bb297814 1.83 -1.91 18.376     >18.376  99.990           5.04        25.51   0.011        0.057       
2457512.81855  2457512.82019  2016-05-04.3185543  coadd_bb298178 1.66 -1.91 18.481      18.180  0.277           91.64        23.15   0.205        0.052       
2457513.80418  2457513.80573  2016-05-05.3041810  coadd_bb298536 1.73 -1.91 18.598     >18.598  99.990         -33.18        20.79   -0.074       0.047       
2457527.77444  2457527.77465  2016-05-19.2744428  coadd_bb301127 1.77 -1.91 17.713     >17.713  99.990          14.42        46.95   0.032        0.105       
2457529.76740  2457529.76743  2016-05-21.2674062  coadd_bb301792 1.72 -1.91 17.657     >17.657  99.990         -70.94        49.44   -0.159       0.111       
2457531.77488  2457531.77471  2016-05-23.2748799  coadd_bb302395 2.48 -1.91 17.159     >17.159  99.990         -14.63        78.26   -0.033       0.175       
2457532.76078  2457532.76051  2016-05-24.2607836  coadd_bb302714 1.98 -1.91 18.514     >18.514  99.990           9.84        22.45   0.022        0.050       
2457538.74367  2457538.74283  2016-05-30.2436723  coadd_bb303989 2.00 -1.91 17.927     >17.927  99.990         -59.96        38.56   -0.134       0.086       
2457670.14602  2457670.14200  2016-10-08.6460241  coadd_bb335191 1.79 -1.91 16.602     >16.602  99.990          78.79       130.71   0.176        0.292       
2457671.14156  2457671.13761  2016-10-09.6415627  coadd_bb335593 2.03 -1.91 17.598     >17.598  99.990          65.74        52.23   0.147        0.117       
2457672.14384  2457672.13996  2016-10-10.6438417  coadd_bb336000 1.69 -1.91 17.081     >17.081  99.990         234.20        84.03   0.524        0.188       
2457674.12841  2457674.12467  2016-10-12.6284078  coadd_bb336654 1.76 -1.91 18.209     >18.209  99.990         -14.08        29.75   -0.032       0.067       
2457679.11430  2457679.11095  2016-10-17.6143015  coadd_bb338679 1.84 -1.91 17.310     >17.310  99.990        -136.59        68.06   -0.306       0.152       
2457681.12856  2457681.12537  2016-10-19.6285577  coadd_bb339280 1.76 -1.91 17.773     >17.773  99.990         -48.83        44.45   -0.109       0.099       
2457689.13507  2457689.13257  2016-10-27.6350703  coadd_bb341545 1.71 -1.91 18.212     >18.212  99.990          43.22        29.66   0.097        0.066       
2457692.09622  2457692.09398  2016-10-30.5962184  coadd_bb342465 2.26 -1.91 18.483     >18.483  99.990         -18.62        23.11   -0.042       0.052       
2457696.12510  2457696.12324  2016-11-03.6251054  coadd_bb343904 1.70 -1.91 18.351     >18.351  99.990          12.92        26.09   0.029        0.058       
2457699.07884  2457699.07726  2016-11-06.5788415  coadd_bb345104 1.79 -1.91 18.379     >18.379  99.990         -35.81        25.43   -0.080       0.057       
2457701.08595  2457701.08456  2016-11-08.5859533  coadd_bb345836 1.72 -1.91 18.086     >18.086  99.990          31.92        33.31   0.071        0.075       
2457702.07100  2457702.06970  2016-11-09.5710006  coadd_bb346248 2.02 -1.91 18.418     >18.418  99.990          -3.02        24.54   -0.007       0.055       
2457705.05886  2457705.05786  2016-11-12.5588640  coadd_bb347479 2.10 -1.91 17.670     >17.670  99.990         -86.98        48.85   -0.195       0.109       
2457706.14192  2457706.14102  2016-11-13.6419203  coadd_bb347967 2.19 -1.91 18.052     >18.052  99.990          72.56        34.37   0.162        0.077       
2457707.05461  2457707.05380  2016-11-14.5546136  coadd_bb348325 1.82 -1.91 17.492     >17.492  99.990         -87.21        57.56   -0.195       0.129       
2457709.04681  2457709.04619  2016-11-16.5468074  coadd_bb349137 2.02 -1.91 17.579     >17.579  99.990         112.09        53.12   0.251        0.119       
2457711.10362  2457711.10321  2016-11-18.6036186  coadd_bb349988 1.76 -1.91 17.608     >17.608  99.990        -171.59        51.75   -0.384       0.116       
2457716.85472  2457716.85487  2016-11-24.3547194  coadd_bf253344 1.69 -2.30 18.017     >18.017  99.990         -62.85        24.98   -0.200       0.079       
2457719.13360  2457719.13398  2016-11-26.6335998  coadd_bb352216 1.80 -1.91 18.272     >18.272  99.990          55.38        28.06   0.124        0.063       
2457720.82591  2457720.82646  2016-11-28.3259120  coadd_bf254330 1.43 -2.30 18.470     >18.470  99.990         -41.73        16.46   -0.133       0.052       
2457722.09839  2457722.09907  2016-11-29.5983981  coadd_bb353325 2.10 -1.91 18.584     >18.584  99.990         -31.44        21.06   -0.070       0.047       
2457724.82448  2457724.82543  2016-12-02.3244853  coadd_bf255374 1.48 -2.30 18.624     >18.624  99.990           3.54        14.28   0.011        0.045       
2457728.79694  2457728.79827  2016-12-06.2969466  coadd_bf256628 1.44 -2.30 18.535     >18.535  99.990          23.25        15.51   0.074        0.049       
2457732.76942  2457732.77113  2016-12-10.2694256  coadd_bf257454 1.50 -2.30 18.218     >18.218  99.990         -22.44        20.76   -0.071       0.066       
2457737.98951  2457737.99171  2016-12-15.4895123  coadd_bb354990 1.76 -1.91 17.490     >17.490  99.990         -23.70        57.70   -0.053       0.129       
2457745.11657  2457745.11939  2016-12-22.6165671  coadd_bb355547 1.83 -1.91 18.585     >18.585  99.990         -31.82        21.04   -0.071       0.047       
2457751.07710  2457751.08042  2016-12-28.5771042  coadd_bb357605 1.76 -1.91 18.582     >18.582  99.990          24.50        21.10   0.055        0.047       
2457751.76486  2457751.76823  2016-12-29.2648565  coadd_bf262093 1.49 -2.30 18.415     >18.415  99.990         -24.80        17.32   -0.079       0.055       
2457754.75740  2457754.76100  2017-01-01.2573974  coadd_bf263034 1.43 -2.30 18.259     >18.259  99.990           4.87        19.99   0.015        0.064       
2457757.91726  2457757.92111  2017-01-04.4172674  coadd_bb359179 1.64 -1.91 18.289     >18.289  99.990         -85.25        27.63   -0.191       0.062       
2457758.99712  2457759.00104  2017-01-05.4971225  coadd_bb359667 1.78 -1.91 18.691     >18.691  99.990          38.22        19.08   0.086        0.043       
2457761.90357  2457761.90769  2017-01-08.4035748  coadd_bb360454 1.71 -1.91 17.804     >17.804  99.990          19.54        43.21   0.044        0.097       
2457763.06878  2457763.07298  2017-01-09.5687809  coadd_bb361008 1.70 -1.91 18.547     >18.547  99.990           1.59        21.79   0.004        0.049       
2457763.89664  2457763.90089  2017-01-10.3966423  coadd_bb361302 1.68 -1.91 17.386     >17.386  99.990          89.41        63.48   0.200        0.142       
2457764.81094  2457764.81525  2017-01-11.3109377  coadd_bf266153 1.45 -2.30 17.790     >17.790  99.990         -33.87        30.81   -0.108       0.098       
2457765.67805  2457765.68242  2017-01-12.1780569  coadd_bf266375 1.51 -2.30 16.755     >16.755  99.990          64.54        79.93   0.205        0.254       
2457772.09705  2457772.10179  2017-01-18.5970504  coadd_bb364528 2.17 -1.91 18.240     >18.240  99.990           8.62        28.90   0.019        0.065       
2457773.09363  2457773.09842  2017-01-19.5936299  coadd_bb364894 2.01 -1.91 18.300     >18.300  99.990          -8.98        27.35   -0.020       0.061       
2457773.97276  2457773.97759  2017-01-20.4727625  coadd_bb365227 2.00 -1.91 18.668     >18.668  99.990           6.95        19.50   0.016        0.044       
2457778.05776  2457778.06279  2017-01-24.5577648  coadd_bb366578 1.97 -1.91 18.717     >18.717  99.990           2.40        18.63   0.005        0.042       
2457779.94123  2457779.94634  2017-01-26.4412298  coadd_bb367264 2.02 -1.91 18.973     >18.973  99.990          25.05        14.71   0.056        0.033       
2457782.02167  2457782.02686  2017-01-28.5216741  coadd_bb368169 1.74 -1.91 18.675     >18.675  99.990          -5.76        19.37   -0.013       0.043       
2457783.95069  2457783.95596  2017-01-30.4506972  coadd_bb368906 1.80 -1.91 18.604     >18.604  99.990         -13.48        20.67   -0.030       0.046       
2457785.97761  2457785.98294  2017-02-01.4776138  coadd_bb369679 1.72 -1.91 18.226     >18.226  99.990          68.73        29.29   0.154        0.066       
2457786.88014  2457786.88550  2017-02-02.3801450  coadd_bb370003 1.75 -1.91 18.449     >18.449  99.990          -6.65        23.84   -0.015       0.053       
2457787.70398  2457787.70937  2017-02-03.2039855  coadd_bf272991 1.52 -2.30 18.329     >18.329  99.990         -21.36        18.75   -0.068       0.060       
2457789.82439  2457789.82983  2017-02-05.3243915  coadd_bb371099 1.78 -1.91 18.400     >18.400  99.990        -125.25        24.96   -0.280       0.056       
2457791.75547  2457791.76095  2017-02-07.2554702  coadd_bf274124 1.49 -2.30 17.864     >17.864  99.990          62.23        28.77   0.198        0.091       
2457798.90240  2457798.90800  2017-02-14.4023994  coadd_bb373463 1.98 -1.91 17.932     >17.932  99.990          15.09        38.40   0.034        0.086       
2457799.85337  2457799.85897  2017-02-15.3533678  coadd_bb373830 1.73 -1.91 18.031     >18.031  99.990        -110.59        35.03   -0.247       0.078       
2457801.97889  2457801.98451  2017-02-17.4788914  coadd_bb374676 2.08 -1.91 18.379     >18.379  99.990          -1.48        25.44   -0.003       0.057       
2457802.93753  2457802.94315  2017-02-18.4375283  coadd_bb374997 1.63 -1.91 18.725     >18.725  99.990          -0.88        18.50   -0.002       0.041       
2457805.81513  2457805.82075  2017-02-21.3151300  coadd_bf278660 1.44 -2.30 17.948     >17.948  99.990         -33.27        26.62   -0.106       0.085       
2457807.00368  2457807.00930  2017-02-22.5036796  coadd_bb376358 1.74 -1.91 18.869     >18.869  99.990         -28.21        16.20   -0.063       0.036       
2457811.82280  2457811.82838  2017-02-27.3227974  coadd_bb377528 1.77 -1.91 18.687     >18.687  99.990         -45.07        19.15   -0.101       0.043       
2457817.78133  2457817.78680  2017-03-05.2813275  coadd_bf281006 1.59 -2.30 18.443     >18.443  99.990          -8.49        16.88   -0.027       0.054       
2457821.79389  2457821.79926  2017-03-09.2938915  coadd_bf282166 2.15 -2.30 17.619     >17.619  99.990          73.68        36.06   0.234        0.115       
2457826.93292  2457826.93813  2017-03-14.4329244  coadd_bb380556 1.82 -1.91 17.884      17.548  0.269          163.92        40.14   0.367        0.090       
2457827.80061  2457827.80577  2017-03-15.3006076  coadd_bb380831 1.80 -1.91 17.858     >17.858  99.990          71.23        41.09   0.159        0.092       
2457829.71353  2457829.71862  2017-03-17.2135290  coadd_bf284847 1.48 -2.30 17.757     >17.757  99.990         -50.93        31.74   -0.162       0.101       
2457830.86492  2457830.86996  2017-03-18.3649245  coadd_bb381951 1.68 -1.91 18.683     >18.683  99.990          -2.10        19.21   -0.005       0.043       
2457833.86530  2457833.87020  2017-03-21.3652986  coadd_bb383117 1.69 -1.91 18.521     >18.521  99.990          42.43        22.32   0.095        0.050       
2457835.94546  2457835.95026  2017-03-23.4454659  coadd_bb383939 1.75 -1.91 18.627      18.488  0.322           69.02        20.24   0.154        0.045       
2457836.63592  2457836.64069  2017-03-24.1359236  coadd_bf287352 1.55 -2.30 18.277     >18.277  99.990          46.98        19.66   0.149        0.062       
2457839.93196  2457839.93655  2017-03-27.4319599  coadd_bb385298 2.02 -1.91 18.667     >18.667  99.990         -35.70        19.50   -0.080       0.044       
2457840.88259  2457840.88712  2017-03-28.3825876  coadd_bb385650 1.74 -1.91 18.642     >18.642  99.990          17.61        19.96   0.039        0.045       
2457841.87498  2457841.87945  2017-03-29.3749793  coadd_bb385920 1.73 -1.91 18.626     >18.626  99.990          13.75        20.26   0.031        0.045       
2457842.89847  2457842.90289  2017-03-30.3984730  coadd_bb386238 2.17 -1.91 18.545     >18.545  99.990          44.43        21.82   0.099        0.049       
2457844.59399  2457844.59830  2017-04-01.0939936  coadd_bf289429 1.44 -2.30 18.357     >18.357  99.990          -3.75        18.27   -0.012       0.058       
2457845.48178  2457845.48604  2017-04-01.9817822  coadd_bf289735 1.54 -2.30 17.770     >17.770  99.990         -37.78        31.36   -0.120       0.100       
2457847.75701  2457847.76112  2017-04-04.2570171  coadd_bb387624 1.83 -1.91 18.241     >18.241  99.990         -10.47        28.89   -0.023       0.065       
2457853.90139  2457853.90507  2017-04-10.4013971  coadd_bb389886 1.72 -1.91 16.487     >16.487  99.990         222.14       145.24   0.497        0.325       
2457854.88579  2457854.88939  2017-04-11.3857923  coadd_bb390228 1.68 -1.91 17.208     >17.208  99.990          26.79        74.81   0.060        0.167       
2457855.88151  2457855.88504  2017-04-12.3815167  coadd_bb390552 2.03 -1.91 17.577     >17.577  99.990          77.48        53.26   0.173        0.119       
2457858.88325  2457858.88654  2017-04-15.3832498  coadd_bb391034 1.79 -1.91 18.030     >18.030  99.990          12.76        35.06   0.029        0.078       
2457863.86907  2457863.87196  2017-04-20.3690702  coadd_bb392035 1.65 -1.91 18.741     >18.741  99.990          16.44        18.23   0.037        0.041       
2457864.55598  2457864.55882  2017-04-21.0559839  coadd_bf295730 1.47 -2.30 18.502     >18.502  99.990         -41.05        15.98   -0.130       0.051       
2457867.54155  2457867.54414  2017-04-24.0415564  coadd_bf296740 1.35 -2.30 18.493     >18.493  99.990          16.89        16.12   0.054        0.051       
2457870.79022  2457870.79252  2017-04-27.2902224  coadd_bb393485 1.81 -1.91 18.635     >18.635  99.990          24.19        20.09   0.054        0.045       
2457874.64555  2457874.64750  2017-05-01.1455489  coadd_bf299539 1.41 -2.30 18.210     >18.210  99.990         -29.38        20.93   -0.093       0.067       
2457880.80106  2457880.80245  2017-05-07.3010694  coadd_bb395528 2.01 -1.91 17.654     >17.654  99.990         -29.69        49.59   -0.066       0.111       
2457883.79854  2457883.79964  2017-05-10.2985410  coadd_bb396392 1.67 -1.91 17.643     >17.643  99.990         -88.69        50.08   -0.198       0.112       
2457885.79124  2457885.79215  2017-05-12.2912460  coadd_bb396952 1.73 -1.91 17.742     >17.742  99.990         -98.89        45.72   -0.221       0.102       
2457889.56191  2457889.56246  2017-05-16.0619100  coadd_bf303759 1.56 -2.30 18.279     >18.279  99.990         -46.29        19.63   -0.147       0.062       
2457893.76718  2457893.76733  2017-05-20.2671846  coadd_bb398838 1.96 -1.91 18.448     >18.448  99.990          -2.10        23.86   -0.005       0.053       
2457894.76767  2457894.76772  2017-05-21.2676710  coadd_bb399194 1.73 -1.91 18.565     >18.565  99.990          32.60        21.44   0.073        0.048       
2457895.76619  2457895.76614  2017-05-22.2661900  coadd_bb399536 1.80 -1.91 17.875     >17.875  99.990         -32.12        40.45   -0.072       0.091       
2457896.76453  2457896.76438  2017-05-23.2645319  coadd_bb399889 1.76 -1.91 18.756     >18.756  99.990         -14.15        17.98   -0.032       0.040       
2457898.75333  2457898.75299  2017-05-25.2533307  coadd_bb400431 1.79 -1.91 18.292     >18.292  99.990         -63.92        27.55   -0.143       0.062       
2457900.75422  2457900.75369  2017-05-27.2542221  coadd_bb401110 1.73 -1.91 18.429     >18.429  99.990         -20.72        24.28   -0.046       0.054       
2457902.56263  2457902.56193  2017-05-29.0626344  coadd_bf306891 1.48 -2.30 18.382     >18.382  99.990         -39.73        17.86   -0.126       0.057       
2457903.48157  2457903.48078  2017-05-29.9815685  coadd_bf307154 1.42 -2.30 18.319     >18.319  99.990          26.89        18.91   0.085        0.060       
2457910.53456  2457910.53310  2017-06-06.0345672  coadd_bf310066 1.44 -2.30 17.773     >17.773  99.990          30.46        31.29   0.097        0.099       
2457911.53726  2457911.53570  2017-06-07.0372603  coadd_bf310481 1.46 -2.30 17.665     >17.665  99.990         -33.73        34.57   -0.107       0.110       
2457913.53374  2457913.53200  2017-06-09.0337468  coadd_bf310939 1.54 -2.30 17.379     >17.379  99.990          39.26        44.97   0.125        0.143       
2457914.52327  2457914.52144  2017-06-10.0232695  coadd_bf311378 1.46 -2.30 17.574     >17.574  99.990         -34.53        37.59   -0.110       0.119       
2457915.52352  2457915.52159  2017-06-11.0235174  coadd_bf311827 1.46 -2.30 17.497     >17.497  99.990         -24.69        40.35   -0.078       0.128       
2457916.52224  2457916.52023  2017-06-12.0222393  coadd_bf312264 1.50 -2.30 17.698     >17.698  99.990         -52.33        33.53   -0.166       0.107       
2457918.51150  2457918.50931  2017-06-14.0115024  coadd_bf313129 1.47 -2.30 17.911     >17.911  99.990           4.41        27.56   0.014        0.088       
2457922.52390  2457922.52135  2017-06-18.0239004  coadd_bf314468 1.45 -2.30 18.133     >18.133  99.990          -0.43        22.45   -0.001       0.071       
2457924.49694  2457924.49422  2017-06-19.9969430  coadd_bf315344 1.45 -2.30 18.477     >18.477  99.990          -5.96        16.35   -0.019       0.052       
2457929.48192  2457929.47879  2017-06-24.9819310  coadd_bf317196 1.57 -2.30 18.090     >18.090  99.990          -6.13        23.37   -0.019       0.074       
2457935.46923  2457935.46563  2017-06-30.9692383  coadd_bf318935 1.69 -2.30 18.035     >18.035  99.990         -11.77        24.58   -0.037       0.078       
2457936.46401  2457936.46034  2017-07-01.9640190  coadd_bf319375 2.03 -2.30 17.973     >17.973  99.990         -32.62        26.01   -0.104       0.083       
2457939.45399  2457939.45009  2017-07-04.9539942  coadd_bf320417 1.57 -2.30 17.440     >17.440  99.990         -48.61        42.50   -0.155       0.135       
2458037.14126  2458037.13736  2017-10-10.6412637  coadd_bb433630 1.80 -1.91 17.420     >17.420  99.990        -115.52        61.55   -0.258       0.138       
2458038.13697  2458038.13314  2017-10-11.6369725  coadd_bb434031 1.71 -1.91 17.543     >17.543  99.990         131.32        54.93   0.294        0.123       
2458054.10506  2458054.10254  2017-10-27.6050670  coadd_bb435891 1.78 -1.91 18.191     >18.191  99.990          74.22        30.24   0.166        0.068       
2458055.10866  2458055.10623  2017-10-28.6086626  coadd_bb436302 1.76 -1.91 18.343      18.087  0.289           99.82        26.30   0.223        0.059       
2458056.10068  2458056.09834  2017-10-29.6006909  coadd_bb436701 1.86 -1.91 18.388     >18.388  99.990         -67.72        25.22   -0.152       0.056       
2458057.09684  2458057.09458  2017-10-30.5968417  coadd_bb437096 1.72 -1.91 18.268     >18.268  99.990         -83.06        28.17   -0.186       0.063       
2458060.08769  2458060.08571  2017-11-02.5876866  coadd_bb437680 2.17 -1.91 17.596     >17.596  99.990         -23.31        52.32   -0.052       0.117       
2458061.08362  2458061.08173  2017-11-03.5836231  coadd_bb438096 2.01 -1.91 17.301      17.168  0.323          232.69        68.65   0.521        0.154       
2458062.10202  2458062.10022  2017-11-04.6020207  coadd_bb438855 1.81 -1.91 17.484     >17.484  99.990         -42.99        57.99   -0.096       0.130       
2458064.08277  2458064.08116  2017-11-06.5827743  coadd_bb439555 1.79 -1.91 17.495     >17.495  99.990         -49.48        57.42   -0.111       0.128       
2458065.09793  2458065.09642  2017-11-07.5979370  coadd_bb439830 1.74 -1.91 17.735     >17.735  99.990          83.09        46.01   0.186        0.103       
2458066.09381  2458066.09239  2017-11-08.5938174  coadd_bb440179 1.72 -1.91 16.984     >16.984  99.990        -129.22        91.95   -0.289       0.206       
2458067.11672  2458067.11541  2017-11-09.6167251  coadd_bb440609 1.70 -1.91 17.678     >17.678  99.990         -84.00        48.50   -0.188       0.109       
2458075.15788  2458075.15735  2017-11-17.6578826  coadd_bb442700 1.72 -1.91 17.255      17.203  0.349          225.28        71.62   0.504        0.160       
2458076.12227  2458076.12183  2017-11-18.6222656  coadd_bb443094 1.73 -1.91 18.430     >18.430  99.990         -66.61        24.27   -0.149       0.054       
2458079.09203  2458079.09189  2017-11-21.5920315  coadd_bb443972 1.74 -1.91 18.458     >18.458  99.990           7.27        23.64   0.016        0.053       
2458092.04716  2458092.04829  2017-12-04.5471601  coadd_bb445668 1.66 -1.91 17.364     >17.364  99.990         -62.70        64.77   -0.140       0.145       
2458103.81653  2458103.81878  2017-12-16.3165340  coadd_bf367737 1.41 -2.30 18.300     >18.300  99.990          27.67        19.25   0.088        0.061       
2458118.10819  2458118.11166  2017-12-30.6081961  coadd_bb450313 2.26 -1.91 18.445     >18.445  99.990         -77.56        23.93   -0.174       0.054       
2458126.76566  2458126.76975  2018-01-08.2656622  coadd_bf371763 1.46 -2.30 17.785     >17.785  99.990          83.40        30.94   0.265        0.098       
2458128.70897  2458128.71320  2018-01-10.2089733  coadd_bf372357 1.43 -2.30 18.254     >18.254  99.990          -7.03        20.09   -0.022       0.064       
2458133.09133  2458133.09582  2018-01-14.5913267  coadd_bb456092 1.78 -1.91 18.469     >18.469  99.990          27.77        23.41   0.062        0.052       
2458134.08887  2458134.09343  2018-01-15.5888785  coadd_bb456496 1.72 -1.91 18.429     >18.429  99.990          24.01        24.29   0.054        0.054       
2458135.08938  2458135.09399  2018-01-16.5893891  coadd_bb456831 1.77 -1.91 18.130      18.074  0.347          100.99        32.00   0.226        0.072       
2458139.08323  2458139.08805  2018-01-20.5832303  coadd_bb458283 1.72 -1.91 18.561     >18.561  99.990          49.39        21.51   0.111        0.048       
2458140.08368  2458140.08856  2018-01-21.5836827  coadd_bb458430 1.81 -1.91 18.693     >18.693  99.990          22.59        19.05   0.051        0.043       
2458141.06463  2458141.06956  2018-01-22.5646343  coadd_bb458589 1.74 -1.91 18.746     >18.746  99.990          -1.95        18.14   -0.004       0.041       
2458148.05582  2458148.06104  2018-01-29.5558182  coadd_bb459690 1.75 -1.91 17.802     >17.802  99.990          60.71        43.26   0.136        0.097       
2458149.08725  2458149.09251  2018-01-30.5872502  coadd_bb460137 1.73 -1.91 17.451     >17.451  99.990          61.76        59.80   0.138        0.134       
2458149.78352  2458149.78880  2018-01-31.2835221  coadd_bf378919 1.75 -2.30 16.841      16.408  0.245          330.02        73.80   1.049        0.235       
2458158.95042  2458158.95594  2018-02-09.4504187  coadd_bb461485 2.09 -1.91 18.700     >18.700  99.990         -58.45        18.92   -0.131       0.042       
2458159.95855  2458159.96410  2018-02-10.4585564  coadd_bb461825 2.09 -1.91 18.523     >18.523  99.990          65.36        22.27   0.146        0.050       
2458160.97431  2458160.97987  2018-02-11.4743137  coadd_bb462014 2.11 -1.91 18.509     >18.509  99.990         -40.47        22.56   -0.091       0.050       
2458184.82098  2458184.82641  2018-03-07.3209829  coadd_bb464765 1.66 -1.91 18.741     >18.741  99.990          38.33        18.22   0.086        0.041       
2458185.80908  2458185.81449  2018-03-08.3090848  coadd_bb465144 1.67 -1.91 18.653     >18.653  99.990          47.56        19.76   0.106        0.044       
2458187.64881  2458187.65417  2018-03-10.1488152  coadd_bf389959 1.39 -2.30 18.371     >18.371  99.990          17.67        18.03   0.056        0.057       
2458188.60826  2458188.61358  2018-03-11.1082590  coadd_bf390327 1.40 -2.30 18.357     >18.357  99.990          -4.19        18.27   -0.013       0.058       
2458191.49796  2458191.50318  2018-03-13.9979599  coadd_bf391323 1.49 -2.30 17.677     >17.677  99.990          82.43        34.18   0.262        0.109       
2458194.70088  2458194.70598  2018-03-17.2008795  coadd_bf392649 1.39 -2.30 18.407     >18.407  99.990           7.75        17.45   0.025        0.055       
2458194.85335  2458194.85845  2018-03-17.3533550  coadd_bb466692 2.12 -1.91 18.578     >18.578  99.990         -17.76        21.17   -0.040       0.047       
2458195.88857  2458195.89362  2018-03-18.3885765  coadd_bb467086 2.01 -1.91 18.696     >18.696  99.990         -22.21        18.99   -0.050       0.042       
2458196.48973  2458196.49476  2018-03-18.9897312  coadd_bf393257 1.49 -2.30 17.311     >17.311  99.990          -0.38        47.86   -0.001       0.152       
2458197.48886  2458197.49384  2018-03-19.9888621  coadd_bf393647 1.46 -2.30 17.341     >17.341  99.990          17.32        46.56   0.055        0.148       
2458201.52045  2458201.52523  2018-03-24.0204501  coadd_bf395163 1.39 -2.30 18.475     >18.475  99.990          -8.81        16.38   -0.028       0.052       
2458202.53127  2458202.53601  2018-03-25.0312809  coadd_bf395503 1.34 -2.30 18.024     >18.024  99.990         -37.47        24.83   -0.119       0.079       
2458210.53642  2458210.54068  2018-04-02.0364196  coadd_bf398439 1.38 -2.30 17.631     >17.631  99.990          -2.19        35.66   -0.007       0.113       
2458225.65767  2458225.66084  2018-04-17.1576723  coadd_bf403981 1.42 -2.30 18.365     >18.365  99.990         -27.10        18.13   -0.086       0.058       
2458226.66469  2458226.66779  2018-04-18.1646956  coadd_bf404409 1.41 -2.30 18.376     >18.376  99.990         -14.96        17.96   -0.048       0.057       
2458228.61116  2458228.61410  2018-04-20.1111684  coadd_bf405213 1.49 -2.30 17.791     >17.791  99.990          -4.92        30.77   -0.016       0.098       
2458229.56830  2458229.57116  2018-04-21.0683056  coadd_bf405604 1.45 -2.30 17.569     >17.569  99.990          -0.13        37.74   -0.000       0.120       
2458246.61628  2458246.61761  2018-05-08.1162864  coadd_bf411860 1.41 -2.30 17.407     >17.407  99.990         -48.33        43.83   -0.154       0.139       
2458403.13337  2458403.12953  2018-10-11.6333789  coadd_bb512128 1.67 -1.91 18.119     >18.119  99.990          44.10        32.31   0.099        0.072       
2458407.12322  2458407.11967  2018-10-15.6232218  coadd_bb512667 2.40 -1.91 18.396     >18.396  99.990           9.83        25.03   0.022        0.056       
2458408.12664  2458408.12317  2018-10-16.6266427  coadd_bb512892 2.00 -1.91 18.341     >18.341  99.990         -14.67        26.34   -0.033       0.059       
2458409.11837  2458409.11498  2018-10-17.6183716  coadd_bb513283 1.72 -1.91 18.180     >18.180  99.990          -4.25        30.54   -0.010       0.068       
2458429.14538  2458429.14375  2018-11-06.6453775  coadd_bb517467 1.73 -1.91 18.147     >18.147  99.990          -8.46        31.48   -0.019       0.070       
2458432.12294  2458432.12160  2018-11-09.6229392  coadd_bb518291 1.65 -1.91 18.390     >18.390  99.990         -42.30        25.19   -0.095       0.056       
2458433.14390  2458433.14266  2018-11-10.6439061  coadd_bb518734 1.62 -1.91 18.389      18.146  0.292           94.53        25.21   0.212        0.056       
2458435.12653  2458435.12549  2018-11-12.6265324  coadd_bb519463 1.99 -1.91 18.878     >18.878  99.990          -1.94        16.06   -0.004       0.036       
2458436.14490  2458436.14395  2018-11-13.6448949  coadd_bb519906 1.65 -1.91 17.998     >17.998  99.990         -35.36        36.11   -0.079       0.081       
2458437.06023  2458437.05937  2018-11-14.5602353  coadd_bb520270 1.66 -1.91 18.534     >18.534  99.990          11.79        22.05   0.026        0.049       
2458442.14727  2458442.14691  2018-11-19.6472788  coadd_bb521230 1.70 -1.91 18.399     >18.399  99.990         -14.13        24.97   -0.032       0.056       
2458443.14763  2458443.14737  2018-11-20.6476289  coadd_bb521660 2.02 -1.91 18.517     >18.517  99.990         -19.81        22.41   -0.044       0.050       
2458444.04576  2458444.04559  2018-11-21.5457591  coadd_bb521773 1.68 -1.91 18.191     >18.191  99.990         -22.47        30.24   -0.050       0.068       
2458446.14877  2458446.14881  2018-11-23.6487864  coadd_bb522293 1.64 -1.91 17.667     >17.667  99.990         129.98        48.99   0.291        0.110       
2458447.15175  2458447.15189  2018-11-24.6517524  coadd_bb522726 2.05 -1.91 17.374     >17.374  99.990         -40.35        64.19   -0.090       0.144       
2458449.03993  2458449.04026  2018-11-26.5399406  coadd_bb523502 1.68 -1.91 17.664     >17.664  99.990          47.18        49.14   0.106        0.110       
