###  JD        HJD            UT_date             IMAGE          FWHM  Diff Limit      mag   mag_err       counts     count_err  flux (mJy)    flux_err
2458018.81676  2458018.82070  2017-09-22.3167621  coadd_bt000689 1.49 -2.28 18.614     >18.614  99.990        -148.45        14.63   -0.440       0.043       
2458019.81186  2458019.81586  2017-09-23.3118606  coadd_bt001155 1.47 -2.28 19.184     >19.184  99.990         -23.52         8.65   -0.070       0.026       
2458028.73164  2458028.73619  2017-10-02.2316494  coadd_bt002249 1.51 -2.28 18.412     >18.412  99.990          24.35        17.61   0.072        0.052       
2458040.95702  2458040.96213  2017-10-14.4570197  coadd_bt007293 1.59 -2.28 19.172     >19.172  99.990          -0.68         8.75   -0.002       0.026       
2458044.87066  2458044.87590  2017-10-18.3706596  coadd_bt004213 1.53 -2.28 19.254     >19.254  99.990           0.81         8.11   0.002        0.024       
2458047.89337  2458047.89870  2017-10-21.3933687  coadd_bt004914 1.50 -2.28 18.359      16.989  0.103          195.92        18.49   0.581        0.055       
2458048.87695  2458048.88230  2017-10-22.3769511  coadd_bt005150 1.53 -2.28 18.826     >18.826  99.990         -77.58        12.03   -0.230       0.036       
2458049.87860  2458049.88398  2017-10-23.3785994  coadd_bt005382 1.51 -2.28 18.338     >18.338  99.990        -229.21        18.85   -0.680       0.056       
2458051.77021  2458051.77563  2017-10-25.2702173  coadd_bt005876 2.32 -2.28 19.396     >19.396  99.990           5.49         7.11   0.016        0.021       
2458052.78487  2458052.79032  2017-10-26.2848760  coadd_bt006343 1.55 -2.28 18.903      18.284  0.206           59.43        11.20   0.176        0.033       
2458053.79038  2458053.79583  2017-10-27.2903813  coadd_bt008514 1.78 -2.28 18.966     >18.966  99.990         -54.83        10.58   -0.163       0.031       
2458054.67534  2458054.68081  2017-10-28.1753437  coadd_bt008845 1.62 -2.28 17.908     >17.908  99.990        -146.39        28.03   -0.434       0.083       
2458055.65304  2458055.65853  2017-10-29.1530520  coadd_bt009285 1.53 -2.28 18.549      17.696  0.166          102.19        15.52   0.303        0.046       
2458056.64910  2458056.65460  2017-10-30.1491025  coadd_bt009741 2.08 -2.28 18.702     >18.702  99.990           5.09        13.49   0.015        0.040       
2458058.68519  2458058.69071  2017-11-01.1851967  coadd_bt010397 1.53 -2.28 18.227     >18.227  99.990           4.75        20.88   0.014        0.062       
2458064.86766  2458064.87320  2017-11-07.3676671  coadd_bt012810 1.65 -2.28 18.164      17.299  0.164          147.23        22.13   0.437        0.066       
2458066.89893  2458066.90447  2017-11-09.3989335  coadd_bt013146 1.67 -2.28 18.667     >18.667  99.990          39.22        13.93   0.116        0.041       
2458067.90604  2458067.91157  2017-11-10.4060415  coadd_bt013490 1.58 -2.28 18.755     >18.755  99.990           2.15        12.84   0.006        0.038       
2458068.89484  2458068.90036  2017-11-11.3948402  coadd_bt013943 1.56 -2.28 18.779      18.293  0.233           58.92        12.56   0.175        0.037       
2458069.89775  2458069.90326  2017-11-12.3977552  coadd_bt014415 1.63 -2.28 18.978     >18.978  99.990         -20.42        10.46   -0.061       0.031       
2458071.85924  2458071.86473  2017-11-14.3592413  coadd_bt015044 1.59 -2.28 19.394     >19.394  99.990          15.22         7.13   0.045        0.021       
2458074.78728  2458074.79272  2017-11-17.2872872  coadd_bt015911 1.53 -2.28 19.282      18.991  0.278           30.98         7.90   0.092        0.023       
2458075.78803  2458075.79345  2017-11-18.2880313  coadd_bt016387 1.52 -2.28 18.860     >18.860  99.990         -63.17        11.65   -0.187       0.035       
2458077.76936  2458077.77473  2017-11-20.2693640  coadd_bt017265 1.67 -2.28 19.011      18.238  0.178           62.01        10.14   0.184        0.030       
2458079.77697  2458079.78230  2017-11-22.2769721  coadd_bt017848 1.69 -2.28 18.850     >18.850  99.990         -56.19        11.76   -0.167       0.035       
2458080.72440  2458080.72970  2017-11-23.2244020  coadd_bt018283 2.03 -2.28 19.092     >19.092  99.990         -47.75         9.41   -0.142       0.028       
2458081.72861  2458081.73388  2017-11-24.2286118  coadd_bt018764 1.59 -2.28 18.474     >18.474  99.990        -211.77        16.64   -0.628       0.049       
2458082.61453  2458082.61978  2017-11-25.1145430  coadd_bt019127 1.67 -2.28 18.377     >18.377  99.990         -70.62        18.19   -0.210       0.054       
2458083.59904  2458083.60426  2017-11-26.0990467  coadd_bt019469 1.61 -2.28 19.074     >19.074  99.990          -5.84         9.57   -0.017       0.028       
2458084.59950  2458084.60468  2017-11-27.0995067  coadd_bt019927 1.55 -2.28 19.091     >19.091  99.990          14.44         9.42   0.043        0.028       
2458085.66672  2458085.67186  2017-11-28.1667209  coadd_bt020459 1.52 -2.28 18.506     >18.506  99.990        -134.16        16.15   -0.398       0.048       
2458086.41482  2458086.41994  2017-11-28.9148263  coadd_bp006510 2.42 -1.81 18.050      17.984  0.344          120.36        37.74   0.233        0.073       
2458086.68669  2458086.69179  2017-11-29.1866906  coadd_bl025071 1.54 -1.97 18.061      17.318  0.184          192.98        32.45   0.429        0.072       
2458087.68844  2458087.69350  2017-11-30.1884417  coadd_bl025427 1.55 -1.97 17.769      17.587  0.309          150.63        42.49   0.335        0.095       
2458087.81876  2458087.82382  2017-11-30.3187730  coadd_bt021472 2.11 -2.28 17.817     >17.817  99.990          79.80        30.46   0.237        0.090       
2458092.40049  2458092.40536  2017-12-04.9004954  coadd_bp008671 2.37 -1.81 16.954     >16.954  99.990         128.98       103.54   0.249        0.200       
2458092.67372  2458092.67857  2017-12-05.1737194  coadd_bl027034 1.63 -1.97 17.600     >17.600  99.990          43.80        49.62   0.097        0.110       
2458094.66704  2458094.67180  2017-12-07.1670480  coadd_bl027304 1.48 -1.97 18.453     >18.453  99.990          28.20        22.62   0.063        0.050       
2458095.66380  2458095.66850  2017-12-08.1637980  coadd_bl027656 1.43 -1.97 18.538      17.379  0.125          182.41        20.91   0.406        0.047       
2458096.66041  2458096.66506  2017-12-09.1604150  coadd_bl028008 1.51 -1.97 19.127     >19.127  99.990         -38.43        12.16   -0.085       0.027       
2458097.65741  2458097.66201  2017-12-10.1574131  coadd_bl028361 1.50 -1.97 18.965      18.149  0.172           89.76        14.12   0.200        0.031       
2458099.65210  2458099.65658  2017-12-12.1520954  coadd_bl028672 1.54 -1.97 18.233      16.766  0.094          320.96        27.70   0.714        0.062       
2458101.64389  2458101.64826  2017-12-14.1438967  coadd_bl029174 1.59 -1.97 18.840      17.928  0.157          110.04        15.84   0.245        0.035       
2458103.64171  2458103.64596  2017-12-16.1417133  coadd_bl029547 1.61 -1.97 19.136     >19.136  99.990         -10.37        12.06   -0.023       0.027       
2458104.53803  2458104.54223  2017-12-17.0380392  coadd_bl029817 1.58 -1.97 18.733     >18.733  99.990          -7.83        17.48   -0.017       0.039       
2458105.53844  2458105.54257  2017-12-18.0384422  coadd_bl030171 1.52 -1.97 18.550     >18.550  99.990        -188.74        20.68   -0.420       0.046       
2458110.65717  2458110.66095  2017-12-23.1571778  coadd_bt028118 1.73 -2.28 18.991     >18.991  99.990         -49.35        10.34   -0.146       0.031       
2458112.55199  2458112.55563  2017-12-25.0519942  coadd_bl032509 1.47 -1.97 18.769      18.345  0.247           74.93        16.91   0.167        0.038       
2458113.61240  2458113.61597  2017-12-26.1124072  coadd_bl032909 1.66 -1.97 18.289     >18.289  99.990        -137.63        26.31   -0.306       0.059       
2458114.60890  2458114.61239  2017-12-27.1089021  coadd_bl033258 1.74 -1.97 18.096     >18.096  99.990        -103.85        31.42   -0.231       0.070       
2458118.62926  2458118.63244  2017-12-31.1292623  coadd_bt031352 1.59 -2.28 17.944     >17.944  99.990          46.84        27.11   0.139        0.080       
2458121.59066  2458121.59359  2018-01-03.0906656  coadd_bl035396 1.61 -1.97 17.598     >17.598  99.990          82.14        49.73   0.183        0.111       
2458124.65824  2458124.66091  2018-01-06.1582402  coadd_bt033326 1.56 -2.28 18.809     >18.809  99.990         -96.61        12.22   -0.287       0.036       
2458125.67552  2458125.67810  2018-01-07.1755182  coadd_bt033818 1.57 -2.28 17.883     >17.883  99.990          46.62        28.66   0.138        0.085       
2458126.67365  2458126.67615  2018-01-08.1736466  coadd_bt034186 1.47 -2.28 18.235     >18.235  99.990        -210.86        20.73   -0.626       0.062       
2458127.54583  2458127.54825  2018-01-09.0458302  coadd_bl037006 1.61 -1.97 18.669      17.716  0.151          133.82        18.54   0.298        0.041       
2458127.64361  2458127.64603  2018-01-09.1436130  coadd_bt034640 1.49 -2.28 18.898     >18.898  99.990          25.53        11.26   0.076        0.033       
2458128.54591  2458128.54825  2018-01-10.0459090  coadd_bl037364 1.50 -1.97 18.734      18.073  0.198           96.26        17.46   0.214        0.039       
2458128.63234  2458128.63467  2018-01-10.1323365  coadd_bt035109 2.05 -2.28 19.460     >19.460  99.990          -9.67         6.71   -0.029       0.020       
2458129.64288  2458129.64512  2018-01-11.1428788  coadd_bt035555 1.62 -2.28 19.241     >19.241  99.990          10.38         8.21   0.031        0.024       
2458130.64335  2458130.64550  2018-01-12.1433593  coadd_bt035715 1.47 -2.28 19.112      18.702  0.250           40.42         9.25   0.120        0.027       
2458132.62830  2458132.63027  2018-01-14.1283011  coadd_bt036166 1.57 -2.28 19.468     >19.468  99.990          -5.85         6.66   -0.017       0.020       
2458133.62154  2458133.62342  2018-01-15.1215462  coadd_bt036634 1.55 -2.28 19.298     >19.298  99.990         -29.81         7.79   -0.088       0.023       
2458319.69033  2458319.68863  2018-07-20.1903365  coadd_bp063595 1.53 -1.81 17.901     >17.901  99.990        -188.08        43.30   -0.363       0.084       
2458320.68618  2458320.68457  2018-07-21.1861855  coadd_bp064029 1.52 -1.81 18.442     >18.442  99.990          17.28        26.30   0.033        0.051       
2458321.68411  2458321.68259  2018-07-22.1841192  coadd_bp064465 1.53 -1.81 18.541     >18.541  99.990         -92.22        24.02   -0.178       0.046       
2458322.67961  2458322.67818  2018-07-23.1796091  coadd_bp064894 1.55 -1.81 18.928     >18.928  99.990          40.04        16.81   0.077        0.032       
2458323.67957  2458323.67823  2018-07-24.1795657  coadd_bp065293 1.68 -1.81 18.436      16.598  0.067          431.27        26.46   0.833        0.051       
2458324.67786  2458324.67661  2018-07-25.1778634  coadd_bp065658 1.73 -1.81 18.110     >18.110  99.990           1.33        35.72   0.003        0.069       
2458325.66953  2458325.66837  2018-07-26.1695295  coadd_bp065859 1.58 -1.81 18.481     >18.481  99.990          30.22        25.39   0.058        0.049       
2458325.90180  2458325.90067  2018-07-26.4018045  coadd_bt088226 1.62 -2.28 17.723     >17.723  99.990         -75.28        33.21   -0.223       0.099       
2458328.66326  2458328.66239  2018-07-29.1632643  coadd_bp066675 2.21 -1.81 17.965     >17.965  99.990          84.14        40.81   0.163        0.079       
2458331.90754  2458331.90697  2018-08-01.4075430  coadd_bl112238 1.68 -1.97 18.242     >18.242  99.990         -47.40        27.48   -0.105       0.061       
2458332.90777  2458332.90730  2018-08-02.4077776  coadd_bl112688 2.05 -1.97 17.755     >17.755  99.990        -129.42        43.04   -0.288       0.096       
2458345.63008  2458345.63080  2018-08-15.1300803  coadd_bp070175 1.52 -1.81 19.105      18.328  0.178           87.66        14.28   0.169        0.028       
2458346.62685  2458346.62767  2018-08-16.1268543  coadd_bp070595 1.54 -1.81 19.263     >19.263  99.990         -14.13        12.35   -0.027       0.024       
2458348.62397  2458348.62498  2018-08-18.1239760  coadd_bp071045 1.52 -1.81 19.045      18.979  0.344           48.12        15.10   0.093        0.029       
2458349.62569  2458349.62679  2018-08-19.1256979  coadd_bp071207 1.78 -1.81 19.212     >19.212  99.990          23.02        12.94   0.044        0.025       
2458351.82688  2458351.82818  2018-08-21.3268800  coadd_bt093401 1.56 -2.28 18.398     >18.398  99.990         -48.59        17.84   -0.144       0.053       
2458352.86660  2458352.86800  2018-08-22.3665981  coadd_bt093808 1.59 -2.28 18.500      18.270  0.295           60.22        16.24   0.179        0.048       
2458354.60415  2458354.60571  2018-08-24.1041488  coadd_bp072572 1.54 -1.81 18.291     >18.291  99.990         -48.85        30.23   -0.094       0.058       
2458354.94741  2458354.94900  2018-08-24.4474217  coadd_bt094412 1.48 -2.28 18.311      16.519  0.070          301.89        19.34   0.896        0.057       
2458355.60065  2458355.60230  2018-08-25.1006531  coadd_bp072905 1.64 -1.81 17.850     >17.850  99.990          63.59        45.37   0.123        0.088       
2458355.85472  2458355.85639  2018-08-25.3547263  coadd_bt094580 1.46 -2.28 17.687     >17.687  99.990         -69.22        34.35   -0.205       0.102       
2458356.84409  2458356.84586  2018-08-26.3440957  coadd_bl122602 1.61 -1.97 17.691     >17.691  99.990          71.52        45.65   0.159        0.102       
2458359.59782  2458359.59983  2018-08-29.0978206  coadd_bp073327 1.70 -1.81 17.943     >17.943  99.990          14.39        41.64   0.028        0.080       
2458365.57520  2458365.57773  2018-09-04.0752082  coadd_bp074998 1.64 -1.81 18.954     >18.954  99.990         -27.08        16.42   -0.052       0.032       
2458371.62471  2458371.62774  2018-09-10.1247196  coadd_bp075568 1.52 -1.81 19.066      18.546  0.226           71.68        14.81   0.138        0.029       
2458372.63198  2458372.63508  2018-09-11.1319751  coadd_bp075931 1.70 -1.81 18.928      18.207  0.187           98.02        16.82   0.189        0.032       
2458373.59611  2458373.59929  2018-09-12.0961107  coadd_bp076199 1.56 -1.81 18.925     >18.925  99.990        -126.50        16.86   -0.244       0.033       
2458375.63464  2458375.63798  2018-09-14.1346430  coadd_bp076603 1.57 -1.81 18.485      18.431  0.347           79.71        25.29   0.154        0.049       
2458375.78951  2458375.79286  2018-09-14.2895053  coadd_bl129892 1.59 -1.97 18.925     >18.925  99.990         -59.20        14.65   -0.132       0.033       
2458376.62631  2458376.62972  2018-09-15.1263074  coadd_bp076969 1.59 -1.81 18.428     >18.428  99.990        -204.22        26.65   -0.395       0.051       
2458377.61199  2458377.61547  2018-09-16.1119907  coadd_bp077371 1.73 -1.81 18.684      17.485  0.121          190.60        21.06   0.368        0.041       
2458392.75459  2458392.75907  2018-10-01.2545929  coadd_bt101741 2.08 -2.28 18.375     >18.375  99.990         -83.81        18.22   -0.249       0.054       
2458395.54971  2458395.55435  2018-10-04.0497150  coadd_bp079898 2.04 -1.81 19.067      18.326  0.184           87.86        14.79   0.170        0.029       
2458396.78762  2458396.79231  2018-10-05.2876274  coadd_bt102562 1.56 -2.28 18.657     >18.657  99.990        -133.42        14.05   -0.396       0.042       
2458398.52527  2458398.53006  2018-10-07.0252725  coadd_bp080638 1.53 -1.81 19.266      18.900  0.260           51.77        12.32   0.100        0.024       
2458398.79023  2458398.79503  2018-10-07.2902363  coadd_bl138131 1.47 -1.97 18.621     >18.621  99.990         -96.44        19.38   -0.215       0.043       
2458399.50835  2458399.51318  2018-10-08.0083444  coadd_bp081012 1.55 -1.81 18.674      17.891  0.177          131.15        21.24   0.253        0.041       
2458400.56465  2458400.56953  2018-10-09.0646561  coadd_bp081287 1.56 -1.81 18.593     >18.593  99.990        -177.80        22.90   -0.344       0.044       
2458401.54464  2458401.54956  2018-10-10.0446363  coadd_bp081641 1.49 -1.81 18.499     >18.499  99.990        -273.98        24.96   -0.529       0.048       
2458401.88549  2458401.89042  2018-10-10.3854902  coadd_bt103553 1.53 -2.28 18.692      17.557  0.128          116.04        13.61   0.344        0.040       
2458402.46275  2458402.46771  2018-10-10.9627597  coadd_bp081956 1.57 -1.81 19.022     >19.022  99.990           5.32        15.42   0.010        0.030       
2458402.71436  2458402.71933  2018-10-11.2143681  coadd_bt103807 1.46 -2.28 18.798      17.988  0.173           78.06        12.34   0.232        0.037       
2458405.89496  2458405.90006  2018-10-14.3949599  coadd_bt104451 1.51 -2.28 19.072      18.883  0.306           34.24         9.59   0.102        0.028       
2458407.71948  2458407.72464  2018-10-16.2194869  coadd_bl140315 1.46 -1.97 18.908     >18.908  99.990         -47.32        14.88   -0.105       0.033       
2458409.50022  2458409.50545  2018-10-18.0002237  coadd_bp083273 1.73 -1.81 18.874     >18.874  99.990          39.30        17.68   0.076        0.034       
2458409.69571  2458409.70094  2018-10-18.1957160  coadd_bH006614 1.46 -1.81 18.387      18.241  0.319           95.05        27.69   0.183        0.053       
2458410.50959  2458410.51485  2018-10-19.0095903  coadd_bp083581 1.49 -1.81 18.550     >18.550  99.990          63.42        23.82   0.123        0.046       
2458410.68801  2458410.69327  2018-10-19.1880129  coadd_bl141424 1.46 -1.97 17.991     >17.991  99.990        -131.06        34.62   -0.292       0.077       
2458411.45284  2458411.45812  2018-10-19.9528423  coadd_bp083821 1.72 -1.81 18.239      18.023  0.299          116.14        31.70   0.224        0.061       
2458412.69386  2458412.69918  2018-10-21.1938609  coadd_bH007753 1.44 -1.81 17.709     >17.709  99.990         111.27        51.72   0.215        0.100       
2458413.45586  2458413.46120  2018-10-21.9558623  coadd_bp084317 1.65 -1.81 17.489     >17.489  99.990         119.46        63.29   0.231        0.122       
2458413.68181  2458413.68715  2018-10-22.1818144  coadd_bl142547 1.54 -1.97 17.682     >17.682  99.990         103.22        46.03   0.230        0.102       
2458414.70877  2458414.71414  2018-10-23.2087703  coadd_bl142943 1.64 -1.97 17.529     >17.529  99.990        -124.68        52.96   -0.277       0.118       
2458420.84208  2458420.84757  2018-10-29.3420856  coadd_bt107001 1.46 -2.28 18.353     >18.353  99.990         -22.06        18.59   -0.065       0.055       
2458421.86710  2458421.87260  2018-10-30.3671109  coadd_bt107465 1.65 -2.28 18.744     >18.744  99.990          10.57        12.97   0.031        0.038       
2458425.47759  2458425.48312  2018-11-02.9776042  coadd_bp087739 2.20 -1.81 18.019      16.355  0.079          539.65        38.85   1.043        0.075       
2458426.64801  2458426.65355  2018-11-04.1480164  coadd_bH011828 1.50 -1.81 18.747     >18.747  99.990        -150.27        19.88   -0.290       0.038       
2458428.65045  2458428.65600  2018-11-06.1504609  coadd_bl146993 1.47 -1.97 19.036     >19.036  99.990          36.21        13.23   0.081        0.029       
2458428.82878  2458428.83432  2018-11-06.3287775  coadd_bt109636 1.55 -2.28 18.577     >18.577  99.990         -54.11        15.13   -0.161       0.045       
2458429.66551  2458429.67105  2018-11-07.1655098  coadd_bH012904 1.58 -1.81 18.951     >18.951  99.990           9.07        16.47   0.018        0.032       
2458430.46473  2458430.47027  2018-11-07.9647422  coadd_bp088534 2.22 -1.81 19.057     >19.057  99.990         -83.48        14.93   -0.161       0.029       
2458430.64021  2458430.64575  2018-11-08.1402114  coadd_bl147695 1.50 -1.97 18.803     >18.803  99.990         -21.47        16.39   -0.048       0.036       
2458430.82117  2458430.82670  2018-11-08.3211659  coadd_bt110513 2.02 -2.28 19.254     >19.254  99.990           8.26         8.11   0.024        0.024       
2458431.65064  2458431.65618  2018-11-09.1506396  coadd_bH013615 1.50 -1.81 18.671      17.448  0.118          197.32        21.33   0.381        0.041       
2458432.62882  2458432.63435  2018-11-10.1288214  coadd_bH013959 1.49 -1.81 18.998     >18.998  99.990         -66.04        15.77   -0.127       0.030       
2458434.62207  2458434.62758  2018-11-12.1220744  coadd_bl149088 1.52 -1.97 18.639      17.634  0.144          144.28        19.06   0.321        0.042       
2458434.80809  2458434.81361  2018-11-12.3081017  coadd_bt111393 2.21 -2.28 17.351     >17.351  99.990         -64.06        46.78   -0.190       0.139       
2458435.66719  2458435.67269  2018-11-13.1671895  coadd_bH014991 1.59 -1.81 18.891     >18.891  99.990         -78.56        17.42   -0.152       0.034       
2458437.44584  2458437.45133  2018-11-14.9458502  coadd_bp088915 1.57 -1.81 18.793      17.523  0.113          184.00        19.04   0.356        0.037       
2458437.69460  2458437.70008  2018-11-15.1946013  coadd_bH015543 1.44 -1.81 18.804      17.513  0.111          185.93        18.86   0.359        0.036       
2458438.45057  2458438.45604  2018-11-15.9505744  coadd_bp089231 1.64 -1.81 17.204     >17.204  99.990          17.95        82.29   0.035        0.159       
2458438.73464  2458438.74010  2018-11-16.2346410  coadd_bH015926 1.40 -1.81 18.495     >18.495  99.990         -36.22        25.07   -0.070       0.048       
2458439.44387  2458439.44933  2018-11-16.9438731  coadd_bp089498 1.57 -1.81 16.944     >16.944  99.990         302.13       104.56   0.584        0.202       
2458447.41542  2458447.42068  2018-11-24.9154234  coadd_bp091507 1.54 -1.81 17.619     >17.619  99.990         134.08        56.13   0.259        0.108       
2458448.78825  2458448.79347  2018-11-26.2882516  coadd_bt115712 1.46 -2.28 18.180     >18.180  99.990         -36.60        21.81   -0.109       0.065       
2458453.34452  2458453.34957  2018-11-30.8445211  coadd_bp092826 1.55 -1.81 18.600      17.563  0.140          177.32        22.75   0.343        0.044       
2458453.55875  2458453.56379  2018-12-01.0587560  coadd_bl155184 1.50 -1.97 18.920     >18.920  99.990          -7.47        14.72   -0.017       0.033       
2458454.37444  2458454.37945  2018-12-01.8744425  coadd_bp093158 1.51 -1.81 17.935     >17.935  99.990          78.28        41.98   0.151        0.081       
2458454.71512  2458454.72012  2018-12-02.2151267  coadd_bt117890 1.50 -2.28 18.909     >18.909  99.990         -38.57        11.14   -0.114       0.033       
2458455.40110  2458455.40607  2018-12-02.9011098  coadd_bp093478 1.54 -1.81 19.190     >19.190  99.990          26.80        13.21   0.052        0.026       
2458455.57400  2458455.57896  2018-12-03.0740002  coadd_bH021342 1.37 -1.81 18.593      17.416  0.123          203.21        22.90   0.392        0.044       
2458455.77443  2458455.77938  2018-12-03.2744375  coadd_bt118398 1.64 -2.28 18.791     >18.791  99.990         -88.36        12.42   -0.262       0.037       
2458456.55112  2458456.55604  2018-12-04.0511260  coadd_bH021646 1.42 -1.81 19.264     >19.264  99.990          26.35        12.35   0.051        0.024       
2458456.82358  2458456.82848  2018-12-04.3235793  coadd_bt118898 1.50 -2.28 18.448      16.993  0.095          195.11        17.04   0.579        0.051       
2458457.57886  2458457.58373  2018-12-05.0788635  coadd_bH021951 1.41 -1.81 18.802     >18.802  99.990          21.00        18.90   0.041        0.036       
2458457.80932  2458457.81417  2018-12-05.3093165  coadd_bt119346 1.51 -2.28 18.627      18.059  0.216           73.11        14.45   0.217        0.043       
2458459.54555  2458459.55032  2018-12-07.0455471  coadd_bl157150 1.61 -1.97 19.005      18.962  0.351           42.47        13.61   0.094        0.030       
2458460.54153  2458460.54626  2018-12-08.0415344  coadd_bH022879 1.50 -1.81 19.044     >19.044  99.990         -14.83        15.12   -0.029       0.029       
2458461.60845  2458461.61311  2018-12-09.1084447  coadd_bl157865 1.50 -1.97 18.963      18.135  0.170           90.96        14.14   0.202        0.031       
2458463.37371  2458463.37828  2018-12-10.8737060  coadd_bp094699 1.46 -1.81 19.141      18.660  0.234           64.55        13.82   0.125        0.027       
2458463.56497  2458463.56954  2018-12-11.0649768  coadd_bl158463 1.52 -1.97 18.914     >18.914  99.990         -41.63        14.79   -0.093       0.033       
2458464.37773  2458464.38225  2018-12-11.8777292  coadd_bp095002 1.53 -1.81 18.813     >18.813  99.990         -26.95        18.69   -0.052       0.036       
2458464.58389  2458464.58840  2018-12-12.0838895  coadd_bl158780 1.45 -1.97 18.944     >18.944  99.990         -57.23        14.40   -0.127       0.032       
2458465.36797  2458465.37243  2018-12-12.8679752  coadd_bp095296 1.47 -1.81 18.794      18.244  0.220           94.72        19.03   0.183        0.037       
2458465.61740  2458465.62185  2018-12-13.1174038  coadd_bH024504 1.42 -1.81 18.608      17.595  0.143          172.34        22.60   0.333        0.044       
2458466.36878  2458466.37318  2018-12-13.8687821  coadd_bp095621 1.51 -1.81 18.711     >18.711  99.990        -109.74        20.54   -0.212       0.040       
2458466.65049  2458466.65488  2018-12-14.1504962  coadd_bH024817 1.40 -1.81 18.797      18.288  0.228           91.04        18.99   0.176        0.037       
2458467.36761  2458467.37195  2018-12-14.8676192  coadd_bp095887 1.49 -1.81 18.349      16.929  0.098          318.05        28.66   0.615        0.055       
2458467.64678  2458467.65110  2018-12-15.1467754  coadd_bH025103 1.40 -1.81 18.491      17.974  0.227          121.52        25.17   0.235        0.049       
2458468.35151  2458468.35580  2018-12-15.8515118  coadd_bp096197 1.54 -1.81 18.217      17.751  0.238          149.18        32.37   0.288        0.063       
2458468.76959  2458468.77385  2018-12-16.2695931  coadd_bD005056 2.19 -1.58 19.175     >19.175  99.990         -47.72        16.66   -0.074       0.026       
2458469.35943  2458469.36365  2018-12-16.8594336  coadd_bp096402 1.45 -1.81 17.998      17.057  0.153          282.60        39.59   0.546        0.077       
2458473.87034  2458473.87426  2018-12-21.3703391  coadd_bD006954 1.65 -1.58 18.153     >18.153  99.990         103.51        42.72   0.161        0.066       
2458474.74728  2458474.75114  2018-12-22.2472872  coadd_bD007310 1.60 -1.58 18.200     >18.200  99.990          91.32        40.90   0.142        0.064       
2458475.88282  2458475.88660  2018-12-23.3828162  coadd_bD007827 1.97 -1.58 18.145     >18.145  99.990        -263.78        43.04   -0.410       0.067       
2458476.87237  2458476.87608  2018-12-24.3723716  coadd_bD008228 1.54 -1.58 18.337     >18.337  99.990         106.52        36.06   0.165        0.056       
2458477.34119  2458477.34486  2018-12-24.8411890  coadd_bp098394 1.61 -1.81 18.108      17.853  0.289          135.81        35.77   0.262        0.069       
2458478.78477  2458478.78834  2018-12-26.2847758  coadd_bt123316 1.58 -2.28 18.066     >18.066  99.990          -3.68        24.21   -0.011       0.072       
2458480.32901  2458480.33246  2018-12-27.8290109  coadd_bp099186 1.58 -1.81 18.891      18.419  0.236           80.59        17.39   0.156        0.034       
2458481.32547  2458481.32884  2018-12-28.8254686  coadd_bp099338 1.58 -1.81 18.572      16.988  0.084          301.27        23.33   0.582        0.045       
2458481.54066  2458481.54402  2018-12-29.0406590  coadd_bl164105 1.68 -1.97 18.759      18.552  0.302           61.93        17.06   0.138        0.038       
2458483.31816  2458483.32138  2018-12-30.8181563  coadd_bp099981 1.59 -1.81 18.540      16.802  0.073          357.46        24.04   0.691        0.046       
2458483.53834  2458483.54154  2018-12-31.0383388  coadd_bl164765 1.49 -1.97 18.463     >18.463  99.990        -107.35        22.42   -0.239       0.050       
2458484.32134  2458484.32448  2018-12-31.8213400  coadd_bp100301 1.63 -1.81 18.895      18.377  0.226           83.82        17.34   0.162        0.034       
2458484.58320  2458484.58632  2019-01-01.0832075  coadd_bl165132 1.50 -1.97 18.456      17.585  0.163          150.96        22.57   0.336        0.050       
2458484.85861  2458484.86170  2019-01-01.3586086  coadd_bD009446 2.29 -1.58 19.131      17.794  0.106          178.29        17.36   0.277        0.027       
2458485.31649  2458485.31955  2019-01-01.8164900  coadd_bp100620 1.59 -1.81 18.696     >18.696  99.990        -239.80        20.83   -0.463       0.040       
2458485.59347  2458485.59651  2019-01-02.0934768  coadd_bH030499 1.45 -1.81 18.672     >18.672  99.990         -85.14        21.30   -0.164       0.041       
2458485.81709  2458485.82011  2019-01-02.3171033  coadd_bD009781 1.54 -1.58 18.914      17.120  0.070          331.89        21.20   0.515        0.033       
2458486.31681  2458486.31978  2019-01-02.8168048  coadd_bp100788 1.62 -1.81 18.951     >18.951  99.990         -89.19        16.47   -0.172       0.032       
2458486.58426  2458486.58721  2019-01-03.0842625  coadd_bH030811 1.41 -1.81 17.949     >17.949  99.990         101.68        41.48   0.196        0.080       
2458486.85374  2458486.85667  2019-01-03.3537421  coadd_bD010267 1.63 -1.58 19.408      18.753  0.199           73.72        13.44   0.114        0.021       
2458487.30053  2458487.30343  2019-01-03.8005296  coadd_bp100870 1.60 -1.81 19.140     >19.140  99.990         -65.67        13.83   -0.127       0.027       
2458487.58182  2458487.58469  2019-01-04.0818170  coadd_bH031129 1.46 -1.81 18.834      18.538  0.278           72.34        18.35   0.140        0.035       
2458488.57819  2458488.58098  2019-01-05.0781870  coadd_bH031446 1.38 -1.81 18.643      17.510  0.128          186.40        21.89   0.360        0.042       
2458489.57799  2458489.58069  2019-01-06.0779847  coadd_bH031768 1.45 -1.81 18.818     >18.818  99.990         -18.62        18.62   -0.036       0.036       
2458489.84067  2458489.84335  2019-01-06.3406734  coadd_bD010992 1.49 -1.58 19.266      18.231  0.140          119.27        15.32   0.185        0.024       
2458490.57888  2458490.58150  2019-01-07.0788831  coadd_bl167095 1.45 -1.97 18.784      18.359  0.247           73.99        16.67   0.165        0.037       
2458490.79833  2458490.80093  2019-01-07.2983295  coadd_bD011370 1.61 -1.58 18.893      17.395  0.091          257.56        21.60   0.400        0.034       
2458491.29962  2458491.30217  2019-01-07.7996251  coadd_bp101284 1.60 -1.81 18.257     >18.257  99.990        -121.34        31.19   -0.234       0.060       
2458491.57974  2458491.58227  2019-01-08.0797348  coadd_bl167399 1.54 -1.97 18.665     >18.665  99.990         -84.14        18.60   -0.187       0.041       
2458492.29964  2458492.30211  2019-01-08.7996440  coadd_bp101613 2.23 -1.81 18.693      18.261  0.245           93.28        20.87   0.180        0.040       
2458492.56626  2458492.56871  2019-01-09.0662670  coadd_bH032650 1.39 -1.81 19.221     >19.221  99.990          -2.35        12.85   -0.005       0.025       
2458492.83463  2458492.83706  2019-01-09.3346346  coadd_bD012057 1.50 -1.58 18.889      17.154  0.073          321.54        21.69   0.499        0.034       
2458493.53133  2458493.53369  2019-01-10.0313361  coadd_bH032945 1.48 -1.81 17.608     >17.608  99.990         -77.56        56.76   -0.150       0.110       
2458494.28902  2458494.29131  2019-01-10.7890149  coadd_bp102012 1.59 -1.81 18.214      17.737  0.235          151.05        32.46   0.292        0.063       
2458494.82760  2458494.82985  2019-01-11.3276037  coadd_bD012952 1.52 -1.58 19.488     >19.488  99.990           0.09        12.49   0.000        0.019       
2458495.71689  2458495.71905  2019-01-12.2168869  coadd_bD013317 1.46 -1.58 18.913      17.905  0.144          160.96        21.21   0.250        0.033       
2458497.28249  2458497.28451  2019-01-13.7824896  coadd_bp102414 2.36 -1.81 17.414      16.914  0.231          322.33        67.79   0.623        0.131       
2458501.79663  2458501.79824  2019-01-18.2966329  coadd_bD015931 1.56 -1.58 18.204      16.927  0.112          396.34        40.74   0.616        0.063       
2458502.53725  2458502.53879  2019-01-19.0372496  coadd_bl170969 2.11 -1.97 17.557     >17.557  99.990         -85.69        51.65   -0.191       0.115       
2458503.53729  2458503.53874  2019-01-20.0372986  coadd_bH036134 1.78 -1.81 17.429     >17.429  99.990         138.34        66.95   0.267        0.129       
2458503.79367  2458503.79509  2019-01-20.2936688  coadd_bD016227 1.51 -1.58 17.980      17.411  0.216          253.78        50.07   0.394        0.078       
2458504.77872  2458504.78004  2019-01-21.2787149  coadd_bD016596 1.47 -1.58 18.345     >18.345  99.990        -110.46        35.78   -0.172       0.056       
2458506.79472  2458506.79586  2019-01-23.2947282  coadd_bD017510 1.51 -1.58 18.442      17.826  0.207          173.08        32.73   0.269        0.051       
2458507.52821  2458507.52927  2019-01-24.0282112  coadd_bH037459 1.56 -1.81 17.607      17.364  0.292          213.19        56.80   0.412        0.110       
2458508.78820  2458508.78915  2019-01-25.2882126  coadd_bD018378 1.46 -1.58 19.151      18.015  0.128          145.46        17.04   0.226        0.026       
2458519.71354  2458519.71342  2019-02-05.2135387  coadd_bD019640 1.62 -1.58 18.217     >18.217  99.990          74.90        40.25   0.116        0.063       
2458539.60278  2458539.60077  2019-02-25.1027893  coadd_bt138245 1.47 -2.28 18.885     >18.885  99.990         -23.70        11.39   -0.070       0.034       
2458540.60327  2458540.60117  2019-02-26.1032734  coadd_bt138673 1.52 -2.28 18.435      17.239  0.121          155.55        17.25   0.462        0.051       
2458541.59279  2458541.59060  2019-02-27.0927924  coadd_bt139038 1.54 -2.28 19.027     >19.027  99.990          21.46         9.99   0.064        0.030       
2458543.59738  2458543.59501  2019-03-01.0973858  coadd_bt139536 1.54 -2.28 18.832     >18.832  99.990          25.81        11.96   0.077        0.036       
2458546.58414  2458546.58151  2019-03-04.0841523  coadd_bt140778 2.03 -2.28 18.328      17.982  0.265           78.51        19.03   0.233        0.056       
2458548.58134  2458548.57854  2019-03-06.0813489  coadd_bt141020 1.43 -2.28 18.147     >18.147  99.990           5.11        22.48   0.015        0.067       
2458655.11348  2458655.10940  2019-06-20.6134803  coadd_bD048078 1.47 -1.58 17.710      16.079  0.081          865.63        64.21   1.344        0.100       
2458656.10966  2458656.10565  2019-06-21.6096702  coadd_bD048441 1.44 -1.58 17.992      16.859  0.129          421.82        49.55   0.655        0.077       
2458660.10259  2458660.09885  2019-06-25.6025908  coadd_bD049395 1.47 -1.58 18.464     >18.464  99.990        -255.91        32.09   -0.397       0.050       
2458667.93882  2458667.93567  2019-07-03.4388247  coadd_bH091477 1.51 -1.81 18.087      17.793  0.278          143.65        36.50   0.277        0.070       
2458670.08461  2458670.08163  2019-07-05.5846070  coadd_bD051114 1.44 -1.58 19.245      18.652  0.211           80.94        15.62   0.126        0.024       
2458670.95598  2458670.95307  2019-07-06.4559825  coadd_bt169849 1.50 -2.28 17.086     >17.086  99.990         159.92        59.73   0.474        0.177       
2458672.12361  2458672.12079  2019-07-07.6236060  coadd_bD051868 1.52 -1.58 17.486      17.131  0.264          328.31        78.97   0.510        0.123       
2458673.94039  2458673.93773  2019-07-09.4403981  coadd_bt170326 1.45 -2.28 18.504     >18.504  99.990         -27.84        16.19   -0.083       0.048       
2458675.08688  2458675.08431  2019-07-10.5868813  coadd_bD052417 1.48 -1.58 18.836      17.419  0.099          251.93        22.76   0.391        0.035       
2458676.08678  2458676.08430  2019-07-11.5867859  coadd_bD052699 1.48 -1.58 19.084      18.239  0.167          118.36        18.12   0.184        0.028       
2458679.05187  2458679.04964  2019-07-14.5518798  coadd_bD053428 1.52 -1.58 18.305     >18.305  99.990         -17.35        37.12   -0.027       0.058       
2458682.06128  2458682.05932  2019-07-17.5612861  coadd_bD054383 1.48 -1.58 17.376     >17.376  99.990         -72.98        87.36   -0.113       0.136       
2458683.09337  2458683.09150  2019-07-18.5933708  coadd_bD054780 1.51 -1.58 18.275     >18.275  99.990          63.49        38.19   0.099        0.059       
2458684.07764  2458684.07586  2019-07-19.5776427  coadd_bD055122 1.67 -1.58 18.515     >18.515  99.990         -33.71        30.60   -0.052       0.048       
2458684.94241  2458684.94071  2019-07-20.4424178  coadd_bl238699 1.48 -1.97 17.823     >17.823  99.990           5.90        40.42   0.013        0.090       
2458688.90606  2458688.90472  2019-07-24.4060633  coadd_bt174113 1.51 -2.28 17.799      17.377  0.248          136.97        30.98   0.406        0.092       
2458693.04107  2458693.04011  2019-07-28.5410715  coadd_bD057421 1.48 -1.58 18.904     >18.904  99.990        -184.55        21.40   -0.287       0.033       
2458695.12362  2458695.12285  2019-07-30.6236290  coadd_bD057968 1.46 -1.58 18.838     >18.838  99.990          54.59        22.73   0.085        0.035       
2458697.91608  2458697.91558  2019-08-02.4160755  coadd_bt176442 1.47 -2.28 18.309      17.059  0.115          183.73        19.36   0.545        0.057       
2458700.07995  2458700.07966  2019-08-04.5799527  coadd_bD058779 1.48 -1.58 19.003      18.214  0.176          121.11        19.53   0.188        0.030       
2458701.07955  2458701.07935  2019-08-05.5795541  coadd_bD059102 1.48 -1.58 19.390      19.162  0.296           50.58        13.67   0.079        0.021       
2458704.01336  2458704.01343  2019-08-08.5133592  coadd_bD059559 1.48 -1.58 19.160     >19.160  99.990         -61.08        16.89   -0.095       0.026       
2458704.85754  2458704.85770  2019-08-09.3575416  coadd_bH105121 1.49 -1.81 18.820     >18.820  99.990          28.49        18.59   0.055        0.036       
2458704.90770  2458704.90786  2019-08-09.4077068  coadd_bt178275 1.51 -2.28 18.482      17.497  0.147          122.64        16.51   0.364        0.049       
2458705.90327  2458705.90353  2019-08-10.4032746  coadd_bt178528 1.44 -2.28 18.492     >18.492  99.990         -78.14        16.35   -0.232       0.049       
2458706.94796  2458706.94832  2019-08-11.4479665  coadd_bt178798 1.46 -2.28 18.755      18.234  0.225           62.23        12.84   0.185        0.038       
2458707.88281  2458707.88326  2019-08-12.3828144  coadd_bH106312 1.51 -1.81 18.711      17.812  0.159          141.13        20.55   0.272        0.040       
2458709.01463  2458709.01518  2019-08-13.5146259  coadd_bD061422 1.47 -1.58 18.217      17.051  0.125          353.39        40.25   0.549        0.063       
2458712.86897  2458712.86989  2019-08-17.3689712  coadd_bl249395 1.56 -1.97 17.556     >17.556  99.990         118.20        51.66   0.263        0.115       
2458713.92388  2458713.92489  2019-08-18.4238790  coadd_bt180127 2.32 -2.28 17.030     >17.030  99.990        -154.68        62.91   -0.459       0.187       
2458720.55835  2458720.55998  2019-08-25.0583629  coadd_bp160915 1.59 -1.81 18.446     >18.446  99.990        -175.77        26.20   -0.340       0.051       
2458721.11818  2458721.11985  2019-08-25.6181793  coadd_bD065228 1.51 -1.58 18.868     >18.868  99.990          63.74        22.10   0.099        0.034       
2458721.81763  2458721.81937  2019-08-26.3176339  coadd_bl253085 1.50 -1.97 19.194     >19.194  99.990           2.01        11.44   0.004        0.025       
2458722.13596  2458722.13773  2019-08-26.6359606  coadd_bD065635 1.47 -1.58 17.938     >17.938  99.990         107.31        52.05   0.167        0.081       
2458724.86102  2458724.86303  2019-08-29.3610256  coadd_bt183194 1.50 -2.28 18.248     >18.248  99.990         -25.49        20.48   -0.076       0.061       
2458726.08790  2458726.09002  2019-08-30.5879019  coadd_bD066986 1.50 -1.58 18.214     >18.214  99.990        -166.63        40.36   -0.259       0.063       
2458727.10288  2458727.10508  2019-08-31.6028759  coadd_bD067366 1.51 -1.58 19.654     >19.654  99.990          25.88        10.71   0.040        0.017       
2458727.64832  2458727.65057  2019-09-01.1483262  coadd_bp162663 1.57 -1.81 18.768     >18.768  99.990         -82.38        19.48   -0.159       0.038       
2458729.58104  2458729.58346  2019-09-03.0810430  coadd_bp163458 1.59 -1.81 19.333     >19.333  99.990           6.28        11.58   0.012        0.022       
2458733.98503  2458733.98782  2019-09-07.4850310  coadd_bD069043 1.49 -1.58 18.790      17.031  0.072          360.03        23.75   0.559        0.037       
2458736.99724  2458737.00027  2019-09-10.4972373  coadd_bD069691 1.45 -1.58 17.759     >17.759  99.990         -43.27        61.41   -0.067       0.095       
2458741.75732  2458741.76073  2019-09-15.2573253  coadd_bH118181 1.68 -1.81 17.089     >17.089  99.990         -55.51        91.51   -0.107       0.177       
2458747.50528  2458747.50910  2019-09-21.0052815  coadd_bp168009 1.56 -1.81 17.315     >17.315  99.990        -250.11        74.29   -0.483       0.144       
2458750.55661  2458750.56063  2019-09-24.0566137  coadd_bp168653 1.55 -1.81 18.911      17.803  0.131          142.14        17.08   0.275        0.033       
2458751.14412  2458751.14818  2019-09-24.6441267  coadd_bD073736 1.46 -1.58 18.051      17.858  0.306          168.18        46.92   0.261        0.073       
2458752.13952  2458752.14365  2019-09-25.6395228  coadd_bD074142 1.45 -1.58 18.505     >18.505  99.990           2.82        30.88   0.004        0.048       
2458752.58106  2458752.58521  2019-09-26.0810578  coadd_bp169132 1.52 -1.81 18.826      18.220  0.209           96.84        18.47   0.187        0.036       
2458753.13892  2458753.14311  2019-09-26.6389224  coadd_bD074551 1.51 -1.58 18.584      17.831  0.182          172.34        28.71   0.268        0.045       
2458754.11090  2458754.11515  2019-09-27.6109042  coadd_bD074871 1.44 -1.58 19.000     >19.000  99.990        -112.56        19.57   -0.175       0.030       
2458757.06728  2458757.07171  2019-09-30.5672844  coadd_bD075735 1.50 -1.58 19.142     >19.142  99.990         -93.25        17.17   -0.145       0.027       
2458758.83492  2458758.83944  2019-10-02.3349186  coadd_bt189395 1.58 -2.28 18.792     >18.792  99.990          -1.64        12.41   -0.005       0.037       
2458762.50267  2458762.50739  2019-10-06.0026761  coadd_bp171650 1.50 -1.81 19.038      18.457  0.213           77.84        15.19   0.150        0.029       
2458762.86307  2458762.86781  2019-10-06.3630724  coadd_bD076809 1.47 -1.58 18.855     >18.855  99.990         -45.37        22.37   -0.070       0.035       
2458763.49829  2458763.50306  2019-10-06.9982995  coadd_bp171963 1.55 -1.81 17.987      17.241  0.184          238.65        39.99   0.461        0.077       
2458764.49040  2458764.49522  2019-10-07.9904079  coadd_bp172230 1.55 -1.81 18.038      16.903  0.128          325.63        38.18   0.629        0.074       
2458764.84374  2458764.84858  2019-10-08.3437456  coadd_bD077509 1.44 -1.58 19.062      17.663  0.100          201.18        18.49   0.312        0.029       
2458765.48469  2458765.48955  2019-10-08.9846894  coadd_bp172583 1.51 -1.81 18.064      17.697  0.260          156.77        37.26   0.303        0.072       
2458765.87298  2458765.87786  2019-10-09.3729810  coadd_bD077945 1.46 -1.58 19.110     >19.110  99.990         -73.70        17.69   -0.114       0.027       
2458774.73387  2458774.73909  2019-10-18.2338719  coadd_bH129481 1.43 -1.81 17.796     >17.796  99.990        -158.28        47.75   -0.306       0.092       
2458775.71111  2458775.71637  2019-10-19.2111134  coadd_bl272328 1.51 -1.97 18.001     >18.001  99.990          70.36        34.29   0.157        0.076       
2458776.73209  2458776.73737  2019-10-20.2320886  coadd_bl272661 1.47 -1.97 18.216     >18.216  99.990          24.19        28.14   0.054        0.063       
2458777.75447  2458777.75978  2019-10-21.2544703  coadd_bH130446 1.46 -1.81 18.335      16.664  0.078          406.19        29.06   0.784        0.056       
2458780.87319  2458780.87858  2019-10-24.3731920  coadd_bD082488 1.47 -1.58 19.352     >19.352  99.990         -33.02        14.16   -0.051       0.022       
2458781.92481  2458781.93022  2019-10-25.4248103  coadd_bD082950 1.47 -1.58 18.685     >18.685  99.990        -499.42        26.16   -0.776       0.041       
2458782.96604  2458782.97148  2019-10-26.4660416  coadd_bD083405 1.46 -1.58 18.933      17.591  0.106          214.93        20.83   0.334        0.032       
2458784.81554  2458784.82100  2019-10-28.3155403  coadd_bt197378 1.50 -2.28 18.544      17.343  0.120          141.40        15.59   0.420        0.046       
2458785.80304  2458785.80852  2019-10-29.3030405  coadd_bt197784 1.51 -2.28 19.061     >19.061  99.990         -19.97         9.69   -0.059       0.029       
2458787.67417  2458787.67968  2019-10-31.1741787  coadd_bl276246 1.47 -1.97 17.931      17.059  0.163          245.12        36.60   0.545        0.081       
2458787.96409  2458787.96960  2019-10-31.4640898  coadd_bD083897 1.44 -1.58 18.916      17.766  0.126          183.04        21.16   0.284        0.033       
2458788.85853  2458788.86405  2019-11-01.3585401  coadd_bt198871 1.64 -2.28 19.187     >19.187  99.990          -7.82         8.63   -0.023       0.026       
2458789.78961  2458789.79514  2019-11-02.2896180  coadd_bt199258 1.56 -2.28 18.782     >18.782  99.990         -94.60        12.53   -0.281       0.037       
2458790.75796  2458790.76349  2019-11-03.2579587  coadd_bD084706 1.48 -1.58 19.071     >19.071  99.990         -30.57        18.34   -0.047       0.028       
2458791.73219  2458791.73773  2019-11-04.2321914  coadd_bH134190 1.43 -1.81 18.412      17.222  0.122          242.96        27.06   0.469        0.052       
2458791.91223  2458791.91777  2019-11-04.4122313  coadd_bt200218 1.44 -2.28 18.797     >18.797  99.990         -66.58        12.35   -0.198       0.037       
2458792.65111  2458792.65666  2019-11-05.1511199  coadd_bl277488 1.47 -1.97 17.914     >17.914  99.990          37.01        37.16   0.082        0.083       
2458792.82244  2458792.82798  2019-11-05.3224464  coadd_bt200589 1.48 -2.28 18.702      17.640  0.137          107.51        13.48   0.319        0.040       
2458793.69706  2458793.70260  2019-11-06.1970615  coadd_bl277876 1.59 -1.97 18.115     >18.115  99.990          25.85        30.88   0.057        0.069       
2458794.45919  2458794.46474  2019-11-06.9592011  coadd_bp179353 1.70 -1.81 16.904      16.048  0.166          715.52       108.49   1.382        0.210       
2458794.68915  2458794.69469  2019-11-07.1891476  coadd_bl278221 1.47 -1.97 17.199     >17.199  99.990          80.83        71.82   0.180        0.160       
2458794.78420  2458794.78974  2019-11-07.2842006  coadd_bD086089 1.49 -1.58 18.626     >18.626  99.990        -122.43        27.62   -0.190       0.043       
2458796.67623  2458796.68177  2019-11-09.1762328  coadd_bl278913 1.51 -1.97 17.174     >17.174  99.990          54.30        73.48   0.121        0.163       
2458797.84436  2458797.84989  2019-11-10.3443599  coadd_bD087229 1.46 -1.58 18.075      16.842  0.117          428.45        45.89   0.665        0.071       
2458802.72273  2458802.72821  2019-11-15.2227302  coadd_bl281030 1.62 -1.97 17.182     >17.182  99.990         -66.55        72.95   -0.148       0.162       
2458803.86840  2458803.87387  2019-11-16.3684085  coadd_bt203790 1.57 -2.28 18.155      17.869  0.280           87.13        22.31   0.259        0.066       
2458804.83900  2458804.84445  2019-11-17.3390026  coadd_bD089828 1.50 -1.58 18.769     >18.769  99.990        -166.13        24.22   -0.258       0.038       
2458806.99331  2458806.99872  2019-11-19.4933190  coadd_bD090165 1.66 -1.58 18.687      17.225  0.095          301.18        26.12   0.468        0.041       
2458807.44889  2458807.45428  2019-11-19.9488964  coadd_bp181664 1.53 -1.81 19.000      18.716  0.281           61.31        15.74   0.118        0.030       
2458807.98742  2458807.99280  2019-11-20.4874199  coadd_bD090386 1.49 -1.58 18.729      16.994  0.074          372.44        25.13   0.578        0.039       
2458808.65558  2458808.66094  2019-11-21.1555763  coadd_bt205467 1.48 -2.28 18.472     >18.472  99.990        -181.40        16.66   -0.538       0.049       
2458810.78964  2458810.79496  2019-11-23.2896495  coadd_bt206208 1.46 -2.28 18.556      17.273  0.111          150.77        15.42   0.447        0.046       
2458812.54241  2458812.54767  2019-11-25.0424127  coadd_bl284167 1.48 -1.97 18.547     >18.547  99.990         -99.47        20.75   -0.221       0.046       
2458812.77598  2458812.78123  2019-11-25.2759767  coadd_bt207107 1.77 -2.28 18.783     >18.783  99.990         -63.74        12.52   -0.189       0.037       
2458813.70212  2458813.70735  2019-11-26.2021240  coadd_bt207374 1.60 -2.28 18.267      17.181  0.134          164.15        20.14   0.487        0.060       
2458814.85832  2458814.86351  2019-11-27.3583167  coadd_bt207836 1.51 -2.28 17.562      16.821  0.184          228.60        38.52   0.678        0.114       
2458815.58607  2458815.59123  2019-11-28.0860722  coadd_bl285193 1.48 -1.97 18.745      17.939  0.173          108.91        17.28   0.242        0.038       
2458816.67749  2458816.68261  2019-11-29.1774906  coadd_bH142244 1.50 -1.81 18.794     >18.794  99.990         -82.59        19.03   -0.159       0.037       
2458817.63384  2458817.63892  2019-11-30.1338376  coadd_bl285913 1.48 -1.97 18.708     >18.708  99.990         -65.44        17.88   -0.146       0.040       
2458817.95354  2458817.95861  2019-11-30.4535381  coadd_bD093162 1.53 -1.58 18.720      18.624  0.334           83.02        25.34   0.129        0.039       
2458819.60044  2458819.60545  2019-12-02.1004365  coadd_bl286196 1.49 -1.97 18.579      18.295  0.281           78.45        20.14   0.175        0.045       
2458820.83930  2458820.84425  2019-12-03.3392982  coadd_bD093513 1.60 -1.58 19.035     >19.035  99.990         -71.16        18.95   -0.111       0.029       
2458821.82515  2458821.83006  2019-12-04.3251526  coadd_bD093913 1.48 -1.58 19.119     >19.119  99.990          15.95        17.54   0.025        0.027       
2458822.64961  2458822.65448  2019-12-05.1496063  coadd_bH143625 1.48 -1.81 18.008     >18.008  99.990        -318.72        39.27   -0.615       0.076       
2458824.55168  2458824.55646  2019-12-07.0516775  coadd_bl287683 2.36 -1.97 17.603      16.667  0.154          351.44        49.49   0.782        0.110       
2458824.88941  2458824.89418  2019-12-07.3894097  coadd_bD094513 1.50 -1.58 18.500     >18.500  99.990         -12.32        31.02   -0.019       0.048       
2458828.79392  2458828.79848  2019-12-11.2939209  coadd_bD096229 1.49 -1.58 18.188     >18.188  99.990         -54.55        41.35   -0.085       0.064       
2458829.93346  2458829.93796  2019-12-12.4334629  coadd_bD096782 1.45 -1.58 17.914     >17.914  99.990         -10.27        53.23   -0.016       0.083       
2458830.80979  2458830.81424  2019-12-13.3097986  coadd_bt212554 1.68 -2.28 17.813     >17.813  99.990          30.43        30.59   0.090        0.091       
2458831.82110  2458831.82549  2019-12-14.3211001  coadd_bt213023 1.51 -2.28 17.923     >17.923  99.990         -18.80        27.63   -0.056       0.082       
2458833.91089  2458833.91516  2019-12-16.4108931  coadd_bD097763 1.47 -1.58 18.773      18.581  0.306           86.41        24.12   0.134        0.037       
2458835.81597  2458835.82011  2019-12-18.3159657  coadd_bt214618 1.68 -2.28 18.499      18.268  0.295           60.32        16.26   0.179        0.048       
2458836.54235  2458836.54645  2019-12-19.0423534  coadd_bl291587 1.50 -1.97 18.452     >18.452  99.990        -189.87        22.64   -0.422       0.050       
2458836.87784  2458836.88191  2019-12-19.3778406  coadd_bD098232 1.49 -1.58 18.536      17.094  0.097          339.66        30.01   0.527        0.047       
2458837.90435  2458837.90835  2019-12-20.4043528  coadd_bD098701 1.45 -1.58 19.193      18.141  0.138          129.50        16.39   0.201        0.025       
2458839.32015  2458839.32405  2019-12-21.8201559  coadd_bp189266 1.60 -1.81 19.122     >19.122  99.990         -48.91        14.07   -0.094       0.027       
2458840.74790  2458840.75171  2019-12-23.2479033  coadd_bt216789 1.56 -2.28 18.175      17.922  0.289           82.98        21.91   0.246        0.065       
2458841.67604  2458841.67978  2019-12-24.1760432  coadd_bt217192 1.47 -2.28 18.497     >18.497  99.990         -71.69        16.28   -0.213       0.048       
2458842.34811  2458842.35181  2019-12-24.8481113  coadd_bp190187 1.50 -1.81 18.800      17.887  0.157          131.63        18.92   0.254        0.037       
2458842.55205  2458842.55573  2019-12-25.0520510  coadd_bl293167 2.37 -1.97 18.570      17.381  0.122          182.11        20.32   0.405        0.045       
2458844.54888  2458844.55241  2019-12-27.0488903  coadd_bl293702 1.59 -1.97 18.762      18.182  0.214           87.08        17.01   0.194        0.038       
2458845.32275  2458845.32622  2019-12-27.8227662  coadd_bp190676 1.56 -1.81 18.751      18.084  0.197          109.79        19.79   0.212        0.038       
2458845.88108  2458845.88450  2019-12-28.3810753  coadd_bD100211 1.43 -1.58 18.809      18.149  0.199          128.58        23.34   0.200        0.036       
2458846.88160  2458846.88495  2019-12-29.3816035  coadd_bD100470 1.54 -1.58 18.774      18.560  0.300           88.09        24.10   0.137        0.037       
2458847.61936  2458847.62265  2019-12-30.1193587  coadd_bl294473 1.49 -1.97 18.525     >18.525  99.990         -87.72        21.17   -0.195       0.047       
2458847.86652  2458847.86980  2019-12-30.3665236  coadd_bD100856 1.57 -1.58 19.345     >19.345  99.990           0.09        14.25   0.000        0.022       
2458848.31499  2458848.31823  2019-12-30.8150002  coadd_bp191500 1.55 -1.81 18.580      17.076  0.091          277.66        23.16   0.536        0.045       
2458849.63391  2458849.63704  2020-01-01.1339104  coadd_bt220062 1.52 -2.28 17.714     >17.714  99.990          94.68        33.51   0.281        0.099       
2458850.71241  2458850.71546  2020-01-02.2124121  coadd_bt220583 1.53 -2.28 16.899     >16.899  99.990          25.26        70.96   0.075        0.211       
2458852.34147  2458852.34439  2020-01-03.8414778  coadd_bp192592 1.56 -1.81 17.840     >17.840  99.990          18.55        45.79   0.036        0.088       
2458852.74941  2458852.75229  2020-01-04.2494215  coadd_bt220963 1.56 -2.28 17.997     >17.997  99.990        -255.40        25.81   -0.758       0.077       
2458857.57063  2458857.57309  2020-01-09.0706255  coadd_bH153031 1.76 -1.81 15.568     >15.568  99.990        -693.07       371.63   -1.338       0.717       
2458858.75239  2458858.75476  2020-01-10.2523998  coadd_bt223570 1.67 -2.28 17.427     >17.427  99.990         130.75        43.62   0.388        0.129       
2458859.74864  2458859.75092  2020-01-11.2486442  coadd_bt223946 1.56 -2.28 17.464     >17.464  99.990         -58.24        42.18   -0.173       0.125       
2458860.74638  2458860.74857  2020-01-12.2463812  coadd_bt224189 1.76 -2.28 17.955     >17.955  99.990         -33.01        26.83   -0.098       0.080       
2458863.54104  2458863.54298  2020-01-15.0410421  coadd_bH154958 1.44 -1.81 17.792     >17.792  99.990        -126.16        47.89   -0.244       0.092       
2458864.54171  2458864.54355  2020-01-16.0417065  coadd_bl299618 1.49 -1.97 18.204     >18.204  99.990        -375.36        28.46   -0.835       0.063       
2458865.54151  2458865.54326  2020-01-17.0415206  coadd_bl299964 2.19 -1.97 18.063      17.167  0.160          221.76        32.39   0.493        0.072       
2458866.54510  2458866.54675  2020-01-18.0450952  coadd_bl300106 1.74 -1.97 18.387      17.236  0.126          208.13        24.04   0.463        0.053       
2458866.82409  2458866.82572  2020-01-18.3240891  coadd_bD103556 1.62 -1.58 19.445     >19.445  99.990          -6.02        12.99   -0.009       0.020       
2458867.80520  2458867.80674  2020-01-19.3052003  coadd_bD103992 1.46 -1.58 19.003     >19.003  99.990        -182.24        19.52   -0.283       0.030       
2458868.53716  2458868.53863  2020-01-20.0371696  coadd_bl300440 1.44 -1.97 17.773     >17.773  99.990        -209.43        42.33   -0.466       0.094       
2458868.80169  2458868.80314  2020-01-20.3016925  coadd_bD104440 1.48 -1.58 19.259     >19.259  99.990          42.56        15.43   0.066        0.024       
2458869.53683  2458869.53821  2020-01-21.0368328  coadd_bl300755 1.50 -1.97 18.140     >18.140  99.990          50.17        30.19   0.112        0.067       
2458869.79835  2458869.79971  2020-01-21.2983581  coadd_bD104885 1.47 -1.58 19.079      17.933  0.127          156.84        18.20   0.244        0.028       
2458870.53302  2458870.53430  2020-01-22.0330178  coadd_bl301067 1.49 -1.97 18.035     >18.035  99.990          40.92        33.25   0.091        0.074       
2458870.81366  2458870.81491  2020-01-22.3136597  coadd_bD105302 1.48 -1.58 19.268     >19.268  99.990         -69.63        15.29   -0.108       0.024       
2458871.52864  2458871.52983  2020-01-23.0286531  coadd_bl301378 1.68 -1.97 17.317     >17.317  99.990           6.88        64.39   0.015        0.143       
2458871.79642  2458871.79758  2020-01-23.2964295  coadd_bD105739 1.48 -1.58 18.913      17.518  0.101          229.98        21.21   0.357        0.033       
2458872.52830  2458872.52939  2020-01-24.0283072  coadd_bl301655 1.55 -1.97 17.371     >17.371  99.990         171.37        61.27   0.381        0.136       
2458872.79177  2458872.79283  2020-01-24.2917677  coadd_bD106187 1.46 -1.58 18.929     >18.929  99.990        -197.29        20.89   -0.306       0.032       
2458873.78831  2458873.78928  2020-01-25.2883136  coadd_bD106629 1.61 -1.58 19.369     >19.369  99.990         -71.50        13.93   -0.111       0.022       
2458874.78484  2458874.78572  2020-01-26.2848460  coadd_bD107076 1.47 -1.58 19.562     >19.562  99.990          21.01        11.66   0.033        0.018       
2458875.78134  2458875.78211  2020-01-27.2813423  coadd_bD107523 1.47 -1.58 19.119      17.741  0.102          187.32        17.55   0.291        0.027       
2458876.78170  2458876.78238  2020-01-28.2817079  coadd_bD107973 1.52 -1.58 18.845      17.711  0.128          192.48        22.58   0.299        0.035       
2458877.77834  2458877.77893  2020-01-29.2783452  coadd_bD108400 1.55 -1.58 19.257      18.612  0.201           83.92        15.44   0.130        0.024       
2458878.77485  2458878.77533  2020-01-30.2748464  coadd_bD108846 1.54 -1.58 18.829      18.160  0.197          127.27        22.92   0.198        0.036       
2458879.76731  2458879.76771  2020-01-31.2673186  coadd_bD109308 1.50 -1.58 18.379      17.822  0.219          173.86        34.70   0.270        0.054       
2458883.72614  2458883.72615  2020-02-04.2261446  coadd_bD110440 1.45 -1.58 18.897      17.916  0.148          159.34        21.52   0.247        0.033       
2458884.75752  2458884.75743  2020-02-05.2575218  coadd_bD110875 1.54 -1.58 18.256      17.721  0.223          190.71        38.86   0.296        0.060       
2458888.74577  2458888.74529  2020-02-09.2457814  coadd_bD111425 1.58 -1.58 17.515      17.291  0.297          283.43        76.86   0.440        0.119       
2458889.74381  2458889.74323  2020-02-10.2438108  coadd_bD111860 2.01 -1.58 18.355      17.595  0.181          214.19        35.45   0.333        0.055       
2458903.71678  2458903.71487  2020-02-24.2167853  coadd_bD111946 2.18 -1.58 17.929     >17.929  99.990        -136.06        52.48   -0.211       0.082       
2458904.61486  2458904.61288  2020-02-25.1148644  coadd_bt234912 1.51 -2.28 18.766      18.249  0.226           61.37        12.71   0.182        0.038       
2458914.59279  2458914.58993  2020-03-06.0927944  coadd_bt236961 1.55 -2.28 17.478     >17.478  99.990          23.48        41.64   0.070        0.124       
2458918.58351  2458918.58032  2020-03-10.0835156  coadd_bt237562 2.11 -2.28 17.593      17.390  0.303          135.38        37.45   0.402        0.111       
2459021.11053  2459021.10650  2020-06-20.6105351  coadd_bD140265 1.51 -1.58 18.291     >18.291  99.990         -14.84        37.61   -0.023       0.058       
2459027.09519  2459027.09158  2020-06-26.5951912  coadd_bD141786 1.48 -1.58 19.096      18.154  0.153          127.97        17.92   0.199        0.028       
2459048.65982  2459048.65798  2020-07-18.1598195  coadd_bp229702 1.64 -1.81 18.837      17.648  0.122          164.01        18.29   0.317        0.035       
2459051.05482  2459051.05319  2020-07-20.5548190  coadd_bD149145 1.48 -1.58 19.135      18.099  0.140          134.60        17.29   0.209        0.027       
2459054.03359  2459054.03224  2020-07-23.5335931  coadd_bD150038 1.48 -1.58 19.128     >19.128  99.990          33.69        17.40   0.052        0.027       
2459059.02006  2459059.01917  2020-07-28.5200576  coadd_bD150936 1.64 -1.58 18.797      17.102  0.076          337.35        23.60   0.524        0.037       
2459061.01274  2459061.01204  2020-07-30.5127420  coadd_bD151642 1.48 -1.58 19.301     >19.301  99.990         -54.69        14.83   -0.085       0.023       
2459062.87489  2459062.87436  2020-08-01.3748945  coadd_bt266379 1.47 -2.28 17.910      17.112  0.175          174.87        27.96   0.519        0.083       
2459063.86711  2459063.86668  2020-08-02.3671187  coadd_bt266705 1.53 -2.28 17.449     >17.449  99.990           5.90        42.77   0.017        0.127       
2459066.88187  2459066.88172  2020-08-05.3818642  coadd_bt267535 1.52 -2.28 17.362      16.401  0.151          336.70        46.33   0.999        0.137       
2459069.08024  2459069.08030  2020-08-07.5802442  coadd_bD153912 1.50 -1.58 18.455     >18.455  99.990        -212.58        32.34   -0.330       0.050       
2459074.96201  2459074.96262  2020-08-13.4620104  coadd_bD155918 1.45 -1.58 19.019      17.609  0.099          211.51        19.24   0.328        0.030       
2459078.95552  2459078.95651  2020-08-17.4555221  coadd_bD157016 1.53 -1.58 19.207      18.264  0.153          115.69        16.19   0.180        0.025       
2459080.95117  2459080.95235  2020-08-19.4511734  coadd_bD157771 1.47 -1.58 19.004      17.773  0.117          181.85        19.51   0.282        0.030       
2459083.93814  2459083.93960  2020-08-22.4381560  coadd_bD158542 1.57 -1.58 19.347     >19.347  99.990           9.09        14.22   0.014        0.022       
2459086.57008  2459086.57178  2020-08-25.0700905  coadd_bp239569 1.54 -1.81 19.081      18.944  0.322           49.69        14.60   0.096        0.028       
2459087.93124  2459087.93306  2020-08-26.4312394  coadd_bD159997 1.64 -1.58 19.339     >19.339  99.990         -17.82        14.32   -0.028       0.022       
2459089.93450  2459089.93649  2020-08-28.4345016  coadd_bD160721 1.60 -1.58 18.681     >18.681  99.990         -28.27        26.25   -0.044       0.041       
2459091.92794  2459091.93011  2020-08-30.4279376  coadd_bD161441 2.02 -1.58 18.130      17.569  0.218          219.32        43.63   0.341        0.068       
2459092.99610  2459092.99836  2020-08-31.4961013  coadd_bD161716 1.47 -1.58 18.473     >18.473  99.990          45.55        31.80   0.071        0.049       
2459094.92789  2459094.93032  2020-09-02.4278943  coadd_bt275628 1.54 -2.28 17.531     >17.531  99.990         -96.52        39.65   -0.286       0.118       
2459096.92963  2459096.93223  2020-09-04.4296266  coadd_bD163408 1.52 -1.58 18.058      17.017  0.140          364.67        46.60   0.566        0.072       
2459103.02740  2459103.03049  2020-09-10.5273978  coadd_bD165599 1.47 -1.58 18.817      17.319  0.092          276.29        23.18   0.429        0.036       
2459106.88435  2459106.88774  2020-09-14.3843474  coadd_bD167044 1.41 -1.58 19.311     >19.311  99.990          40.82        14.70   0.063        0.023       
2459110.03980  2459110.04342  2020-09-17.5397954  coadd_bD168212 1.56 -1.58 19.161      18.617  0.221           83.57        16.88   0.130        0.026       
2459113.92405  2459113.92794  2020-09-21.4240464  coadd_bD169449 1.58 -1.58 18.041     >18.041  99.990        -239.49        47.35   -0.372       0.074       
2459115.92424  2459115.92827  2020-09-23.4242460  coadd_bD170251 1.55 -1.58 19.239     >19.239  99.990        -101.58        15.71   -0.158       0.024       
2459119.93086  2459119.93514  2020-09-27.4308553  coadd_bD171294 1.44 -1.58 18.365     >18.365  99.990          54.22        35.14   0.084        0.055       
2459121.97344  2459121.97784  2020-09-29.4734369  coadd_bD172032 1.47 -1.58 18.762     >18.762  99.990          29.22        24.37   0.045        0.038       
2459130.80119  2459130.80606  2020-10-08.3011925  coadd_bD174443 1.50 -1.58 19.132     >19.132  99.990         -59.38        17.33   -0.092       0.027       
2459131.82095  2459131.82586  2020-10-09.3209590  coadd_bt280371 1.50 -2.28 18.248     >18.248  99.990          37.15        20.48   0.110        0.061       
2459134.08905  2459134.09405  2020-10-11.5890443  coadd_bD175807 1.47 -1.58 18.891      17.805  0.134          176.49        21.64   0.274        0.034       
2459137.78217  2459137.78732  2020-10-15.2821648  coadd_bD176761 1.52 -1.58 18.817      17.044  0.071          355.71        23.17   0.552        0.036       
2459140.02916  2459140.03439  2020-10-17.5291751  coadd_bD177625 1.46 -1.58 18.794     >18.794  99.990          60.16        23.67   0.093        0.037       
2459143.79428  2459143.79961  2020-10-21.2942785  coadd_bD178831 1.47 -1.58 19.147      19.009  0.322           58.22        17.10   0.090        0.027       
2459146.63803  2459146.64344  2020-10-24.1380344  coadd_bH174012 1.55 -1.81 18.175      16.687  0.093          397.71        33.67   0.768        0.065       
2459147.89849  2459147.90392  2020-10-25.3984900  coadd_bt286011 1.49 -2.28 18.504      17.627  0.162          108.88        16.18   0.323        0.048       
2459149.62172  2459149.62718  2020-10-27.1217252  coadd_bl321661 1.56 -1.97 17.643     >17.643  99.990          69.21        47.71   0.154        0.106       
2459151.69890  2459151.70439  2020-10-29.1988989  coadd_bl323103 1.54 -1.97 17.464     >17.464  99.990           1.73        56.23   0.004        0.125       
2459156.94724  2459156.95277  2020-11-03.4472349  coadd_bD182286 1.53 -1.58 18.122      16.618  0.091          526.55        43.96   0.818        0.068       
2459157.88672  2459157.89226  2020-11-04.3867247  coadd_bD182659 1.53 -1.58 18.544     >18.544  99.990          48.67        29.81   0.076        0.046       
2459159.00711  2459159.01265  2020-11-05.5071137  coadd_bD183136 1.45 -1.58 18.344      17.440  0.159          246.98        35.82   0.384        0.056       
2459162.98343  2459162.98896  2020-11-09.4834258  coadd_bD183801 1.72 -1.58 19.224     >19.224  99.990         -35.78        15.92   -0.056       0.025       
2459163.72994  2459163.73546  2020-11-10.2299430  coadd_bl324523 1.44 -1.97 18.845      18.399  0.242           71.31        15.76   0.159        0.035       
2459164.72272  2459164.72824  2020-11-11.2227278  coadd_bt290479 1.54 -2.28 18.933     >18.933  99.990         -20.85        10.90   -0.062       0.032       
2459165.82807  2459165.83358  2020-11-12.3280737  coadd_bt290973 1.59 -2.28 19.170     >19.170  99.990         -30.37         8.76   -0.090       0.026       
2459166.65564  2459166.66114  2020-11-13.1556488  coadd_bl325443 1.49 -1.97 18.811     >18.811  99.990         -63.93        16.27   -0.142       0.036       
2459167.60256  2459167.60805  2020-11-14.1025634  coadd_bl325731 1.51 -1.97 18.651     >18.651  99.990         -28.15        18.84   -0.063       0.042       
2459169.33574  2459169.34120  2020-11-15.8357403  coadd_bp257080 1.56 -1.81 19.075      18.897  0.310           51.88        14.69   0.100        0.028       
2459169.62435  2459169.62980  2020-11-16.1243467  coadd_bl326431 1.47 -1.97 18.482      18.028  0.240          100.41        22.03   0.223        0.049       
2459170.65122  2459170.65666  2020-11-17.1512214  coadd_bl326642 1.52 -1.97 18.847      18.476  0.259           66.45        15.74   0.148        0.035       
2459170.66952  2459170.67496  2020-11-17.1695200  coadd_bH179297 1.46 -1.81 18.403      17.292  0.131          227.76        27.30   0.440        0.053       
2459171.74131  2459171.74672  2020-11-18.2413129  coadd_bt293439 1.51 -2.28 18.618     >18.618  99.990        -102.98        14.57   -0.306       0.043       
2459173.94758  2459173.95295  2020-11-20.4475826  coadd_bD186752 1.53 -1.58 19.301      19.230  0.342           47.52        14.84   0.074        0.023       
2459174.72181  2459174.72716  2020-11-21.2218097  coadd_bH180598 1.45 -1.81 18.507     >18.507  99.990        -218.80        24.80   -0.422       0.048       
2459175.68028  2459175.68560  2020-11-22.1802766  coadd_bt295119 1.45 -2.28 18.578      17.524  0.138          119.72        15.11   0.355        0.045       
2459177.68407  2459177.68933  2020-11-24.1840636  coadd_bt295593 1.51 -2.28 18.436     >18.436  99.990          34.28        17.22   0.102        0.051       
2459179.64450  2459179.64971  2020-11-26.1445025  coadd_bH182089 1.39 -1.81 17.354      16.623  0.186          421.90        71.72   0.814        0.138       
2459179.70636  2459179.71157  2020-11-26.2063687  coadd_bt296381 1.49 -2.28 18.029     >18.029  99.990         -84.02        25.05   -0.249       0.074       
2459184.82440  2459184.82941  2020-12-01.3244  coadd_bD188932 1.46 -1.58 18.085      17.425  0.199          250.52        45.47   0.389        0.071       
2459186.82749  2459186.83242  2020-12-03.3274969  coadd_bD189828 1.48 -1.58 18.445      17.190  0.115          310.97        32.64   0.483        0.051       
2459188.92406  2459188.92889  2020-12-05.4240697  coadd_bD190793 1.50 -1.58 18.564     >18.564  99.990        -257.59        29.24   -0.400       0.045       
2459189.92768  2459189.93246  2020-12-06.4276825  coadd_bD191240 1.47 -1.58 18.607     >18.607  99.990        -270.15        28.12   -0.420       0.044       
2459190.55925  2459190.56400  2020-12-07.0592534  coadd_bl332994 1.49 -1.97 18.672     >18.672  99.990          44.07        18.49   0.098        0.041       
2459191.68324  2459191.68793  2020-12-08.1832476  coadd_bH185660 1.38 -1.81 18.680     >18.680  99.990         -27.82        21.15   -0.054       0.041       
2459194.72765  2459194.73217  2020-12-11.2276466  coadd_bD193220 1.46 -1.58 19.012      17.208  0.069          305.90        19.37   0.475        0.030       
2459195.60767  2459195.61214  2020-12-12.1076657  coadd_bl334599 1.44 -1.97 18.345      16.724  0.082          333.49        24.98   0.742        0.056       
2459196.67739  2459196.68180  2020-12-13.1773856  coadd_bt301976 1.56 -2.28 18.674      18.040  0.203           74.40        13.84   0.221        0.041       
2459197.40541  2459197.40978  2020-12-13.9054078  coadd_bp262703 1.50 -1.81 18.750      18.014  0.185          117.07        19.80   0.226        0.038       
2459197.81696  2459197.82131  2020-12-14.3169613  coadd_bt302499 1.62 -2.28 18.763      17.905  0.165           84.26        12.75   0.250        0.038       
2459198.65937  2459198.66366  2020-12-15.1593678  coadd_bH187681 1.45 -1.81 18.508      16.937  0.085          316.02        24.77   0.610        0.048       
2459199.78209  2459199.78632  2020-12-16.2820887  coadd_bt303346 1.50 -2.28 18.608      17.838  0.179           89.61        14.71   0.266        0.044       
2459200.80777  2459200.81193  2020-12-17.3077737  coadd_bt303795 1.47 -2.28 19.063     >19.063  99.990           5.24         9.66   0.016        0.029       
2459201.79733  2459201.80143  2020-12-18.2973430  coadd_bt304221 1.62 -2.28 18.546      17.666  0.162          104.97        15.57   0.311        0.046       
2459204.62580  2459204.62970  2020-12-21.1257975  coadd_bl337372 1.46 -1.97 18.285      17.252  0.141          205.20        26.40   0.456        0.059       
2459206.55921  2459206.56298  2020-12-23.0592193  coadd_bl337933 1.80 -1.97 17.685      17.153  0.224          224.68        45.87   0.500        0.102       
2459211.35321  2459211.35663  2020-12-27.8532247  coadd_bp266299 1.54 -1.81 17.616     >17.616  99.990          43.62        56.29   0.084        0.109       
2459212.77500  2459212.77830  2020-12-29.2750052  coadd_bt308436 1.67 -2.28 17.447     >17.447  99.990          64.86        42.83   0.192        0.127       
2459213.58013  2459213.58337  2020-12-30.0801347  coadd_bl340084 1.49 -1.97 17.286     >17.286  99.990          56.38        66.24   0.125        0.147       
2459214.61838  2459214.62154  2020-12-31.1183810  coadd_bH192226 1.52 -1.81 17.049     >17.049  99.990        -551.43        95.00   -1.065       0.183       
2459216.77784  2459216.78082  2021-01-02.2778446  coadd_bt309581 1.49 -2.28 17.724      16.533  0.122          298.23        33.18   0.885        0.098       
2459217.59943  2459217.60234  2021-01-03.0994254  coadd_bl341317 1.50 -1.97 18.360     >18.360  99.990          62.15        24.64   0.138        0.055       
2459218.58819  2459218.59102  2021-01-04.0881888  coadd_bl341618 1.48 -1.97 18.662     >18.662  99.990         -13.60        18.66   -0.030       0.041       
2459219.59315  2459219.59589  2021-01-05.0931475  coadd_bH193622 1.51 -1.81 18.435      16.966  0.094          307.58        26.50   0.594        0.051       
2459219.66371  2459219.66645  2021-01-05.1637082  coadd_bt310722 1.53 -2.28 18.250     >18.250  99.990        -305.07        20.45   -0.905       0.061       
2459220.84961  2459220.85224  2021-01-06.3496043  coadd_bD201027 1.48 -1.58 18.992     >18.992  99.990        -199.48        19.73   -0.310       0.031       
2459221.74677  2459221.74933  2021-01-07.2467682  coadd_bt311642 1.54 -2.28 18.656      17.657  0.145          105.89        14.07   0.314        0.042       
2459223.80903  2459223.81141  2021-01-09.3090396  coadd_bD202272 1.45 -1.58 18.870      17.480  0.101          238.21        22.07   0.370        0.034       
2459225.83081  2459225.83301  2021-01-11.3308071  coadd_bD202721 1.55 -1.58 19.145      18.081  0.137          136.85        17.14   0.213        0.027       
2459227.70471  2459227.70674  2021-01-13.2047108  coadd_bt313073 1.56 -2.28 18.524      17.231  0.110          156.69        15.89   0.465        0.047       
2459228.71392  2459228.71586  2021-01-14.2139214  coadd_bt313501 1.61 -2.28 18.787      18.242  0.221           61.77        12.47   0.183        0.037       
2459229.73339  2459229.73524  2021-01-15.2333973  coadd_bt313941 1.62 -2.28 18.809     >18.809  99.990         -88.53        12.22   -0.263       0.036       
2459242.53466  2459242.53529  2021-01-28.0346667  coadd_bH200044 2.22 -1.81 17.128     >17.128  99.990         -72.64        88.30   -0.140       0.170       
2459245.77788  2459245.77820  2021-01-31.2778824  coadd_bD208265 1.53 -1.58 18.786      18.019  0.180          145.00        23.83   0.225        0.037       
2459246.80229  2459246.80250  2021-02-01.3022859  coadd_bD208579 1.51 -1.58 18.969      18.169  0.175          126.20        20.15   0.196        0.031       
2459248.65290  2459248.65294  2021-02-03.1529094  coadd_bt319912 1.52 -2.28 18.279      16.421  0.066          330.54        19.91   0.981        0.059       
2459250.62394  2459250.62379  2021-02-05.1239402  coadd_bt320641 1.52 -2.28 18.955      18.248  0.190           61.45        10.68   0.182        0.032       
2459251.68784  2459251.68758  2021-02-06.1878416  coadd_bt321101 1.68 -2.28 18.567      17.330  0.116          143.04        15.27   0.424        0.045       
2459252.65841  2459252.65806  2021-02-07.1584078  coadd_bt321470 1.50 -2.28 18.480     >18.480  99.990        -185.24        16.54   -0.550       0.049       
2459255.75356  2459255.75290  2021-02-10.2535574  coadd_bD210132 1.62 -1.58 18.932      17.673  0.114          199.34        20.84   0.310        0.032       
2459258.74221  2459258.74127  2021-02-13.2422142  coadd_bD211366 1.56 -1.58 19.253      18.075  0.123          137.62        15.50   0.214        0.024       
2459266.72032  2459266.71862  2021-02-21.2203271  coadd_bD213087 2.06 -1.58 16.374     >16.374  99.990         180.12       219.84   0.280        0.341       
2459270.59398  2459270.59192  2021-02-25.0939762  coadd_bt324299 1.48 -2.28 17.881      16.546  0.107          294.55        28.72   0.874        0.085       
2459274.60041  2459274.59799  2021-03-01.1004165  coadd_bt325318 1.54 -2.28 18.607      17.656  0.152          105.96        14.71   0.314        0.044       
2459277.59558  2459277.59291  2021-03-04.0955871  coadd_bt326405 1.62 -2.28 17.706     >17.706  99.990        -368.46        33.75   -1.093       0.100       
2459278.59007  2459278.58731  2021-03-05.0900721  coadd_bt326800 1.77 -2.28 18.634     >18.634  99.990          31.93        14.36   0.095        0.043       
2459280.58236  2459280.57944  2021-03-07.0823618  coadd_bt327337 1.75 -2.28 18.627     >18.627  99.990           9.07        14.44   0.027        0.043       
2459380.11565  2459380.11122  2021-06-14.6156512  coadd_bD243185 1.50 -1.58 16.961     >16.961  99.990         200.98       127.98   0.312        0.199       
2459382.11635  2459382.11205  2021-06-16.6163534  coadd_bD243892 1.60 -1.58 17.452     >17.452  99.990         -32.40        81.42   -0.050       0.126       
2459383.10896  2459383.10471  2021-06-17.6089541  coadd_bD244238 1.55 -1.58 18.432     >18.432  99.990          95.57        33.02   0.148        0.051       
2459386.10155  2459386.09750  2021-06-20.6015521  coadd_bD245252 1.51 -1.58 18.544     >18.544  99.990        -452.15        29.80   -0.702       0.046       
2459386.95394  2459386.94995  2021-06-21.4539398  coadd_bt352860 1.50 -2.28 15.393     >15.393  99.990        -132.34       284.12   -0.393       0.843       
2459389.10606  2459389.10222  2021-06-23.6060605  coadd_bD246309 1.59 -1.58 18.459      17.485  0.149          237.04        32.22   0.368        0.050       
2459393.08325  2459393.07969  2021-06-27.5832472  coadd_bD247620 1.51 -1.58 17.996     >17.996  99.990        -197.17        49.34   -0.306       0.077       
2459396.11155  2459396.10822  2021-06-30.6115576  coadd_bD248470 1.73 -1.58 18.358     >18.358  99.990          78.78        35.38   0.122        0.055       
2459397.93255  2459397.92936  2021-07-02.4325459  coadd_bt354313 1.51 -2.28 17.882     >17.882  99.990        -387.22        28.70   -1.149       0.085       
2459402.67154  2459402.66872  2021-07-07.1715346  coadd_bp312374 1.55 -1.81 18.436     >18.436  99.990        -287.06        26.44   -0.555       0.051       
2459405.91033  2459405.90779  2021-07-10.4103291  coadd_bH256285 1.42 -1.81 18.620      17.739  0.162          150.88        22.35   0.291        0.043       
2459410.04293  2459410.04075  2021-07-14.5429373  coadd_bD253067 1.77 -1.58 18.685      16.783  0.063          452.30        26.15   0.702        0.041       
2459411.93172  2459411.92971  2021-07-16.4317259  coadd_bH258775 1.41 -1.81 18.486      17.985  0.230          120.34        25.29   0.232        0.049       
2459414.04639  2459414.04456  2021-07-18.5463984  coadd_bD254380 1.64 -1.58 19.240     >19.240  99.990         -56.51        15.70   -0.088       0.024       
2459415.02395  2459415.02221  2021-07-19.5239582  coadd_bD254722 2.02 -1.58 19.004     >19.004  99.990        -179.80        19.50   -0.279       0.030       
2459417.88334  2459417.88186  2021-07-22.3833405  coadd_bt358117 2.02 -2.28 17.444      16.765  0.196          240.81        42.96   0.714        0.127       
2459421.02910  2459421.02791  2021-07-25.5291060  coadd_bD256451 2.10 -1.58 17.975     >17.975  99.990        -169.14        50.33   -0.263       0.078       
2459422.02488  2459422.02378  2021-07-26.5248834  coadd_bD256746 1.56 -1.58 18.276      17.416  0.165          252.68        38.13   0.392        0.059       
2459422.95076  2459422.94974  2021-07-27.4507562  coadd_bt359083 2.37 -2.28 18.064      17.443  0.206          128.98        24.26   0.383        0.072       
2459423.87155  2459423.87062  2021-07-28.3715493  coadd_bt359352 1.84 -2.28 17.806     >17.806  99.990          46.22        30.78   0.137        0.091       
2459424.88834  2459424.88750  2021-07-29.3883406  coadd_bl415568 1.64 -1.97 17.839      17.474  0.261          167.14        39.84   0.372        0.089       
2459425.88579  2459425.88506  2021-07-30.3857923  coadd_bH264492 1.47 -1.81 18.044     >18.044  99.990         -27.21        37.98   -0.053       0.073       
2459429.87528  2459429.87491  2021-08-03.3752815  coadd_bH266114 1.43 -1.81 18.536     >18.536  99.990        -206.13        24.15   -0.398       0.047       
2459430.87239  2459430.87212  2021-08-04.3723923  coadd_bl418079 1.56 -1.97 18.450      17.486  0.150          165.30        22.68   0.368        0.050       
2459431.87168  2459431.87151  2021-08-05.3716846  coadd_bl418483 1.55 -1.97 18.504      17.491  0.143          164.63        21.59   0.366        0.048       
2459432.84242  2459432.84234  2021-08-06.3424251  coadd_bt361165 1.53 -2.28 18.563      17.979  0.213           78.71        15.33   0.234        0.045       
2459433.59882  2459433.59881  2021-08-07.0988195  coadd_bp319366 1.57 -1.81 18.720      17.715  0.144          154.11        20.36   0.298        0.039       
2459434.61705  2459434.61714  2021-08-08.1170545  coadd_bp319739 1.64 -1.81 18.914     >18.914  99.990          25.34        17.04   0.049        0.033       
2459434.86935  2459434.86946  2021-08-08.3693568  coadd_bt361832 1.52 -2.28 18.125     >18.125  99.990        -352.93        22.93   -1.047       0.068       
2459435.84094  2459435.84115  2021-08-09.3409518  coadd_bt362145 1.55 -2.28 18.593      17.865  0.186           87.45        14.91   0.259        0.044       
2459436.96398  2459436.96429  2021-08-10.4639767  coadd_bD261791 1.47 -1.58 19.286     >19.286  99.990         -28.91        15.04   -0.045       0.023       
2459438.09410  2459438.09452  2021-08-11.5941086  coadd_bD262269 1.52 -1.58 19.292     >19.292  99.990         -11.61        14.96   -0.018       0.023       
2459439.84922  2459439.84980  2021-08-13.3492270  coadd_bH269844 1.43 -1.81 18.812      18.241  0.216           95.04        18.73   0.183        0.036       
2459441.94967  2459441.95045  2021-08-15.4496673  coadd_bD263487 1.65 -1.58 19.258     >19.258  99.990         -11.49        15.43   -0.018       0.024       
2459442.95268  2459442.95355  2021-08-16.4526759  coadd_bD263872 1.52 -1.58 18.940      17.371  0.086          263.30        20.69   0.409        0.032       
2459443.89481  2459443.89577  2021-08-17.3948125  coadd_bl422659 1.51 -1.97 18.658      17.693  0.150          136.64        18.74   0.304        0.042       
2459445.05196  2459445.05303  2021-08-18.5519711  coadd_bD264620 1.49 -1.58 19.056     >19.056  99.990        -184.42        18.60   -0.286       0.029       
2459447.84001  2459447.84134  2021-08-21.3400131  coadd_bH271886 1.51 -1.81 17.509     >17.509  99.990        -177.29        62.19   -0.342       0.120       
2459448.94576  2459448.94719  2021-08-22.4457725  coadd_bD266049 2.11 -1.58 17.812      17.644  0.313          204.81        58.47   0.318        0.091       
2459449.86749  2459449.86900  2021-08-23.3674957  coadd_bt363491 1.60 -2.28 17.169     >17.169  99.990        -340.16        55.34   -1.009       0.164       
2459451.98896  2459451.99067  2021-08-25.4889645  coadd_bD266648 1.47 -1.58 18.125     >18.125  99.990        -152.34        43.84   -0.237       0.068       
2459452.94243  2459452.94422  2021-08-26.4424376  coadd_bt364460 1.45 -2.28 17.730     >17.730  99.990          13.51        33.00   0.040        0.098       
2459456.92024  2459456.92239  2021-08-30.4202487  coadd_bD268445 1.53 -1.58 18.900     >18.900  99.990        -110.28        21.47   -0.171       0.033       
2459458.55407  2459458.55636  2021-09-01.0540688  coadd_bp323541 1.53 -1.81 18.435      17.245  0.122          237.65        26.49   0.459        0.051       
2459459.02808  2459459.03041  2021-09-01.5280818  coadd_bD269377 1.53 -1.58 18.400     >18.400  99.990          53.12        34.01   0.082        0.053       
2459459.55441  2459459.55679  2021-09-02.0544217  coadd_bp323914 1.63 -1.81 18.825      18.148  0.195          103.46        18.48   0.200        0.036       
2459460.92078  2459460.92328  2021-09-03.4207859  coadd_bD269543 1.71 -1.58 19.225      19.163  0.345           50.53        15.91   0.078        0.025       
2459462.91936  2459462.92202  2021-09-05.4193671  coadd_bD270287 1.47 -1.58 19.176     >19.176  99.990          27.49        16.65   0.043        0.026       
2459463.78082  2459463.78355  2021-09-06.2808256  coadd_bH276670 1.43 -1.81 17.925     >17.925  99.990          98.41        42.40   0.190        0.082       
2459465.74683  2459465.74972  2021-09-08.2468368  coadd_bt367169 1.48 -2.28 18.928     >18.928  99.990          -7.92        10.95   -0.023       0.032       
2459465.90585  2459465.90875  2021-09-08.4058493  coadd_bH277379 1.54 -1.81 18.182      16.815  0.103          353.46        33.45   0.682        0.065       
2459466.77327  2459466.77624  2021-09-09.2732707  coadd_bl430023 1.49 -1.97 18.370      16.835  0.088          301.13        24.42   0.670        0.054       
2459467.60573  2459467.60877  2021-09-10.1057314  coadd_bp325822 1.59 -1.81 17.831     >17.831  99.990          -5.54        46.18   -0.011       0.089       
2459469.53550  2459469.53870  2021-09-12.0355046  coadd_bp326078 1.62 -1.81 18.100     >18.100  99.990        -288.00        36.04   -0.556       0.070       
2459472.89157  2459472.89503  2021-09-15.3915819  coadd_bl432138 1.49 -1.97 18.567      18.382  0.308           72.46        20.37   0.161        0.045       
2459475.74421  2459475.74787  2021-09-18.2442171  coadd_bH280728 1.43 -1.81 17.614     >17.614  99.990         -52.44        56.46   -0.101       0.109       
2459475.89653  2459475.90020  2021-09-18.3965402  coadd_bl433306 1.49 -1.97 18.223      17.022  0.121          253.52        27.95   0.564        0.062       
2459476.85807  2459476.86181  2021-09-19.3580815  coadd_bD273923 1.63 -1.58 17.909     >17.909  99.990         -99.56        53.50   -0.155       0.083       
2459477.74268  2459477.74648  2021-09-20.2426886  coadd_bH281354 1.50 -1.81 17.067     >17.067  99.990         251.51        93.43   0.486        0.180       
2459479.71972  2459479.72366  2021-09-22.2197197  coadd_bt371206 1.41 -2.28 17.249     >17.249  99.990         105.01        51.41   0.312        0.153       
2459484.71402  2459484.71828  2021-09-27.2140281  coadd_bH283712 1.39 -1.81 18.136      17.955  0.309          123.72        34.91   0.239        0.067       
2459485.87399  2459485.87832  2021-09-28.3740012  coadd_bl436982 1.56 -1.97 17.996      17.634  0.261          144.34        34.45   0.321        0.077       
2459486.81853  2459486.82291  2021-09-29.3185380  coadd_bt373092 1.48 -2.28 18.232     >18.232  99.990        -180.39        20.78   -0.535       0.062       
2459486.83126  2459486.83564  2021-09-29.3312614  coadd_bl437336 1.48 -1.97 18.207      18.010  0.305          102.02        28.37   0.227        0.063       
2459487.90708  2459487.91153  2021-09-30.4070946  coadd_bt373487 1.46 -2.28 18.603     >18.603  99.990          39.98        14.77   0.119        0.044       
2459489.97183  2459489.97639  2021-10-02.4718359  coadd_bD278678 1.52 -1.58 19.317     >19.317  99.990         -51.37        14.61   -0.080       0.023       
2459490.83637  2459490.84098  2021-10-03.3363769  coadd_bD278973 1.56 -1.58 19.800      19.481  0.272           37.70         9.37   0.059        0.015       
2459491.81696  2459491.82162  2021-10-04.3169695  coadd_bD279359 1.44 -1.58 19.082     >19.082  99.990          -0.81        18.15   -0.001       0.028       
