###  JD        HJD            UT_date             IMAGE          FWHM  Diff Limit      mag   mag_err       counts     count_err  flux (mJy)    flux_err
2456337.03807  2456337.03758  2013-02-13.5380732  coadd_ba040022 2.16 -1.89 18.641     >18.641  99.990           8.15        20.53   0.018        0.045       
2456349.03938  2456349.03992  2013-02-25.5393862  coadd_ba041577 1.82 -1.89 17.653     >17.653  99.990         -59.34        50.99   -0.129       0.111       
2456356.05906  2456356.06020  2013-03-04.5590679  coadd_ba043226 2.04 -1.89 17.945     >17.945  99.990          97.03        38.97   0.211        0.085       
2456360.08325  2456360.08472  2013-03-08.5832511  coadd_ba044406 2.07 -1.89 18.420     >18.420  99.990          66.11        25.15   0.144        0.055       
2456371.06251  2456371.06485  2013-03-19.5625094  coadd_ba045380 1.74 -1.89 18.660     >18.660  99.990         -26.58        20.17   -0.058       0.044       
2456381.12051  2456381.12358  2013-03-29.6205109  coadd_ba046424 1.77 -1.89 17.413     >17.413  99.990          27.54        63.63   0.060        0.139       
2456388.07389  2456388.07740  2013-04-05.5738913  coadd_ba047392 2.24 -1.89 18.280     >18.280  99.990         -92.63        28.62   -0.202       0.062       
2456392.02527  2456392.02902  2013-04-09.5252807  coadd_ba048487 2.04 -1.89 18.486     >18.486  99.990          -6.63        23.68   -0.014       0.052       
2456396.01106  2456396.01503  2013-04-13.5110594  coadd_ba049263 2.19 -1.89 18.744     >18.744  99.990         -75.27        18.66   -0.164       0.041       
2456399.00904  2456399.01316  2013-04-16.5090440  coadd_ba050125 2.21 -1.89 18.333     >18.333  99.990          -6.07        27.25   -0.013       0.059       
2456401.03213  2456401.03634  2013-04-18.5321293  coadd_ba050673 2.27 -1.89 18.639     >18.639  99.990         -36.29        20.57   -0.079       0.045       
2456403.00014  2456403.00444  2013-04-20.5001506  coadd_ba051192 2.04 -1.89 18.446     >18.446  99.990          35.70        24.56   0.078        0.054       
2456414.95373  2456414.95847  2013-05-02.4537418  coadd_ba053641 2.36 -1.89 18.414     >18.414  99.990         -85.20        25.29   -0.186       0.055       
2456443.88997  2456443.89493  2013-05-31.3899718  coadd_ba055881 2.64 -1.89 18.722     >18.722  99.990          34.49        19.05   0.075        0.042       
2456448.90770  2456448.91258  2013-06-05.4077056  coadd_ba056818 2.19 -1.89 18.498     >18.498  99.990         -23.94        23.43   -0.052       0.051       
2456452.88610  2456452.89088  2013-06-09.3860989  coadd_ba058003 2.06 -1.89 18.327     >18.327  99.990          12.11        27.42   0.026        0.060       
2456457.87686  2456457.88150  2013-06-14.3768636  coadd_ba059079 2.09 -1.89 18.350     >18.350  99.990          54.03        26.83   0.118        0.058       
2456461.86426  2456461.86876  2013-06-18.3642571  coadd_ba060155 1.78 -1.89 18.017     >18.017  99.990          43.55        36.46   0.095        0.079       
2456469.79481  2456469.79899  2013-06-26.2948142  coadd_ba062524 1.72 -1.89 18.793     >18.793  99.990          13.92        17.85   0.030        0.039       
2456473.87955  2456473.88353  2013-06-30.3795540  coadd_ba063655 2.15 -1.89 18.426     >18.426  99.990         -18.53        25.03   -0.040       0.055       
2456477.85120  2456477.85496  2013-07-04.3512008  coadd_ba064800 1.75 -1.89 18.621     >18.621  99.990           6.14        20.90   0.013        0.046       
2456482.84707  2456482.85053  2013-07-09.3470659  coadd_ba066452 2.18 -1.89 18.601     >18.601  99.990          -9.13        21.30   -0.020       0.046       
2456485.84119  2456485.84447  2013-07-12.3411907  coadd_ba067261 2.10 -1.89 18.772     >18.772  99.990         -12.33        18.19   -0.027       0.040       
2456488.83676  2456488.83985  2013-07-15.3367586  coadd_ba068319 2.00 -1.89 18.235     >18.235  99.990          20.79        29.84   0.045        0.065       
2456494.80941  2456494.81208  2013-07-21.3094096  coadd_ba070311 1.78 -1.89 17.348     >17.348  99.990         -19.36        67.54   -0.042       0.147       
2456509.80599  2456509.80752  2013-08-05.3060002  coadd_ba072902 2.00 -1.89 18.328     >18.328  99.990          74.28        27.40   0.162        0.060       
2456516.78671  2456516.78767  2013-08-12.2867118  coadd_ba074344 1.72 -1.89 18.282     >18.282  99.990          44.60        28.58   0.097        0.062       
2456521.76772  2456521.76826  2013-08-17.2677192  coadd_ba075940 1.75 -1.89 17.603     >17.603  99.990          51.21        53.41   0.112        0.116       
2456526.75921  2456526.75934  2013-08-22.2592134  coadd_ba077419 1.77 -1.89 17.408     >17.408  99.990         -19.91        63.89   -0.043       0.139       
2456532.77217  2456532.77179  2013-08-28.2721671  coadd_ba078557 1.73 -1.89 18.208     >18.208  99.990         -62.62        30.58   -0.136       0.067       
2456536.73635  2456536.73564  2013-09-01.2363515  coadd_ba079994 1.72 -1.89 18.200     >18.200  99.990          67.24        30.80   0.146        0.067       
2456653.16984  2456653.16597  2013-12-26.6698403  coadd_ba103447 2.11 -1.89 16.934     >16.934  99.990        -421.25        98.92   -0.918       0.215       
2456659.15045  2456659.14689  2014-01-01.6504494  coadd_ba104744 2.39 -1.89 18.302     >18.302  99.990         -10.52        28.05   -0.023       0.061       
2456676.10215  2456676.09954  2014-01-18.6021504  coadd_ba106817 1.69 -1.89 17.188     >17.188  99.990         -47.21        78.23   -0.103       0.170       
2456701.04715  2456701.04655  2014-02-12.5471541  coadd_ba109844 1.74 -1.89 17.344     >17.344  99.990          -5.39        67.80   -0.012       0.148       
2456731.06697  2456731.06891  2014-03-14.5665697  coadd_ba110706 1.72 -1.89 17.203      16.883  0.272          311.03        77.18   0.677        0.168       
2456736.00037  2456736.00269  2014-03-19.4999677  coadd_ba111735 1.67 -1.89 17.073     >17.073  99.990         -77.46        87.02   -0.169       0.190       
2456741.13601  2456741.13871  2014-03-24.6356018  coadd_ba112828 2.17 -1.89 18.340     >18.340  99.990         -48.57        27.08   -0.106       0.059       
2456744.01078  2456744.01368  2014-03-27.5103796  coadd_ba113350 1.75 -1.89 18.623     >18.623  99.990          49.04        20.87   0.107        0.045       
2456752.12812  2456752.13157  2014-04-04.6277202  coadd_ba114158 2.61 -1.89 18.404     >18.404  99.990          50.13        25.54   0.109        0.056       
2456752.99390  2456752.99740  2014-04-05.4934998  coadd_ba114426 2.76 -1.89 18.639     >18.639  99.990         -45.71        20.57   -0.100       0.045       
2456757.88064  2456757.88442  2014-04-10.3802415  coadd_ba115302 1.76 -1.89 17.633     >17.633  99.990          17.95        51.96   0.039        0.113       
2456771.97464  2456771.97909  2014-04-24.4742335  coadd_ba117553 2.10 -1.89 18.148     >18.148  99.990         -29.03        32.32   -0.063       0.070       
2456772.96380  2456772.96829  2014-04-25.4634015  coadd_ba117696 2.24 -1.89 18.479     >18.479  99.990          -9.34        23.83   -0.020       0.052       
2456783.94942  2456783.95425  2014-05-06.4490126  coadd_ba118839 2.08 -1.89 18.664     >18.664  99.990         -17.29        20.09   -0.038       0.044       
2456784.93840  2456784.94326  2014-05-07.4379997  coadd_ba119172 2.88 -1.89 18.394     >18.394  99.990         -39.09        25.77   -0.085       0.056       
2456785.94094  2456785.94582  2014-05-08.4405365  coadd_ba119497 2.28 -1.89 18.430     >18.430  99.990         -43.24        24.93   -0.094       0.054       
2456788.80665  2456788.81158  2014-05-11.3062483  coadd_ba120141 2.11 -1.89 17.518     >17.518  99.990          -2.98        57.73   -0.006       0.126       
2456795.93196  2456795.93697  2014-05-18.4315592  coadd_ba121033 2.46 -1.89 17.669     >17.669  99.990         -12.08        50.24   -0.026       0.109       
2456796.92909  2456796.93410  2014-05-19.4286900  coadd_ba121388 2.04 -1.89 18.373     >18.373  99.990         -64.63        26.28   -0.141       0.057       
2456797.92915  2456797.93416  2014-05-20.4287421  coadd_ba121751 2.08 -1.89 18.487     >18.487  99.990         -31.60        23.66   -0.069       0.052       
2456798.96474  2456798.96976  2014-05-21.4643375  coadd_ba122134 2.03 -1.89 18.360     >18.360  99.990         -32.12        26.58   -0.070       0.058       
2456800.92221  2456800.92722  2014-05-23.4218011  coadd_ba122667 1.74 -1.89 18.497     >18.497  99.990           7.34        23.43   0.016        0.051       
2456802.91093  2456802.91594  2014-05-25.4105223  coadd_ba123382 2.15 -1.89 18.839     >18.839  99.990         -70.99        17.10   -0.155       0.037       
2456805.91877  2456805.92377  2014-05-28.4183694  coadd_ba124265 2.36 -1.89 18.752     >18.752  99.990         -13.21        18.53   -0.029       0.040       
2456808.90297  2456808.90793  2014-05-31.4025687  coadd_ba125005 2.35 -1.89 18.340     >18.340  99.990         -15.97        27.08   -0.035       0.059       
2456810.90258  2456810.90751  2014-06-02.4021776  coadd_ba125632 2.57 -1.89 18.734     >18.734  99.990          -5.53        18.84   -0.012       0.041       
2456813.96293  2456813.96781  2014-06-05.4625243  coadd_ba126570 1.66 -1.89 18.132     >18.132  99.990          74.54        32.79   0.162        0.071       
2456815.89475  2456815.89959  2014-06-07.3943520  coadd_ba127168 1.66 -1.89 18.168     >18.168  99.990         -11.12        31.73   -0.024       0.069       
2456820.94755  2456820.95226  2014-06-12.4471452  coadd_ba128785 1.79 -1.89 16.989     >16.989  99.990         -28.04        93.96   -0.061       0.205       
2456823.96607  2456823.97069  2014-06-15.4656726  coadd_ba129756 2.09 -1.89 17.887     >17.887  99.990          42.45        41.09   0.092        0.090       
2456825.88451  2456825.88906  2014-06-17.3841064  coadd_ba130348 1.65 -1.89 17.874     >17.874  99.990         -33.26        41.60   -0.072       0.091       
2456827.95599  2456827.96047  2014-06-19.4555944  coadd_ba131051 1.66 -1.89 18.209     >18.209  99.990           4.96        30.55   0.011        0.067       
2456829.87354  2456829.87794  2014-06-21.3731313  coadd_ba131619 1.63 -1.89 18.470     >18.470  99.990         -16.83        24.02   -0.037       0.052       
2456832.86125  2456832.86552  2014-06-24.3608446  coadd_ba132271 1.72 -1.89 18.335     >18.335  99.990         -29.23        27.21   -0.064       0.059       
2456834.94093  2456834.94511  2014-06-26.4405282  coadd_ba132706 2.12 -1.89 18.621     >18.621  99.990          40.80        20.92   0.089        0.046       
2456847.84768  2456847.85117  2014-07-09.3472776  coadd_ba133587 2.04 -1.89 17.439     >17.439  99.990         168.33        62.13   0.367        0.135       
2456851.84695  2456851.85018  2014-07-13.3465414  coadd_ba134916 1.72 -1.89 17.593     >17.593  99.990        -165.79        53.90   -0.361       0.117       
2456855.83621  2456855.83918  2014-07-17.3358050  coadd_ba135760 1.78 -1.89 18.692     >18.692  99.990          -9.40        19.59   -0.020       0.043       
2456856.83884  2456856.84174  2014-07-18.3384312  coadd_ba136070 1.69 -1.89 18.865     >18.865  99.990         -20.20        16.70   -0.044       0.036       
2456857.84699  2456857.84982  2014-07-19.3465849  coadd_ba136414 1.77 -1.89 18.361     >18.361  99.990           4.96        26.58   0.011        0.058       
2456863.82715  2456863.82955  2014-07-25.3267495  coadd_ba137488 2.01 -1.89 18.658     >18.658  99.990         -52.01        20.21   -0.113       0.044       
2456864.82544  2456864.82776  2014-07-26.3250369  coadd_ba137842 1.80 -1.89 18.846     >18.846  99.990          -6.80        17.00   -0.015       0.037       
2456865.82636  2456865.82861  2014-07-27.3259599  coadd_ba138111 1.74 -1.89 18.717     >18.717  99.990         -21.00        19.15   -0.046       0.042       
2456866.82729  2456866.82947  2014-07-28.3268965  coadd_ba138450 1.82 -1.89 19.057     >19.057  99.990          -7.25        13.99   -0.016       0.030       
2456867.82843  2456867.83053  2014-07-29.3280282  coadd_ba138778 1.66 -1.89 18.998     >18.998  99.990          23.78        14.77   0.052        0.032       
2456881.79003  2456881.79101  2014-08-12.2896260  coadd_ba141248 2.09 -1.89 17.782     >17.782  99.990         -11.61        45.26   -0.025       0.099       
2456882.78693  2456882.78783  2014-08-13.2865236  coadd_ba141143 2.03 -1.89 18.379     >18.379  99.990          31.56        26.12   0.069        0.057       
2456884.79146  2456884.79220  2014-08-15.2910611  coadd_ba142058 2.15 -1.89 18.743     >18.743  99.990         -24.10        18.69   -0.052       0.041       
2456887.78705  2456887.78754  2014-08-18.2866515  coadd_ba143011 1.73 -1.89 18.587     >18.587  99.990         -28.47        21.58   -0.062       0.047       
2456890.77780  2456890.77803  2014-08-21.2773983  coadd_ba143308 2.03 -1.89 18.993     >18.993  99.990           9.42        14.85   0.021        0.032       
2456892.77638  2456892.77645  2014-08-23.2759820  coadd_ba144620 1.77 -1.89 18.529     >18.529  99.990           6.21        22.75   0.014        0.050       
2456894.77032  2456894.77021  2014-08-25.2699116  coadd_ba145136 2.06 -1.89 18.908     >18.908  99.990          -8.40        16.06   -0.018       0.035       
2456896.76582  2456896.76555  2014-08-27.2654171  coadd_ba145772 2.07 -1.89 18.668     >18.668  99.990         -19.95        20.02   -0.043       0.044       
2456898.75322  2456898.75278  2014-08-29.2528157  coadd_ba146467 1.73 -1.89 18.929     >18.929  99.990         -45.20        15.75   -0.098       0.034       
2456900.74086  2456900.74025  2014-08-31.2404503  coadd_ba146972 2.14 -1.89 18.246     >18.246  99.990         -49.11        29.53   -0.107       0.064       
2456906.74136  2456906.74025  2014-09-06.2409605  coadd_ba148434 2.11 -1.89 17.597     >17.597  99.990          10.87        53.68   0.024        0.117       
2456908.75937  2456908.75810  2014-09-08.2589704  coadd_ba148893 2.55 -1.89 17.689     >17.689  99.990          62.22        49.32   0.136        0.107       
2456910.75109  2456910.74966  2014-09-10.2506936  coadd_ba149542 2.42 -1.89 17.717     >17.717  99.990          53.61        48.07   0.117        0.105       
2456911.72056  2456911.71904  2014-09-11.2201538  coadd_ba149835 3.26 -1.89 16.046     >16.046  99.990         362.54       224.06   0.790        0.488       
2456912.72154  2456912.71995  2014-09-12.2211451  coadd_ba150210 2.21 -1.89 17.655     >17.655  99.990          16.41        50.88   0.036        0.111       
2456913.71781  2456913.71614  2014-09-13.2174052  coadd_ba150458 2.20 -1.89 17.269     >17.269  99.990          23.85        72.62   0.052        0.158       
2457018.17007  2457018.16603  2014-12-26.6696670  coadd_ba173806 1.73 -1.89 16.624     >16.624  99.990        -349.23       131.53   -0.761       0.286       
2457019.17033  2457019.16633  2014-12-27.6699246  coadd_ba174090 2.22 -1.89 17.163      16.904  0.288          304.96        80.09   0.664        0.174       
2457024.15443  2457024.15070  2015-01-01.6540225  coadd_ba175239 2.03 -1.89 18.481     >18.481  99.990         -28.46        23.79   -0.062       0.052       
2457032.14565  2457032.14240  2015-01-09.6452400  coadd_ba176328 1.74 -1.89 17.875     >17.875  99.990         -23.53        41.55   -0.051       0.091       
2457038.13347  2457038.13063  2015-01-15.6330686  coadd_ba178427 1.66 -1.89 18.040     >18.040  99.990         -50.95        35.71   -0.111       0.078       
2457040.12581  2457040.12311  2015-01-17.6254035  coadd_ba179253 1.68 -1.89 18.437     >18.437  99.990          10.04        24.77   0.022        0.054       
2457042.13224  2457042.12968  2015-01-19.6318358  coadd_ba179978 1.66 -1.89 18.175     >18.175  99.990         -53.72        31.52   -0.117       0.069       
2457044.12531  2457044.12290  2015-01-21.6249049  coadd_ba180803 1.75 -1.89 18.508     >18.508  99.990          18.31        23.21   0.040        0.051       
2457046.12385  2457046.12159  2015-01-23.6234460  coadd_ba181627 1.63 -1.89 18.494     >18.494  99.990         -29.84        23.50   -0.065       0.051       
2457048.11817  2457048.11607  2015-01-25.6177635  coadd_ba182436 1.68 -1.89 18.564     >18.564  99.990         -44.79        22.04   -0.098       0.048       
2457050.11870  2457050.11676  2015-01-27.6182994  coadd_ba183212 1.68 -1.89 18.376     >18.376  99.990          42.09        26.20   0.092        0.057       
2457052.12135  2457052.11956  2015-01-29.6209496  coadd_ba183831 1.79 -1.89 18.474     >18.474  99.990          41.40        23.95   0.090        0.052       
2457054.11537  2457054.11375  2015-01-31.6149641  coadd_ba184501 1.74 -1.89 18.401     >18.401  99.990          20.20        25.60   0.044        0.056       
2457056.11268  2457056.11122  2015-02-02.6122768  coadd_ba185311 1.68 -1.89 17.219     >17.219  99.990          18.46        76.03   0.040        0.166       
2457061.07816  2457061.07712  2015-02-07.5777586  coadd_ba185710 1.77 -1.89 17.706     >17.706  99.990        -105.65        48.57   -0.230       0.106       
2457069.08937  2457069.08901  2015-02-15.5889682  coadd_ba187274 1.74 -1.89 18.407     >18.407  99.990         -13.05        25.47   -0.028       0.055       
2457071.08220  2457071.08201  2015-02-17.5817905  coadd_ba188045 1.65 -1.89 18.440     >18.440  99.990         -21.45        24.70   -0.047       0.054       
2457074.07834  2457074.07841  2015-02-20.5779340  coadd_ba188925 1.70 -1.89 18.503     >18.503  99.990          10.49        23.31   0.023        0.051       
2457078.06292  2457078.06333  2015-02-24.5625107  coadd_ba189733 1.67 -1.89 18.387     >18.387  99.990         -70.56        25.93   -0.154       0.056       
2457081.06666  2457081.06733  2015-02-27.5662563  coadd_ba190673 1.66 -1.89 18.290     >18.290  99.990         -13.66        28.36   -0.030       0.062       
2457084.05734  2457084.05826  2015-03-02.5569394  coadd_ba191156 1.80 -1.89 17.634     >17.634  99.990         -86.73        51.89   -0.189       0.113       
2457092.04779  2457092.04938  2015-03-10.5473853  coadd_ba192178 2.05 -1.89 17.448     >17.448  99.990          -3.60        61.58   -0.008       0.134       
2457096.00398  2457096.00589  2015-03-14.5035781  coadd_ba192744 2.05 -1.89 18.158     >18.158  99.990         -46.85        32.02   -0.102       0.070       
2457097.05543  2457097.05742  2015-03-15.5550241  coadd_ba193125 1.65 -1.89 18.165     >18.165  99.990         -23.19        31.82   -0.051       0.069       
2457098.03192  2457098.03399  2015-03-16.5315197  coadd_ba193417 1.65 -1.89 18.714     >18.714  99.990          -1.73        19.20   -0.004       0.042       
2457100.08183  2457100.08406  2015-03-18.5818339  coadd_ba194088 1.65 -1.89 18.672     >18.672  99.990          42.70        19.95   0.093        0.043       
2457102.05536  2457102.05774  2015-03-20.5553731  coadd_ba194760 1.65 -1.89 18.073     >18.073  99.990         -21.17        34.63   -0.046       0.075       
2457105.04228  2457105.04488  2015-03-23.5422915  coadd_ba195571 1.71 -1.89 17.961     >17.961  99.990         -66.18        38.41   -0.144       0.084       
2457106.03748  2457106.04015  2015-03-24.5374917  coadd_ba195898 1.63 -1.89 18.392     >18.392  99.990          42.39        25.82   0.092        0.056       
2457109.96829  2457109.97125  2015-03-28.4683030  coadd_ba196969 1.69 -1.89 18.205     >18.205  99.990          28.22        30.68   0.061        0.067       
2457112.93229  2457112.93544  2015-03-31.4323016  coadd_ba197949 1.72 -1.89 18.030     >18.030  99.990         -62.83        36.03   -0.137       0.078       
2457113.93773  2457113.94095  2015-04-01.4377401  coadd_ba198303 1.73 -1.89 17.887     >17.887  99.990          41.23        41.12   0.090        0.090       
2457116.98218  2457116.98560  2015-04-04.4821946  coadd_ba199185 1.68 -1.89 18.211     >18.211  99.990         -38.71        30.49   -0.084       0.066       
2457119.96700  2457119.97060  2015-04-07.4670163  coadd_ba199846 2.01 -1.89 17.104     >17.104  99.990         -41.35        84.54   -0.090       0.184       
2457122.06125  2457122.06497  2015-04-09.5612641  coadd_ba200397 1.88 -1.89 17.761     >17.761  99.990           4.51        46.16   0.010        0.101       
2457125.09315  2457125.09704  2015-04-12.5931586  coadd_ba201121 2.18 -1.89 18.457     >18.457  99.990          14.10        24.32   0.031        0.053       
2457126.00331  2457126.00725  2015-04-13.5033189  coadd_ba201410 1.77 -1.89 18.054     >18.054  99.990         -32.40        35.25   -0.071       0.077       
2457127.99099  2457127.99504  2015-04-15.4910070  coadd_ba201766 1.75 -1.89 18.584     >18.584  99.990          44.70        21.63   0.097        0.047       
2457132.02161  2457132.02585  2015-04-19.5216259  coadd_ba202692 1.66 -1.89 18.527     >18.527  99.990          12.71        22.81   0.028        0.050       
2457135.92268  2457135.92709  2015-04-23.4226935  coadd_ba203640 1.65 -1.89 18.180     >18.180  99.990         -89.44        31.39   -0.195       0.068       
2457138.01636  2457138.02085  2015-04-25.5163733  coadd_ba204348 1.65 -1.89 18.700     >18.700  99.990         -19.52        19.45   -0.043       0.042       
2457138.87557  2457138.88009  2015-04-26.3755728  coadd_ba204598 1.65 -1.89 18.030      18.023  0.363          108.82        36.02   0.237        0.078       
2457145.00265  2457145.00738  2015-05-02.5026555  coadd_ba205266 2.00 -1.89 17.698     >17.698  99.990          31.17        48.94   0.068        0.107       
2457151.05183  2457151.05670  2015-05-08.5518255  coadd_ba206412 2.04 -1.89 17.557     >17.557  99.990         -74.32        55.73   -0.162       0.121       
2457153.89268  2457153.89760  2015-05-11.3926766  coadd_ba206888 1.73 -1.89 18.183     >18.183  99.990          11.30        31.30   0.025        0.068       
2457155.89928  2457155.90423  2015-05-13.3992766  coadd_ba207461 1.85 -1.89 18.355     >18.355  99.990         -36.66        26.70   -0.080       0.058       
2457157.92028  2457157.92525  2015-05-15.4203063  coadd_ba207961 1.81 -1.89 18.644     >18.644  99.990         -34.47        20.48   -0.075       0.045       
2457161.96645  2457161.97146  2015-05-19.4664590  coadd_ba208764 1.72 -1.89 18.750      18.642  0.330           61.54        18.56   0.134        0.040       
2457165.77279  2457165.77781  2015-05-23.2728069  coadd_ba209767 1.66 -1.89 17.717     >17.717  99.990          54.19        48.05   0.118        0.105       
2457166.79440  2457166.79941  2015-05-24.2944103  coadd_ba209933 1.72 -1.89 17.947     >17.947  99.990         -60.15        38.88   -0.131       0.085       
2457168.83429  2457168.83930  2015-05-26.3343084  coadd_ba210429 1.60 -1.89 18.442     >18.442  99.990         -47.90        24.65   -0.104       0.054       
2457172.75457  2457172.75954  2015-05-30.2545791  coadd_ba211161 1.73 -1.89 17.244     >17.244  99.990          38.10        74.35   0.083        0.162       
2457176.97147  2457176.97639  2015-06-03.4714883  coadd_ba211957 1.72 -1.89 17.397      17.324  0.341          207.20        64.57   0.451        0.141       
2457178.98474  2457178.98963  2015-06-05.4847640  coadd_ba212527 1.75 -1.89 17.683     >17.683  99.990          98.17        49.61   0.214        0.108       
2457179.87687  2457179.88174  2015-06-06.3768811  coadd_ba212779 1.69 -1.89 17.383     >17.383  99.990        -211.75        65.40   -0.461       0.142       
2457180.94647  2457180.95132  2015-06-07.4464800  coadd_ba213101 1.71 -1.89 18.267     >18.267  99.990         -74.80        28.97   -0.163       0.063       
2457181.82198  2457181.82680  2015-06-08.3219841  coadd_ba213343 1.67 -1.89 18.666     >18.666  99.990          51.02        20.05   0.111        0.044       
2457184.87423  2457184.87898  2015-06-11.37425  coadd_ba214089 1.76 -1.89 18.506     >18.506  99.990         -30.82        23.25   -0.067       0.051       
2457188.91639  2457188.92101  2015-06-15.4164093  coadd_ba214807 1.74 -1.89 17.938     >17.938  99.990         -24.99        39.20   -0.054       0.085       
2457189.89123  2457189.89583  2015-06-16.3912552  coadd_ba215095 1.83 -1.89 18.508     >18.508  99.990          64.93        23.20   0.141        0.051       
2457192.95207  2457192.95655  2015-06-19.4520725  coadd_ba215888 1.68 -1.89 18.460     >18.460  99.990         -48.51        24.26   -0.106       0.053       
2457194.91500  2457194.91941  2015-06-21.4150071  coadd_ba216467 2.10 -1.89 18.330     >18.330  99.990           2.75        27.34   0.006        0.060       
2457197.81778  2457197.82207  2015-06-24.3177954  coadd_ba217300 1.72 -1.89 18.421      18.189  0.295           93.39        25.14   0.203        0.055       
2457201.76702  2457201.77112  2015-06-28.2670449  coadd_ba218187 1.75 -1.89 17.711     >17.711  99.990         -45.37        48.34   -0.099       0.105       
2457204.88494  2457204.88888  2015-07-01.3849386  coadd_ba219109 1.64 -1.89 17.275     >17.275  99.990        -236.13        72.26   -0.514       0.157       
2457206.91581  2457206.91965  2015-07-03.4158145  coadd_ba219703 1.64 -1.89 17.491     >17.491  99.990         -30.76        59.20   -0.067       0.129       
2457209.91643  2457209.92011  2015-07-06.4164335  coadd_ba220304 1.80 -1.89 17.981     >17.981  99.990        -107.76        37.69   -0.235       0.082       
2457210.82648  2457210.83010  2015-07-07.3264863  coadd_ba220542 1.65 -1.89 18.759     >18.759  99.990          46.27        18.42   0.101        0.040       
2457216.81739  2457216.82064  2015-07-13.3173958  coadd_ba221672 1.85 -1.89 18.721     >18.721  99.990          -1.46        19.06   -0.003       0.042       
2457222.87853  2457222.88137  2015-07-19.3785275  coadd_ba222671 1.65 -1.89 18.476      18.252  0.297           88.13        23.89   0.192        0.052       
2457227.80550  2457227.80800  2015-07-24.3055042  coadd_ba223384 1.68 -1.89 18.371     >18.371  99.990          35.87        26.31   0.078        0.057       
2457230.83469  2457230.83696  2015-07-27.3346900  coadd_ba224254 1.73 -1.89 17.531      17.491  0.352          177.60        57.05   0.387        0.124       
2457232.84950  2457232.85162  2015-07-29.3494997  coadd_ba224836 1.69 -1.89 17.108     >17.108  99.990          68.92        84.23   0.150        0.183       
2457235.83842  2457235.84031  2015-08-01.3384222  coadd_ba225510 1.78 -1.89 17.359      17.099  0.287          254.90        66.84   0.555        0.146       
2457237.80443  2457237.80616  2015-08-03.3044292  coadd_ba225873 1.67 -1.89 18.079     >18.079  99.990          12.49        34.45   0.027        0.075       
2457240.78507  2457240.78656  2015-08-06.2850673  coadd_ba226379 1.70 -1.89 18.640     >18.640  99.990          49.39        20.55   0.108        0.045       
2457243.80513  2457243.80638  2015-08-09.3051271  coadd_ba227324 1.70 -1.89 18.600     >18.600  99.990         -23.41        21.31   -0.051       0.046       
2457245.80080  2457245.80189  2015-08-11.3008008  coadd_ba228012 1.64 -1.89 18.601     >18.601  99.990         -19.26        21.29   -0.042       0.046       
2457247.79508  2457247.79600  2015-08-13.2950758  coadd_ba228695 1.70 -1.89 18.356     >18.356  99.990          13.20        26.68   0.029        0.058       
2457248.82539  2457248.82623  2015-08-14.3253917  coadd_ba228883 1.77 -1.89 18.818     >18.818  99.990          32.85        17.43   0.072        0.038       
2457250.77811  2457250.77878  2015-08-16.2781149  coadd_ba229169 1.77 -1.89 18.370     >18.370  99.990         -20.56        26.34   -0.045       0.057       
2457262.75246  2457262.75212  2015-08-28.2524584  coadd_ba230623 1.88 -1.89 17.601     >17.601  99.990         -24.36        53.48   -0.053       0.116       
2457266.75583  2457266.75516  2015-09-01.2558281  coadd_ba231944 1.83 -1.89 18.025     >18.025  99.990          76.64        36.21   0.167        0.079       
2457268.73691  2457268.73607  2015-09-03.2369076  coadd_ba232172 1.72 -1.89 18.269     >18.269  99.990         -99.80        28.92   -0.217       0.063       
2457272.74157  2457272.74040  2015-09-07.2415687  coadd_ba233262 2.54 -1.89 18.585     >18.585  99.990          -2.31        21.61   -0.005       0.047       
2457389.16290  2457389.15916  2016-01-01.6628981  coadd_ba263036 2.04 -1.89 17.818     >17.818  99.990         -80.27        43.80   -0.175       0.095       
2457397.14977  2457397.14651  2016-01-09.6497733  coadd_ba265870 1.79 -1.89 18.243     >18.243  99.990          74.55        29.61   0.162        0.064       
2457399.14285  2457399.13971  2016-01-11.6428472  coadd_ba266713 1.80 -1.89 18.455     >18.455  99.990          52.50        24.37   0.114        0.053       
2457403.17996  2457403.17710  2016-01-15.6799586  coadd_ba268045 1.66 -1.89 15.704     >15.704  99.990         139.63       307.04   0.304        0.669       
2457404.13007  2457404.12728  2016-01-16.6300699  coadd_ba268422 1.70 -1.89 18.207     >18.207  99.990         -19.84        30.61   -0.043       0.067       
2457407.13869  2457407.13612  2016-01-19.6386907  coadd_ba269727 1.65 -1.89 18.532     >18.532  99.990          66.58        22.70   0.145        0.049       
2457411.11015  2457411.10788  2016-01-23.6101562  coadd_ba271407 1.68 -1.89 17.510     >17.510  99.990          -6.54        58.17   -0.014       0.127       
2457412.14074  2457412.13854  2016-01-24.6407376  coadd_ba271860 1.67 -1.89 17.361     >17.361  99.990         -38.09        66.70   -0.083       0.145       
2457414.13769  2457414.13565  2016-01-26.6376902  coadd_ba272724 1.68 -1.89 17.829     >17.829  99.990          40.06        43.37   0.087        0.094       
2457417.10483  2457417.10303  2016-01-29.6048348  coadd_ba273974 1.75 -1.89 18.008      17.472  0.223          180.87        36.76   0.394        0.080       
2457417.18054  2457417.17874  2016-01-29.6805413  coadd_ba274031 1.76 -1.89 16.269     >16.269  99.990        -541.62       182.44   -1.180       0.397       
2457418.10145  2457418.09972  2016-01-30.6014478  coadd_ba274391 1.66 -1.89 17.930     >17.930  99.990         -61.98        39.52   -0.135       0.086       
2457421.13299  2457421.13151  2016-02-02.6329927  coadd_ba275700 1.65 -1.89 18.299     >18.299  99.990          -2.75        28.12   -0.006       0.061       
2457424.14149  2457424.14026  2016-02-05.6414939  coadd_ba277091 1.66 -1.89 18.337     >18.337  99.990          69.34        27.16   0.151        0.059       
2457427.07898  2457427.07800  2016-02-08.5789865  coadd_ba277711 2.35 -1.89 18.625     >18.625  99.990          19.40        20.83   0.042        0.045       
2457429.12820  2457429.12739  2016-02-10.6282017  coadd_ba278578 1.72 -1.89 18.720     >18.720  99.990          12.82        19.08   0.028        0.042       
2457437.03982  2457437.03969  2016-02-18.5398189  coadd_ba281316 2.00 -1.89 17.698     >17.698  99.990          -7.53        48.93   -0.016       0.107       
2457440.03304  2457440.03317  2016-02-21.5330402  coadd_ba282568 1.66 -1.89 17.324     >17.324  99.990        -133.41        69.07   -0.291       0.150       
2457441.15190  2457441.15213  2016-02-22.6519054  coadd_ba283077 1.76 -1.89 17.617     >17.617  99.990          -9.13        52.73   -0.020       0.115       
2457444.03021  2457444.03068  2016-02-25.5302143  coadd_ba284151 2.14 -1.89 17.570     >17.570  99.990          -7.25        55.03   -0.016       0.120       
2457446.08764  2457446.08829  2016-02-27.5876381  coadd_ba285005 1.84 -1.89 17.843     >17.843  99.990         -22.70        42.80   -0.049       0.093       
2457449.03526  2457449.03616  2016-03-01.5352637  coadd_ba286088 1.79 -1.89 18.250     >18.250  99.990          20.79        29.43   0.045        0.064       
2457451.10025  2457451.10133  2016-03-03.6002530  coadd_ba286943 1.76 -1.89 18.345     >18.345  99.990         -57.36        26.97   -0.125       0.059       
2457453.00229  2457453.00352  2016-03-05.5022906  coadd_ba287692 1.71 -1.89 18.609     >18.609  99.990          -4.80        21.13   -0.010       0.046       
2457455.01799  2457455.01939  2016-03-07.5179885  coadd_ba288527 2.11 -1.89 18.636     >18.636  99.990          22.18        20.62   0.048        0.045       
2457458.08309  2457458.08474  2016-03-10.5830922  coadd_ba289433 2.10 -1.89 18.774     >18.774  99.990         -16.09        18.16   -0.035       0.040       
2457460.97386  2457460.97574  2016-03-13.4738594  coadd_ba290470 1.78 -1.89 18.510     >18.510  99.990         -21.94        23.15   -0.048       0.050       
2457462.09912  2457462.10109  2016-03-14.5991172  coadd_ba290924 1.80 -1.89 18.144     >18.144  99.990          -6.68        32.43   -0.015       0.071       
2457463.01536  2457463.01741  2016-03-15.5153656  coadd_ba291184 1.67 -1.89 18.882     >18.882  99.990         -51.34        16.44   -0.112       0.036       
2457465.95964  2457465.96192  2016-03-18.4596449  coadd_ba292072 2.12 -1.89 17.704     >17.704  99.990        -201.62        48.65   -0.439       0.106       
2457467.98650  2457467.98893  2016-03-20.4865016  coadd_ba292957 1.79 -1.89 17.833     >17.833  99.990          96.34        43.22   0.210        0.094       
2457473.06749  2457473.07030  2016-03-25.5674969  coadd_ba294491 2.20 -1.89 17.316     >17.316  99.990          61.37        69.55   0.134        0.151       
2457478.11009  2457478.11323  2016-03-30.6100876  coadd_ba295610 2.04 -1.89 17.949     >17.949  99.990          27.51        38.84   0.060        0.085       
2457479.04966  2457479.05287  2016-03-31.5496628  coadd_ba295958 2.05 -1.89 18.545     >18.545  99.990         -23.84        22.42   -0.052       0.049       
2457481.02384  2457481.02718  2016-04-02.5238418  coadd_ba296589 1.76 -1.89 18.611     >18.611  99.990         -21.06        21.09   -0.046       0.046       
2457483.95612  2457483.95965  2016-04-05.4561234  coadd_ba297711 1.67 -1.89 18.544     >18.544  99.990          10.08        22.44   0.022        0.049       
2457487.99493  2457487.99869  2016-04-09.4949292  coadd_ba298259 2.01 -1.89 18.709     >18.709  99.990         -26.13        19.28   -0.057       0.042       
2457490.93550  2457490.93942  2016-04-12.4355018  coadd_ba299372 1.71 -1.89 18.809     >18.809  99.990          -2.41        17.58   -0.005       0.038       
2457493.88228  2457493.88635  2016-04-15.3822783  coadd_ba300390 1.76 -1.89 18.153     >18.153  99.990        -166.96        32.17   -0.364       0.070       
2457494.95512  2457494.95925  2016-04-16.4551225  coadd_ba300829 2.09 -1.89 18.291     >18.291  99.990          -2.57        28.35   -0.006       0.062       
2457496.10821  2457496.11239  2016-04-17.6082128  coadd_ba301263 2.05 -1.89 18.684     >18.684  99.990          29.33        19.74   0.064        0.043       
2457497.87271  2457497.87697  2016-04-19.3727083  coadd_ba301396 1.72 -1.89 17.270     >17.270  99.990         104.46        72.56   0.228        0.158       
2457500.93434  2457500.93873  2016-04-22.4343388  coadd_ba302426 1.81 -1.89 16.988     >16.988  99.990          75.70        94.11   0.165        0.205       
2457503.96921  2457503.97372  2016-04-25.4692082  coadd_ba303434 1.71 -1.89 17.504      17.154  0.265          242.35        58.51   0.528        0.127       
2457505.95100  2457505.95559  2016-04-27.4510041  coadd_ba304161 1.66 -1.89 17.730     >17.730  99.990        -186.49        47.50   -0.406       0.103       
2457506.88772  2457506.89233  2016-04-28.3877186  coadd_ba304487 1.84 -1.89 19.503     >19.503  99.990          22.72         9.28   0.049        0.020       
2457507.89497  2457507.89962  2016-04-29.3949745  coadd_ba304797 1.99 -1.89 19.884     >19.884  99.990           1.77         6.53   0.004        0.014       
2457510.91836  2457510.92310  2016-05-02.4183636  coadd_ba305704 2.03 -1.89 18.789     >18.789  99.990          29.02        17.91   0.063        0.039       
2457512.97591  2457512.98070  2016-05-04.4759086  coadd_ba306490 1.83 -1.89 18.552     >18.552  99.990          -9.59        22.28   -0.021       0.049       
2457520.93328  2457520.93823  2016-05-12.4332789  coadd_ba307861 1.78 -1.89 18.852     >18.852  99.990          28.32        16.90   0.062        0.037       
2457526.94314  2457526.94814  2016-05-18.4431362  coadd_ba309242 2.00 -1.89 17.960     >17.960  99.990         -90.64        38.44   -0.197       0.084       
2457528.93625  2457528.94127  2016-05-20.4362531  coadd_ba309795 1.99 -1.89 17.215     >17.215  99.990         -58.65        76.32   -0.128       0.166       
2457531.91870  2457531.92372  2016-05-23.4187063  coadd_ba310706 1.90 -1.89 17.275     >17.275  99.990         100.45        72.24   0.219        0.157       
2457536.01810  2457536.02310  2016-05-27.5181050  coadd_ba311504 1.66 -1.89 18.343     >18.343  99.990         -38.91        27.01   -0.085       0.059       
2457538.97743  2457538.98240  2016-05-30.4774305  coadd_ba312368 1.67 -1.89 18.528     >18.528  99.990         -19.82        22.77   -0.043       0.050       
2457542.95240  2457542.95731  2016-06-03.4524052  coadd_ba313283 1.69 -1.89 18.822     >18.822  99.990         -28.03        17.38   -0.061       0.038       
2457546.92345  2457546.92828  2016-06-07.4234552  coadd_ba314348 1.66 -1.89 18.463     >18.463  99.990           6.45        24.19   0.014        0.053       
2457548.76219  2457548.76698  2016-06-09.2621927  coadd_ba314909 1.83 -1.89 18.685     >18.685  99.990          16.93        19.71   0.037        0.043       
2457549.97689  2457549.98164  2016-06-10.4768912  coadd_ba315394 1.70 -1.89 18.887     >18.887  99.990         -67.53        16.37   -0.147       0.036       
2457555.87120  2457555.87577  2016-06-16.3711983  coadd_ba316381 1.68 -1.89 17.466     >17.466  99.990          -1.41        60.59   -0.003       0.132       
2457559.84119  2457559.84561  2016-06-20.3411891  coadd_ba317478 1.68 -1.89 17.435     >17.435  99.990         -96.27        62.31   -0.210       0.136       
2457561.94140  2457561.94574  2016-06-22.4414081  coadd_ba318210 1.63 -1.89 17.460     >17.460  99.990           7.79        60.93   0.017        0.133       
2457562.88705  2457562.89135  2016-06-23.3870520  coadd_ba318517 1.66 -1.89 18.005     >18.005  99.990          85.10        36.89   0.185        0.080       
2457567.89193  2457567.89600  2016-06-28.3919342  coadd_ba319615 1.65 -1.89 18.654     >18.654  99.990          10.58        20.28   0.023        0.044       
2457574.91059  2457574.91428  2016-07-05.4105905  coadd_ba321075 1.62 -1.89 18.718     >18.718  99.990           6.18        19.13   0.013        0.042       
2457576.90409  2457576.90766  2016-07-07.4040914  coadd_ba321712 1.69 -1.89 18.639     >18.639  99.990          14.59        20.57   0.032        0.045       
2457577.87977  2457577.88328  2016-07-08.3797690  coadd_ba322048 1.69 -1.89 19.010     >19.010  99.990          25.47        14.62   0.055        0.032       
2457580.90106  2457580.90438  2016-07-11.4010574  coadd_ba322690 2.24 -1.89 18.598     >18.598  99.990          44.58        21.36   0.097        0.047       
2457585.82507  2457585.82808  2016-07-16.3250767  coadd_ba323874 1.73 -1.89 17.859     >17.859  99.990          28.71        42.19   0.063        0.092       
2457591.86111  2457591.86369  2016-07-22.3611113  coadd_ba325084 1.68 -1.89 18.042     >18.042  99.990          69.36        35.65   0.151        0.078       
2457595.77652  2457595.77881  2016-07-26.2765211  coadd_ba325707 1.74 -1.89 18.611     >18.611  99.990          50.86        21.10   0.111        0.046       
2457598.84614  2457598.84820  2016-07-29.3461364  coadd_ba326714 2.29 -1.89 18.734     >18.734  99.990         -17.80        18.83   -0.039       0.041       
2457601.82818  2457601.83001  2016-08-01.3281834  coadd_ba327484 1.62 -1.89 18.740     >18.740  99.990          21.70        18.75   0.047        0.041       
2457603.80058  2457603.80226  2016-08-03.3005848  coadd_ba328187 1.64 -1.89 18.791     >18.791  99.990          -7.17        17.88   -0.016       0.039       
2457605.81478  2457605.81629  2016-08-05.3147771  coadd_ba328756 1.81 -1.89 18.641     >18.641  99.990         -10.80        20.53   -0.024       0.045       
2457607.81000  2457607.81135  2016-08-07.3100020  coadd_ba329448 1.64 -1.89 18.702     >18.702  99.990           0.68        19.40   0.001        0.042       
2457609.80903  2457609.81022  2016-08-09.3090350  coadd_ba330143 1.78 -1.89 18.479     >18.479  99.990          48.87        23.82   0.106        0.052       
2457612.79011  2457612.79105  2016-08-12.2901137  coadd_ba331085 1.79 -1.89 17.999     >17.999  99.990           5.07        37.06   0.011        0.081       
2457617.78324  2457617.78377  2016-08-17.2832443  coadd_ba332408 1.64 -1.89 17.719     >17.719  99.990         -71.85        47.97   -0.157       0.104       
2457620.77263  2457620.77290  2016-08-20.2726295  coadd_ba333502 1.63 -1.89 18.168     >18.168  99.990         -52.26        31.72   -0.114       0.069       
2457626.74191  2457626.74169  2016-08-26.2419166  coadd_ba334403 1.69 -1.89 18.478     >18.478  99.990        -107.89        23.86   -0.235       0.052       
2457630.74699  2457630.74642  2016-08-30.2469905  coadd_ba335335 1.68 -1.89 18.755     >18.755  99.990         -23.79        18.47   -0.052       0.040       
2457634.52199  2457634.52110  2016-09-03.0219872  coadd_be231670 1.53 -2.33 18.143     >18.143  99.990          10.50        21.54   0.034        0.071       
2457635.54060  2457635.53963  2016-09-04.0405968  coadd_be232081 1.48 -2.33 18.101     >18.101  99.990          64.65        22.38   0.212        0.074       
2457637.72708  2457637.72594  2016-09-06.2270844  coadd_ba336307 1.85 -1.89 18.268     >18.268  99.990          39.94        28.94   0.087        0.063       
2457640.48459  2457640.48323  2016-09-08.9845942  coadd_be233742 1.66 -2.33 17.808     >17.808  99.990         -30.80        29.32   -0.101       0.096       
2457643.49739  2457643.49578  2016-09-11.9973901  coadd_be234929 1.72 -2.33 17.687     >17.687  99.990         -49.42        32.77   -0.162       0.108       
2457652.48118  2457652.47887  2016-09-20.9811811  coadd_be238040 1.97 -2.33 18.154      17.920  0.294           79.39        21.32   0.261        0.070       
2457758.15663  2457758.15310  2017-01-04.6566313  coadd_ba367655 1.64 -1.89 18.428     >18.428  99.990         -19.98        24.97   -0.044       0.054       
2457766.14616  2457766.14315  2017-01-12.6461645  coadd_ba370704 1.71 -1.89 17.235     >17.235  99.990          86.34        74.96   0.188        0.163       
2457768.13694  2457768.13406  2017-01-14.6369407  coadd_ba371552 1.69 -1.89 17.497     >17.497  99.990         -83.93        58.88   -0.183       0.128       
2457774.13247  2457774.13003  2017-01-20.6324719  coadd_ba373644 1.82 -1.89 17.952     >17.952  99.990          79.31        38.72   0.173        0.084       
2457778.14489  2457778.14276  2017-01-24.6448960  coadd_ba374939 2.05 -1.89 18.434     >18.434  99.990          39.85        24.83   0.087        0.054       
2457782.11659  2457782.11476  2017-01-28.6165858  coadd_ba376537 1.69 -1.89 18.697     >18.697  99.990          34.46        19.50   0.075        0.042       
2457787.08101  2457787.07959  2017-02-02.5810106  coadd_ba378452 1.77 -1.89 18.605     >18.605  99.990           2.76        21.23   0.006        0.046       
2457790.11561  2457790.11444  2017-02-05.6156109  coadd_ba379617 1.65 -1.89 18.681     >18.681  99.990         -27.46        19.78   -0.060       0.043       
2457794.06755  2457794.06671  2017-02-09.5675523  coadd_ba380403 1.76 -1.89 17.338     >17.338  99.990          10.56        68.18   0.023        0.149       
2457798.08059  2457798.08009  2017-02-13.5805880  coadd_ba381491 1.60 -1.89 17.601     >17.601  99.990         -27.44        53.51   -0.060       0.117       
2457805.14436  2457805.14448  2017-02-20.6443679  coadd_ba383956 1.74 -1.89 18.398     >18.398  99.990          50.09        25.67   0.109        0.056       
2457808.03005  2457808.03042  2017-02-23.5300562  coadd_ba385055 1.79 -1.89 18.713      18.589  0.325           64.61        19.21   0.141        0.042       
2457813.82305  2457813.82391  2017-03-01.3230564  coadd_be283200 1.50 -2.33 18.219     >18.219  99.990          58.08        20.08   0.191        0.066       
2457823.01313  2457823.01476  2017-03-10.5131342  coadd_ba387696 1.62 -1.89 17.631     >17.631  99.990         -70.88        52.06   -0.154       0.113       
2457826.08405  2457826.08593  2017-03-13.5840539  coadd_ba388582 1.65 -1.89 17.477     >17.477  99.990          33.02        59.95   0.072        0.131       
2457829.09234  2457829.09445  2017-03-16.5923443  coadd_ba389741 1.66 -1.89 18.027     >18.027  99.990         -87.47        36.12   -0.191       0.079       
2457832.04365  2457832.04598  2017-03-19.5436790  coadd_ba390786 1.74 -1.89 17.987     >17.987  99.990         -10.44        37.49   -0.023       0.082       
2457834.00990  2457834.01238  2017-03-21.5098991  coadd_ba391533 1.77 -1.89 18.303     >18.303  99.990         -52.68        28.01   -0.115       0.061       
2457838.05240  2457838.05518  2017-03-25.5523991  coadd_ba392934 1.79 -1.89 18.667     >18.667  99.990         -39.51        20.04   -0.086       0.044       
2457844.92919  2457844.93245  2017-04-01.4291944  coadd_ba395076 1.70 -1.89 18.469     >18.469  99.990          38.74        24.06   0.084        0.052       
2457847.01293  2457847.01632  2017-04-03.5129376  coadd_ba395742 1.71 -1.89 18.756     >18.756  99.990         -14.33        18.46   -0.031       0.040       
2457849.91475  2457849.91832  2017-04-06.4147561  coadd_ba396800 1.83 -1.89 17.786     >17.786  99.990          52.90        45.13   0.115        0.098       
2457851.09894  2457851.10257  2017-04-07.5989386  coadd_ba397303 1.75 -1.89 18.547     >18.547  99.990          65.55        22.37   0.143        0.049       
2457851.90280  2457851.90649  2017-04-08.4028045  coadd_ba397538 1.78 -1.89 17.440     >17.440  99.990          82.65        62.07   0.180        0.135       
2457852.91581  2457852.91955  2017-04-09.4158065  coadd_be295669 2.19 -2.33 17.748     >17.748  99.990         -47.52        30.99   -0.156       0.102       
2457854.70828  2457854.71212  2017-04-11.2082821  coadd_be296323 1.47 -2.33 16.954     >16.954  99.990        -143.60        64.37   -0.472       0.211       
2457856.79797  2457856.80193  2017-04-13.2979769  coadd_be297181 1.45 -2.33 17.370     >17.370  99.990         -69.63        43.87   -0.229       0.144       
2457864.10523  2457864.10954  2017-04-20.6052332  coadd_ba400536 1.62 -1.89 18.517     >18.517  99.990           7.94        23.00   0.017        0.050       
2457867.86185  2457867.86631  2017-04-24.3618513  coadd_be300327 1.53 -2.33 18.039     >18.039  99.990         -68.58        23.69   -0.225       0.078       
2457870.79211  2457870.79669  2017-04-27.2921179  coadd_be301297 1.85 -2.33 18.233     >18.233  99.990          24.06        19.81   0.079        0.065       
2457874.84298  2457874.84769  2017-05-01.3429872  coadd_be303031 1.52 -2.33 18.321     >18.321  99.990          30.70        18.28   0.101        0.060       
2457877.64770  2457877.65249  2017-05-04.1477076  coadd_be303991 1.50 -2.33 18.107     >18.107  99.990         -30.83        22.26   -0.101       0.073       
2457878.78388  2457878.78869  2017-05-05.2838815  coadd_be304520 1.44 -2.33 17.835     >17.835  99.990         -32.34        28.58   -0.106       0.094       
2457880.64626  2457880.65111  2017-05-07.1462652  coadd_be305234 2.28 -2.33 17.320      17.122  0.304          165.56        45.97   0.544        0.151       
2457883.91428  2457883.91919  2017-05-10.4142806  coadd_ba404811 1.78 -1.89 16.810     >16.810  99.990         -32.39       110.88   -0.071       0.242       
2457890.04991  2457890.05490  2017-05-16.5499145  coadd_ba406039 1.74 -1.89 18.082     >18.082  99.990         -37.77        34.35   -0.082       0.075       
2457893.02309  2457893.02810  2017-05-19.5230901  coadd_ba407029 1.71 -1.89 18.297     >18.297  99.990          16.90        28.17   0.037        0.061       
2457894.98216  2457894.98718  2017-05-21.4821660  coadd_ba407701 1.69 -1.89 17.917     >17.917  99.990          43.08        40.00   0.094        0.087       
2457896.03186  2457896.03688  2017-05-22.5318600  coadd_ba408085 1.81 -1.89 18.736     >18.736  99.990          16.95        18.80   0.037        0.041       
2457897.89608  2457897.90110  2017-05-24.3960832  coadd_ba408543 1.72 -1.89 18.703     >18.703  99.990         -35.04        19.39   -0.076       0.042       
2457900.92322  2457900.92822  2017-05-27.4232240  coadd_ba409596 1.67 -1.89 18.659     >18.659  99.990          -9.98        20.19   -0.022       0.044       
2457904.99328  2457904.99823  2017-05-31.4932798  coadd_ba410601 1.63 -1.89 18.609     >18.609  99.990         -59.64        21.14   -0.130       0.046       
2457908.84964  2457908.85454  2017-06-04.3496380  coadd_ba411710 2.07 -1.89 16.690     >16.690  99.990        -194.72       123.75   -0.424       0.270       
2457910.79601  2457910.80087  2017-06-06.2960083  coadd_ba412229 1.81 -1.89 17.366     >17.366  99.990         -54.17        66.45   -0.118       0.145       
2457914.93913  2457914.94389  2017-06-10.4391337  coadd_ba413588 1.68 -1.89 17.292     >17.292  99.990         -15.39        71.13   -0.034       0.155       
2457917.95528  2457917.95995  2017-06-13.4552763  coadd_ba414130 1.71 -1.89 17.892     >17.892  99.990          48.65        40.91   0.106        0.089       
2457923.93080  2457923.93526  2017-06-19.4307998  coadd_ba414911 1.72 -1.89 17.689     >17.689  99.990          28.43        49.32   0.062        0.107       
2457924.83079  2457924.83522  2017-06-20.3307894  coadd_ba415054 2.28 -1.89 18.702     >18.702  99.990          13.18        19.41   0.029        0.042       
2457927.91921  2457927.92352  2017-06-23.4192166  coadd_ba416073 1.63 -1.89 18.689      18.252  0.244           88.13        19.64   0.192        0.043       
2457931.77032  2457931.77445  2017-06-27.2703282  coadd_ba417194 1.75 -1.89 18.134      17.554  0.214          167.59        32.76   0.365        0.071       
2457932.83308  2457932.83716  2017-06-28.3330848  coadd_ba417534 2.05 -1.89 18.610     >18.610  99.990          22.09        21.12   0.048        0.046       
2457934.56803  2457934.57202  2017-06-30.0680342  coadd_be321545 1.53 -2.33 18.056     >18.056  99.990          13.82        23.34   0.045        0.077       
2457937.63399  2457937.63782  2017-07-03.1340060  coadd_be322930 1.55 -2.33 17.570     >17.570  99.990         -32.94        36.50   -0.108       0.120       
2457940.81672  2457940.82037  2017-07-06.3167186  coadd_ba419417 1.76 -1.89 17.611     >17.611  99.990        -105.19        53.01   -0.229       0.115       
2457943.88874  2457943.89221  2017-07-09.3887424  coadd_ba420477 1.63 -1.89 16.710     >16.710  99.990         255.99       121.53   0.558        0.265       
2457944.89570  2457944.89911  2017-07-10.3957133  coadd_ba420800 1.68 -1.89 17.517     >17.517  99.990         -61.60        57.82   -0.134       0.126       
2457945.77643  2457945.77978  2017-07-11.2764351  coadd_ba421051 1.68 -1.89 18.631     >18.631  99.990         -55.15        20.71   -0.120       0.045       
2457946.68997  2457946.69326  2017-07-12.1899736  coadd_be326176 1.48 -2.33 17.469     >17.469  99.990          53.18        40.07   0.175        0.132       
2457948.86213  2457948.86528  2017-07-14.3621347  coadd_ba421721 1.67 -1.89 18.446     >18.446  99.990         -27.06        24.57   -0.059       0.054       
2457949.50331  2457949.50642  2017-07-15.0033152  coadd_be327312 1.61 -2.33 17.067     >17.067  99.990         -60.30        58.00   -0.198       0.191       
2457953.87243  2457953.87525  2017-07-19.3724329  coadd_ba422713 1.66 -1.89 18.714     >18.714  99.990          10.83        19.20   0.024        0.042       
2457959.85517  2457959.85755  2017-07-25.3551767  coadd_ba423543 1.69 -1.89 18.908     >18.908  99.990         -13.08        16.05   -0.028       0.035       
2457961.85045  2457961.85268  2017-07-27.3504531  coadd_ba424214 1.74 -1.89 18.728     >18.728  99.990          37.84        18.95   0.082        0.041       
2457967.59825  2457967.60004  2017-08-02.0982576  coadd_be334294 1.54 -2.33 17.707     >17.707  99.990         -56.49        32.16   -0.186       0.106       
2457970.61096  2457970.61251  2017-08-05.1109656  coadd_be335594 1.50 -2.33 17.170     >17.170  99.990         141.92        52.75   0.466        0.173       
2457972.76816  2457972.76954  2017-08-07.2681658  coadd_ba426759 1.71 -1.89 17.490      17.438  0.348          186.54        59.25   0.406        0.129       
2457975.80678  2457975.80791  2017-08-10.3067840  coadd_ba427956 1.69 -1.89 17.957     >17.957  99.990          24.07        38.52   0.052        0.084       
2457976.80582  2457976.80687  2017-08-11.3058217  coadd_ba427858 1.68 -1.89 18.470     >18.470  99.990          43.09        24.03   0.094        0.052       
2457979.76106  2457979.76186  2017-08-14.2610605  coadd_ba429089 1.76 -1.89 18.941     >18.941  99.990         -28.50        15.57   -0.062       0.034       
2457982.78606  2457982.78661  2017-08-17.2860664  coadd_ba430174 1.63 -1.89 18.511     >18.511  99.990           5.31        23.15   0.012        0.050       
2457985.77754  2457985.77784  2017-08-20.2775430  coadd_ba431084 1.66 -1.89 18.758     >18.758  99.990           5.27        18.43   0.011        0.040       
2457989.74726  2457989.74722  2017-08-24.2472598  coadd_ba431748 1.67 -1.89 18.664     >18.664  99.990         -47.81        20.09   -0.104       0.044       
2457992.74315  2457992.74286  2017-08-27.2431569  coadd_ba432679 1.63 -1.89 18.438     >18.438  99.990         -45.31        24.75   -0.099       0.054       
2457998.72989  2457998.72910  2017-09-02.2298964  coadd_ba434296 2.11 -1.89 17.740     >17.740  99.990          -0.58        47.07   -0.001       0.103       
2458001.72609  2458001.72505  2017-09-05.2260983  coadd_ba435055 1.67 -1.89 17.703     >17.703  99.990         -12.14        48.72   -0.026       0.106       
2458005.50510  2458005.50375  2017-09-09.0051094  coadd_be344175 1.51 -2.33 17.862     >17.862  99.990          29.21        27.89   0.096        0.092       
2458011.47898  2458011.47716  2017-09-14.9789829  coadd_be345669 1.75 -2.33 17.426     >17.426  99.990          56.43        41.66   0.185        0.137       
2458012.50418  2458012.50228  2017-09-16.0041934  coadd_be346071 1.77 -2.33 17.781     >17.781  99.990         -33.75        30.06   -0.111       0.099       
2458016.48863  2458016.48642  2017-09-19.9886334  coadd_be347480 1.60 -2.33 17.919     >17.919  99.990         -18.41        26.47   -0.060       0.087       
2458161.11371  2458161.11303  2018-02-11.6137079  coadd_ba474159 2.24 -1.89 18.580     >18.580  99.990          26.22        21.71   0.057        0.047       
2458182.81113  2458182.81230  2018-03-05.3111295  coadd_be392715 1.44 -2.33 16.853     >16.853  99.990         163.21        70.64   0.536        0.232       
2458183.80650  2458183.80775  2018-03-06.3065017  coadd_be393084 1.37 -2.33 17.169     >17.169  99.990         -94.37        52.82   -0.310       0.174       
2458186.82403  2458186.82553  2018-03-09.3240275  coadd_be393866 1.41 -2.33 17.618     >17.618  99.990         -74.85        34.91   -0.246       0.115       
2458187.83908  2458187.84067  2018-03-10.3390888  coadd_be394257 1.43 -2.33 17.571     >17.571  99.990           6.19        36.48   0.020        0.120       
2458197.96339  2458197.96578  2018-03-20.4633936  coadd_ba479550 1.67 -1.89 18.466     >18.466  99.990          42.18        24.12   0.092        0.053       
2458207.93557  2458207.93868  2018-03-30.4355760  coadd_ba480447 2.06 -1.89 17.752     >17.752  99.990          54.30        46.56   0.118        0.101       
2458209.92905  2458209.93229  2018-04-01.4290593  coadd_ba481006 2.05 -1.89 17.154     >17.154  99.990         161.42        80.75   0.352        0.176       
2458220.90096  2458220.90485  2018-04-12.4009605  coadd_ba481853 1.74 -1.89 18.484     >18.484  99.990          14.93        23.73   0.033        0.052       
2458235.00657  2458235.01110  2018-04-26.5065697  coadd_ba485597 1.73 -1.89 17.620     >17.620  99.990         138.29        52.57   0.301        0.115       
2458235.89445  2458235.89901  2018-04-27.3944532  coadd_be412171 1.43 -2.33 17.330      17.114  0.299          166.71        45.52   0.548        0.150       
2458241.86372  2458241.86848  2018-05-03.3637283  coadd_be414535 1.42 -2.33 16.854     >16.854  99.990          -1.63        70.57   -0.005       0.232       
2458244.73739  2458244.74222  2018-05-06.2373990  coadd_be415354 1.66 -2.33 17.406     >17.406  99.990          35.60        42.47   0.117        0.139       
2458251.95317  2458251.95812  2018-05-13.4531723  coadd_ba488008 1.77 -1.89 18.612     >18.612  99.990          21.83        21.07   0.048        0.046       
2458252.97153  2458252.97650  2018-05-14.4715335  coadd_ba488376 2.09 -1.89 18.639     >18.639  99.990          31.13        20.56   0.068        0.045       
2458257.93751  2458257.94252  2018-05-19.4375138  coadd_ba489421 1.68 -1.89 18.460     >18.460  99.990          -2.61        24.25   -0.006       0.053       
2458258.83648  2458258.84149  2018-05-20.3364850  coadd_ba489691 2.03 -1.89 19.070     >19.070  99.990          17.48        13.82   0.038        0.030       
2458269.99182  2458269.99678  2018-05-31.4918278  coadd_ba491970 1.64 -1.89 17.308     >17.308  99.990          99.03        70.04   0.216        0.153       
2458270.88412  2458270.88907  2018-06-01.3841221  coadd_ba492207 1.65 -1.89 17.708     >17.708  99.990         -40.89        48.47   -0.089       0.106       
2458274.91346  2458274.91834  2018-06-05.4134674  coadd_ba493194 2.03 -1.89 18.081     >18.081  99.990          25.64        34.37   0.056        0.075       
2458282.97357  2458282.97825  2018-06-13.4735697  coadd_ba495190 1.65 -1.89 18.463     >18.463  99.990         -37.38        24.18   -0.081       0.053       
2458284.87788  2458284.88250  2018-06-15.3778859  coadd_ba495761 1.67 -1.89 18.796     >18.796  99.990           5.33        17.80   0.012        0.039       
2458291.78462  2458291.78899  2018-06-22.2846292  coadd_ba497313 2.00 -1.89 17.935     >17.935  99.990          67.89        39.33   0.148        0.086       
2458293.92407  2458293.92834  2018-06-24.4240767  coadd_ba497952 2.03 -1.89 17.729     >17.729  99.990         132.98        47.53   0.290        0.104       
2458297.88167  2458297.88575  2018-06-28.3816755  coadd_ba499020 2.24 -1.89 17.169      17.134  0.354          246.74        79.65   0.537        0.173       
2458303.92319  2458303.92696  2018-07-04.4231912  coadd_ba500239 1.65 -1.89 18.273     >18.273  99.990          -2.86        28.80   -0.006       0.063       
2458304.70127  2458304.70500  2018-07-05.2012743  coadd_be418811 1.55 -2.33 17.127     >17.127  99.990         -74.76        54.91   -0.246       0.180       
2458305.46198  2458305.46566  2018-07-05.9619793  coadd_be418933 1.59 -2.33 18.168     >18.168  99.990          -0.57        21.04   -0.002       0.069       
2458309.70383  2458309.70726  2018-07-10.2038392  coadd_be420296 1.59 -2.33 18.241     >18.241  99.990          41.38        19.68   0.136        0.065       
2458311.69661  2458311.69992  2018-07-12.1966171  coadd_be421178 1.53 -2.33 18.380     >18.380  99.990           4.33        17.31   0.014        0.057       
2458313.89506  2458313.89823  2018-07-14.3950672  coadd_ba502944 1.68 -1.89 18.757     >18.757  99.990         -13.28        18.45   -0.029       0.040       
2458315.87314  2458315.87617  2018-07-16.3731450  coadd_ba503250 1.62 -1.89 18.512     >18.512  99.990          -9.29        23.12   -0.020       0.050       
2458325.84274  2458325.84506  2018-07-26.3427405  coadd_ba506282 2.05 -1.89 17.706     >17.706  99.990          35.92        48.55   0.078        0.106       
2458327.81952  2458327.82170  2018-07-28.3195277  coadd_ba506988 1.60 -1.89 17.635     >17.635  99.990          14.26        51.85   0.031        0.113       
2458329.61701  2458329.61905  2018-07-30.1170091  coadd_be427485 1.54 -2.33 17.682     >17.682  99.990          46.74        32.91   0.154        0.108       
2458329.80454  2458329.80657  2018-07-30.3045472  coadd_ba507566 1.76 -1.89 17.246     >17.246  99.990        -129.73        74.17   -0.283       0.162       
2458331.63342  2458331.63531  2018-08-01.133425  coadd_be428353 1.47 -2.33 17.772      17.731  0.351           94.42        30.30   0.310        0.100       
2458335.79472  2458335.79627  2018-08-05.2947192  coadd_ba509152 1.78 -1.89 18.616      18.480  0.322           71.48        21.00   0.156        0.046       
2458336.81395  2458336.81543  2018-08-06.3139575  coadd_ba509522 1.72 -1.89 18.828     >18.828  99.990         -13.68        17.28   -0.030       0.038       
2458338.80514  2458338.80646  2018-08-08.3051462  coadd_ba510187 1.64 -1.89 18.458     >18.458  99.990          28.76        24.30   0.063        0.053       
2458342.79837  2458342.79935  2018-08-12.2983725  coadd_ba510920 1.71 -1.89 18.711     >18.711  99.990          -9.06        19.25   -0.020       0.042       
2458343.81578  2458343.81668  2018-08-13.3157819  coadd_ba511234 1.66 -1.89 18.683     >18.683  99.990          36.16        19.74   0.079        0.043       
2458351.57512  2458351.57537  2018-08-21.0751246  coadd_be435627 1.57 -2.33 17.582     >17.582  99.990          -4.04        36.10   -0.013       0.119       
2458361.77153  2458361.77092  2018-08-31.2715311  coadd_ba514595 1.63 -1.89 18.335     >18.335  99.990          19.78        27.21   0.043        0.059       
2458365.54023  2458365.53931  2018-09-04.0402355  coadd_be440603 1.54 -2.33 18.426     >18.426  99.990           8.20        16.60   0.027        0.055       
2458368.52722  2458368.52606  2018-09-07.0272243  coadd_be441799 1.55 -2.33 17.930     >17.930  99.990         -11.98        26.21   -0.039       0.086       
2458384.48172  2458384.47931  2018-09-22.9817215  coadd_be447652 1.52 -2.33 17.245     >17.245  99.990          -9.91        49.22   -0.033       0.162       
