###  JD        HJD            UT_date             IMAGE          FWHM  Diff Limit      mag   mag_err       counts     count_err  flux (mJy)    flux_err
2456590.08721  2456590.08676  2013-10-24.5872081  coadd_bc000327 1.79 -2.23 17.648     >17.648  99.990        -102.82        37.31   -0.307       0.112       
2456593.07764  2456593.07745  2013-10-27.5776355  coadd_bc001118 1.54 -2.23 17.541     >17.541  99.990           0.93        41.16   0.003        0.123       
2456594.07723  2456594.07713  2013-10-28.5772296  coadd_bc001506 1.53 -2.23 17.555     >17.555  99.990          42.58        40.66   0.127        0.122       
2456596.07417  2456596.07424  2013-10-30.5741717  coadd_bc001898 2.53 -2.23 17.349     >17.349  99.990         -78.99        49.13   -0.236       0.147       
2456598.07332  2456598.07356  2013-11-01.5733232  coadd_bc002249 1.80 -2.23 17.642     >17.642  99.990         102.25        37.51   0.306        0.112       
2456600.07019  2456600.07060  2013-11-03.5701964  coadd_bc002607 2.50 -2.23 17.663     >17.663  99.990         -32.01        36.80   -0.096       0.110       
2456601.06965  2456601.07015  2013-11-04.5696515  coadd_bc002947 2.10 -2.23 17.580     >17.580  99.990         -31.39        39.74   -0.094       0.119       
2456631.03116  2456631.03405  2013-12-04.5311657  coadd_bc008506 1.64 -2.23 18.848     >18.848  99.990         -19.16        12.35   -0.057       0.037       
2456632.02021  2456632.02317  2013-12-05.5202155  coadd_bc008865 1.39 -2.23 18.538     >18.538  99.990         -43.33        16.43   -0.130       0.049       
2456632.99825  2456633.00127  2013-12-06.4982510  coadd_bc009258 2.64 -2.23 18.458      18.369  0.336           57.58        17.70   0.172        0.053       
2456639.01046  2456639.01387  2013-12-12.5104645  coadd_bc010655 1.44 -2.23 18.039     >18.039  99.990        -106.19        26.03   -0.318       0.078       
2456652.00344  2456652.00756  2013-12-25.5034445  coadd_bc013726 1.84 -2.23 18.667     >18.667  99.990          32.84        14.60   0.098        0.044       
2456656.87329  2456656.87762  2013-12-30.3732944  coadd_bc014777 1.55 -2.23 18.747     >18.747  99.990         -17.92        13.56   -0.054       0.041       
2456676.93619  2456676.94110  2014-01-19.4361962  coadd_bc017545 2.31 -2.23 17.909     >17.909  99.990         -12.55        29.34   -0.038       0.088       
2456678.94102  2456678.94595  2014-01-21.4410270  coadd_bc018203 1.78 -2.23 18.429     >18.429  99.990          41.04        18.18   0.123        0.054       
2456701.82307  2456701.82786  2014-02-13.3230731  coadd_bc020486 1.51 -2.23 17.282     >17.282  99.990         -65.68        52.26   -0.196       0.156       
2456733.77523  2456733.77857  2014-03-17.2748241  coadd_bc021416 1.88 -2.23 17.205     >17.205  99.990          79.83        56.10   0.239        0.168       
2456736.89316  2456736.89629  2014-03-20.3927540  coadd_bc022448 1.48 -2.23 18.212     >18.212  99.990          24.84        22.20   0.074        0.066       
2456751.76894  2456751.77098  2014-04-04.2685349  coadd_bc024166 1.58 -2.23 18.804     >18.804  99.990          22.81        12.87   0.068        0.038       
2456752.79326  2456752.79522  2014-04-05.2928549  coadd_bc024551 1.43 -2.23 18.299      18.219  0.339           66.14        20.48   0.198        0.061       
2456758.76512  2456758.76660  2014-04-11.2647142  coadd_bc025833 2.13 -2.23 17.903     >17.903  99.990         -30.30        29.49   -0.091       0.088       
2456759.79012  2456759.79151  2014-04-12.2897128  coadd_bc026160 1.45 -2.23 17.291     >17.291  99.990          52.06        51.84   0.156        0.155       
2456771.79970  2456771.80007  2014-04-24.2992925  coadd_bc027754 2.04 -2.23 18.706     >18.706  99.990         -20.75        14.08   -0.062       0.042       
2456787.77055  2456787.76956  2014-05-10.2701481  coadd_bc029660 1.69 -2.23 18.177     >18.177  99.990          -4.72        22.92   -0.014       0.069       
2456788.76760  2456788.76653  2014-05-11.2671971  coadd_bc029962 1.37 -2.23 17.779     >17.779  99.990          16.24        33.08   0.049        0.099       
2456795.76268  2456795.76102  2014-05-18.2622759  coadd_bc030602 1.53 -2.23 18.854     >18.854  99.990          -7.86        12.29   -0.024       0.037       
2456796.76033  2456796.75860  2014-05-19.2599322  coadd_bc030911 1.38 -2.23 18.972     >18.972  99.990           2.08        11.03   0.006        0.033       
2456799.75256  2456799.75059  2014-05-22.2521589  coadd_bc031901 1.39 -2.23 18.699     >18.699  99.990         -23.29        14.17   -0.070       0.042       
2456802.74814  2456802.74593  2014-05-25.2477335  coadd_bc032820 1.36 -2.23 18.144     >18.144  99.990          48.06        23.64   0.144        0.071       
2456803.74605  2456803.74376  2014-05-26.2456462  coadd_bc033149 1.41 -2.23 18.099     >18.099  99.990         -11.79        24.63   -0.035       0.074       
2456809.74233  2456809.73959  2014-06-01.2419253  coadd_bc034805 1.53 -2.23 17.215     >17.215  99.990         -68.87        55.61   -0.206       0.166       
2456923.14436  2456923.14119  2014-09-22.6439589  coadd_bc062909 1.73 -2.23 16.268     >16.268  99.990          29.11       133.06   0.087        0.398       
2456924.14324  2456924.14014  2014-09-23.6428489  coadd_bc063095 1.81 -2.23 17.449     >17.449  99.990         -44.64        44.81   -0.133       0.134       
2456931.12523  2456931.12263  2014-09-30.6248201  coadd_bc064243 1.48 -2.23 18.409     >18.409  99.990         -30.10        18.51   -0.090       0.055       
2456938.11107  2456938.10901  2014-10-07.6106614  coadd_bc066004 1.91 -2.23 17.472     >17.472  99.990         -51.22        43.88   -0.153       0.131       
2456940.11344  2456940.11154  2014-10-09.6130363  coadd_bc066634 1.77 -2.23 17.521     >17.521  99.990          96.47        41.93   0.288        0.125       
2456943.09195  2456943.09030  2014-10-12.5915513  coadd_bc067161 1.97 -2.23 18.015     >18.015  99.990         -71.39        26.60   -0.213       0.080       
2456961.03816  2456961.03805  2014-10-30.5377525  coadd_bc067685 1.72 -2.23 18.444     >18.444  99.990          -3.05        17.92   -0.009       0.054       
2456962.03498  2456962.03496  2014-10-31.5345765  coadd_bc067908 1.85 -2.23 17.985     >17.985  99.990          10.50        27.37   0.031        0.082       
2456968.01542  2456968.01591  2014-11-06.5150134  coadd_bc068734 1.85 -2.23 17.689     >17.689  99.990          70.29        35.92   0.210        0.107       
2456969.00900  2456969.00958  2014-11-07.5085905  coadd_bc069006 1.60 -2.23 16.712     >16.712  99.990         -91.85        88.37   -0.275       0.264       
2456971.00530  2456971.00606  2014-11-09.5048946  coadd_bc069715 2.18 -2.23 17.432     >17.432  99.990         -35.11        45.53   -0.105       0.136       
2456972.00228  2456972.00312  2014-11-10.5018773  coadd_bc070110 1.81 -2.23 17.882     >17.882  99.990         -23.12        30.07   -0.069       0.090       
2456979.04251  2456979.04395  2014-11-17.5421087  coadd_bc071369 1.45 -2.23 18.771     >18.771  99.990          27.75        13.26   0.083        0.040       
2456980.05427  2456980.05579  2014-11-18.5538668  coadd_bc071766 1.52 -2.23 18.377     >18.377  99.990         -15.30        19.07   -0.046       0.057       
2456981.03989  2456981.04149  2014-11-19.5394807  coadd_bc072065 1.85 -2.23 18.712     >18.712  99.990         -10.79        14.00   -0.032       0.042       
2456982.05669  2456982.05838  2014-11-20.5562787  coadd_bc072408 1.71 -2.23 18.566      18.485  0.339           51.75        16.01   0.155        0.048       
2456983.05147  2456983.05324  2014-11-21.5510651  coadd_bc072785 1.57 -2.23 18.647     >18.647  99.990          38.87        14.87   0.116        0.044       
2456984.04771  2456984.04957  2014-11-22.5473  coadd_bc073141 1.59 -2.23 18.696     >18.696  99.990          14.78        14.21   0.044        0.043       
2456985.04511  2456985.04704  2014-11-23.5446917  coadd_bc073539 1.61 -2.23 18.731     >18.731  99.990          24.23        13.76   0.072        0.041       
2456988.97886  2456988.98110  2014-11-27.4784545  coadd_bc074494 1.46 -2.23 18.603     >18.603  99.990         -59.97        15.48   -0.179       0.046       
2456990.03332  2456990.03565  2014-11-28.5329143  coadd_bc074884 1.50 -2.23 18.657     >18.657  99.990         -47.86        14.74   -0.143       0.044       
2456993.97108  2456993.97371  2014-12-02.4706756  coadd_bc076276 1.96 -2.23 17.992     >17.992  99.990         -13.88        27.19   -0.042       0.081       
2456997.97055  2456997.97347  2014-12-06.4701457  coadd_bc076776 1.79 -2.23 17.534     >17.534  99.990          -2.42        41.45   -0.007       0.124       
2457000.00588  2457000.00894  2014-12-08.5054719  coadd_bc077565 1.53 -2.23 17.788     >17.788  99.990          40.06        32.80   0.120        0.098       
2457003.05032  2457003.05359  2014-12-11.5499164  coadd_bc078769 1.42 -2.23 18.118     >18.118  99.990          28.64        24.19   0.086        0.072       
2457004.01266  2457004.01599  2014-12-12.5122559  coadd_bc079161 1.39 -2.23 18.214     >18.214  99.990          14.42        22.15   0.043        0.066       
2457007.01124  2457007.01476  2014-12-15.5108375  coadd_bc080079 1.66 -2.23 18.391     >18.391  99.990         -51.84        18.82   -0.155       0.056       
2457008.02622  2457008.02980  2014-12-16.5258113  coadd_bc080427 1.46 -2.23 17.451     >17.451  99.990         -40.89        44.75   -0.122       0.134       
2457011.00554  2457011.00930  2014-12-19.5051381  coadd_bc081604 1.56 -2.23 18.618     >18.618  99.990         -14.60        15.28   -0.044       0.046       
2457015.91104  2457015.91507  2014-12-24.4106370  coadd_bc082808 1.79 -2.23 18.301     >18.301  99.990          28.49        20.44   0.085        0.061       
2457018.99496  2457018.99914  2014-12-27.4945600  coadd_bc083432 2.19 -2.23 18.405     >18.405  99.990         -12.87        18.57   -0.039       0.056       
2457020.89333  2457020.89759  2014-12-29.3929230  coadd_bc083766 1.47 -2.23 18.233     >18.233  99.990          -2.61        21.77   -0.008       0.065       
2457030.97494  2457030.97959  2015-01-08.4745410  coadd_bc085221 1.44 -2.23 17.831     >17.831  99.990         -55.98        31.52   -0.167       0.094       
2457032.96883  2457032.97354  2015-01-10.4684214  coadd_bc086059 1.69 -2.23 18.230     >18.230  99.990          47.02        21.83   0.141        0.065       
2457034.96173  2457034.96649  2015-01-12.4613259  coadd_bc086413 1.35 -2.23 18.462      18.293  0.312           61.77        17.63   0.185        0.053       
2457035.97019  2457035.97497  2015-01-13.4697854  coadd_bc086782 1.37 -2.23 18.980     >18.980  99.990         -14.39        10.95   -0.043       0.033       
2457036.95055  2457036.95536  2015-01-14.4501465  coadd_bc087187 1.37 -2.23 18.814     >18.814  99.990          -7.34        12.75   -0.022       0.038       
2457038.96190  2457038.96675  2015-01-16.4614975  coadd_bc088106 1.46 -2.23 18.531     >18.531  99.990          15.81        16.54   0.047        0.049       
2457040.94943  2457040.95432  2015-01-18.4490300  coadd_bc088929 1.40 -2.23 18.632     >18.632  99.990          12.84        15.08   0.038        0.045       
2457042.94693  2457042.95185  2015-01-20.4465296  coadd_bc089644 1.38 -2.23 18.589     >18.589  99.990          15.31        15.68   0.046        0.047       
2457044.95123  2457044.95617  2015-01-22.4508262  coadd_bc090474 1.38 -2.23 18.517     >18.517  99.990           7.52        16.75   0.022        0.050       
2457049.93508  2457049.94005  2015-01-27.4346803  coadd_bc092466 1.42 -2.23 18.430     >18.430  99.990           0.83        18.16   0.002        0.054       
2457051.94574  2457051.95071  2015-01-29.4453435  coadd_bc093060 1.43 -2.23 18.107     >18.107  99.990          35.89        24.46   0.107        0.073       
2457054.93662  2457054.94158  2015-02-01.4362164  coadd_bc094109 1.55 -2.23 17.780     >17.780  99.990         -12.63        33.05   -0.038       0.099       
2457061.00938  2457061.01428  2015-02-07.5089724  coadd_bc094988 1.49 -2.23 17.889     >17.889  99.990          85.77        29.90   0.256        0.089       
2457061.94422  2457061.94911  2015-02-08.4438177  coadd_bc095324 1.43 -2.23 17.970     >17.970  99.990         -46.46        27.74   -0.139       0.083       
2457065.04333  2457065.04816  2015-02-11.5429246  coadd_bc095844 1.49 -2.23 18.533     >18.533  99.990          11.03        16.52   0.033        0.049       
2457066.04690  2457066.05170  2015-02-12.5464907  coadd_bc096222 1.38 -2.23 18.259     >18.259  99.990          10.84        21.26   0.032        0.064       
2457069.97601  2457069.98072  2015-02-16.4755967  coadd_bc096915 1.46 -2.23 18.237     >18.237  99.990         -19.68        21.69   -0.059       0.065       
2457070.93416  2457070.93885  2015-02-17.4337561  coadd_bc097265 1.45 -2.23 18.484     >18.484  99.990          24.96        17.28   0.075        0.052       
2457072.88845  2457072.89307  2015-02-19.3880384  coadd_bc097962 1.42 -2.23 18.759     >18.759  99.990           3.60        13.41   0.011        0.040       
2457075.91460  2457075.91912  2015-02-22.4141840  coadd_bc098479 1.63 -2.23 18.175     >18.175  99.990         -12.81        22.97   -0.038       0.069       
2457077.89451  2457077.89895  2015-02-24.3940921  coadd_bc098945 1.45 -2.23 18.949     >18.949  99.990          17.62        11.26   0.053        0.034       
2457080.85325  2457080.85757  2015-02-27.3528420  coadd_bc099849 1.48 -2.23 17.584     >17.584  99.990         -14.24        39.57   -0.043       0.118       
2457084.88551  2457084.88965  2015-03-03.3851081  coadd_bc100749 1.46 -2.23 17.344     >17.344  99.990          13.87        49.38   0.041        0.148       
2457096.74377  2457096.74726  2015-03-15.2433622  coadd_bc102259 1.43 -2.23 18.470     >18.470  99.990          -7.35        17.50   -0.022       0.052       
2457098.93772  2457098.94107  2015-03-17.4373178  coadd_bc102999 1.35 -2.23 18.071     >18.071  99.990          72.24        25.28   0.216        0.076       
2457099.92752  2457099.93081  2015-03-18.4275248  coadd_bc103313 1.38 -2.23 18.715      18.702  0.361           42.37        13.96   0.127        0.042       
2457102.91476  2457102.91785  2015-03-21.4147738  coadd_bc104223 1.51 -2.23 18.700     >18.700  99.990         -58.31        14.16   -0.174       0.042       
2457105.83550  2457105.83839  2015-03-24.3355171  coadd_bc105091 1.56 -2.23 18.388     >18.388  99.990         -46.66        18.87   -0.140       0.056       
2457108.90355  2457108.90621  2015-03-27.4035637  coadd_bc105902 1.55 -2.23 18.208     >18.208  99.990          54.32        22.28   0.162        0.067       
2457112.76220  2457112.76458  2015-03-31.2622182  coadd_bc107154 1.54 -2.23 18.026     >18.026  99.990         -68.82        26.33   -0.206       0.079       
2457114.84955  2457114.85177  2015-04-02.3495505  coadd_bc107909 1.38 -2.23 17.767     >17.767  99.990         -41.42        33.45   -0.124       0.100       
2457116.88732  2457116.88937  2015-04-04.3873311  coadd_bc108439 1.50 -2.23 16.265     >16.265  99.990         328.16       133.32   0.981        0.399       
2457118.87984  2457118.88174  2015-04-06.3798619  coadd_bc108809 1.43 -2.23 17.036     >17.036  99.990         -44.69        65.54   -0.134       0.196       
2457119.87724  2457119.87906  2015-04-07.3772533  coadd_bc109103 1.39 -2.23 18.041     >18.041  99.990         -36.24        25.99   -0.108       0.078       
2457121.80338  2457121.80505  2015-04-09.3033968  coadd_bc109554 1.37 -2.23 18.472     >18.472  99.990         -66.24        17.47   -0.198       0.052       
2457125.84581  2457125.84714  2015-04-13.3458217  coadd_bc110613 1.36 -2.23 18.675     >18.675  99.990          30.02        14.49   0.090        0.043       
2457130.80117  2457130.80209  2015-04-18.3011871  coadd_bc111512 1.38 -2.23 18.530     >18.530  99.990         -71.91        16.55   -0.215       0.050       
2457133.82708  2457133.82774  2015-04-21.3270959  coadd_bc112504 1.89 -2.23 18.349     >18.349  99.990          39.70        19.56   0.119        0.058       
2457136.82326  2457136.82366  2015-04-24.3232712  coadd_bc113181 1.62 -2.23 18.079     >18.079  99.990         -65.09        25.10   -0.195       0.075       
2457137.74914  2457137.74946  2015-04-25.2491511  coadd_bc113473 2.30 -2.23 18.278     >18.278  99.990         -24.29        20.89   -0.073       0.062       
2457144.80150  2457144.80122  2015-05-02.3015039  coadd_bc114433 1.59 -2.23 17.841     >17.841  99.990          89.19        31.23   0.267        0.093       
2457149.74670  2457149.74599  2015-05-07.2467024  coadd_bc115233 2.09 -2.23 18.563     >18.563  99.990         -33.09        16.06   -0.099       0.048       
2457159.75358  2457159.75203  2015-05-17.2535865  coadd_bc117494 1.54 -2.23 18.479     >18.479  99.990          -3.86        17.36   -0.012       0.052       
2457297.13902  2457297.13648  2015-10-01.6390224  coadd_bc146905 1.67 -2.23 18.008     >18.008  99.990          77.34        26.77   0.231        0.080       
2457299.13020  2457299.12781  2015-10-03.6302081  coadd_bc147580 1.56 -2.23 18.068     >18.068  99.990          -4.95        25.35   -0.015       0.076       
2457299.14936  2457299.14697  2015-10-03.6493696  coadd_bc147595 1.65 -2.23 16.505     >16.505  99.990         -60.82       106.95   -0.182       0.320       
2457303.14290  2457303.14082  2015-10-07.6429010  coadd_bc148198 1.85 -2.23 17.744     >17.744  99.990          74.87        34.17   0.224        0.102       
2457308.10473  2457308.10306  2015-10-12.6047356  coadd_bc149760 1.44 -2.23 18.707     >18.707  99.990          18.24        14.08   0.055        0.042       
2457311.09928  2457311.09786  2015-10-15.5992834  coadd_bc150880 1.47 -2.23 18.540     >18.540  99.990          16.97        16.42   0.051        0.049       
2457317.08221  2457317.08130  2015-10-21.5822160  coadd_bc152524 1.44 -2.23 18.336     >18.336  99.990          10.35        19.81   0.031        0.059       
2457321.07194  2457321.07138  2015-10-25.5719450  coadd_bc154332 1.47 -2.23 17.255     >17.255  99.990        -151.34        53.59   -0.453       0.160       
2457322.08271  2457322.08223  2015-10-26.5827163  coadd_bc154739 1.52 -2.23 17.700     >17.700  99.990         -37.28        35.57   -0.111       0.106       
2457328.11479  2457328.11483  2015-11-01.6147895  coadd_bc156430 1.55 -2.23 18.254     >18.254  99.990         -63.80        21.36   -0.191       0.064       
2457333.06776  2457333.06824  2015-11-06.5677656  coadd_bc157882 1.55 -2.23 18.894     >18.894  99.990           9.46        11.84   0.028        0.035       
2457343.01637  2457343.01770  2015-11-16.5163719  coadd_bc159491 1.57 -2.23 18.471     >18.471  99.990         -38.29        17.49   -0.115       0.052       
2457358.09595  2457358.09850  2015-12-01.5959546  coadd_bc162370 1.35 -2.23 18.350     >18.350  99.990          34.67        19.55   0.104        0.058       
2457359.99382  2457359.99651  2015-12-03.4938246  coadd_bc163162 1.36 -2.23 18.461     >18.461  99.990         -32.16        17.64   -0.096       0.053       
2457362.09762  2457362.10046  2015-12-05.5976260  coadd_bc164115 1.38 -2.23 18.160     >18.160  99.990          -4.74        23.28   -0.014       0.070       
2457364.05894  2457364.06191  2015-12-07.5589412  coadd_bc164943 1.39 -2.23 18.757     >18.757  99.990          -9.52        13.44   -0.028       0.040       
2457365.99857  2457366.00168  2015-12-09.4985694  coadd_bc165773 1.71 -2.23 18.841     >18.841  99.990         -20.38        12.43   -0.061       0.037       
2457367.00663  2457367.00981  2015-12-10.5066366  coadd_bc166215 2.14 -2.23 18.751     >18.751  99.990          13.54        13.52   0.040        0.040       
2457369.93516  2457369.93853  2015-12-13.4351607  coadd_bc167116 1.40 -2.23 18.742     >18.742  99.990          19.71        13.63   0.059        0.041       
2457380.90890  2457380.91292  2015-12-24.4089065  coadd_bc169414 1.66 -2.23 17.576     >17.576  99.990          69.73        39.88   0.209        0.119       
2457386.03556  2457386.03982  2015-12-29.5355613  coadd_bc170626 1.38 -2.23 18.425     >18.425  99.990         -29.13        18.24   -0.087       0.055       
2457386.99418  2457386.99849  2015-12-30.4941850  coadd_bc171014 1.52 -2.23 18.108     >18.108  99.990         -25.91        24.43   -0.077       0.073       
2457389.04390  2457389.04829  2016-01-01.5439027  coadd_bc171927 1.68 -2.23 18.731     >18.731  99.990          -3.65        13.76   -0.011       0.041       
2457389.91199  2457389.91642  2016-01-02.4119954  coadd_bc172193 1.43 -2.23 18.744     >18.744  99.990         -27.91        13.60   -0.083       0.041       
2457391.96184  2457391.96634  2016-01-04.4618414  coadd_bc172935 1.39 -2.23 18.709     >18.709  99.990         -47.62        14.04   -0.142       0.042       
2457396.03947  2457396.04412  2016-01-08.5394741  coadd_bc174321 1.72 -2.23 19.011     >19.011  99.990          -4.81        10.63   -0.014       0.032       
2457397.89625  2457397.90095  2016-01-10.3962554  coadd_bc175061 1.63 -2.23 18.992     >18.992  99.990           2.92        10.83   0.009        0.032       
2457399.93882  2457399.94358  2016-01-12.4388275  coadd_bc175953 1.39 -2.23 18.802     >18.802  99.990           1.85        12.89   0.006        0.039       
2457402.92212  2457402.92694  2016-01-15.4221203  coadd_bc176807 1.63 -2.23 18.723     >18.723  99.990          18.81        13.86   0.056        0.041       
2457404.84138  2457404.84624  2016-01-17.3413815  coadd_bc177594 1.57 -2.23 18.257     >18.257  99.990           4.25        21.29   0.013        0.064       
2457406.03221  2457406.03709  2016-01-18.5322130  coadd_bc178175 1.39 -2.23 18.371     >18.371  99.990         -13.73        19.17   -0.041       0.057       
2457406.83495  2457406.83984  2016-01-19.3349486  coadd_bc178454 1.36 -2.23 17.714     >17.714  99.990        -102.05        35.10   -0.305       0.105       
2457409.02984  2457409.03476  2016-01-21.5298400  coadd_bc179430 1.37 -2.23 17.696     >17.696  99.990          41.37        35.70   0.124        0.107       
2457410.82263  2457410.82757  2016-01-23.3226311  coadd_bc180136 1.43 -2.23 17.332     >17.332  99.990         -42.81        49.90   -0.128       0.149       
2457412.05354  2457412.05850  2016-01-24.5535429  coadd_bc180743 1.50 -2.23 17.491     >17.491  99.990         -17.16        43.12   -0.051       0.129       
2457413.90316  2457413.90812  2016-01-26.4031593  coadd_bc181494 1.56 -2.23 18.128     >18.128  99.990          34.44        23.98   0.103        0.072       
2457416.05517  2457416.06014  2016-01-28.5551736  coadd_bc182475 1.41 -2.23 18.188      18.029  0.315           78.78        22.69   0.236        0.068       
2457417.99930  2457418.00426  2016-01-30.4992978  coadd_bc183263 1.44 -2.23 18.692     >18.692  99.990          10.03        14.26   0.030        0.043       
2457418.88452  2457418.88949  2016-01-31.3845233  coadd_bc183603 1.37 -2.23 18.887     >18.887  99.990         -14.81        11.92   -0.044       0.036       
2457422.01125  2457422.01620  2016-02-03.5112517  coadd_bc184956 1.36 -2.23 18.936     >18.936  99.990         -16.79        11.39   -0.050       0.034       
2457423.94360  2457423.94853  2016-02-05.4435990  coadd_bc185827 1.44 -2.23 18.809     >18.809  99.990         -19.55        12.80   -0.058       0.038       
2457427.98373  2457427.98861  2016-02-09.4837340  coadd_bc186989 1.44 -2.23 19.025     >19.025  99.990         -20.79        10.49   -0.062       0.031       
2457432.98546  2457432.99023  2016-02-14.4854638  coadd_bc188966 1.37 -2.23 18.964     >18.964  99.990           1.64        11.11   0.005        0.033       
2457433.91383  2457433.91858  2016-02-15.4138362  coadd_bc189332 1.43 -2.23 18.702     >18.702  99.990          11.70        14.13   0.035        0.042       
2457434.90651  2457434.91123  2016-02-16.4065100  coadd_bc189730 1.57 -2.23 18.664     >18.664  99.990         -14.69        14.64   -0.044       0.044       
2457438.87636  2457438.88096  2016-02-20.3763606  coadd_bc190957 1.45 -2.23 17.597     >17.597  99.990          32.13        39.10   0.096        0.117       
2457440.95762  2457440.96215  2016-02-22.4576226  coadd_bc191856 1.46 -2.23 17.527     >17.527  99.990          13.77        41.70   0.041        0.125       
2457442.84653  2457442.85099  2016-02-24.3465311  coadd_bc192579 1.49 -2.23 17.969     >17.969  99.990          42.33        27.77   0.127        0.083       
2457444.89781  2457444.90218  2016-02-26.3978089  coadd_bc193381 1.35 -2.23 18.364     >18.364  99.990         -25.18        19.29   -0.075       0.058       
2457447.97842  2457447.98266  2016-02-29.4784211  coadd_bc194577 1.34 -2.23 18.582     >18.582  99.990           2.66        15.78   0.008        0.047       
2457448.97478  2457448.97898  2016-03-01.4747869  coadd_bc194970 1.36 -2.23 18.583     >18.583  99.990         -26.27        15.77   -0.079       0.047       
2457449.94461  2457449.94877  2016-03-02.4446163  coadd_bc195339 1.46 -2.23 19.102     >19.102  99.990          -3.40         9.78   -0.010       0.029       
2457452.72687  2457452.73088  2016-03-05.2268711  coadd_bc196405 1.74 -2.23 18.509     >18.509  99.990         -56.68        16.89   -0.169       0.050       
2457453.93827  2457453.94221  2016-03-06.4382679  coadd_bc196982 1.39 -2.23 18.610     >18.610  99.990          17.50        15.38   0.052        0.046       
2457454.84600  2457454.84990  2016-03-07.3460037  coadd_bc197321 1.41 -2.23 18.996     >18.996  99.990         -17.20        10.78   -0.051       0.032       
2457459.74755  2457459.75117  2016-03-12.2475493  coadd_bc198894 1.40 -2.23 18.629     >18.629  99.990         -42.88        15.11   -0.128       0.045       
2457462.81362  2457462.81706  2016-03-15.3136248  coadd_bc200035 1.39 -2.23 18.541     >18.541  99.990         -22.78        16.40   -0.068       0.049       
2457465.91745  2457465.92068  2016-03-18.4174490  coadd_bc200965 1.40 -2.23 18.006     >18.006  99.990          71.30        26.83   0.213        0.080       
2457467.92560  2457467.92870  2016-03-20.4255995  coadd_bc201836 1.41 -2.23 17.874     >17.874  99.990         -90.78        30.29   -0.271       0.091       
2457470.75403  2457470.75694  2016-03-23.2540357  coadd_bc202593 1.45 -2.23 17.123     >17.123  99.990         -93.08        60.54   -0.278       0.181       
2457471.90034  2457471.90317  2016-03-24.4003452  coadd_bc202915 1.36 -2.23 17.734     >17.734  99.990          -8.83        34.47   -0.026       0.103       
2457475.88833  2457475.89086  2016-03-28.3883333  coadd_bc203837 1.43 -2.23 18.533     >18.533  99.990          11.51        16.52   0.034        0.049       
2457477.87389  2457477.87628  2016-03-30.3738954  coadd_bc204342 1.47 -2.23 18.772     >18.772  99.990         -13.31        13.25   -0.040       0.040       
2457480.88564  2457480.88779  2016-04-02.3856381  coadd_bc205396 1.56 -2.23 18.972     >18.972  99.990           2.93        11.02   0.009        0.033       
2457483.73778  2457483.73971  2016-04-05.2377858  coadd_bc205963 2.24 -2.23 18.843     >18.843  99.990          11.82        12.41   0.035        0.037       
2457488.79247  2457488.79399  2016-04-10.2924704  coadd_bc206911 1.42 -2.23 18.578     >18.578  99.990         -20.63        15.85   -0.062       0.047       
2457492.75927  2457492.76046  2016-04-14.2592685  coadd_bc208370 1.51 -2.23 18.310     >18.310  99.990         -14.57        20.28   -0.044       0.061       
2457497.86225  2457497.86301  2016-04-19.3622524  coadd_bc209809 2.45 -2.23 17.571     >17.571  99.990         -34.72        40.05   -0.104       0.120       
2457500.82250  2457500.82300  2016-04-22.3225010  coadd_bc210759 1.73 -2.23 17.852     >17.852  99.990          24.40        30.92   0.073        0.092       
2457502.76206  2457502.76240  2016-04-24.2620634  coadd_bc211313 1.57 -2.23 18.595     >18.595  99.990          26.03        15.59   0.078        0.047       
2457506.80155  2457506.80154  2016-04-28.3015506  coadd_bc212840 1.66 -2.23 18.693     >18.693  99.990          19.89        14.25   0.059        0.043       
2457508.77936  2457508.77918  2016-04-30.2793623  coadd_bc213486 1.79 -2.23 18.827     >18.827  99.990          32.08        12.59   0.096        0.038       
2457511.79164  2457511.79120  2016-05-03.2916420  coadd_bc214397 1.53 -2.23 18.585     >18.585  99.990         -55.79        15.74   -0.167       0.047       
2457512.78804  2457512.78752  2016-05-04.2880449  coadd_bc214764 1.58 -2.23 18.687     >18.687  99.990           9.53        14.33   0.028        0.043       
2457527.74371  2457527.74193  2016-05-19.2437116  coadd_bc217723 2.16 -2.23 17.429     >17.429  99.990         -10.03        45.66   -0.030       0.137       
2457659.12985  2457659.12706  2016-09-27.6298508  coadd_bc249307 1.57 -2.23 18.460     >18.460  99.990           6.41        17.66   0.019        0.053       
2457671.11008  2457671.10822  2016-10-09.6100836  coadd_bc252168 1.54 -2.23 18.793     >18.793  99.990          15.62        13.00   0.047        0.039       
2457676.09571  2457676.09427  2016-10-14.5957127  coadd_bc254044 1.47 -2.23 17.819     >17.819  99.990          53.47        31.88   0.160        0.095       
2457682.10053  2457682.09960  2016-10-20.6005343  coadd_bc256176 2.00 -2.23 18.174     >18.174  99.990         -52.54        22.98   -0.157       0.069       
2457688.10523  2457688.10481  2016-10-26.6052320  coadd_bc257725 1.48 -2.23 18.556     >18.556  99.990           9.47        16.17   0.028        0.048       
2457695.11070  2457695.11089  2016-11-02.6107005  coadd_bc260068 1.56 -2.23 18.580     >18.580  99.990          16.00        15.82   0.048        0.047       
2457699.03373  2457699.03427  2016-11-06.5337269  coadd_bc261664 1.67 -2.23 18.706     >18.706  99.990          -7.30        14.08   -0.022       0.042       
2457702.12361  2457702.12442  2016-11-09.6236104  coadd_bc262882 1.63 -2.23 18.792     >18.792  99.990         -33.64        13.00   -0.101       0.039       
2457705.01708  2457705.01814  2016-11-12.5170873  coadd_bc264041 2.00 -2.23 17.933     >17.933  99.990          66.05        28.71   0.198        0.086       
2457708.00911  2457708.01042  2016-11-15.5091121  coadd_bc265309 1.60 -2.23 17.872     >17.872  99.990           0.58        30.36   0.002        0.091       
2457711.05044  2457711.05200  2016-11-18.5504425  coadd_bc266542 1.79 -2.23 18.058     >18.058  99.990          21.47        25.58   0.064        0.076       
2457719.12594  2457719.12816  2016-11-26.6259424  coadd_bc268804 1.73 -2.23 18.541     >18.541  99.990           1.81        16.40   0.005        0.049       
2457721.05043  2457721.05280  2016-11-28.5504293  coadd_bc269490 1.54 -2.23 18.759     >18.759  99.990         -34.59        13.41   -0.103       0.040       
2457736.00748  2457736.01091  2016-12-13.5074887  coadd_bc270758 2.00 -2.23 17.806     >17.806  99.990         -29.72        32.27   -0.089       0.096       
2457744.98022  2457744.98417  2016-12-22.4802187  coadd_bc272036 1.60 -2.23 18.695      18.128  0.216           71.90        14.23   0.215        0.043       
2457746.94302  2457746.94707  2016-12-24.4430185  coadd_bc272857 1.53 -2.23 18.681     >18.681  99.990         -23.26        14.41   -0.070       0.043       
2457752.01790  2457752.02220  2016-12-29.5179060  coadd_bc274308 1.40 -2.23 18.935     >18.935  99.990         -17.05        11.40   -0.051       0.034       
2457757.87452  2457757.87905  2017-01-04.3745208  coadd_bc275729 1.38 -2.23 18.626     >18.626  99.990         -35.28        15.16   -0.106       0.045       
2457758.98947  2457758.99403  2017-01-05.4894681  coadd_bc276244 1.51 -2.23 18.888     >18.888  99.990           7.14        11.91   0.021        0.036       
2457761.88057  2457761.88523  2017-01-08.3805746  coadd_bc277019 1.41 -2.23 18.114     >18.114  99.990          -1.85        24.30   -0.006       0.073       
2457766.00010  2457766.00488  2017-01-12.5001054  coadd_bc278755 1.52 -2.23 17.721     >17.721  99.990         -24.16        34.88   -0.072       0.104       
2457770.01402  2457770.01889  2017-01-16.5140276  coadd_bc280314 2.34 -2.23 18.045     >18.045  99.990          45.02        25.89   0.135        0.077       
2457771.98723  2457771.99212  2017-01-18.4872319  coadd_bc281028 2.07 -2.23 18.439     >18.439  99.990         -19.12        18.01   -0.057       0.054       
2457773.92395  2457773.92888  2017-01-20.4239559  coadd_bc281772 1.56 -2.23 18.579      18.468  0.329           52.58        15.82   0.157        0.047       
2457778.06538  2457778.07034  2017-01-24.5653836  coadd_bc283166 1.53 -2.23 18.799     >18.799  99.990         -25.37        12.93   -0.076       0.039       
2457781.02903  2457781.03400  2017-01-27.5290348  coadd_bc284337 1.54 -2.23 18.895     >18.895  99.990          10.96        11.83   0.033        0.035       
2457784.05627  2457784.06124  2017-01-30.5562747  coadd_bc285570 1.49 -2.23 18.663     >18.663  99.990          17.12        14.66   0.051        0.044       
2457785.95551  2457785.96047  2017-02-01.4555181  coadd_bc286246 1.43 -2.23 18.915     >18.915  99.990         -18.99        11.62   -0.057       0.035       
2457787.96783  2457787.97277  2017-02-03.4678297  coadd_bc286954 1.45 -2.23 19.165     >19.165  99.990          13.76         9.23   0.041        0.028       
2457789.77751  2457789.78243  2017-02-05.2775098  coadd_bc287635 1.40 -2.23 18.290     >18.290  99.990          18.30        20.67   0.055        0.062       
2457794.89735  2457794.90219  2017-02-10.39735  coadd_bc288964 1.41 -2.23 17.546     >17.546  99.990        -162.93        41.00   -0.487       0.123       
2457797.75682  2457797.76161  2017-02-13.2568247  coadd_bc289518 1.36 -2.23 18.534     >18.534  99.990         -20.04        16.49   -0.060       0.049       
2457801.78512  2457801.78979  2017-02-17.2851195  coadd_bc291101 1.36 -2.23 18.899     >18.899  99.990          -2.14        11.79   -0.006       0.035       
2457805.88532  2457805.88986  2017-02-21.3853162  coadd_bc292439 1.80 -2.23 19.126     >19.126  99.990           2.72         9.57   0.008        0.029       
2457807.83159  2457807.83606  2017-02-23.3315888  coadd_bc293178 1.70 -2.23 18.865     >18.865  99.990         -23.65        12.16   -0.071       0.036       
2457817.82503  2457817.82905  2017-03-05.3250277  coadd_bc294859 1.36 -2.23 19.090     >19.090  99.990         -22.26         9.89   -0.067       0.030       
2457819.85574  2457819.85965  2017-03-07.3557377  coadd_bc295541 1.33 -2.23 18.004     >18.004  99.990          27.88        26.87   0.083        0.080       
2457823.90895  2457823.91263  2017-03-11.4089479  coadd_bc296241 1.35 -2.23 17.664     >17.664  99.990         -50.26        36.77   -0.150       0.110       
2457826.88363  2457826.88714  2017-03-14.3836347  coadd_bc297097 1.48 -2.23 18.127     >18.127  99.990         -11.43        24.00   -0.034       0.072       
2457828.77982  2457828.78321  2017-03-16.2798238  coadd_bc297777 1.47 -2.23 18.718     >18.718  99.990         -27.23        13.93   -0.081       0.042       
2457832.83122  2457832.83435  2017-03-20.3312262  coadd_bc299280 1.54 -2.23 18.883     >18.883  99.990          -9.86        11.96   -0.029       0.036       
2457835.90383  2457835.90674  2017-03-23.4038305  coadd_bc300476 1.57 -2.23 18.881     >18.881  99.990         -33.58        11.98   -0.100       0.036       
2457840.90192  2457840.90448  2017-03-28.4019287  coadd_bc302234 1.39 -2.23 18.721     >18.721  99.990         -25.67        13.89   -0.077       0.042       
2457841.89815  2457841.90063  2017-03-29.3981508  coadd_bc302507 1.45 -2.23 18.612     >18.612  99.990          22.92        15.36   0.069        0.046       
2457842.89462  2457842.89703  2017-03-30.3946263  coadd_bc302805 1.54 -2.23 18.684     >18.684  99.990          -1.37        14.38   -0.004       0.043       
2457845.82257  2457845.82475  2017-04-02.3225707  coadd_bc303634 1.41 -2.23 18.633     >18.633  99.990           9.57        15.07   0.029        0.045       
2457848.81512  2457848.81706  2017-04-05.3151207  coadd_bc304612 1.78 -2.23 18.066     >18.066  99.990         -39.39        25.39   -0.118       0.076       
2457852.86773  2457852.86935  2017-04-09.3677293  coadd_bc306101 1.58 -2.23 18.018     >18.018  99.990           2.92        26.53   0.009        0.079       
2457859.84479  2457859.84583  2017-04-16.3447888  coadd_bc307953 1.39 -2.23 18.594     >18.594  99.990          33.38        15.61   0.100        0.047       
2457865.86247  2457865.86299  2017-04-22.3624707  coadd_bc308972 1.75 -2.23 18.648     >18.648  99.990          15.83        14.86   0.047        0.044       
2457869.81286  2457869.81305  2017-04-26.3128663  coadd_bc309728 1.57 -2.23 18.878     >18.878  99.990          -2.09        12.01   -0.006       0.036       
2457878.74255  2457878.74197  2017-05-05.2425545  coadd_bc311329 1.66 -2.23 18.141     >18.141  99.990          -8.12        23.69   -0.024       0.071       
2457882.77495  2457882.77403  2017-05-09.2749531  coadd_bc312585 1.47 -2.23 17.820     >17.820  99.990         -62.78        31.86   -0.188       0.095       
2457890.75067  2457890.74907  2017-05-17.2506686  coadd_bc314407 1.43 -2.23 18.580     >18.580  99.990          31.76        15.81   0.095        0.047       
2458026.14419  2458026.14153  2017-09-29.6441903  coadd_bc350237 1.54 -2.23 17.258     >17.258  99.990         -92.84        53.46   -0.278       0.160       
2458037.10986  2458037.10806  2017-10-10.6098554  coadd_bc353158 1.46 -2.23 17.994     >17.994  99.990         -59.28        27.12   -0.177       0.081       
2458038.10531  2458038.10359  2017-10-11.6053130  coadd_bc353559 1.41 -2.23 18.070     >18.070  99.990        -121.34        25.29   -0.363       0.076       
2458060.06152  2458060.06169  2017-11-02.5615226  coadd_bc355429 1.56 -2.23 17.140     >17.140  99.990        -101.10        59.58   -0.302       0.178       
2458061.05344  2458061.05370  2017-11-03.5534434  coadd_bc355842 1.63 -2.23 17.051     >17.051  99.990        -306.82        64.64   -0.917       0.193       
2458062.09470  2458062.09505  2017-11-04.5946993  coadd_bc356621 1.74 -2.23 16.813     >16.813  99.990         151.78        80.54   0.454        0.241       
2458110.07182  2458110.07576  2017-12-22.5718189  coadd_bc366321 1.49 -2.23 18.814     >18.814  99.990         -20.71        12.75   -0.062       0.038       
2458112.09163  2458112.09567  2017-12-24.5916262  coadd_bc366951 1.46 -2.23 18.793      18.740  0.347           40.93        12.99   0.122        0.039       
2458117.89508  2458117.89940  2017-12-30.3950863  coadd_bc368285 2.42 -2.23 17.815     >17.815  99.990         -37.90        32.00   -0.113       0.096       
2458161.93964  2458161.94445  2018-02-12.4396414  coadd_bc380545 1.45 -2.23 18.935     >18.935  99.990          17.27        11.41   0.052        0.034       
2458170.87414  2458170.87869  2018-02-21.3741519  coadd_bc381540 2.20 -2.23 18.743     >18.743  99.990          -0.91        13.61   -0.003       0.041       
2458183.91931  2458183.92329  2018-03-06.4193122  coadd_bc382607 1.63 -2.23 18.328     >18.328  99.990         -23.40        19.94   -0.070       0.060       
2458187.93590  2458187.93966  2018-03-10.4359004  coadd_bc384026 1.36 -2.23 18.534     >18.534  99.990          -4.89        16.50   -0.015       0.049       
2458194.86116  2458194.86450  2018-03-17.3611648  coadd_bc384843 1.37 -2.23 18.811     >18.811  99.990           4.55        12.79   0.014        0.038       
2458195.85765  2458195.86093  2018-03-18.3576633  coadd_bc385206 1.35 -2.23 18.632     >18.632  99.990          11.72        15.07   0.035        0.045       
2458220.83595  2458220.83734  2018-04-12.3359502  coadd_bc387855 1.36 -2.23 18.924     >18.924  99.990         -22.00        11.52   -0.066       0.034       
2458221.81640  2458221.81771  2018-04-13.3164005  coadd_bc388170 1.35 -2.23 18.163     >18.163  99.990         -24.16        23.23   -0.072       0.069       
2458232.74307  2458232.74345  2018-04-24.2430697  coadd_bc390914 1.83 -2.23 17.876     >17.876  99.990           0.20        30.23   0.001        0.090       
2458233.82182  2458233.82211  2018-04-25.3218260  coadd_bc391323 1.38 -2.23 17.927     >17.927  99.990           3.77        28.86   0.011        0.086       
2458386.13985  2458386.13681  2018-09-24.6398523  coadd_bc426662 1.53 -2.23 17.408     >17.408  99.990        -202.92        46.55   -0.607       0.139       
2458394.12706  2458394.12461  2018-10-02.6270763  coadd_bc428570 1.41 -2.23 18.393     >18.393  99.990          52.00        18.78   0.156        0.056       
2458396.13503  2458396.13273  2018-10-04.6350291  coadd_bc428933 1.39 -2.23 17.708     >17.708  99.990         -63.12        35.31   -0.189       0.106       
2458397.13503  2458397.13282  2018-10-05.6350350  coadd_bc429332 1.35 -2.23 17.933     >17.933  99.990         -12.53        28.71   -0.037       0.086       
2458401.13574  2458401.13384  2018-10-09.6357434  coadd_bc429633 1.44 -2.23 18.655     >18.655  99.990          34.51        14.77   0.103        0.044       
2458407.10645  2458407.10504  2018-10-15.6064515  coadd_bc430725 1.47 -2.23 18.758     >18.758  99.990           9.41        13.42   0.028        0.040       
2458409.10154  2458409.10030  2018-10-17.6015369  coadd_bc431341 1.40 -2.23 18.710     >18.710  99.990          -2.71        14.03   -0.008       0.042       
2458415.08444  2458415.08372  2018-10-23.5844447  coadd_bc432850 1.61 -2.23 17.618     >17.618  99.990           8.98        38.36   0.027        0.115       
2458419.07090  2458419.07052  2018-10-27.5708968  coadd_bc433931 1.58 -2.23 17.959     >17.959  99.990           3.17        28.03   0.009        0.084       
2458431.07958  2458431.08026  2018-11-08.5795820  coadd_bc435896 2.13 -2.23 18.605     >18.605  99.990         -33.93        15.46   -0.101       0.046       
2458436.08317  2458436.08428  2018-11-13.5831730  coadd_bc437896 1.45 -2.23 18.887     >18.887  99.990          12.46        11.92   0.037        0.036       
2458442.00419  2458442.00579  2018-11-19.5041924  coadd_bc439159 1.65 -2.23 17.006     >17.006  99.990         -16.10        67.42   -0.048       0.202       
2458443.00251  2458443.00420  2018-11-20.5025151  coadd_bc439586 1.43 -2.23 17.891     >17.891  99.990         -58.71        29.83   -0.176       0.089       
2458446.98545  2458446.98746  2018-11-24.4854548  coadd_bc440636 1.62 -2.23 17.251     >17.251  99.990          34.36        53.81   0.103        0.161       
2458452.14625  2458452.14866  2018-11-29.6462461  coadd_bc442918 1.46 -2.23 18.153      17.681  0.236          108.54        23.43   0.325        0.070       
