###  JD        HJD            UT_date             IMAGE          FWHM  Diff Limit      mag   mag_err       counts     count_err  flux (mJy)    flux_err
2456652.16658  2456652.16298  2013-12-25.6665868  coadd_bd013827 2.62 -2.13 17.502     >17.502  99.990          73.16        46.75   0.200        0.128       
2456653.16984  2456653.16628  2013-12-26.6698402  coadd_bd014167 2.42 -2.13 17.291     >17.291  99.990        -122.42        56.79   -0.334       0.155       
2456657.14986  2456657.14652  2013-12-30.6498644  coadd_bd014936 2.07 -2.13 18.518     >18.518  99.990         -28.17        18.34   -0.077       0.050       
2456676.10214  2456676.09986  2014-01-18.6021424  coadd_bd017245 2.76 -2.13 17.465     >17.465  99.990        -178.74        48.39   -0.488       0.132       
2456701.04715  2456701.04684  2014-02-12.5471539  coadd_bd020253 1.47 -2.13 17.751     >17.751  99.990         104.01        37.18   0.284        0.101       
2456731.06697  2456731.06907  2014-03-14.5665699  coadd_bd021105 1.63 -2.13 18.116     >18.116  99.990         -35.01        26.55   -0.096       0.072       
2456736.00037  2456736.00283  2014-03-19.4999667  coadd_bd022135 1.46 -2.13 17.771     >17.771  99.990           2.52        36.50   0.007        0.100       
2456741.13601  2456741.13882  2014-03-24.6356020  coadd_bd023103 1.94 -2.13 18.341     >18.341  99.990           4.01        21.58   0.011        0.059       
2456744.01078  2456744.01378  2014-03-27.5103796  coadd_bd023626 1.50 -2.13 18.488     >18.488  99.990           5.21        18.85   0.014        0.051       
2456752.12812  2456752.13162  2014-04-04.6277209  coadd_bd024318 1.54 -2.13 18.567      18.563  0.364           52.75        17.53   0.144        0.048       
2456757.88064  2456757.88444  2014-04-10.3802418  coadd_bd025473 1.47 -2.13 17.665     >17.665  99.990          60.65        40.25   0.166        0.110       
2456770.95623  2456770.96059  2014-04-23.4558206  coadd_bd027351 1.58 -2.13 17.271     >17.271  99.990          16.52        57.82   0.045        0.158       
2456771.97464  2456771.97904  2014-04-24.4742337  coadd_bd027580 2.01 -2.13 18.445     >18.445  99.990          10.11        19.62   0.028        0.054       
2456772.96380  2456772.96824  2014-04-25.4634015  coadd_bd027723 2.25 -2.13 18.430     >18.430  99.990           4.56        19.90   0.012        0.054       
2456783.94942  2456783.95412  2014-05-06.4490128  coadd_bd028867 1.52 -2.13 18.390     >18.390  99.990          14.56        20.65   0.040        0.056       
2456784.93840  2456784.94313  2014-05-07.438  coadd_bd029198 1.63 -2.13 18.549     >18.549  99.990         -10.08        17.83   -0.028       0.049       
2456785.94094  2456785.94568  2014-05-08.4405378  coadd_bd029469 1.99 -2.13 17.924     >17.924  99.990           6.12        31.69   0.017        0.087       
2456788.80665  2456788.81142  2014-05-11.3062475  coadd_bd030115 1.47 -2.13 17.709     >17.709  99.990          16.92        38.65   0.046        0.106       
2456795.93196  2456795.93678  2014-05-18.4315583  coadd_bd031007 1.53 -2.13 18.120     >18.120  99.990         -38.62        26.47   -0.105       0.072       
2456796.92909  2456796.93391  2014-05-19.4286912  coadd_bd031362 1.46 -2.13 18.009     >18.009  99.990         -14.02        29.30   -0.038       0.080       
2456797.92915  2456797.93397  2014-05-20.4287429  coadd_bd031665 1.44 -2.13 18.363     >18.363  99.990         -10.00        21.16   -0.027       0.058       
2456798.96474  2456798.96956  2014-05-21.4643379  coadd_bd032049 1.44 -2.13 18.349     >18.349  99.990         -48.39        21.42   -0.132       0.058       
2456800.92221  2456800.92701  2014-05-23.4218016  coadd_bd032582 1.48 -2.13 18.500     >18.500  99.990          13.47        18.64   0.037        0.051       
2456802.91093  2456802.91572  2014-05-25.4105229  coadd_bd033297 1.46 -2.13 18.294     >18.294  99.990         -28.54        22.55   -0.078       0.062       
2456805.91877  2456805.92354  2014-05-28.4183699  coadd_bd034180 1.52 -2.13 18.656     >18.656  99.990         -33.26        16.15   -0.091       0.044       
2456808.90297  2456808.90769  2014-05-31.4025700  coadd_bd034921 1.56 -2.13 18.319     >18.319  99.990          11.99        22.03   0.033        0.060       
2456810.90258  2456810.90726  2014-06-02.4021771  coadd_bd035548 1.52 -2.13 18.718     >18.718  99.990         -31.22        15.26   -0.085       0.042       
2456813.96293  2456813.96755  2014-06-05.4625244  coadd_bd036487 1.48 -2.13 17.864     >17.864  99.990          60.67        33.50   0.166        0.091       
2456815.89476  2456815.89933  2014-06-07.3943532  coadd_bd037085 1.48 -2.13 18.346      18.088  0.288           81.77        21.50   0.223        0.059       
2456820.94755  2456820.95197  2014-06-12.4471456  coadd_bd038672 1.50 -2.13 17.400     >17.400  99.990          95.90        51.38   0.262        0.140       
2456823.96608  2456823.97041  2014-06-15.4656732  coadd_bd039643 1.80 -2.13 17.601     >17.601  99.990          97.51        42.68   0.266        0.117       
2456825.88451  2456825.88876  2014-06-17.3841062  coadd_bd040235 1.51 -2.13 17.271     >17.271  99.990         -18.96        57.84   -0.052       0.158       
2456827.95600  2456827.96017  2014-06-19.4555952  coadd_bd040938 1.55 -2.13 18.404     >18.404  99.990          33.97        20.37   0.093        0.056       
2456829.87354  2456829.87763  2014-06-21.3731324  coadd_bd041506 1.44 -2.13 18.596     >18.596  99.990         -19.83        17.07   -0.054       0.047       
2456832.86124  2456832.86520  2014-06-24.3608443  coadd_bd042158 1.46 -2.13 18.441     >18.441  99.990          -7.47        19.69   -0.020       0.054       
2456834.94093  2456834.94479  2014-06-26.4405277  coadd_bd042593 1.66 -2.13 18.502     >18.502  99.990           5.22        18.62   0.014        0.051       
2456847.84768  2456847.85083  2014-07-09.3472781  coadd_bd043475 1.51 -2.13 17.448     >17.448  99.990         -16.11        49.12   -0.044       0.134       
2456851.84695  2456851.84984  2014-07-13.3465414  coadd_bd044804 1.46 -2.13 17.398     >17.398  99.990          54.78        51.46   0.150        0.140       
2456855.83621  2456855.83884  2014-07-17.3358049  coadd_bd045648 1.49 -2.13 18.486     >18.486  99.990         -67.78        18.90   -0.185       0.052       
2456856.83884  2456856.84140  2014-07-18.3384306  coadd_bd045958 1.44 -2.13 18.093     >18.093  99.990         -63.74        27.13   -0.174       0.074       
2456857.84699  2456857.84949  2014-07-19.3465853  coadd_bd046302 1.50 -2.13 18.326     >18.326  99.990          -3.98        21.88   -0.011       0.060       
2456882.78693  2456882.78753  2014-08-13.2865348  coadd_bd046711 1.81 -2.13 17.799     >17.799  99.990          65.05        35.58   0.178        0.097       
2456884.79147  2456884.79191  2014-08-15.2910697  coadd_bd047284 1.71 -2.13 18.431     >18.431  99.990          53.65        19.87   0.146        0.054       
2456887.78705  2456887.78725  2014-08-18.2866517  coadd_bd048237 1.58 -2.13 18.391     >18.391  99.990         -44.12        20.62   -0.120       0.056       
2456890.77780  2456890.77775  2014-08-21.2773981  coadd_bd048534 1.47 -2.13 18.420     >18.420  99.990           0.13        20.07   0.000        0.055       
2456892.77638  2456892.77617  2014-08-23.2759824  coadd_bd049470 1.60 -2.13 18.447     >18.447  99.990          14.30        19.58   0.039        0.053       
2456894.77032  2456894.76995  2014-08-25.2699123  coadd_bd049966 1.48 -2.13 18.401     >18.401  99.990          15.14        20.43   0.041        0.056       
2456896.76582  2456896.76529  2014-08-27.2654172  coadd_bd050602 1.46 -2.13 18.349     >18.349  99.990           0.56        21.43   0.002        0.059       
2456898.75323  2456898.75254  2014-08-29.2528236  coadd_bd051287 1.50 -2.13 18.442     >18.442  99.990         -41.56        19.67   -0.113       0.054       
2456900.74086  2456900.74000  2014-08-31.2404509  coadd_bd051782 1.46 -2.13 18.109     >18.109  99.990           2.39        26.74   0.007        0.073       
2456906.74136  2456906.74004  2014-09-06.2409604  coadd_bd053244 1.49 -2.13 17.795     >17.795  99.990          26.42        35.69   0.072        0.097       
2456908.75937  2456908.75789  2014-09-08.2589696  coadd_bd053703 1.57 -2.13 17.622     >17.622  99.990           4.67        41.86   0.013        0.114       
2456910.75109  2456910.74946  2014-09-10.2506936  coadd_bd054352 1.47 -2.13 17.728     >17.728  99.990         -38.95        37.97   -0.106       0.104       
2456911.72057  2456911.71887  2014-09-11.2201724  coadd_bd054645 1.92 -2.13 16.808     >16.808  99.990         -54.30        88.64   -0.148       0.242       
2456912.72154  2456912.71976  2014-09-12.2211445  coadd_bd055020 1.52 -2.13 17.935     >17.935  99.990           9.22        31.38   0.025        0.086       
2456913.71781  2456913.71595  2014-09-13.2174054  coadd_bd055258 1.59 -2.13 17.216     >17.216  99.990         118.87        60.84   0.325        0.166       
2456921.71093  2456921.70849  2014-09-21.2105237  coadd_bd057899 1.52 -2.13 16.849     >16.849  99.990        -221.63        85.32   -0.605       0.233       
2457018.17007  2457018.16633  2014-12-26.6696670  coadd_bd078386 1.73 -2.13 16.874     >16.874  99.990        -109.26        83.39   -0.298       0.228       
2457019.17033  2457019.16664  2014-12-27.6699243  coadd_bd078670 2.52 -2.13 17.165     >17.165  99.990           6.70        63.79   0.018        0.174       
2457024.15443  2457024.15101  2015-01-01.6540234  coadd_bd079821 2.04 -2.13 18.341     >18.341  99.990          48.20        21.59   0.132        0.059       
2457032.14565  2457032.14272  2015-01-09.6452401  coadd_bd080915 1.70 -2.13 17.817     >17.817  99.990         -48.62        34.97   -0.133       0.095       
2457038.13347  2457038.13096  2015-01-15.6330687  coadd_bd083332 1.46 -2.13 18.215      17.985  0.295           89.85        24.24   0.245        0.066       
2457040.12581  2457040.12343  2015-01-17.6254037  coadd_bd084158 1.61 -2.13 18.234     >18.234  99.990           3.84        23.82   0.010        0.065       
2457042.13224  2457042.13001  2015-01-19.6318363  coadd_bd084883 1.48 -2.13 18.229     >18.229  99.990          39.45        23.93   0.108        0.065       
2457044.12531  2457044.12322  2015-01-21.6249048  coadd_bd085708 1.45 -2.13 18.346     >18.346  99.990           8.18        21.50   0.022        0.059       
2457046.12385  2457046.12192  2015-01-23.6234468  coadd_bd086532 1.51 -2.13 18.350     >18.350  99.990           5.76        21.40   0.016        0.058       
2457048.11817  2457048.11639  2015-01-25.6177640  coadd_bd087341 1.71 -2.13 18.528     >18.528  99.990         -35.73        18.17   -0.098       0.050       
2457050.11870  2457050.11708  2015-01-27.6182997  coadd_bd088117 1.43 -2.13 18.264     >18.264  99.990          11.81        23.18   0.032        0.063       
2457052.12136  2457052.11989  2015-01-29.6209512  coadd_bd088736 1.81 -2.13 18.387     >18.387  99.990          25.94        20.70   0.071        0.056       
2457054.11537  2457054.11406  2015-01-31.6149646  coadd_bd089406 1.77 -2.13 18.237     >18.237  99.990         -27.28        23.76   -0.074       0.065       
2457056.11268  2457056.11153  2015-02-02.6122768  coadd_bd090206 1.55 -2.13 17.799      17.621  0.310          125.67        35.55   0.343        0.097       
2457061.07816  2457061.07742  2015-02-07.5777583  coadd_bd090605 2.34 -2.13 17.988      17.503  0.233          140.13        29.88   0.383        0.082       
2457069.08937  2457069.08929  2015-02-15.5889673  coadd_bd092169 1.95 -2.13 18.244     >18.244  99.990          27.39        23.60   0.075        0.064       
2457071.08220  2457071.08228  2015-02-17.5817857  coadd_bd092940 1.44 -2.13 18.295     >18.295  99.990          47.53        22.53   0.130        0.062       
2457074.07834  2457074.07867  2015-02-20.5779284  coadd_bd093821 1.60 -2.13 18.334     >18.334  99.990         -33.73        21.74   -0.092       0.059       
2457078.06292  2457078.06358  2015-02-24.5625042  coadd_bd094629 1.55 -2.13 18.701     >18.701  99.990          12.18        15.50   0.033        0.042       
2457081.06666  2457081.06757  2015-02-27.5662562  coadd_bd095569 1.53 -2.13 18.225     >18.225  99.990         -15.01        24.02   -0.041       0.066       
2457084.05734  2457084.05849  2015-03-02.5569398  coadd_bd096042 1.74 -2.13 18.060     >18.060  99.990          28.88        27.96   0.079        0.076       
2457092.04779  2457092.04956  2015-03-10.5473857  coadd_bd097064 1.47 -2.13 17.880     >17.880  99.990         -48.48        33.00   -0.132       0.090       
2457096.00398  2457096.00606  2015-03-14.5035763  coadd_bd097628 1.65 -2.13 18.135     >18.135  99.990         -21.00        26.10   -0.057       0.071       
2457097.05543  2457097.05758  2015-03-15.5550246  coadd_bd098007 1.43 -2.13 18.290     >18.290  99.990          18.39        22.63   0.050        0.062       
2457098.03192  2457098.03415  2015-03-16.5315188  coadd_bd098298 1.46 -2.13 18.428     >18.428  99.990          24.38        19.92   0.067        0.054       
2457100.08183  2457100.08421  2015-03-18.5818358  coadd_bd098967 1.52 -2.13 18.527     >18.527  99.990           6.60        18.19   0.018        0.050       
2457102.05536  2457102.05788  2015-03-20.5553744  coadd_bd099625 1.44 -2.13 18.055     >18.055  99.990         -38.12        28.09   -0.104       0.077       
2457105.04059  2457105.04332  2015-03-23.5406067  coadd_bd100435 1.67 -2.13 17.912     >17.912  99.990         -93.18        32.04   -0.254       0.087       
2457106.03748  2457106.04027  2015-03-24.5374916  coadd_bd100762 1.48 -2.13 18.310     >18.310  99.990         -39.87        22.21   -0.109       0.061       
2457109.96829  2457109.97134  2015-03-28.4683081  coadd_bd101821 1.55 -2.13 18.208     >18.208  99.990          25.54        24.40   0.070        0.067       
2457112.93229  2457112.93552  2015-03-31.4323016  coadd_bd102799 1.49 -2.13 18.110     >18.110  99.990          17.53        26.71   0.048        0.073       
2457113.93773  2457113.94102  2015-04-01.4377384  coadd_bd103153 1.46 -2.13 18.261     >18.261  99.990          38.55        23.24   0.105        0.063       
2457116.98218  2457116.98566  2015-04-04.4821946  coadd_bd104035 1.44 -2.13 18.417     >18.417  99.990           7.81        20.13   0.021        0.055       
2457119.96700  2457119.97064  2015-04-07.4670158  coadd_bd104696 1.45 -2.13 17.606     >17.606  99.990          39.41        42.50   0.108        0.116       
2457122.06125  2457122.06500  2015-04-09.5612628  coadd_bd105245 1.55 -2.13 17.818     >17.818  99.990         -43.38        34.96   -0.118       0.095       
2457125.09315  2457125.09705  2015-04-12.5931589  coadd_bd105969 1.55 -2.13 18.263     >18.263  99.990         -15.27        23.19   -0.042       0.063       
2457126.00331  2457126.00725  2015-04-13.5033195  coadd_bd106258 1.44 -2.13 18.183     >18.183  99.990         -14.85        24.98   -0.041       0.068       
2457127.99099  2457127.99503  2015-04-15.4910063  coadd_bd106614 1.48 -2.13 18.336     >18.336  99.990          29.13        21.69   0.080        0.059       
2457132.02161  2457132.02582  2015-04-19.5216265  coadd_bd107541 1.52 -2.13 18.249      18.040  0.301           85.41        23.50   0.233        0.064       
2457135.92268  2457135.92704  2015-04-23.4226938  coadd_bd108487 1.44 -2.13 18.471     >18.471  99.990         -28.53        19.15   -0.078       0.052       
2457138.01636  2457138.02079  2015-04-25.5163741  coadd_bd109194 1.63 -2.13 18.377     >18.377  99.990          -5.27        20.89   -0.014       0.057       
2457138.87557  2457138.88003  2015-04-26.3755728  coadd_bd109444 1.48 -2.13 18.268     >18.268  99.990         -59.33        23.10   -0.162       0.063       
2457145.00265  2457145.00727  2015-05-02.5026561  coadd_bd110111 1.55 -2.13 17.193     >17.193  99.990          88.34        62.14   0.241        0.170       
2457151.05183  2457151.05656  2015-05-08.5518258  coadd_bd111255 1.69 -2.13 17.900     >17.900  99.990         -36.74        32.41   -0.100       0.088       
2457153.89268  2457153.89745  2015-05-11.3926768  coadd_bd111730 1.43 -2.13 17.651     >17.651  99.990          20.58        40.77   0.056        0.111       
2457155.89928  2457155.90407  2015-05-13.3992777  coadd_bd112302 1.46 -2.13 18.514     >18.514  99.990          11.30        18.41   0.031        0.050       
2457157.92028  2457157.92508  2015-05-15.4203067  coadd_bd112802 1.48 -2.13 18.302     >18.302  99.990          15.20        22.38   0.041        0.061       
2457161.96645  2457161.97128  2015-05-19.4664605  coadd_bd113605 1.47 -2.13 18.229     >18.229  99.990         -17.86        23.93   -0.049       0.065       
2457165.77279  2457165.77760  2015-05-23.2728045  coadd_bd114608 1.51 -2.13 17.884     >17.884  99.990         -27.35        32.89   -0.075       0.090       
2457166.79440  2457166.79920  2015-05-24.2944107  coadd_bd114764 1.61 -2.13 18.075     >18.075  99.990          24.91        27.58   0.068        0.075       
2457168.83429  2457168.83908  2015-05-26.3343091  coadd_bd115260 1.57 -2.13 18.448     >18.448  99.990           4.80        19.57   0.013        0.053       
2457172.75457  2457172.75932  2015-05-30.2545826  coadd_bd115990 1.99 -2.13 17.384     >17.384  99.990        -166.81        52.14   -0.455       0.142       
2457176.97147  2457176.97614  2015-06-03.4714891  coadd_bd116786 1.47 -2.13 17.270     >17.270  99.990          61.29        57.87   0.167        0.158       
2457178.98474  2457178.98937  2015-06-05.4847644  coadd_bd117356 1.44 -2.13 17.686     >17.686  99.990          41.20        39.48   0.112        0.108       
2457179.87687  2457179.88148  2015-06-06.3768809  coadd_bd117608 1.61 -2.13 17.684     >17.684  99.990         -91.07        39.54   -0.249       0.108       
2457180.94647  2457180.95105  2015-06-07.4464802  coadd_bd117930 1.43 -2.13 17.942     >17.942  99.990          45.97        31.18   0.126        0.085       
2457181.82198  2457181.82653  2015-06-08.3219835  coadd_bd118171 1.47 -2.13 18.253     >18.253  99.990         -36.63        23.40   -0.100       0.064       
2457184.87423  2457184.87870  2015-06-11.3742483  coadd_bd118914 1.43 -2.13 18.243     >18.243  99.990          30.83        23.62   0.084        0.064       
2457188.91639  2457188.92072  2015-06-15.4164107  coadd_bd119395 1.47 -2.13 18.211     >18.211  99.990          20.08        24.34   0.055        0.066       
2457189.89123  2457189.89553  2015-06-16.3912553  coadd_bd119683 1.46 -2.13 18.265     >18.265  99.990           7.24        23.15   0.020        0.063       
2457192.95207  2457192.95625  2015-06-19.4520738  coadd_bd120484 1.42 -2.13 18.327      18.160  0.313           76.50        21.87   0.209        0.060       
2457194.91500  2457194.91910  2015-06-21.4150106  coadd_bd121064 1.75 -2.13 18.287     >18.287  99.990         -51.67        22.69   -0.141       0.062       
2457197.81778  2457197.82175  2015-06-24.3177961  coadd_bd121895 1.54 -2.13 18.208     >18.208  99.990         -51.75        24.41   -0.141       0.067       
2457201.76702  2457201.77080  2015-06-28.2670457  coadd_bd122782 1.46 -2.13 17.915      17.842  0.341          102.56        31.96   0.280        0.087       
2457204.88494  2457204.88856  2015-07-01.3849401  coadd_bd123697 1.47 -2.13 17.274     >17.274  99.990        -162.83        57.69   -0.445       0.157       
2457206.91581  2457206.91932  2015-07-03.4158141  coadd_bd124291 1.48 -2.13 17.551     >17.551  99.990          33.41        44.70   0.091        0.122       
2457209.91643  2457209.91977  2015-07-06.4164336  coadd_bd124882 1.68 -2.13 18.033     >18.033  99.990         -11.71        28.66   -0.032       0.078       
2457210.82648  2457210.82977  2015-07-07.3264872  coadd_bd125120 1.51 -2.13 18.258     >18.258  99.990          12.64        23.31   0.034        0.064       
2457216.81739  2457216.82031  2015-07-13.3173967  coadd_bd126250 1.50 -2.13 18.107     >18.107  99.990          19.02        26.77   0.052        0.073       
2457222.87853  2457222.88104  2015-07-19.3785275  coadd_bd127238 1.53 -2.13 18.027     >18.027  99.990           7.78        28.82   0.021        0.079       
2457227.80550  2457227.80766  2015-07-24.3055025  coadd_bd127950 1.45 -2.13 18.164     >18.164  99.990          57.38        25.41   0.157        0.069       
2457230.83469  2457230.83663  2015-07-27.3346915  coadd_bd128810 1.46 -2.13 17.717     >17.717  99.990         -89.87        38.37   -0.245       0.105       
2457232.84950  2457232.85129  2015-07-29.3494998  coadd_bd129392 1.43 -2.13 16.978     >16.978  99.990          98.19        75.73   0.268        0.207       
2457235.83842  2457235.83998  2015-08-01.3384237  coadd_bd130065 1.56 -2.13 17.557     >17.557  99.990          98.40        44.44   0.269        0.121       
2457237.80443  2457237.80584  2015-08-03.3044300  coadd_bd130428 1.47 -2.13 18.177     >18.177  99.990          65.89        25.12   0.180        0.069       
2457240.78507  2457240.78624  2015-08-06.2850678  coadd_bd130934 1.65 -2.13 18.471      18.191  0.282           74.36        19.15   0.203        0.052       
2457243.80513  2457243.80607  2015-08-09.3051273  coadd_bd131879 1.47 -2.13 18.437     >18.437  99.990          17.23        19.77   0.047        0.054       
2457245.80080  2457245.80158  2015-08-11.3008041  coadd_bd132566 1.42 -2.13 18.608     >18.608  99.990           4.77        16.88   0.013        0.046       
2457247.79508  2457247.79570  2015-08-13.2950771  coadd_bd133247 1.55 -2.13 17.832     >17.832  99.990         -11.51        34.51   -0.031       0.094       
2457248.82539  2457248.82593  2015-08-14.3253916  coadd_bd133435 1.50 -2.13 18.247     >18.247  99.990          20.34        23.54   0.056        0.064       
2457250.77811  2457250.77849  2015-08-16.2781143  coadd_bd133721 1.43 -2.13 18.193     >18.193  99.990         -52.64        24.75   -0.144       0.068       
2457262.75246  2457262.75187  2015-08-28.2524590  coadd_bd135174 1.48 -2.13 17.474     >17.474  99.990         -51.96        47.97   -0.142       0.131       
2457266.75583  2457266.75492  2015-09-01.2558287  coadd_bd136491 1.52 -2.13 17.959     >17.959  99.990         -18.45        30.68   -0.050       0.084       
2457268.73691  2457268.73584  2015-09-03.2369083  coadd_bd136719 1.48 -2.13 18.186     >18.186  99.990          32.48        24.90   0.089        0.068       
2457272.74157  2457272.74019  2015-09-07.2415686  coadd_bd137808 2.12 -2.13 18.623     >18.623  99.990          -0.22        16.66   -0.001       0.045       
2457389.16290  2457389.15947  2016-01-01.6628995  coadd_bd167531 2.05 -2.13 18.006     >18.006  99.990          55.57        29.39   0.152        0.080       
2457397.14977  2457397.14683  2016-01-09.6497737  coadd_bd170363 1.55 -2.13 18.628     >18.628  99.990          27.34        16.57   0.075        0.045       
2457399.14285  2457399.14004  2016-01-11.6428472  coadd_bd171205 1.53 -2.13 18.434     >18.434  99.990          39.87        19.82   0.109        0.054       
2457403.17996  2457403.17743  2016-01-15.6799590  coadd_bd172537 1.60 -2.13 16.795     >16.795  99.990        -137.75        89.68   -0.376       0.245       
2457404.13007  2457404.12761  2016-01-16.6300701  coadd_bd172914 1.53 -2.13 18.109     >18.109  99.990         -19.58        26.74   -0.053       0.073       
2457407.13869  2457407.13644  2016-01-19.6386910  coadd_bd174219 1.45 -2.13 18.667     >18.667  99.990         -18.48        15.98   -0.050       0.044       
2457411.11015  2457411.10820  2016-01-23.6101569  coadd_bd175899 1.47 -2.13 17.529     >17.529  99.990          85.14        45.61   0.232        0.125       
2457412.14074  2457412.13886  2016-01-24.6407385  coadd_bd176352 1.54 -2.13 17.613     >17.613  99.990          47.06        42.22   0.128        0.115       
2457414.13769  2457414.13597  2016-01-26.6376910  coadd_bd177216 1.49 -2.13 17.947     >17.947  99.990         -31.23        31.03   -0.085       0.085       
2457417.10483  2457417.10335  2016-01-29.6048353  coadd_bd178466 1.53 -2.13 17.949     >17.949  99.990         -44.19        30.99   -0.121       0.085       
2457417.18054  2457417.17905  2016-01-29.6805414  coadd_bd178523 1.71 -2.13 16.255     >16.255  99.990         187.78       147.51   0.513        0.403       
2457418.10145  2457418.10004  2016-01-30.6014482  coadd_bd178883 1.47 -2.13 18.230     >18.230  99.990          29.01        23.92   0.079        0.065       
2457421.13299  2457421.13182  2016-02-02.6329935  coadd_bd180191 1.52 -2.13 18.085     >18.085  99.990         -37.41        27.33   -0.102       0.075       
2457424.14149  2457424.14056  2016-02-05.6414949  coadd_bd181582 1.52 -2.13 18.276     >18.276  99.990          24.63        22.91   0.067        0.063       
2457429.12820  2457429.12768  2016-02-10.6282016  coadd_bd183069 1.44 -2.13 18.474     >18.474  99.990         -53.73        19.10   -0.147       0.052       
2457437.03982  2457437.03996  2016-02-18.5398187  coadd_bd185806 1.71 -2.13 18.029     >18.029  99.990         -61.72        28.78   -0.168       0.079       
2457440.03304  2457440.03343  2016-02-21.5330413  coadd_bd187050 1.55 -2.13 17.792     >17.792  99.990         -58.70        35.79   -0.160       0.098       
2457441.15190  2457441.15238  2016-02-22.6519057  coadd_bd187558 1.49 -2.13 17.749     >17.749  99.990         -23.61        37.25   -0.064       0.102       
2457444.03021  2457444.03093  2016-02-25.5302144  coadd_bd188632 1.46 -2.13 17.560     >17.560  99.990          93.18        44.32   0.254        0.121       
2457446.08764  2457446.08852  2016-02-27.5876395  coadd_bd189486 1.43 -2.13 18.086     >18.086  99.990           8.72        27.30   0.024        0.075       
2457449.03526  2457449.03638  2016-03-01.5352640  coadd_bd190569 1.45 -2.13 18.018     >18.018  99.990          20.77        29.08   0.057        0.079       
2457451.10025  2457451.10154  2016-03-03.6002533  coadd_bd191424 1.48 -2.13 18.355     >18.355  99.990         -17.08        21.32   -0.047       0.058       
2457453.00229  2457453.00373  2016-03-05.5022918  coadd_bd192173 1.55 -2.13 18.394     >18.394  99.990          14.89        20.56   0.041        0.056       
2457455.01799  2457455.01959  2016-03-07.5179877  coadd_bd193008 1.51 -2.13 18.524     >18.524  99.990          12.03        18.24   0.033        0.050       
2457458.08309  2457458.08493  2016-03-10.5830925  coadd_bd193914 1.66 -2.13 18.638     >18.638  99.990          -1.59        16.42   -0.004       0.045       
2457460.97386  2457460.97591  2016-03-13.4738600  coadd_bd194950 1.46 -2.13 18.440     >18.440  99.990         -70.49        19.70   -0.192       0.054       
2457462.09912  2457462.10125  2016-03-14.5991184  coadd_bd195404 1.46 -2.13 17.883     >17.883  99.990         -51.43        32.92   -0.140       0.090       
2457463.01536  2457463.01757  2016-03-15.5153657  coadd_bd195664 1.55 -2.13 18.349     >18.349  99.990         -37.45        21.42   -0.102       0.058       
2457465.95964  2457465.96206  2016-03-18.4596452  coadd_bd196552 1.50 -2.13 17.869     >17.869  99.990          16.11        33.33   0.044        0.091       
2457467.98650  2457467.98906  2016-03-20.4865021  coadd_bd197437 1.52 -2.13 17.892     >17.892  99.990         -10.55        32.63   -0.029       0.089       
2457473.06749  2457473.07040  2016-03-25.5674968  coadd_bd198971 1.48 -2.13 17.442     >17.442  99.990         -50.85        49.42   -0.139       0.135       
2457478.11009  2457478.11331  2016-03-30.6100879  coadd_bd200090 1.56 -2.13 17.941     >17.941  99.990         -48.47        31.22   -0.132       0.085       
2457479.04966  2457479.05295  2016-03-31.5496629  coadd_bd200438 1.44 -2.13 18.455     >18.455  99.990          12.47        19.44   0.034        0.053       
2457481.02384  2457481.02724  2016-04-02.5238434  coadd_bd201069 1.87 -2.13 18.544     >18.544  99.990         -26.52        17.90   -0.072       0.049       
2457483.95612  2457483.95969  2016-04-05.4561237  coadd_bd202191 1.52 -2.13 18.698     >18.698  99.990           5.81        15.53   0.016        0.042       
2457487.99493  2457487.99871  2016-04-09.4949296  coadd_bd202739 1.47 -2.13 18.610     >18.610  99.990          23.21        16.85   0.063        0.046       
2457490.93550  2457490.93943  2016-04-12.4355030  coadd_bd203842 1.51 -2.13 18.255     >18.255  99.990          55.29        23.37   0.151        0.064       
2457493.88228  2457493.88634  2016-04-15.3822785  coadd_bd204859 1.59 -2.13 18.174     >18.174  99.990           1.21        25.18   0.003        0.069       
2457494.95512  2457494.95923  2016-04-16.4551238  coadd_bd205298 1.49 -2.13 18.319     >18.319  99.990         -22.96        22.03   -0.063       0.060       
2457496.10821  2457496.11237  2016-04-17.6082133  coadd_bd205732 1.54 -2.13 18.556     >18.556  99.990           8.12        17.71   0.022        0.048       
2457497.87271  2457497.87694  2016-04-19.3727081  coadd_bd205855 2.07 -2.13 17.485     >17.485  99.990        -141.39        47.51   -0.386       0.130       
2457500.93434  2457500.93868  2016-04-22.4343388  coadd_bd206885 1.59 -2.13 17.241     >17.241  99.990          49.57        59.49   0.135        0.162       
2457503.96921  2457503.97365  2016-04-25.4692089  coadd_bd207893 1.48 -2.13 17.912     >17.912  99.990         -46.96        32.04   -0.128       0.087       
2457505.95100  2457505.95551  2016-04-27.4510046  coadd_bd208620 1.74 -2.13 17.912     >17.912  99.990          14.46        32.05   0.039        0.088       
2457506.88772  2457506.89225  2016-04-28.3877184  coadd_bd208946 1.71 -2.13 19.515     >19.515  99.990          -2.43         7.32   -0.007       0.020       
2457507.89497  2457507.89953  2016-04-29.3949744  coadd_bd209256 2.00 -2.13 19.465     >19.465  99.990         -15.59         7.67   -0.043       0.021       
2457510.91836  2457510.92300  2016-05-02.4183640  coadd_bd210163 1.54 -2.13 18.404     >18.404  99.990         -18.95        20.36   -0.052       0.056       
2457512.97591  2457512.98058  2016-05-04.4759093  coadd_bd210949 1.50 -2.13 18.621     >18.621  99.990         -36.83        16.69   -0.101       0.046       
2457520.93328  2457520.93807  2016-05-12.4332795  coadd_bd212320 1.54 -2.13 18.700     >18.700  99.990         -20.01        15.51   -0.055       0.042       
2457526.94314  2457526.94796  2016-05-18.4431353  coadd_bd213700 1.51 -2.13 17.971     >17.971  99.990           0.33        30.37   0.001        0.083       
2457528.93625  2457528.94107  2016-05-20.4362542  coadd_bd214253 1.62 -2.13 17.582     >17.582  99.990          47.42        43.42   0.129        0.119       
2457531.91870  2457531.92351  2016-05-23.4187065  coadd_bd215164 1.56 -2.13 17.455     >17.455  99.990          18.82        48.80   0.051        0.133       
2457536.01810  2457536.02287  2016-05-27.5181055  coadd_bd215952 1.42 -2.13 18.312     >18.312  99.990          -6.46        22.17   -0.018       0.061       
2457538.97743  2457538.98216  2016-05-30.4774318  coadd_bd216816 1.42 -2.13 18.357     >18.357  99.990          39.71        21.28   0.108        0.058       
2457542.95240  2457542.95706  2016-06-03.4524065  coadd_bd217731 1.56 -2.13 18.294     >18.294  99.990         -51.92        22.55   -0.142       0.062       
2457546.92345  2457546.92801  2016-06-07.4234562  coadd_bd218795 1.47 -2.13 18.497     >18.497  99.990          15.78        18.70   0.043        0.051       
2457548.76219  2457548.76670  2016-06-09.2621938  coadd_bd219356 1.58 -2.13 18.701     >18.701  99.990          31.05        15.50   0.085        0.042       
2457549.97689  2457549.98137  2016-06-10.4768918  coadd_bd219841 1.54 -2.13 18.559     >18.559  99.990         -38.50        17.66   -0.105       0.048       
2457555.87120  2457555.87547  2016-06-16.3711991  coadd_bd220827 1.49 -2.13 17.671     >17.671  99.990         -34.74        40.01   -0.095       0.109       
2457559.84119  2457559.84530  2016-06-20.3411893  coadd_bd221924 1.54 -2.13 17.645     >17.645  99.990           6.56        40.98   0.018        0.112       
2457561.94140  2457561.94543  2016-06-22.4414081  coadd_bd222655 1.47 -2.13 17.781     >17.781  99.990          81.03        36.15   0.221        0.099       
2457562.88705  2457562.89103  2016-06-23.3870533  coadd_bd222962 1.48 -2.13 17.983     >17.983  99.990          74.23        30.01   0.203        0.082       
2457567.89193  2457567.89567  2016-06-28.3919334  coadd_bd224050 1.48 -2.13 18.506     >18.506  99.990         -55.15        18.55   -0.151       0.051       
2457574.91059  2457574.91394  2016-07-05.4105905  coadd_bd225259 1.44 -2.13 18.713     >18.713  99.990           1.30        15.32   0.004        0.042       
2457576.90409  2457576.90733  2016-07-07.4040912  coadd_bd225896 1.47 -2.13 18.429     >18.429  99.990           3.64        19.90   0.010        0.054       
2457577.87977  2457577.88294  2016-07-08.3797689  coadd_bd226232 1.65 -2.13 18.599     >18.599  99.990          -6.36        17.03   -0.017       0.046       
2457580.90106  2457580.90405  2016-07-11.4010585  coadd_bd226874 1.95 -2.13 18.514     >18.514  99.990          -4.76        18.40   -0.013       0.050       
2457585.82507  2457585.82774  2016-07-16.3250773  coadd_bd228058 1.54 -2.13 18.016     >18.016  99.990         -31.54        29.14   -0.086       0.080       
2457591.86111  2457591.86336  2016-07-22.3611116  coadd_bd229269 1.49 -2.13 17.831     >17.831  99.990         -73.29        34.53   -0.200       0.094       
2457595.77652  2457595.77848  2016-07-26.2765222  coadd_bd229892 1.54 -2.13 18.645     >18.645  99.990          -8.14        16.31   -0.022       0.045       
2457598.84614  2457598.84787  2016-07-29.3461369  coadd_bd230899 2.18 -2.13 18.610     >18.610  99.990          25.90        16.85   0.071        0.046       
2457601.82818  2457601.82969  2016-08-01.3281827  coadd_bd231669 1.42 -2.13 18.343     >18.343  99.990         -30.51        21.54   -0.083       0.059       
2457603.80058  2457603.80194  2016-08-03.3005854  coadd_bd232362 1.45 -2.13 18.483     >18.483  99.990         -13.90        18.95   -0.038       0.052       
2457605.81478  2457605.81597  2016-08-05.3147777  coadd_bd232931 1.66 -2.13 18.723     >18.723  99.990          23.52        15.18   0.064        0.041       
2457607.81000  2457607.81104  2016-08-07.3100019  coadd_bd233623 1.42 -2.13 18.564     >18.564  99.990         -14.45        17.58   -0.039       0.048       
2457609.80903  2457609.80991  2016-08-09.3090349  coadd_bd234308 1.48 -2.13 18.355     >18.355  99.990           0.42        21.30   0.001        0.058       
2457612.79011  2457612.79075  2016-08-12.2901181  coadd_bd235250 1.58 -2.13 18.102     >18.102  99.990          59.75        26.91   0.163        0.073       
2457617.78324  2457617.78348  2016-08-17.2832445  coadd_bd236573 1.47 -2.13 17.800     >17.800  99.990         -57.87        35.54   -0.158       0.097       
2457620.77263  2457620.77262  2016-08-20.2726298  coadd_bd237667 1.45 -2.13 18.045     >18.045  99.990         -10.65        28.35   -0.029       0.077       
2457626.74191  2457626.74143  2016-08-26.2419177  coadd_bd238568 1.62 -2.13 18.665     >18.665  99.990           4.34        16.02   0.012        0.044       
2457630.74699  2457630.74618  2016-08-30.2469905  coadd_bd239500 1.54 -2.13 18.565     >18.565  99.990         -50.16        17.56   -0.137       0.048       
2457634.52200  2457634.52089  2016-09-03.0219969  coadd_bh102743 1.37 -2.35 18.614     >18.614  99.990          37.86        13.69   0.127        0.046       
2457635.54060  2457635.53941  2016-09-04.0405978  coadd_bh103154 1.38 -2.35 18.476      18.185  0.279           60.97        15.55   0.204        0.052       
2457637.72708  2457637.72572  2016-09-06.2270850  coadd_bd240472 1.73 -2.13 18.145     >18.145  99.990         -12.73        25.86   -0.035       0.071       
2457638.48793  2457638.48651  2016-09-06.9879307  coadd_bh104062 2.06 -2.35 17.628     >17.628  99.990          41.56        33.95   0.139        0.114       
2457640.48714  2457640.48557  2016-09-08.9871447  coadd_bh104807 2.41 -2.35 17.464     >17.464  99.990          45.40        39.52   0.152        0.132       
2457643.49739  2457643.49559  2016-09-11.9973899  coadd_bh105991 1.57 -2.35 18.178     >18.178  99.990          36.08        20.47   0.121        0.068       
2457652.48118  2457652.47873  2016-09-20.9811821  coadd_bh109102 1.73 -2.35 18.028      17.736  0.279           92.19        23.51   0.308        0.079       
2457758.15663  2457758.15342  2017-01-04.6566310  coadd_bd271658 1.48 -2.13 18.505     >18.505  99.990          -6.45        18.55   -0.018       0.051       
2457766.14616  2457766.14348  2017-01-12.6461644  coadd_bd274677 1.52 -2.13 17.617     >17.617  99.990         -15.61        42.05   -0.043       0.115       
2457768.13694  2457768.13439  2017-01-14.6369410  coadd_bd275524 1.54 -2.13 17.904     >17.904  99.990         -30.03        32.29   -0.082       0.088       
2457774.13247  2457774.13035  2017-01-20.6324716  coadd_bd277616 1.60 -2.13 18.187     >18.187  99.990         -20.62        24.87   -0.056       0.068       
2457778.14489  2457778.14308  2017-01-24.6448961  coadd_bd278910 1.72 -2.13 18.588     >18.588  99.990         -33.70        17.20   -0.092       0.047       
2457782.11659  2457782.11508  2017-01-28.6165851  coadd_bd280475 1.47 -2.13 18.630      18.327  0.276           65.56        16.54   0.179        0.045       
2457787.08101  2457787.07989  2017-02-02.5810107  coadd_bd282227 1.64 -2.13 18.557     >18.557  99.990          -3.56        17.69   -0.010       0.048       
2457790.11561  2457790.11474  2017-02-05.6156118  coadd_bd283392 1.46 -2.13 18.571     >18.571  99.990          19.24        17.47   0.053        0.048       
2457794.06755  2457794.06700  2017-02-09.5675523  coadd_bd284178 1.66 -2.13 17.569     >17.569  99.990         -63.65        43.96   -0.174       0.120       
2457798.08059  2457798.08037  2017-02-13.5805928  coadd_bd285266 1.59 -2.13 17.915     >17.915  99.990          41.41        31.97   0.113        0.087       
2457805.14436  2457805.14474  2017-02-20.6443684  coadd_bd287721 1.66 -2.13 18.354     >18.354  99.990          35.40        21.33   0.097        0.058       
2457808.03005  2457808.03067  2017-02-23.5300556  coadd_bd288820 1.53 -2.13 18.675     >18.675  99.990         -40.93        15.87   -0.112       0.043       
2457813.82305  2457813.82414  2017-03-01.3230564  coadd_bh153526 1.35 -2.35 18.610     >18.610  99.990           4.91        13.75   0.016        0.046       
2457823.01313  2457823.01494  2017-03-10.5131342  coadd_bd291460 1.43 -2.13 17.807     >17.807  99.990          86.20        35.29   0.235        0.096       
2457826.08405  2457826.08609  2017-03-13.5840541  coadd_bd292336 1.42 -2.13 17.748     >17.748  99.990         -18.93        37.26   -0.052       0.102       
2457829.09234  2457829.09461  2017-03-16.5923432  coadd_bd293495 1.46 -2.13 17.910     >17.910  99.990          -6.05        32.12   -0.017       0.088       
2457832.04363  2457832.04611  2017-03-19.5436285  coadd_bd294530 1.54 -2.13 18.307     >18.307  99.990          31.76        22.28   0.087        0.061       
2457834.00990  2457834.01251  2017-03-21.5098990  coadd_bd295275 1.79 -2.13 18.467     >18.467  99.990         -41.51        19.22   -0.113       0.052       
2457838.05240  2457838.05529  2017-03-25.5523987  coadd_bd296675 1.56 -2.13 18.690     >18.690  99.990         -34.94        15.65   -0.095       0.043       
2457844.92919  2457844.93252  2017-04-01.4291947  coadd_bd298815 1.45 -2.13 18.654     >18.654  99.990           1.39        16.18   0.004        0.044       
2457847.01293  2457847.01638  2017-04-03.5129380  coadd_bd299481 1.45 -2.13 18.430     >18.430  99.990          43.76        19.88   0.119        0.054       
2457849.91475  2457849.91836  2017-04-06.4147560  coadd_bd300539 1.82 -2.13 17.972     >17.972  99.990         -70.69        30.32   -0.193       0.083       
2457851.09894  2457851.10261  2017-04-07.5989386  coadd_bd301042 1.59 -2.13 18.623     >18.623  99.990         -19.87        16.65   -0.054       0.045       
2457851.90280  2457851.90652  2017-04-08.4028046  coadd_bd301277 1.73 -2.13 17.741     >17.741  99.990        -119.75        37.53   -0.327       0.102       
2457852.91581  2457852.91957  2017-04-09.4158067  coadd_bh164747 2.30 -2.35 18.195     >18.195  99.990          55.15        20.14   0.185        0.067       
2457854.70828  2457854.71213  2017-04-11.2082819  coadd_bh165401 1.58 -2.35 17.239     >17.239  99.990        -105.63        48.59   -0.353       0.163       
2457856.79797  2457856.80193  2017-04-13.2979766  coadd_bh166258 1.41 -2.35 17.384     >17.384  99.990          33.65        42.54   0.113        0.142       
2457864.10523  2457864.10950  2017-04-20.6052337  coadd_bd304273 1.42 -2.13 18.414     >18.414  99.990          22.48        20.19   0.061        0.055       
2457867.86185  2457867.86625  2017-04-24.3618490  coadd_bh169158 1.35 -2.35 18.634     >18.634  99.990         -23.67        13.45   -0.079       0.045       
2457870.79211  2457870.79661  2017-04-27.2921173  coadd_bh170128 1.57 -2.35 18.842     >18.842  99.990          15.90        11.10   0.053        0.037       
2457874.84298  2457874.84759  2017-05-01.3429875  coadd_bh171860 1.51 -2.35 18.347     >18.347  99.990          18.11        17.52   0.061        0.059       
2457877.64770  2457877.65237  2017-05-04.1477079  coadd_bh172819 1.37 -2.35 18.428     >18.428  99.990          19.35        16.25   0.065        0.054       
2457878.78388  2457878.78857  2017-05-05.2838810  coadd_bh173348 1.51 -2.35 18.272     >18.272  99.990         -14.80        18.77   -0.050       0.063       
2457880.64626  2457880.65099  2017-05-07.1462642  coadd_bh174062 1.83 -2.35 17.691     >17.691  99.990         -49.69        32.05   -0.166       0.107       
2457883.91428  2457883.91905  2017-05-10.4142815  coadd_bd308545 1.54 -2.13 17.453     >17.453  99.990          76.88        48.93   0.210        0.134       
2457890.04991  2457890.05473  2017-05-16.5499145  coadd_bd309769 1.51 -2.13 18.128     >18.128  99.990          57.80        26.28   0.158        0.072       
2457893.02309  2457893.02791  2017-05-19.5230906  coadd_bd310757 1.46 -2.13 18.379     >18.379  99.990           2.31        20.85   0.006        0.057       
2457894.98216  2457894.98698  2017-05-21.4821668  coadd_bd311428 1.51 -2.13 17.997     >17.997  99.990          37.92        29.63   0.104        0.081       
2457896.03186  2457896.03667  2017-05-22.5318607  coadd_bd311811 1.59 -2.13 18.629     >18.629  99.990          13.81        16.56   0.038        0.045       
2457897.89608  2457897.90088  2017-05-24.3960831  coadd_bd312267 1.52 -2.13 18.451     >18.451  99.990         -14.29        19.51   -0.039       0.053       
2457900.92322  2457900.92800  2017-05-27.4232241  coadd_bd313300 1.48 -2.13 18.626     >18.626  99.990         -19.23        16.60   -0.052       0.045       
2457904.99328  2457904.99799  2017-05-31.4932792  coadd_bd314304 1.46 -2.13 18.789     >18.789  99.990         -18.87        14.29   -0.052       0.039       
2457908.84964  2457908.85428  2017-06-04.3496378  coadd_bd315411 1.64 -2.13 17.022     >17.022  99.990         188.00        72.74   0.513        0.199       
2457910.79601  2457910.80060  2017-06-06.2960083  coadd_bd315929 1.64 -2.13 17.679     >17.679  99.990         -59.97        39.71   -0.164       0.108       
2457914.93913  2457914.94361  2017-06-10.4391334  coadd_bd317286 1.49 -2.13 17.379     >17.379  99.990         -57.72        52.35   -0.158       0.143       
2457917.95527  2457917.95966  2017-06-13.4552765  coadd_bd317828 1.47 -2.13 18.021     >18.021  99.990          -9.66        29.00   -0.026       0.079       
2457923.93080  2457923.93496  2017-06-19.4308  coadd_bd318607 1.66 -2.13 17.389     >17.389  99.990         -22.99        51.89   -0.063       0.142       
2457924.83079  2457924.83491  2017-06-20.3307891  coadd_bd318750 2.11 -2.13 18.571     >18.571  99.990           9.15        17.47   0.025        0.048       
2457927.91921  2457927.92321  2017-06-23.4192163  coadd_bd319766 1.44 -2.13 18.721     >18.721  99.990         -27.48        15.22   -0.075       0.042       
2457931.77032  2457931.77413  2017-06-27.2703284  coadd_bd320882 1.55 -2.13 18.192     >18.192  99.990          -1.74        24.76   -0.005       0.068       
2457932.83308  2457932.83684  2017-06-28.3330847  coadd_bd321221 1.65 -2.13 18.399     >18.399  99.990          17.07        20.47   0.047        0.056       
2457934.56803  2457934.57170  2017-06-30.0680351  coadd_bh190703 1.37 -2.35 18.661     >18.661  99.990         -48.86        13.12   -0.163       0.044       
2457937.63400  2457937.63750  2017-07-03.1340063  coadd_bh192087 1.88 -2.35 18.217     >18.217  99.990         -42.28        19.74   -0.141       0.066       
2457940.81672  2457940.82003  2017-07-06.3167196  coadd_bd323100 1.58 -2.13 18.027     >18.027  99.990          46.68        28.82   0.127        0.079       
2457943.88874  2457943.89187  2017-07-09.3887420  coadd_bd324157 1.55 -2.13 17.047     >17.047  99.990         -18.71        71.10   -0.051       0.194       
2457944.89570  2457944.89877  2017-07-10.3957135  coadd_bd324480 1.43 -2.13 17.845     >17.845  99.990          35.87        34.08   0.098        0.093       
2457945.77643  2457945.77944  2017-07-11.2764349  coadd_bd324731 1.47 -2.13 18.531     >18.531  99.990           4.80        18.13   0.013        0.049       
2457946.68997  2457946.69293  2017-07-12.1899743  coadd_bh195320 1.48 -2.35 17.711     >17.711  99.990         -24.83        31.46   -0.083       0.105       
2457948.86213  2457948.86495  2017-07-14.3621347  coadd_bd325401 1.43 -2.13 18.497      18.071  0.246           83.05        18.70   0.227        0.051       
2457949.50331  2457949.50608  2017-07-15.0033152  coadd_bh196456 1.54 -2.35 17.330     >17.330  99.990         -22.70        44.69   -0.076       0.150       
2457953.87243  2457953.87491  2017-07-19.3724328  coadd_bd326393 1.44 -2.13 18.556     >18.556  99.990         -31.51        17.72   -0.086       0.048       
2457959.85517  2457959.85722  2017-07-25.3551766  coadd_bd327213 1.44 -2.13 18.511     >18.511  99.990         -28.33        18.46   -0.077       0.050       
2457961.85045  2457961.85235  2017-07-27.3504533  coadd_bd327874 1.56 -2.13 18.529     >18.529  99.990         -33.63        18.15   -0.092       0.050       
2457967.59826  2457967.59972  2017-08-02.0982576  coadd_bh203421 1.52 -2.35 18.016     >18.016  99.990          45.09        23.77   0.151        0.080       
2457970.61096  2457970.61219  2017-08-05.1109648  coadd_bh204721 1.39 -2.35 17.687     >17.687  99.990         -28.41        32.19   -0.095       0.108       
2457972.76816  2457972.76922  2017-08-07.2681649  coadd_bd330419 1.56 -2.13 17.836     >17.836  99.990         -74.03        34.38   -0.202       0.094       
2457975.80677  2457975.80759  2017-08-10.3067842  coadd_bd331614 1.53 -2.13 18.096     >18.096  99.990          70.57        27.05   0.193        0.074       
2457976.80582  2457976.80656  2017-08-11.3058216  coadd_bd331516 1.51 -2.13 18.577     >18.577  99.990           4.56        17.38   0.012        0.047       
2457979.76105  2457979.76156  2017-08-14.2610608  coadd_bd332744 1.63 -2.13 18.710     >18.710  99.990         -16.63        15.36   -0.045       0.042       
2457982.78606  2457982.78632  2017-08-17.2860659  coadd_bd333827 1.52 -2.13 18.697     >18.697  99.990           6.61        15.55   0.018        0.042       
2457985.77754  2457985.77756  2017-08-20.2775431  coadd_bd334737 1.42 -2.13 18.487     >18.487  99.990         -10.03        18.87   -0.027       0.052       
2457989.74726  2457989.74695  2017-08-24.2472601  coadd_bd335390 1.64 -2.13 18.601     >18.601  99.990          -2.90        16.99   -0.008       0.046       
2457992.74315  2457992.74261  2017-08-27.2431559  coadd_bd336321 1.51 -2.13 18.339     >18.339  99.990          34.63        21.62   0.095        0.059       
2457998.72989  2457998.72886  2017-09-02.2298962  coadd_bd337934 1.97 -2.13 18.032     >18.032  99.990           3.50        28.71   0.010        0.078       
2458001.72609  2458001.72483  2017-09-05.2260971  coadd_bd338693 1.49 -2.13 17.682     >17.682  99.990          53.66        39.60   0.146        0.108       
2458005.50637  2458005.50481  2017-09-09.0063679  coadd_bh213281 1.41 -2.35 18.249     >18.249  99.990         -29.79        19.17   -0.100       0.064       
2458012.50418  2458012.50211  2017-09-16.0041936  coadd_bh215175 2.46 -2.35 18.309     >18.309  99.990         -41.26        18.14   -0.138       0.061       
2458016.48863  2458016.48627  2017-09-19.9886339  coadd_bh216580 1.50 -2.35 18.635     >18.635  99.990           1.32        13.43   0.004        0.045       
2458161.11370  2458161.11331  2018-02-11.6137086  coadd_bd377588 1.81 -2.13 18.574     >18.574  99.990          28.45        17.41   0.078        0.048       
2458182.81113  2458182.81251  2018-03-05.3111303  coadd_bh261006 1.37 -2.35 17.551     >17.551  99.990          59.85        36.45   0.200        0.122       
2458183.80650  2458183.80796  2018-03-06.3065018  coadd_bh261375 1.35 -2.35 17.537     >17.537  99.990          51.25        36.94   0.171        0.124       
2458186.82402  2458186.82572  2018-03-09.3240281  coadd_bh262157 1.38 -2.35 18.047     >18.047  99.990          46.38        23.10   0.155        0.077       
2458187.83909  2458187.84086  2018-03-10.3390900  coadd_bh262548 1.33 -2.35 18.170     >18.170  99.990          53.25        20.61   0.178        0.069       
2458197.96339  2458197.96592  2018-03-20.4633932  coadd_bd382977 1.46 -2.13 18.399     >18.399  99.990          -9.39        20.46   -0.026       0.056       
2458207.93557  2458207.93876  2018-03-30.4355758  coadd_bd383875 1.53 -2.13 18.041     >18.041  99.990           7.90        28.45   0.022        0.078       
2458209.92906  2458209.93236  2018-04-01.4290590  coadd_bd384434 1.48 -2.13 17.368      17.021  0.266          218.43        52.91   0.596        0.144       
2458220.90096  2458220.90486  2018-04-12.4009607  coadd_bd385281 1.45 -2.13 18.224     >18.224  99.990          -5.15        24.04   -0.014       0.066       
2458235.00657  2458235.01103  2018-04-26.5065693  coadd_bd389025 1.53 -2.13 17.945     >17.945  99.990         -78.74        31.09   -0.215       0.085       
2458235.72366  2458235.72814  2018-04-27.2236611  coadd_bh280299 1.37 -2.35 17.183     >17.183  99.990         106.44        51.16   0.356        0.171       
2458241.86372  2458241.86837  2018-05-03.3637280  coadd_bh282791 1.34 -2.35 17.366     >17.366  99.990          -4.05        43.25   -0.014       0.145       
2458244.73866  2458244.74336  2018-05-06.2386662  coadd_bh283611 1.39 -2.35 17.459     >17.459  99.990        -108.27        39.70   -0.362       0.133       
2458251.95317  2458251.95797  2018-05-13.4531733  coadd_bd391436 1.65 -2.13 18.656     >18.656  99.990         -81.32        16.15   -0.222       0.044       
2458252.97153  2458252.97634  2018-05-14.4715331  coadd_bd391804 1.81 -2.13 18.540     >18.540  99.990           1.17        17.97   0.003        0.049       
2458257.94006  2458257.94489  2018-05-19.4400631  coadd_bd392851 1.55 -2.13 18.186     >18.186  99.990          -2.83        24.90   -0.008       0.068       
2458258.83648  2458258.84130  2018-05-20.3364854  coadd_bd393119 1.64 -2.13 19.172     >19.172  99.990          -6.05        10.04   -0.017       0.027       
2458269.99183  2458269.99655  2018-05-31.4918275  coadd_bd395397 1.49 -2.13 17.981     >17.981  99.990          13.50        30.07   0.037        0.082       
2458270.88412  2458270.88883  2018-06-01.3841219  coadd_bd395634 1.48 -2.13 18.036     >18.036  99.990         -79.68        28.59   -0.218       0.078       
2458274.91346  2458274.91809  2018-06-05.4134682  coadd_bd396621 1.73 -2.13 18.077     >18.077  99.990          -1.42        27.54   -0.004       0.075       
2458282.97357  2458282.97796  2018-06-13.4735700  coadd_bd398617 1.52 -2.13 18.384     >18.384  99.990         -40.97        20.76   -0.112       0.057       
2458284.87789  2458284.88221  2018-06-15.3778866  coadd_bd399188 1.49 -2.13 18.671     >18.671  99.990          -4.61        15.93   -0.013       0.043       
2458291.78462  2458291.78868  2018-06-22.2846295  coadd_bd400740 1.52 -2.13 18.284      18.150  0.323           77.22        22.75   0.211        0.062       
2458293.92408  2458293.92803  2018-06-24.4240763  coadd_bd401379 1.53 -2.13 18.008     >18.008  99.990          33.78        29.33   0.092        0.080       
2458297.88167  2458297.88544  2018-06-28.3816767  coadd_bd402447 1.70 -2.13 17.617     >17.617  99.990          35.74        42.05   0.098        0.115       
2458303.92319  2458303.92663  2018-07-04.4231912  coadd_bd403667 1.50 -2.13 18.311     >18.311  99.990         -29.58        22.20   -0.081       0.061       
2458304.70127  2458304.70467  2018-07-05.2012736  coadd_bh287065 1.54 -2.35 17.418     >17.418  99.990          58.43        41.22   0.196        0.138       
2458305.46198  2458305.46533  2018-07-05.9619787  coadd_bh287186 1.53 -2.35 18.136     >18.136  99.990          25.25        21.28   0.084        0.071       
2458309.70384  2458309.70693  2018-07-10.2038392  coadd_bh288547 1.44 -2.35 18.478     >18.478  99.990         -16.97        15.52   -0.057       0.052       
2458311.69662  2458311.69959  2018-07-12.1966175  coadd_bh289428 1.43 -2.35 18.158     >18.158  99.990          -3.66        20.85   -0.012       0.070       
2458312.45239  2458312.45531  2018-07-12.9523939  coadd_bh289683 2.48 -2.35 17.497     >17.497  99.990          45.01        38.32   0.151        0.128       
2458313.89506  2458313.89789  2018-07-14.3950671  coadd_bd406372 1.46 -2.13 18.734     >18.734  99.990          32.07        15.04   0.088        0.041       
2458315.87314  2458315.87584  2018-07-16.3731456  coadd_bd406678 1.46 -2.13 18.515     >18.515  99.990         -52.29        18.39   -0.143       0.050       
2458325.84274  2458325.84473  2018-07-26.3427405  coadd_bd409710 1.78 -2.13 17.748     >17.748  99.990          82.68        37.27   0.226        0.102       
2458327.81953  2458327.82137  2018-07-28.3195277  coadd_bd410416 1.65 -2.13 17.831     >17.831  99.990          -0.53        34.52   -0.001       0.094       
2458329.61700  2458329.61872  2018-07-30.1170082  coadd_bh295709 1.41 -2.35 17.309     >17.309  99.990         130.19        45.55   0.436        0.152       
2458329.80455  2458329.80624  2018-07-30.3045472  coadd_bd410994 1.62 -2.13 17.524     >17.524  99.990         -87.10        45.81   -0.238       0.125       
2458331.63342  2458331.63498  2018-08-01.1334254  coadd_bh296577 1.36 -2.35 17.777     >17.777  99.990          16.21        29.61   0.054        0.099       
2458331.82048  2458331.82203  2018-08-01.3204923  coadd_bd411520 1.63 -2.13 17.013     >17.013  99.990         -30.59        73.39   -0.084       0.200       
2458335.79471  2458335.79595  2018-08-05.2947195  coadd_bd412580 1.79 -2.13 18.586     >18.586  99.990          31.91        17.22   0.087        0.047       
2458336.81396  2458336.81511  2018-08-06.3139578  coadd_bd412950 1.61 -2.13 18.627     >18.627  99.990          -6.15        16.59   -0.017       0.045       
2458338.80515  2458338.80615  2018-08-08.3051478  coadd_bd413615 2.24 -2.13 18.714     >18.714  99.990         -36.15        15.31   -0.099       0.042       
2458342.79837  2458342.79905  2018-08-12.2983726  coadd_bd414348 1.44 -2.13 18.272     >18.272  99.990          15.68        23.00   0.043        0.063       
2458343.81578  2458343.81638  2018-08-13.3157825  coadd_bd414662 1.55 -2.13 18.697     >18.697  99.990          27.27        15.55   0.074        0.042       
2458351.57512  2458351.57509  2018-08-21.0751243  coadd_bh303848 1.44 -2.35 17.626     >17.626  99.990           1.18        34.03   0.004        0.114       
2458361.77025  2458361.76940  2018-08-31.2702505  coadd_bd417982 1.55 -2.13 18.512     >18.512  99.990         -43.95        18.44   -0.120       0.050       
2458364.53636  2458364.53529  2018-09-03.0363630  coadd_bh308403 1.56 -2.35 18.461     >18.461  99.990         -12.67        15.77   -0.042       0.053       
2458365.54023  2458365.53908  2018-09-04.0402349  coadd_bh308803 2.40 -2.35 18.325     >18.325  99.990         -14.20        17.87   -0.048       0.060       
2458368.52596  2458368.52457  2018-09-07.0259560  coadd_bh309977 1.37 -2.35 18.302     >18.302  99.990          27.49        18.26   0.092        0.061       
2458384.48172  2458384.47917  2018-09-22.9817214  coadd_bh315769 1.50 -2.35 17.297     >17.297  99.990          69.39        46.09   0.232        0.154       
