###  JD        HJD            UT_date             IMAGE          FWHM  Diff Limit      mag   mag_err       counts     count_err  flux (mJy)    flux_err
2458033.97852  2458033.97647  2017-10-07.4785329  coadd_bs002918 2.46 -1.55 17.949     >17.949  99.990          63.21        52.75   0.096        0.080       
2458051.96699  2458051.96646  2017-10-25.4669949  coadd_bs006086 1.47 -1.55 19.312      18.931  0.257           64.01        15.03   0.097        0.023       
2458054.96144  2458054.96116  2017-10-28.4614461  coadd_bs009128 1.67 -1.55 18.943      18.812  0.324           71.44        21.12   0.108        0.032       
2458055.95359  2458055.95340  2017-10-29.4535973  coadd_bs009580 1.45 -1.55 19.146      18.585  0.218           88.06        17.52   0.134        0.027       
2458056.94579  2458056.94569  2017-10-30.4457939  coadd_bs010032 1.56 -1.55 19.049      18.862  0.307           68.24        19.14   0.104        0.029       
2458060.91275  2458060.91300  2017-11-03.4127627  coadd_bs011533 1.53 -1.55 17.974     >17.974  99.990         100.32        51.55   0.152        0.078       
2458061.91915  2458061.91949  2017-11-04.4191630  coadd_bs011962 1.56 -1.55 17.662     >17.662  99.990         -91.04        68.68   -0.138       0.104       
2458062.91562  2458062.91604  2017-11-05.4156255  coadd_bs012189 1.50 -1.55 17.764     >17.764  99.990         -41.80        62.51   -0.063       0.095       
2458063.88921  2458063.88972  2017-11-06.3892166  coadd_bs012588 1.55 -1.55 17.812     >17.812  99.990          55.94        59.81   0.085        0.091       
2458064.91458  2458064.91518  2017-11-07.4145910  coadd_bs012902 1.59 -1.55 16.830     >16.830  99.990          89.12       147.80   0.135        0.224       
2458071.92420  2458071.92540  2017-11-14.4242046  coadd_bs015148 1.56 -1.55 18.924      18.685  0.293           80.29        21.48   0.122        0.033       
2458072.95748  2458072.95876  2017-11-15.4574773  coadd_bs015631 1.52 -1.55 18.814     >18.814  99.990         -21.61        23.78   -0.033       0.036       
2458074.94130  2458074.94276  2017-11-17.4413069  coadd_bs016087 1.51 -1.55 18.955      18.772  0.308           74.15        20.88   0.113        0.032       
2458075.94525  2458075.94678  2017-11-18.4452468  coadd_bs016562 1.59 -1.55 19.206     >19.206  99.990          28.51        16.56   0.043        0.025       
2458076.94495  2458076.94657  2017-11-19.4449591  coadd_bs017002 1.51 -1.55 18.843     >18.843  99.990          21.63        23.14   0.033        0.035       
2458077.93737  2458077.93907  2017-11-20.4373709  coadd_bs017452 1.99 -1.55 19.179      18.628  0.219           84.62        16.98   0.128        0.026       
2458079.93324  2458079.93511  2017-11-22.4332454  coadd_bs018025 1.49 -1.55 19.231     >19.231  99.990          23.22        16.18   0.035        0.025       
2458080.90616  2458080.90810  2017-11-23.4061646  coadd_bs018481 1.64 -1.55 19.098     >19.098  99.990          10.41        18.31   0.016        0.028       
2458081.89846  2458081.90048  2017-11-24.3984613  coadd_bs018950 1.52 -1.55 19.186      18.843  0.266           69.47        16.88   0.105        0.026       
2458082.89165  2458082.89375  2017-11-25.3916555  coadd_bs019281 1.54 -1.55 19.237     >19.237  99.990          43.11        16.10   0.065        0.024       
2458084.87427  2458084.87653  2017-11-27.3742719  coadd_bs020200 1.50 -1.55 19.127     >19.127  99.990          38.66        17.82   0.059        0.027       
2458085.87294  2458085.87528  2017-11-28.3729447  coadd_bs020673 1.67 -1.55 19.231     >19.231  99.990           8.23        16.20   0.012        0.025       
2458112.84319  2458112.84728  2017-12-25.3431916  coadd_bs028781 1.45 -1.55 18.682     >18.682  99.990          43.81        26.84   0.067        0.041       
2458113.85096  2458113.85510  2017-12-26.3509673  coadd_bs029270 1.46 -1.55 18.865     >18.865  99.990          44.92        22.68   0.068        0.034       
2458115.91938  2458115.92361  2017-12-28.4193781  coadd_bs030131 1.65 -1.55 19.116      18.887  0.296           66.67        17.99   0.101        0.027       
2458121.74070  2458121.74518  2018-01-03.2407042  coadd_bs032295 1.48 -1.55 17.465      17.438  0.357          253.24        82.36   0.384        0.125       
2458123.78717  2458123.79172  2018-01-05.2871709  coadd_bs032783 1.73 -1.55 18.122     >18.122  99.990        -242.29        44.96   -0.368       0.068       
2458124.74253  2458124.74712  2018-01-06.2425320  coadd_bs033227 1.43 -1.55 18.453     >18.453  99.990          33.99        33.15   0.052        0.050       
2458130.80109  2458130.80585  2018-01-12.3010900  coadd_bs035674 1.52 -1.55 18.982     >18.982  99.990         -53.37        20.36   -0.081       0.031       
2458132.79912  2458132.80393  2018-01-14.2991285  coadd_bs036135 1.46 -1.55 19.118     >19.118  99.990          -5.43        17.97   -0.008       0.027       
2458133.79218  2458133.79701  2018-01-15.2921785  coadd_bs036605 1.41 -1.55 19.003     >19.003  99.990         -86.36        19.98   -0.131       0.030       
2458138.81087  2458138.81579  2018-01-20.3108752  coadd_bs037753 1.43 -1.55 18.989     >18.989  99.990         -65.68        20.23   -0.100       0.031       
2458139.81904  2458139.82397  2018-01-21.3190539  coadd_bs038230 1.43 -1.55 19.102      18.777  0.271           73.79        18.24   0.112        0.028       
2458141.78109  2458141.78604  2018-01-23.2810988  coadd_bs038801 1.94 -1.55 19.299     >19.299  99.990          35.76        15.21   0.054        0.023       
2458142.83898  2458142.84394  2018-01-24.3389829  coadd_bs039316 1.44 -1.55 19.054     >19.054  99.990         -41.38        19.05   -0.063       0.029       
2458148.67177  2458148.67674  2018-01-30.1717668  coadd_bs041992 2.02 -1.55 17.440     >17.440  99.990        -102.31        84.30   -0.155       0.128       
2458151.92656  2458151.93152  2018-02-02.4265716  coadd_bs042761 1.93 -1.55 17.718     >17.718  99.990           3.61        65.23   0.005        0.099       
2458155.73320  2458155.73811  2018-02-06.2331997  coadd_bs043991 1.45 -1.55 19.251     >19.251  99.990          43.73        15.90   0.066        0.024       
2458156.72972  2458156.73463  2018-02-07.2297282  coadd_bs044428 1.45 -1.55 18.685      18.446  0.293          100.06        26.78   0.152        0.041       
2458157.71964  2458157.72453  2018-02-08.2196423  coadd_bs044687 2.31 -1.55 19.077     >19.077  99.990          29.03        18.66   0.044        0.028       
2458158.72797  2458158.73284  2018-02-09.2279715  coadd_bs045150 1.45 -1.55 19.044     >19.044  99.990          16.19        19.23   0.025        0.029       
2458159.71380  2458159.71865  2018-02-10.2137974  coadd_bs045598 1.54 -1.55 19.154     >19.154  99.990          15.63        17.39   0.024        0.026       
2458160.71852  2458160.72335  2018-02-11.2185186  coadd_bs046059 1.53 -1.55 19.088     >19.088  99.990         -30.83        18.47   -0.047       0.028       
2458162.70816  2458162.71295  2018-02-13.2081733  coadd_bs046766 1.54 -1.55 18.937     >18.937  99.990         -24.55        21.22   -0.037       0.032       
2458164.72050  2458164.72524  2018-02-15.2204995  coadd_bs047390 2.06 -1.55 19.357     >19.357  99.990         -12.31        14.42   -0.019       0.022       
2458165.71563  2458165.72035  2018-02-16.2156354  coadd_bs047760 1.56 -1.55 18.967      18.964  0.364           62.14        20.65   0.094        0.031       
2458171.75466  2458171.75918  2018-02-22.2546641  coadd_bs049314 1.45 -1.55 19.138     >19.138  99.990          -5.32        17.63   -0.008       0.027       
2458175.81842  2458175.82278  2018-02-26.3184244  coadd_bs051046 1.57 -1.55 17.956     >17.956  99.990         -60.14        52.41   -0.091       0.080       
2458183.71797  2458183.72196  2018-03-06.2179795  coadd_bs053516 1.70 -1.55 18.728     >18.728  99.990         -57.10        25.74   -0.087       0.039       
2458186.63503  2458186.63887  2018-03-09.1350370  coadd_bs054313 1.56 -1.55 18.181     >18.181  99.990          85.05        42.57   0.129        0.065       
2458187.60978  2458187.61356  2018-03-10.1097890  coadd_bs054665 1.44 -1.55 18.858     >18.858  99.990         -27.07        22.84   -0.041       0.035       
2458193.67414  2458193.67756  2018-03-16.1741443  coadd_bs055838 1.50 -1.55 18.854     >18.854  99.990         -59.72        22.91   -0.091       0.035       
2458198.64406  2458198.64715  2018-03-21.1440613  coadd_bs057175 1.49 -1.55 19.182     >19.182  99.990         -68.04        16.93   -0.103       0.026       
2458199.75639  2458199.75940  2018-03-22.2563885  coadd_bs057659 1.50 -1.55 19.056     >19.056  99.990         -39.25        19.02   -0.060       0.029       
2458207.67379  2458207.67623  2018-03-30.1737875  coadd_bs059375 1.42 -1.55 17.973     >17.973  99.990         -75.05        51.59   -0.114       0.078       
2458211.67261  2458211.67474  2018-04-03.1726196  coadd_bs060730 1.45 -1.55 18.541     >18.541  99.990          30.69        30.57   0.047        0.046       
2458215.69562  2458215.69744  2018-04-07.1956269  coadd_bs061735 1.45 -1.55 18.988     >18.988  99.990         -96.40        20.25   -0.146       0.031       
2458216.67891  2458216.68064  2018-04-08.1789075  coadd_bs062043 1.56 -1.55 19.054     >19.054  99.990         -61.06        19.07   -0.093       0.029       
2458236.71594  2458236.71599  2018-04-28.2159489  coadd_bs067111 1.52 -1.55 17.412     >17.412  99.990        -305.39        86.44   -0.464       0.131       
2458243.61863  2458243.61808  2018-05-05.1186295  coadd_bs068653 1.98 -1.55 18.799     >18.799  99.990          -1.24        24.11   -0.002       0.037       
2458245.72463  2458245.72390  2018-05-07.2246339  coadd_bs069448 1.46 -1.55 18.892     >18.892  99.990           6.93        22.13   0.011        0.034       
2458249.66350  2458249.66244  2018-05-11.1635041  coadd_bs070720 1.51 -1.55 18.968     >18.968  99.990           3.63        20.64   0.006        0.031       
2458254.62327  2458254.62179  2018-05-16.1232740  coadd_bs072087 1.50 -1.55 18.960     >18.960  99.990         -20.90        20.78   -0.032       0.032       
2458255.62923  2458255.62767  2018-05-17.1292416  coadd_bs072432 1.44 -1.55 18.616      18.597  0.359           87.12        28.54   0.132        0.043       
2458257.63779  2458257.63607  2018-05-19.1377986  coadd_bs072891 1.45 -1.55 18.422     >18.422  99.990          19.54        34.10   0.030        0.052       
2458263.67994  2458263.67773  2018-05-25.1799445  coadd_bs074127 1.77 -1.55 17.584     >17.584  99.990          15.68        73.81   0.024        0.112       
2458264.65229  2458264.65001  2018-05-26.1522972  coadd_bs074445 1.68 -1.55 17.930     >17.930  99.990         -75.49        53.67   -0.115       0.081       
2458265.68190  2458265.67953  2018-05-27.1818956  coadd_bs074800 1.72 -1.55 17.006      16.804  0.304          453.94       125.73   0.689        0.191       
2458267.67258  2458267.67007  2018-05-29.1725847  coadd_bs075407 1.62 -1.55 17.554     >17.554  99.990        -143.38        75.84   -0.218       0.115       
2458268.64679  2458268.64420  2018-05-30.1467909  coadd_bs075727 1.79 -1.55 17.757     >17.757  99.990          74.62        62.95   0.113        0.096       
2458275.64625  2458275.64316  2018-06-06.1462472  coadd_bs077445 1.55 -1.55 18.139     >18.139  99.990        -169.29        44.26   -0.257       0.067       
2458281.62601  2458281.62253  2018-06-12.1260142  coadd_bs078216 1.68 -1.55 17.367      17.309  0.347          285.12        90.13   0.433        0.137       
2458282.62636  2458282.62281  2018-06-13.1263556  coadd_bs078545 1.55 -1.55 17.243     >17.243  99.990         271.16       100.99   0.412        0.153       
2458395.98917  2458395.98686  2018-10-04.4891771  coadd_bs102141 1.58 -1.55 18.302      17.865  0.244          170.89        38.11   0.259        0.058       
2458396.98946  2458396.98723  2018-10-05.4894622  coadd_bs102533 1.77 -1.55 18.660     >18.660  99.990          17.93        27.38   0.027        0.042       
2458398.99019  2458398.98812  2018-10-07.4901984  coadd_bs102723 1.61 -1.55 18.826     >18.826  99.990          45.45        23.52   0.069        0.036       
2458399.99062  2458399.98863  2018-10-08.4906185  coadd_bs102925 1.80 -1.55 18.624     >18.624  99.990          -2.17        28.31   -0.003       0.043       
2458417.95880  2458417.95833  2018-10-26.4587984  coadd_bs105606 2.01 -1.55 17.784     >17.784  99.990          38.42        61.40   0.058        0.093       
2458427.90424  2458427.90464  2018-11-05.4042508  coadd_bs109088 1.76 -1.55 18.542     >18.542  99.990        -102.63        30.55   -0.156       0.046       
2458438.98657  2458438.98792  2018-11-16.4865716  coadd_bs112214 1.45 -1.55 19.053     >19.053  99.990          14.78        19.08   0.022        0.029       
2458448.98531  2458448.98748  2018-11-26.4853236  coadd_bs115684 1.43 -1.55 18.020     >18.020  99.990        -106.59        49.39   -0.162       0.075       
2458452.93602  2458452.93849  2018-11-30.4360275  coadd_bs117285 1.55 -1.55 18.686     >18.686  99.990        -117.76        26.74   -0.179       0.041       
2458454.97383  2458454.97645  2018-12-02.4738373  coadd_bs117932 1.46 -1.55 19.029     >19.029  99.990         -25.05        19.50   -0.038       0.030       
2458455.89611  2458455.89880  2018-12-03.3961134  coadd_bs118331 1.41 -1.55 18.273     >18.273  99.990         -49.07        39.14   -0.074       0.059       
2458462.90628  2458462.90946  2018-12-10.4062780  coadd_bs119499 1.45 -1.55 18.974      18.935  0.352           63.79        20.51   0.097        0.031       
2458468.93602  2458468.93959  2018-12-16.4360190  coadd_bC005139 2.29 -1.61 18.448     >18.448  99.990           4.62        31.47   0.007        0.051       
2458469.92044  2458469.92407  2018-12-17.4204454  coadd_bC005577 1.47 -1.61 18.543     >18.543  99.990          50.18        28.81   0.081        0.046       
2458472.91287  2458472.91668  2018-12-20.4128677  coadd_bC006535 1.56 -1.61 18.421     >18.421  99.990         -54.08        32.26   -0.087       0.052       
2458473.96334  2458473.96721  2018-12-21.4633395  coadd_bC007026 1.58 -1.61 17.860      17.571  0.280          211.61        54.09   0.340        0.087       
2458474.91233  2458474.91625  2018-12-22.4123309  coadd_bs121410 1.48 -1.55 16.250     >16.250  99.990         -38.31       252.13   -0.058       0.383       
2458475.98129  2458475.98526  2018-12-23.4812871  coadd_bs121920 1.51 -1.55 17.579     >17.579  99.990          54.90        74.12   0.083        0.113       
2458484.14552  2458484.14989  2018-12-31.6455288  coadd_bC009257 2.23 -1.61 18.466     >18.466  99.990          75.13        30.93   0.121        0.050       
2458485.10442  2458485.10882  2019-01-01.6044185  coadd_bC009604 2.04 -1.61 18.701     >18.701  99.990          27.97        24.93   0.045        0.040       
2458488.96226  2458488.96681  2019-01-05.4622613  coadd_bC010626 1.70 -1.61 18.759     >18.759  99.990          39.82        23.62   0.064        0.038       
2458489.96713  2458489.97171  2019-01-06.4671255  coadd_bC011092 1.56 -1.61 18.666     >18.666  99.990          62.22        25.73   0.100        0.041       
2458490.95546  2458490.96008  2019-01-07.4554614  coadd_bC011495 1.71 -1.61 18.950     >18.950  99.990           1.26        19.81   0.002        0.032       
2458494.04124  2458494.04595  2019-01-10.5412513  coadd_bC012669 1.51 -1.61 18.818      18.417  0.252           97.12        22.37   0.156        0.036       
2458495.84151  2458495.84627  2019-01-12.3415134  coadd_bs126941 1.43 -1.55 19.018     >19.018  99.990          28.39        19.69   0.043        0.030       
2458496.85326  2458496.85805  2019-01-13.3532692  coadd_bC013875 1.43 -1.61 18.872     >18.872  99.990          21.04        21.28   0.034        0.034       
2458498.83457  2458498.83940  2019-01-15.3345673  coadd_bC014723 1.43 -1.61 18.713     >18.713  99.990          17.04        24.64   0.027        0.040       
2458500.83129  2458500.83616  2019-01-17.3312945  coadd_bC015548 1.56 -1.61 17.800     >17.800  99.990        -134.35        57.13   -0.216       0.092       
2458501.92849  2458501.93337  2019-01-18.4284892  coadd_bC016035 1.43 -1.61 17.951     >17.951  99.990        -116.87        49.74   -0.188       0.080       
2458503.97557  2458503.98048  2019-01-20.4755711  coadd_bC016370 1.55 -1.61 17.543     >17.543  99.990         127.49        72.40   0.205        0.116       
2458507.96280  2458507.96776  2019-01-24.4628128  coadd_bs130793 1.54 -1.55 17.761     >17.761  99.990         157.00        62.71   0.238        0.095       
2458509.03344  2458509.03840  2019-01-25.5334446  coadd_bC018570 1.42 -1.61 17.645     >17.645  99.990        -237.88        65.88   -0.382       0.106       
2458509.73552  2458509.74049  2019-01-26.2355251  coadd_bs131519 1.50 -1.55 18.577     >18.577  99.990           1.00        29.58   0.002        0.045       
2458510.91599  2458510.92096  2019-01-27.4160020  coadd_bs132116 1.44 -1.55 18.705     >18.705  99.990          30.53        26.29   0.046        0.040       
2458519.80025  2458519.80519  2019-02-05.3002587  coadd_bC019709 1.39 -1.61 18.699      18.677  0.358           76.39        24.96   0.123        0.040       
2458521.92559  2458521.93049  2019-02-07.4255950  coadd_bs133969 1.52 -1.55 19.039     >19.039  99.990          13.26        19.32   0.020        0.029       
2458522.89665  2458522.90154  2019-02-08.3966596  coadd_bs134356 1.45 -1.55 18.494     >18.494  99.990           2.77        31.92   0.004        0.048       
2458539.85389  2458539.85830  2019-02-25.3538884  coadd_bs138285 1.46 -1.55 17.382     >17.382  99.990         -14.21        88.92   -0.022       0.135       
2458568.90191  2458568.90464  2019-03-26.4019062  coadd_bC020372 1.50 -1.61 18.689     >18.689  99.990         -47.15        25.19   -0.076       0.040       
2458570.90123  2458570.90382  2019-03-28.4012385  coadd_bC021018 1.40 -1.61 18.614     >18.614  99.990          32.25        26.99   0.052        0.043       
2458572.78576  2458572.78821  2019-03-30.2857582  coadd_bC021754 1.41 -1.61 18.784     >18.784  99.990          43.19        23.09   0.069        0.037       
2458576.86117  2458576.86331  2019-04-03.3611696  coadd_bC022635 1.39 -1.61 18.799     >18.799  99.990         -10.40        22.77   -0.017       0.037       
2458578.60904  2458578.61104  2019-04-05.1090527  coadd_bs148695 2.12 -1.55 18.810     >18.810  99.990           1.28        23.86   0.002        0.036       
2458579.79240  2458579.79431  2019-04-06.2924040  coadd_bC023795 1.45 -1.61 18.679     >18.679  99.990         -19.51        25.43   -0.031       0.041       
2458583.75053  2458583.75212  2019-04-10.2505348  coadd_bC025370 1.57 -1.61 18.766     >18.766  99.990         -11.17        23.47   -0.018       0.038       
2458585.63311  2458585.63454  2019-04-12.1331142  coadd_bs150762 1.47 -1.55 18.510     >18.510  99.990          64.41        31.47   0.098        0.048       
2458588.83943  2458588.84060  2019-04-15.3394292  coadd_bC026134 1.63 -1.61 17.761     >17.761  99.990          69.83        59.20   0.112        0.095       
2458590.69586  2458590.69687  2019-04-17.1958688  coadd_bs152200 1.49 -1.55 17.224     >17.224  99.990        -104.24       102.77   -0.158       0.156       
2458591.74407  2458591.74499  2019-04-18.2440770  coadd_bs152514 1.77 -1.55 17.438     >17.438  99.990         166.46        84.43   0.253        0.128       
2458592.75397  2458592.75481  2019-04-19.2539759  coadd_bs152872 1.54 -1.55 17.642     >17.642  99.990         124.36        69.93   0.189        0.106       
2458594.81771  2458594.81837  2019-04-21.3177136  coadd_bC028417 1.50 -1.61 17.784     >17.784  99.990         -54.96        58.00   -0.088       0.093       
2458596.80079  2458596.80128  2019-04-23.3007964  coadd_bC029185 1.45 -1.61 18.865      18.846  0.359           65.38        21.42   0.105        0.034       
2458598.82987  2458598.83019  2019-04-25.3298736  coadd_bC029989 1.47 -1.61 18.570     >18.570  99.990         -85.79        28.12   -0.138       0.045       
2458604.76462  2458604.76442  2019-05-01.2646175  coadd_bC031207 1.83 -1.61 18.575     >18.575  99.990          69.58        27.98   0.112        0.045       
2458609.75470  2458609.75407  2019-05-06.2546980  coadd_bC032220 1.76 -1.61 18.660     >18.660  99.990         -22.09        25.88   -0.035       0.042       
2458612.75154  2458612.75066  2019-05-09.2515445  coadd_bC033371 1.64 -1.61 18.662     >18.662  99.990         -67.49        25.83   -0.108       0.042       
2458615.78007  2458615.77893  2019-05-12.2800703  coadd_bC034554 1.33 -1.61 18.385     >18.385  99.990         -57.27        33.33   -0.092       0.054       
2458618.62089  2458618.61951  2019-05-15.1208896  coadd_bs158928 1.57 -1.55 18.158     >18.158  99.990        -125.72        43.48   -0.191       0.066       
2458619.65158  2458619.65012  2019-05-16.1515850  coadd_bs161001 1.43 -1.55 17.739     >17.739  99.990        -287.37        63.99   -0.436       0.097       
2458620.76615  2458620.76460  2019-05-17.2661583  coadd_bC035813 1.50 -1.61 17.836     >17.836  99.990          48.18        55.28   0.077        0.089       
2458621.69743  2458621.69580  2019-05-18.1974336  coadd_bs159675 1.55 -1.55 17.116     >17.116  99.990        -256.66       113.52   -0.390       0.172       
2458622.70253  2458622.70082  2019-05-19.2025299  coadd_bs160017 1.45 -1.55 17.064     >17.064  99.990         -18.09       119.12   -0.027       0.181       
2458625.75236  2458625.75041  2019-05-22.2523628  coadd_bC037603 1.53 -1.61 18.539      18.517  0.358           88.52        28.92   0.142        0.046       
2458626.69229  2458626.69026  2019-05-23.1922974  coadd_bs160967 1.49 -1.55 18.139     >18.139  99.990          16.53        44.28   0.025        0.067       
2458628.74566  2458628.74347  2019-05-25.2456649  coadd_bC038978 1.81 -1.61 17.932     >17.932  99.990         -34.71        50.58   -0.056       0.081       
2458629.74211  2458629.73985  2019-05-26.2421159  coadd_bC039348 1.60 -1.61 17.860     >17.860  99.990        -175.53        54.05   -0.282       0.087       
2458631.65065  2458631.64824  2019-05-28.1506523  coadd_bs162100 1.50 -1.55 18.790     >18.790  99.990          24.42        24.30   0.037        0.037       
2458640.65452  2458640.65145  2019-06-06.1545267  coadd_bs163455 1.46 -1.55 18.061     >18.061  99.990         103.97        47.58   0.158        0.072       
2458643.64436  2458643.64109  2019-06-09.1443675  coadd_bs164204 1.43 -1.55 17.659     >17.659  99.990        -164.27        68.89   -0.249       0.105       
2458646.63831  2458646.63484  2019-06-12.1383059  coadd_bs164745 1.71 -1.55 17.392     >17.392  99.990        -235.66        88.07   -0.358       0.134       
2458647.63266  2458647.62914  2019-06-13.1326741  coadd_bs165066 1.52 -1.55 17.620     >17.620  99.990         -72.03        71.37   -0.109       0.108       
2458755.99497  2458755.99227  2019-09-29.4949732  coadd_bs188616 1.47 -1.55 17.344     >17.344  99.990         -19.15        92.07   -0.029       0.140       
2458758.14605  2458758.14350  2019-10-01.6460462  coadd_bC075990 1.53 -1.61 16.945     >16.945  99.990        -181.88       125.62   -0.292       0.202       
2458763.13258  2458763.13042  2019-10-06.6325822  coadd_bC077016 1.41 -1.61 18.517     >18.517  99.990         -55.45        29.51   -0.089       0.047       
2458764.13578  2458764.13370  2019-10-07.6357907  coadd_bC077316 1.44 -1.61 18.562     >18.562  99.990         -65.73        28.33   -0.106       0.046       
2458765.13121  2458765.12921  2019-10-08.6312119  coadd_bC077727 1.49 -1.61 18.591     >18.591  99.990          -1.95        27.57   -0.003       0.044       
2458766.12326  2458766.12134  2019-10-09.6232657  coadd_bC078135 1.42 -1.61 18.790     >18.790  99.990           0.69        22.96   0.001        0.037       
2458783.95218  2458783.95177  2019-10-27.4521821  coadd_bs196885 1.49 -1.55 18.996     >18.996  99.990         -11.19        20.10   -0.017       0.031       
2458784.96649  2458784.96617  2019-10-28.4664996  coadd_bs197312 1.52 -1.55 19.042     >19.042  99.990         -45.84        19.27   -0.070       0.029       
2458785.96232  2458785.96209  2019-10-29.4623280  coadd_bs197749 1.45 -1.55 18.919     >18.919  99.990         -34.54        21.57   -0.052       0.033       
2458791.03762  2458791.03783  2019-11-03.5376189  coadd_bC084923 1.40 -1.61 18.600     >18.600  99.990         -46.87        27.34   -0.075       0.044       
2458791.89716  2458791.89744  2019-11-04.3971605  coadd_bs200045 1.45 -1.55 19.103     >19.103  99.990          19.04        18.22   0.029        0.028       
2458793.10723  2458793.10762  2019-11-05.6072368  coadd_bC085789 1.36 -1.61 18.756     >18.756  99.990          40.15        23.70   0.065        0.038       
2458797.07613  2458797.07687  2019-11-09.5761322  coadd_bC087057 1.41 -1.61 18.343     >18.343  99.990         -91.53        34.64   -0.147       0.056       
2458801.12101  2458801.12210  2019-11-13.6210148  coadd_bC088652 1.40 -1.61 17.609     >17.609  99.990         123.37        68.13   0.198        0.109       
2458801.95492  2458801.95608  2019-11-14.4549222  coadd_bs202807 1.42 -1.55 17.952     >17.952  99.990        -168.74        52.58   -0.256       0.080       
2458808.99838  2458809.00012  2019-11-21.4983896  coadd_bs205578 1.48 -1.55 18.844     >18.844  99.990          40.21        23.12   0.061        0.035       
2458812.11556  2458812.11756  2019-11-24.6155601  coadd_bC091334 1.43 -1.61 18.887     >18.887  99.990         -33.24        21.00   -0.053       0.034       
2458812.86925  2458812.87130  2019-11-25.3692502  coadd_bs207021 1.55 -1.55 19.386     >19.386  99.990           1.61        14.04   0.002        0.021       
2458813.92568  2458813.92782  2019-11-26.4256858  coadd_bs207325 1.48 -1.55 18.227     >18.227  99.990         -46.44        40.80   -0.070       0.062       
2458815.03674  2458815.03897  2019-11-27.5367516  coadd_bC092463 1.50 -1.61 17.584     >17.584  99.990        -225.70        69.70   -0.363       0.112       
2458820.96823  2458820.97091  2019-12-03.4682383  coadd_bC094002 1.40 -1.61 18.695     >18.695  99.990          41.36        25.05   0.066        0.040       
2458821.96444  2458821.96719  2019-12-04.4644369  coadd_bC094410 1.42 -1.61 18.651      18.595  0.347           82.43        26.09   0.132        0.042       
2458827.00178  2458827.00489  2019-12-09.5017796  coadd_bC095884 1.45 -1.61 17.500      17.226  0.284          290.90        75.35   0.467        0.121       
2458841.95140  2458841.95541  2019-12-24.4514016  coadd_bC099899 1.48 -1.61 18.669     >18.669  99.990         -10.24        25.65   -0.016       0.041       
2458842.95596  2458842.96002  2019-12-25.4559633  coadd_bs217599 1.47 -1.55 19.018     >19.018  99.990         -19.78        19.69   -0.030       0.030       
2458845.02020  2458845.02437  2019-12-27.5202034  coadd_bC100260 1.42 -1.61 18.653     >18.653  99.990         -54.64        26.05   -0.088       0.042       
2458853.82607  2458853.83060  2020-01-05.3260692  coadd_bs221318 1.49 -1.55 18.848     >18.848  99.990         -20.81        23.04   -0.032       0.035       
2458854.88676  2458854.89133  2020-01-06.3867636  coadd_bs221823 1.46 -1.55 18.721     >18.721  99.990          -2.87        25.89   -0.004       0.039       
2458855.83790  2458855.84250  2020-01-07.3379107  coadd_bs222239 1.48 -1.55 19.051     >19.051  99.990         -11.52        19.12   -0.017       0.029       
2458856.84770  2458856.85233  2020-01-08.3477  coadd_bs222701 1.52 -1.55 18.145     >18.145  99.990         -19.47        44.04   -0.030       0.067       
2458858.79412  2458858.79882  2020-01-10.2941333  coadd_bs223442 1.50 -1.55 17.321     >17.321  99.990        -228.24        94.00   -0.346       0.143       
2458865.10357  2458865.10841  2020-01-16.6035700  coadd_bC103706 1.49 -1.61 17.427     >17.427  99.990        -168.30        80.54   -0.270       0.129       
2458867.09731  2458867.10219  2020-01-18.5973123  coadd_bC104158 2.00 -1.61 18.168     >18.168  99.990         -88.60        40.69   -0.142       0.065       
2458868.08406  2458868.08896  2020-01-19.5840667  coadd_bC104599 1.38 -1.61 18.597     >18.597  99.990         -35.09        27.43   -0.056       0.044       
2458869.05107  2458869.05598  2020-01-20.5510768  coadd_bC105021 1.40 -1.61 18.789     >18.789  99.990         -21.87        22.99   -0.035       0.037       
2458870.01699  2458870.02191  2020-01-21.5169957  coadd_bC105445 1.40 -1.61 18.719     >18.719  99.990         -18.26        24.50   -0.029       0.039       
2458870.98475  2458870.98968  2020-01-22.4847454  coadd_bC105825 1.48 -1.61 18.676     >18.676  99.990          35.38        25.51   0.057        0.041       
2458871.97190  2458871.97685  2020-01-23.4719109  coadd_bC106267 1.41 -1.61 18.706     >18.706  99.990         -52.06        24.81   -0.084       0.040       
2458872.97428  2458872.97924  2020-01-24.4742861  coadd_bC106719 1.56 -1.61 18.749     >18.749  99.990          21.06        23.85   0.034        0.038       
2458873.97097  2458873.97593  2020-01-25.4709725  coadd_bC107161 1.43 -1.61 18.748     >18.748  99.990          49.85        23.86   0.080        0.038       
2458874.95954  2458874.96451  2020-01-26.4595459  coadd_bC107602 1.38 -1.61 18.794     >18.794  99.990          12.08        22.88   0.019        0.037       
2458875.99862  2458876.00359  2020-01-27.4986184  coadd_bC108082 1.39 -1.61 18.607     >18.607  99.990          77.21        27.17   0.124        0.044       
2458876.95227  2458876.95724  2020-01-28.4522680  coadd_bC108496 1.40 -1.61 18.604     >18.604  99.990          44.59        27.24   0.072        0.044       
2458877.94927  2458877.95424  2020-01-29.4492726  coadd_bC108923 1.82 -1.61 18.754     >18.754  99.990         -41.40        23.74   -0.067       0.038       
2458879.84487  2458879.84984  2020-01-31.3448775  coadd_bC109759 1.42 -1.61 18.187     >18.187  99.990        -109.38        40.01   -0.176       0.064       
2458882.80558  2458882.81053  2020-02-03.3055744  coadd_bC110449 1.47 -1.61 18.191     >18.191  99.990          28.46        39.87   0.046        0.064       
2458883.79219  2458883.79713  2020-02-04.2921877  coadd_bC110882 1.80 -1.61 17.949     >17.949  99.990         -57.87        49.81   -0.093       0.080       
2458884.82740  2458884.83233  2020-02-05.3274023  coadd_bC111320 1.47 -1.61 17.856     >17.856  99.990         110.71        54.29   0.178        0.087       
2458911.71969  2458911.72380  2020-03-03.2196917  coadd_bC113481 1.52 -1.61 17.101     >17.101  99.990        -286.79       108.74   -0.461       0.175       
2458918.88857  2458918.89230  2020-03-10.3885748  coadd_bC114612 1.46 -1.61 17.413     >17.413  99.990          79.45        81.57   0.128        0.131       
2458929.87582  2458929.87886  2020-03-21.3758152  coadd_bC115821 1.41 -1.61 18.708     >18.708  99.990         -71.40        24.75   -0.115       0.040       
2458934.76329  2458934.76598  2020-03-26.2632881  coadd_bC117557 1.73 -1.61 18.743     >18.743  99.990         -32.71        23.97   -0.053       0.039       
2458947.81783  2458947.81952  2020-04-08.3178317  coadd_bC119741 1.43 -1.61 17.414     >17.414  99.990          11.05        81.55   0.018        0.131       
2458956.78676  2458956.78770  2020-04-17.2867603  coadd_bC121427 1.59 -1.61 18.623     >18.623  99.990         -83.94        26.78   -0.135       0.043       
2458960.77198  2458960.77258  2020-04-21.2719856  coadd_bC122912 1.41 -1.61 18.727     >18.727  99.990         -17.16        24.32   -0.028       0.039       
2458962.72898  2458962.72941  2020-04-23.2289863  coadd_bs242909 1.51 -1.55 18.680     >18.680  99.990         -82.06        26.90   -0.125       0.041       
2458967.74654  2458967.74654  2020-04-28.2465472  coadd_bC125387 1.46 -1.61 18.458     >18.458  99.990         -62.42        31.16   -0.100       0.050       
2458968.68562  2458968.68554  2020-04-29.1856266  coadd_bs244949 1.42 -1.55 18.589     >18.589  99.990          35.38        29.25   0.054        0.044       
2458972.78143  2458972.78099  2020-05-03.2814296  coadd_bC127212 1.39 -1.61 17.835     >17.835  99.990         -62.55        55.32   -0.101       0.089       
2458974.74967  2458974.74907  2020-05-05.2496729  coadd_bs245690 1.40 -1.55 17.086     >17.086  99.990          86.95       116.72   0.132        0.177       
2458975.74125  2458975.74056  2020-05-06.2412511  coadd_bs246023 1.49 -1.55 17.348     >17.348  99.990          99.32        91.74   0.151        0.139       
2458976.74565  2458976.74487  2020-05-07.2456568  coadd_bs246365 1.63 -1.55 17.032     >17.032  99.990          40.31       122.70   0.061        0.186       
2458978.73812  2458978.73717  2020-05-09.2381168  coadd_bs246906 1.50 -1.55 16.062     >16.062  99.990        -672.94       299.70   -1.021       0.455       
2458979.73445  2458979.73342  2020-05-10.2344498  coadd_bs247224 1.49 -1.55 17.660     >17.660  99.990           8.79        68.78   0.013        0.104       
2458982.76827  2458982.76699  2020-05-13.2682744  coadd_bC128669 1.46 -1.61 18.346     >18.346  99.990         -57.80        34.57   -0.093       0.056       
2458983.67612  2458983.67476  2020-05-14.1761138  coadd_bs248002 1.46 -1.55 18.846     >18.846  99.990         -27.11        23.09   -0.041       0.035       
2458985.71623  2458985.71470  2020-05-16.2162329  coadd_bs248495 1.45 -1.55 18.629     >18.629  99.990         -70.68        28.18   -0.107       0.043       
2458986.71360  2458986.71199  2020-05-17.2135958  coadd_bs248820 1.48 -1.55 18.758     >18.758  99.990         -14.18        25.04   -0.022       0.038       
2458988.71189  2458988.71012  2020-05-19.2118917  coadd_bs249250 1.43 -1.55 18.646     >18.646  99.990          15.24        27.75   0.023        0.042       
2458993.68262  2458993.68046  2020-05-24.1826290  coadd_bs250266 1.42 -1.55 18.935     >18.935  99.990          26.86        21.27   0.041        0.032       
2458994.69644  2458994.69420  2020-05-25.1964422  coadd_bs250591 1.46 -1.55 18.553     >18.553  99.990          10.01        30.24   0.015        0.046       
2458995.66092  2458995.65860  2020-05-26.1609234  coadd_bs250872 1.53 -1.55 18.809     >18.809  99.990         -45.80        23.88   -0.070       0.036       
2458996.69035  2458996.68796  2020-05-27.1903538  coadd_bs251070 1.49 -1.55 18.445      18.423  0.358          102.26        33.39   0.155        0.051       
2459001.62960  2459001.62683  2020-06-01.1295973  coadd_bs252488 1.81 -1.55 17.905     >17.905  99.990          15.77        54.91   0.024        0.083       
2459003.66504  2459003.66213  2020-06-03.1650430  coadd_bs253090 1.48 -1.55 17.733     >17.733  99.990         124.83        64.35   0.189        0.098       
2459005.65706  2459005.65401  2020-06-05.1570587  coadd_bs253664 1.46 -1.55 17.049     >17.049  99.990         214.44       120.75   0.326        0.183       
2459006.66112  2459006.65800  2020-06-06.1611217  coadd_bs253940 1.45 -1.55 17.241     >17.241  99.990         -20.93       101.18   -0.032       0.154       
2459008.65482  2459008.65157  2020-06-08.1548207  coadd_bs254311 1.46 -1.55 18.745     >18.745  99.990         -66.19        25.33   -0.100       0.038       
2459009.64783  2459009.64451  2020-06-09.1478310  coadd_bs254608 1.48 -1.55 18.625     >18.625  99.990         -53.65        28.28   -0.081       0.043       
2459011.64069  2459011.63724  2020-06-11.1406928  coadd_bs255148 1.51 -1.55 18.592     >18.592  99.990          -2.19        29.18   -0.003       0.044       
2459013.64132  2459013.63775  2020-06-13.1413266  coadd_bs255509 1.56 -1.55 18.601     >18.601  99.990          21.39        28.93   0.032        0.044       
2459015.63445  2459015.63075  2020-06-15.1344521  coadd_bs256114 2.08 -1.55 18.252     >18.252  99.990          11.63        39.90   0.018        0.061       
2459114.14365  2459114.14044  2020-09-21.6436510  coadd_bC169810 1.92 -1.61 16.936     >16.936  99.990         -98.57       126.61   -0.158       0.203       
2459115.13288  2459115.12973  2020-09-22.6328740  coadd_bC170178 1.65 -1.61 18.366     >18.366  99.990         -48.76        33.92   -0.078       0.055       
2459119.14158  2459119.13872  2020-09-26.6415820  coadd_bC171207 1.45 -1.61 17.434     >17.434  99.990        -307.69        80.06   -0.494       0.129       
2459121.13663  2459121.13392  2020-09-28.6366377  coadd_bC171816 1.47 -1.61 18.190      17.623  0.217          201.81        39.90   0.324        0.064       
2459132.09393  2459132.09207  2020-10-09.5939292  coadd_bC174983 1.44 -1.61 18.007     >18.007  99.990         -29.18        47.24   -0.047       0.076       
2459138.07595  2459138.07458  2020-10-15.5759578  coadd_bC176824 1.41 -1.61 18.599     >18.599  99.990          -6.96        27.37   -0.011       0.044       
2459143.06924  2459143.06830  2020-10-20.5692370  coadd_bC178444 1.46 -1.61 18.434     >18.434  99.990         -54.97        31.85   -0.088       0.051       
2459148.05577  2459148.05526  2020-10-25.5557651  coadd_bC180111 1.54 -1.61 18.604     >18.604  99.990          -6.03        27.24   -0.010       0.044       
2459163.02539  2459163.02618  2020-11-09.5253843  coadd_bC183426 1.57 -1.61 18.385     >18.385  99.990         -38.21        33.35   -0.061       0.054       
2459164.95817  2459164.95913  2020-11-11.4581770  coadd_bs290505 1.42 -1.55 18.742     >18.742  99.990          25.75        25.40   0.039        0.039       
2459166.87789  2459166.87902  2020-11-13.3778971  coadd_bs291268 1.45 -1.55 18.952     >18.952  99.990         -44.88        20.94   -0.068       0.032       
2459169.84462  2459169.84600  2020-11-16.3446229  coadd_bs292496 1.46 -1.55 18.989     >18.989  99.990          -4.74        20.24   -0.007       0.031       
2459170.11414  2459170.11554  2020-11-16.6141371  coadd_bC185330 1.40 -1.61 18.721     >18.721  99.990         -31.45        24.47   -0.051       0.039       
2459176.07231  2459176.07420  2020-11-22.5723151  coadd_bC186525 1.51 -1.61 18.915     >18.915  99.990          29.77        20.47   0.048        0.033       
2459177.07883  2459177.08081  2020-11-23.5788305  coadd_bC186671 1.40 -1.61 18.340     >18.340  99.990           1.72        34.75   0.003        0.056       
2459178.88716  2459178.88928  2020-11-25.3871648  coadd_bs295930 1.47 -1.55 18.654     >18.654  99.990         -33.73        27.54   -0.051       0.042       
2459180.95914  2459180.96142  2020-11-27.4591467  coadd_bC187579 2.08 -1.61 17.628     >17.628  99.990          16.16        66.96   0.026        0.108       
2459182.93637  2459182.93880  2020-11-29.4363666  coadd_bC188224 1.52 -1.61 17.479     >17.479  99.990         175.36        76.77   0.282        0.123       
2459185.81070  2459185.81335  2020-12-02.3106973  coadd_bs298223 1.55 -1.55 17.841     >17.841  99.990         -61.16        58.25   -0.093       0.088       
2459187.81425  2459187.81705  2020-12-04.3142539  coadd_bs298766 1.49 -1.55 17.716     >17.716  99.990        -156.58        65.36   -0.238       0.099       
2459190.08287  2459190.08583  2020-12-06.5828715  coadd_bC190945 1.41 -1.61 18.059     >18.059  99.990        -129.21        45.01   -0.208       0.072       
2459190.78297  2459190.78598  2020-12-07.2829692  coadd_bs299673 1.45 -1.55 18.355     >18.355  99.990         -25.73        36.27   -0.039       0.055       
2459190.94077  2459190.94379  2020-12-07.4407707  coadd_bC191270 1.48 -1.61 18.484      18.329  0.317          105.26        30.42   0.169        0.049       
2459193.02661  2459193.02977  2020-12-09.5266116  coadd_bC192145 1.46 -1.61 18.597     >18.597  99.990         -31.14        27.43   -0.050       0.044       
2459195.90647  2459195.90982  2020-12-12.4064682  coadd_bC193387 1.56 -1.61 18.648     >18.648  99.990          20.75        26.16   0.033        0.042       
2459197.77583  2459197.77930  2020-12-14.2758318  coadd_bs302313 1.49 -1.55 19.015     >19.015  99.990         -29.76        19.75   -0.045       0.030       
2459200.88860  2459200.89226  2020-12-17.3886028  coadd_bC194513 1.43 -1.61 19.237     >19.237  99.990          28.97        15.20   0.047        0.024       
2459202.96182  2459202.96560  2020-12-19.4618187  coadd_bs304606 1.51 -1.55 19.188     >19.188  99.990          18.58        16.84   0.028        0.026       
2459204.74515  2459204.74903  2020-12-21.2451506  coadd_bs305311 1.47 -1.55 19.505     >19.505  99.990           5.33        12.58   0.008        0.019       
2459206.94131  2459206.94531  2020-12-23.4413108  coadd_bC195597 1.44 -1.61 18.384      18.105  0.283          129.42        33.37   0.208        0.054       
2459208.76005  2459208.76415  2020-12-25.2600619  coadd_bs306714 1.45 -1.55 18.170     >18.170  99.990          22.72        43.01   0.034        0.065       
2459209.80621  2459209.81035  2020-12-26.3062153  coadd_bs307024 1.55 -1.55 18.370     >18.370  99.990          16.48        35.77   0.025        0.054       
2459210.85444  2459210.85863  2020-12-27.3544420  coadd_bs307493 1.59 -1.55 18.263     >18.263  99.990        -119.25        39.50   -0.181       0.060       
2459210.90537  2459210.90957  2020-12-27.4053725  coadd_bC197090 1.46 -1.61 18.365     >18.365  99.990         -19.18        33.96   -0.031       0.055       
2459212.80865  2459212.81293  2020-12-29.3086498  coadd_bs308302 1.49 -1.55 17.636     >17.636  99.990          55.42        70.38   0.084        0.107       
2459217.86523  2459217.86972  2021-01-03.3652268  coadd_bC199316 1.47 -1.61 18.228     >18.228  99.990          68.96        38.54   0.111        0.062       
2459218.70238  2459218.70690  2021-01-04.2023815  coadd_bs310181 1.55 -1.55 18.764     >18.764  99.990           5.45        24.90   0.008        0.038       
2459218.90763  2459218.91216  2021-01-04.4076318  coadd_bC199783 1.41 -1.61 18.591     >18.591  99.990         -76.32        27.58   -0.123       0.044       
2459221.82933  2459221.83396  2021-01-07.3293416  coadd_bC201030 1.45 -1.61 18.627     >18.627  99.990          49.40        26.67   0.079        0.043       
2459222.97208  2459222.97675  2021-01-08.4720793  coadd_bs312092 1.42 -1.55 18.689     >18.689  99.990         -54.36        26.67   -0.083       0.040       
2459225.84605  2459225.85080  2021-01-11.3460504  coadd_bC202315 1.61 -1.61 18.617     >18.617  99.990          74.81        26.91   0.120        0.043       
2459227.87655  2459227.88134  2021-01-13.3765528  coadd_bs313047 1.63 -1.55 19.341     >19.341  99.990           6.03        14.63   0.009        0.022       
2459230.09798  2459230.10283  2021-01-15.5979896  coadd_bC204100 1.40 -1.61 18.618     >18.618  99.990          25.74        26.89   0.041        0.043       
2459231.81378  2459231.81865  2021-01-17.3137748  coadd_bC204738 1.48 -1.61 19.459     >19.459  99.990          30.42        12.40   0.049        0.020       
2459231.99935  2459232.00423  2021-01-17.4993646  coadd_bs314811 1.63 -1.55 19.128     >19.128  99.990          48.28        17.81   0.073        0.027       
2459232.66227  2459232.66715  2021-01-18.1622659  coadd_bs314996 1.57 -1.55 19.668     >19.668  99.990         -11.25        10.83   -0.017       0.016       
2459237.83500  2459237.83995  2021-01-23.3350005  coadd_bC205988 1.59 -1.61 18.093      17.589  0.230          208.20        43.64   0.335        0.070       
2459239.01104  2459239.01600  2021-01-24.5110424  coadd_bC206317 1.70 -1.61 18.785      18.415  0.260           97.27        23.07   0.156        0.037       
2459239.86215  2459239.86712  2021-01-25.3621528  coadd_bs317010 1.54 -1.55 19.074     >19.074  99.990          23.49        18.70   0.036        0.028       
2459245.85342  2459245.85839  2021-01-31.3534280  coadd_bC207904 1.44 -1.61 18.034     >18.034  99.990         -42.42        46.07   -0.068       0.074       
2459246.79839  2459246.80335  2021-02-01.2983975  coadd_bC208158 1.40 -1.61 19.062     >19.062  99.990          10.83        17.88   0.017        0.029       
2459247.76465  2459247.76961  2021-02-02.2646539  coadd_bs319434 1.63 -1.55 17.324     >17.324  99.990        -195.88        93.78   -0.297       0.142       
2459249.92762  2459249.93255  2021-02-04.4276224  coadd_bs320293 1.55 -1.55 18.677     >18.677  99.990         -10.66        26.96   -0.016       0.041       
2459251.64715  2459251.65206  2021-02-06.1471449  coadd_bs320928 1.60 -1.55 18.775     >18.775  99.990         -41.50        24.65   -0.063       0.037       
2459252.84825  2459252.85315  2021-02-07.3482493  coadd_bs321454 1.49 -1.55 19.361     >19.361  99.990         -42.53        14.36   -0.065       0.022       
2459252.87854  2459252.88344  2021-02-07.3785434  coadd_bC209170 1.41 -1.61 19.321     >19.321  99.990          -0.11        14.08   -0.000       0.023       
2459253.70136  2459253.70624  2021-02-08.2013582  coadd_bs321764 1.43 -1.55 19.249     >19.249  99.990         -47.35        15.93   -0.072       0.024       
2459254.93589  2459254.94075  2021-02-09.4358932  coadd_bs322376 1.46 -1.55 18.899     >18.899  99.990         -19.80        21.99   -0.030       0.033       
2459256.96323  2459256.96805  2021-02-11.4632320  coadd_bC210286 1.63 -1.61 18.813     >18.813  99.990         -79.85        22.48   -0.128       0.036       
2459258.89225  2459258.89703  2021-02-13.3922564  coadd_bC211065 1.61 -1.61 18.716     >18.716  99.990         -58.78        24.58   -0.094       0.040       
2459262.89080  2459262.89547  2021-02-17.3908017  coadd_bC212023 1.42 -1.61 18.735     >18.735  99.990         -34.18        24.14   -0.055       0.039       
2459269.75617  2459269.76061  2021-02-24.2561715  coadd_bC213673 1.80 -1.61 17.796     >17.796  99.990         133.01        57.36   0.214        0.092       
2459271.88391  2459271.88826  2021-02-26.3839192  coadd_bs324690 1.61 -1.55 17.277      16.602  0.196          547.14        97.96   0.831        0.149       
2459278.76052  2459278.76454  2021-03-05.2605248  coadd_bC214779 1.78 -1.61 17.750     >17.750  99.990          35.86        59.85   0.058        0.096       
2459279.80701  2459279.81098  2021-03-06.3070177  coadd_bs327106 1.43 -1.55 18.828     >18.828  99.990         -17.01        23.47   -0.026       0.036       
2459281.59155  2459281.59543  2021-03-08.0915493  coadd_bs327577 1.50 -1.55 18.429     >18.429  99.990          43.22        33.89   0.066        0.051       
2459288.91545  2459288.91890  2021-03-15.4154520  coadd_bC215466 1.42 -1.61 18.736      18.566  0.313           84.62        24.13   0.136        0.039       
2459292.60292  2459292.60613  2021-03-19.1029228  coadd_bs330088 1.44 -1.55 18.857     >18.857  99.990         -99.66        22.85   -0.151       0.035       
2459293.72079  2459293.72392  2021-03-20.2207869  coadd_bs330560 1.51 -1.55 18.812     >18.812  99.990         -18.81        23.83   -0.029       0.036       
2459295.74234  2459295.74534  2021-03-22.2423359  coadd_bC216809 1.43 -1.61 18.419      18.192  0.296          119.49        32.31   0.192        0.052       
2459299.75077  2459299.75348  2021-03-26.2507662  coadd_bC217810 1.46 -1.61 17.268     >17.268  99.990        -157.18        93.29   -0.253       0.150       
2459301.80412  2459301.80668  2021-03-28.3041162  coadd_bC218477 1.62 -1.61 17.059     >17.059  99.990        -345.15       113.03   -0.555       0.182       
2459302.61838  2459302.62088  2021-03-29.1183803  coadd_bs332894 1.48 -1.55 17.737     >17.737  99.990           6.85        64.08   0.010        0.097       
2459304.86946  2459304.87179  2021-03-31.3694557  coadd_bC219213 1.43 -1.61 17.968     >17.968  99.990          46.75        48.97   0.075        0.079       
2459306.88528  2459306.88746  2021-04-02.3852891  coadd_bC219945 1.40 -1.61 18.688     >18.688  99.990         -18.10        25.21   -0.029       0.041       
2459309.61324  2459309.61520  2021-04-05.1132399  coadd_bs334934 1.46 -1.55 19.111     >19.111  99.990          -5.17        18.08   -0.008       0.027       
2459311.86743  2459311.86921  2021-04-07.3674263  coadd_bC221125 1.40 -1.61 18.505     >18.505  99.990         -65.27        29.86   -0.105       0.048       
2459313.79952  2459313.80115  2021-04-09.2995209  coadd_bC221839 1.40 -1.61 18.591     >18.591  99.990         -22.86        27.57   -0.037       0.044       
2459314.77011  2459314.77165  2021-04-10.2701074  coadd_bs336770 1.54 -1.55 18.726     >18.726  99.990         -31.43        25.79   -0.048       0.039       
2459315.76182  2459315.76329  2021-04-11.2618254  coadd_bs337035 1.46 -1.55 18.825     >18.825  99.990         -82.56        23.54   -0.125       0.036       
2459315.85100  2459315.85246  2021-04-11.3510021  coadd_bC222690 1.41 -1.61 18.152     >18.152  99.990          -7.82        41.31   -0.013       0.066       
2459317.68238  2459317.68369  2021-04-13.1823871  coadd_bs337718 1.43 -1.55 18.954     >18.954  99.990         -45.09        20.89   -0.068       0.032       
2459319.78635  2459319.78748  2021-04-15.2863478  coadd_bC223657 1.65 -1.61 18.605     >18.605  99.990         -33.73        27.23   -0.054       0.044       
2459320.77463  2459320.77568  2021-04-16.2746362  coadd_bs338412 1.44 -1.55 17.544     >17.544  99.990          32.47        76.60   0.049        0.116       
2459321.80199  2459321.80295  2021-04-17.3019914  coadd_bC224464 1.40 -1.61 19.052     >19.052  99.990         -20.96        18.04   -0.034       0.029       
2459323.72990  2459323.73070  2021-04-19.2299024  coadd_bC225181 1.67 -1.61 18.118     >18.118  99.990         -32.98        42.65   -0.053       0.069       
2459326.73071  2459326.73124  2021-04-22.2307063  coadd_bs339320 1.50 -1.55 17.771     >17.771  99.990        -138.34        62.12   -0.210       0.094       
2459327.75461  2459327.75506  2021-04-23.2546119  coadd_bs339632 1.48 -1.55 17.474     >17.474  99.990        -355.71        81.65   -0.540       0.124       
2459328.77213  2459328.77250  2021-04-24.2721355  coadd_bs339914 1.51 -1.55 17.439     >17.439  99.990         -85.33        84.36   -0.130       0.128       
2459329.72260  2459329.72288  2021-04-25.2225954  coadd_bs340231 1.51 -1.55 17.444     >17.444  99.990         -63.77        83.98   -0.097       0.127       
2459333.81309  2459333.81302  2021-04-29.3130947  coadd_bC228370 1.37 -1.61 18.008     >18.008  99.990          26.45        47.20   0.043        0.076       
2459342.78533  2459342.78449  2021-05-08.2853266  coadd_bC229793 1.62 -1.61 18.994     >18.994  99.990         -14.15        19.03   -0.023       0.031       
2459344.63682  2459344.63583  2021-05-10.1368265  coadd_bs342976 1.45 -1.55 18.793     >18.793  99.990         -87.33        24.23   -0.133       0.037       
2459347.76798  2459347.76672  2021-05-13.2679782  coadd_bC231690 1.46 -1.61 18.722     >18.722  99.990          14.89        24.45   0.024        0.039       
2459350.76943  2459350.76792  2021-05-16.2694310  coadd_bC232648 1.62 -1.61 18.489     >18.489  99.990          33.31        30.29   0.054        0.049       
2459351.62212  2459351.62054  2021-05-17.1221214  coadd_bs344046 1.52 -1.55 18.328     >18.328  99.990          21.61        37.20   0.033        0.056       
2459354.74810  2459354.74627  2021-05-20.2481079  coadd_bC233962 1.58 -1.61 18.120     >18.120  99.990          88.47        42.55   0.142        0.068       
2459356.70519  2459356.70320  2021-05-22.2051936  coadd_bs345657 1.62 -1.55 17.051     >17.051  99.990          51.33       120.55   0.078        0.183       
2459360.69020  2459360.68790  2021-05-26.1902103  coadd_bs346418 1.54 -1.55 17.179     >17.179  99.990        -143.44       107.18   -0.218       0.163       
2459361.67749  2459361.67511  2021-05-27.1774946  coadd_bs346720 1.53 -1.55 17.027     >17.027  99.990         -99.05       123.24   -0.150       0.187       
2459363.68305  2459363.68052  2021-05-29.1830508  coadd_bs347304 1.49 -1.55 18.421     >18.421  99.990          69.51        34.15   0.106        0.052       
2459364.67381  2459364.67121  2021-05-30.1738167  coadd_bs347408 1.61 -1.55 18.929     >18.929  99.990          20.17        21.38   0.031        0.032       
2459369.66543  2459369.66247  2021-06-04.1654317  coadd_bs347832 1.52 -1.55 18.588      18.434  0.317          101.21        29.27   0.154        0.044       
2459373.64373  2459373.64049  2021-06-08.1437296  coadd_bs348835 1.44 -1.55 18.443     >18.443  99.990          83.56        33.46   0.127        0.051       
2459376.63838  2459376.63495  2021-06-11.1383821  coadd_bs349709 1.97 -1.55 17.799     >17.799  99.990          47.66        60.57   0.072        0.092       
2459377.64034  2459377.63685  2021-06-12.1403453  coadd_bs350002 1.48 -1.55 18.450      18.239  0.301          121.09        33.23   0.184        0.050       
2459381.63147  2459381.62773  2021-06-16.1314724  coadd_bs351076 2.18 -1.55 17.756     >17.756  99.990          34.27        63.01   0.052        0.096       
2459475.14174  2459475.13825  2021-09-17.6417452  coadd_bC272927 1.46 -1.61 16.821     >16.821  99.990         383.51       140.81   0.616        0.226       
2459476.13647  2459476.13304  2021-09-18.6364748  coadd_bC273320 1.45 -1.61 17.689      17.496  0.306          226.74        63.26   0.364        0.102       
2459481.13252  2459481.12943  2021-09-23.6325186  coadd_bC275246 1.52 -1.61 17.753     >17.753  99.990         113.61        59.69   0.183        0.096       
2459486.13325  2459486.13052  2021-09-28.6332540  coadd_bC277034 1.62 -1.61 17.930     >17.930  99.990         -26.20        50.70   -0.042       0.081       
