###  JD        HJD            UT_date             IMAGE          FWHM  Diff Limit      mag   mag_err       counts     count_err  flux (mJy)    flux_err
2455968.78086  2455968.77975  2012-02-11.2808609  coadd_ba006425 2.42 -1.99 18.631     >18.631  99.990          10.68        18.74   0.026        0.045       
2456221.93265  2456221.93806  2012-10-21.4326481  coadd_ba022865 2.53 -1.99 18.611     >18.611  99.990         -39.08        19.11   -0.094       0.046       
2456223.92722  2456223.93266  2012-10-23.4272237  coadd_ba023508 2.47 -1.99 17.945     >17.945  99.990         -44.06        35.26   -0.106       0.085       
2456226.90489  2456226.91036  2012-10-26.4048870  coadd_ba028682 2.32 -1.99 18.028     >18.028  99.990         -48.39        32.66   -0.116       0.079       
2456233.94765  2456233.95315  2012-11-02.4476511  coadd_ba026679 2.19 -1.99 17.983     >17.983  99.990          20.47        34.06   0.049        0.082       
2456235.99231  2456235.99781  2012-11-04.4923189  coadd_ba026090 2.11 -1.99 18.345     >18.345  99.990         -87.01        24.39   -0.209       0.059       
2456239.85065  2456239.85612  2012-11-08.3506568  coadd_ba024889 1.80 -1.99 18.631     >18.631  99.990         -59.36        18.74   -0.143       0.045       
2456242.87740  2456242.88282  2012-11-11.3774081  coadd_ba024231 2.13 -1.99 18.917     >18.917  99.990          -8.72        14.41   -0.021       0.035       
2456246.00428  2456246.00964  2012-11-14.5042791  coadd_ba028916 2.25 -1.99 18.704     >18.704  99.990          12.61        17.52   0.030        0.042       
2456252.00987  2456252.01507  2012-11-20.5098704  coadd_ba030143 2.09 -1.99 17.021     >17.021  99.990          11.20        82.62   0.027        0.199       
2456269.92160  2456269.92599  2012-12-08.4216055  coadd_ba031529 2.56 -1.99 18.881     >18.881  99.990         -23.87        14.89   -0.057       0.036       
2456272.96156  2456272.96577  2012-12-11.4615678  coadd_ba032235 2.15 -1.99 18.909     >18.909  99.990           1.45        14.51   0.003        0.035       
2456276.96411  2456276.96807  2012-12-15.4641189  coadd_ba033519 2.21 -1.99 18.588     >18.588  99.990          56.23        19.50   0.135        0.047       
2456288.78845  2456288.79152  2012-12-27.2884537  coadd_ba034253 2.16 -1.99 17.444     >17.444  99.990        -237.22        55.97   -0.571       0.135       
2456300.79784  2456300.79989  2013-01-08.2978439  coadd_ba034570 1.72 -1.99 18.832     >18.832  99.990         -74.49        15.58   -0.179       0.037       
2456302.79848  2456302.80035  2013-01-10.2984815  coadd_ba034918 1.76 -1.99 18.830     >18.830  99.990         -44.22        15.61   -0.106       0.038       
2456303.79529  2456303.79707  2013-01-11.2952938  coadd_ba035200 2.02 -1.99 18.763     >18.763  99.990         -65.17        16.61   -0.157       0.040       
2456308.72103  2456308.72235  2013-01-16.2210285  coadd_ba035535 2.20 -1.99 18.567     >18.567  99.990         -69.18        19.89   -0.166       0.048       
2456313.76883  2456313.76967  2013-01-21.2688349  coadd_ba036316 2.32 -1.99 17.996     >17.996  99.990        -295.11        33.65   -0.710       0.081       
2456316.73869  2456316.73924  2013-01-24.2386896  coadd_ba036822 2.31 -1.99 17.929     >17.929  99.990         -86.61        35.78   -0.208       0.086       
2456319.77330  2456319.77356  2013-01-27.2733021  coadd_ba037753 2.07 -1.99 17.916     >17.916  99.990         -48.56        36.23   -0.117       0.087       
2456325.78459  2456325.78427  2013-02-02.2845961  coadd_ba038641 2.31 -1.99 18.754     >18.754  99.990         -46.79        16.74   -0.113       0.040       
2456340.72170  2456340.71996  2013-02-17.2217049  coadd_ba040785 2.01 -1.99 17.968     >17.968  99.990        -155.76        34.53   -0.375       0.083       
2456458.09956  2456458.09547  2013-06-14.5995644  coadd_ba059154 2.18 -1.99 17.837     >17.837  99.990          -1.07        38.97   -0.003       0.094       
2456462.10658  2456462.10276  2013-06-18.6065804  coadd_ba060328 1.81 -1.99 17.999      17.846  0.317          115.86        33.56   0.279        0.081       
2456464.09546  2456464.09177  2013-06-20.5954619  coadd_ba060988 1.71 -1.99 18.102     >18.102  99.990          77.97        30.51   0.188        0.073       
2456468.07780  2456468.07440  2013-06-24.5778037  coadd_ba062170 1.85 -1.99 17.253     >17.253  99.990        -103.49        66.70   -0.249       0.161       
2456471.06472  2456471.06155  2013-06-27.564725  coadd_ba062992 2.13 -1.99 17.337     >17.337  99.990         -18.68        61.77   -0.045       0.149       
2456474.07061  2456474.06768  2013-06-30.5706119  coadd_ba063791 2.11 -1.99 17.736     >17.736  99.990          40.82        42.74   0.098        0.103       
2456477.09143  2456477.08874  2013-07-03.5914298  coadd_ba064636 1.77 -1.99 18.366     >18.366  99.990         -74.00        23.94   -0.178       0.058       
2456479.07748  2456479.07496  2013-07-05.5774819  coadd_ba065291 2.04 -1.99 18.302     >18.302  99.990          48.85        25.38   0.118        0.061       
2456480.07309  2456480.07066  2013-07-06.5730946  coadd_ba065613 2.09 -1.99 18.441     >18.441  99.990          22.56        22.33   0.054        0.054       
2456483.07140  2456483.06922  2013-07-09.5714090  coadd_ba066610 2.26 -1.99 18.418     >18.418  99.990          -6.13        22.81   -0.015       0.055       
2456487.02902  2456487.02719  2013-07-13.5290160  coadd_ba067753 2.13 -1.99 18.606     >18.606  99.990           7.03        19.19   0.017        0.046       
2456489.06346  2456489.06181  2013-07-15.5634677  coadd_ba068483 1.75 -1.99 18.686     >18.686  99.990         -37.41        17.83   -0.090       0.043       
2456492.05897  2456492.05760  2013-07-18.5589734  coadd_ba069551 2.09 -1.99 18.701     >18.701  99.990          13.38        17.58   0.032        0.042       
2456494.05507  2456494.05387  2013-07-20.5550681  coadd_ba070166 2.11 -1.99 17.791      17.338  0.241          185.03        40.64   0.445        0.098       
2456498.03159  2456498.03076  2013-07-24.5315879  coadd_ba071163 1.82 -1.99 17.769     >17.769  99.990          58.43        41.46   0.141        0.100       
2456509.97870  2456509.97899  2013-08-05.4787025  coadd_ba072976 2.12 -1.99 18.618     >18.618  99.990         -63.95        18.98   -0.154       0.046       
2456514.02030  2456514.02098  2013-08-09.5203109  coadd_ba074050 2.25 -1.99 18.286      17.845  0.243          115.96        25.77   0.279        0.062       
2456518.02523  2456518.02628  2013-08-13.5252416  coadd_ba074882 1.70 -1.99 18.489     >18.489  99.990         -53.94        21.38   -0.130       0.051       
2456521.11265  2456521.11399  2013-08-16.6126570  coadd_ba075812 2.04 -1.99 18.413      18.281  0.324           77.61        22.92   0.187        0.055       
2456524.10802  2456524.10962  2013-08-19.6080194  coadd_ba076714 2.12 -1.99 18.170     >18.170  99.990         -44.45        28.67   -0.107       0.069       
2456525.03247  2456525.03415  2013-08-20.5324672  coadd_ba076925 1.69 -1.99 17.469      17.081  0.255          234.51        54.68   0.564        0.132       
2456531.98886  2456531.99115  2013-08-27.4888574  coadd_ba078352 1.72 -1.99 18.022     >18.022  99.990          31.30        32.87   0.075        0.079       
2456534.09950  2456534.10197  2013-08-29.5995060  coadd_ba079137 2.25 -1.99 18.312     >18.312  99.990         -93.20        25.14   -0.224       0.061       
2456536.07754  2456536.08018  2013-08-31.5775368  coadd_ba079871 2.16 -1.99 18.626     >18.626  99.990          42.77        18.83   0.103        0.045       
2456537.99150  2456537.99430  2013-09-02.4915012  coadd_ba080558 2.07 -1.99 18.684     >18.684  99.990         -43.84        17.86   -0.106       0.043       
2456543.95094  2456543.95420  2013-09-08.4509409  coadd_ba081664 2.10 -1.99 18.468      17.866  0.210          113.79        21.79   0.274        0.052       
2456554.88458  2456554.88861  2013-09-19.3845762  coadd_ba083293 2.10 -1.99 16.550      16.299  0.290          481.64       127.50   1.159        0.307       
2456556.96521  2456556.96938  2013-09-21.4652107  coadd_ba084118 2.01 -1.99 17.264     >17.264  99.990         107.62        66.01   0.259        0.159       
2456563.01412  2456563.01864  2013-09-27.5141189  coadd_ba084944 2.54 -1.99 18.187      17.344  0.168          184.05        28.23   0.443        0.068       
2456567.94522  2456567.94999  2013-10-02.4452230  coadd_ba086049 2.14 -1.99 18.563      17.819  0.184          118.81        19.95   0.286        0.048       
2456570.93283  2456570.93774  2013-10-05.4328327  coadd_ba087163 1.77 -1.99 18.732      18.069  0.198           94.36        17.08   0.227        0.041       
2456574.93647  2456574.94153  2013-10-09.4364700  coadd_ba088153 2.21 -1.99 17.858      17.360  0.231          181.28        38.21   0.436        0.092       
2456600.89217  2456600.89760  2013-11-04.3921706  coadd_bc002823 2.02 -2.14 17.444     >17.444  99.990         103.04        49.03   0.283        0.135       
2456605.89436  2456605.89975  2013-11-09.3943594  coadd_bc003700 1.63 -2.14 16.545     >16.545  99.990        -107.50       112.23   -0.295       0.308       
2456630.83613  2456630.84071  2013-12-04.3361307  coadd_bc008376 1.53 -2.14 18.206      18.020  0.308           86.54        24.31   0.238        0.067       
2456631.83671  2456631.84124  2013-12-05.3367151  coadd_bc008736 1.50 -2.14 18.107      17.079  0.141          205.81        26.63   0.565        0.073       
2456632.81835  2456632.82283  2013-12-06.3183530  coadd_bc009146 2.31 -2.14 18.501      17.647  0.166          122.06        18.53   0.335        0.051       
2456633.79569  2456633.80012  2013-12-07.2956960  coadd_bc009504 2.26 -2.14 18.115      17.023  0.133          216.79        26.44   0.595        0.073       
2456637.79427  2456637.79846  2013-12-11.2942667  coadd_bc010176 2.09 -2.14 17.982      17.878  0.332           98.58        29.89   0.271        0.082       
2456638.79938  2456638.80351  2013-12-12.2993789  coadd_bc010508 1.37 -2.14 17.947      17.928  0.359           94.17        30.87   0.259        0.085       
2456655.77174  2456655.77465  2013-12-29.2717454  coadd_bc014493 1.76 -2.14 18.259      17.562  0.192          131.94        23.15   0.362        0.064       
2456676.74717  2456676.74825  2014-01-19.2471761  coadd_bc017413 1.55 -2.14 18.194     >18.194  99.990          69.26        24.59   0.190        0.068       
2456821.11021  2456821.10596  2014-06-12.6098122  coadd_bc038425 1.79 -2.14 16.956     >16.956  99.990         158.85        76.86   0.436        0.211       
2456825.10682  2456825.10282  2014-06-16.6064146  coadd_bc039680 1.68 -2.14 17.220     >17.220  99.990        -156.09        60.31   -0.429       0.166       
2456828.10097  2456828.09717  2014-06-19.6005642  coadd_bc040677 2.24 -2.14 17.953     >17.953  99.990          66.84        30.69   0.184        0.084       
2456833.11519  2456833.11176  2014-06-24.6147875  coadd_bc041975 1.78 -2.14 17.416     >17.416  99.990        -211.82        50.32   -0.582       0.138       
2456836.09530  2456836.09210  2014-06-27.5948990  coadd_bc042652 1.43 -2.14 18.075     >18.075  99.990        -120.70        27.44   -0.331       0.075       
2456847.08123  2456847.07892  2014-07-08.5808271  coadd_bc042928 1.49 -2.14 18.174     >18.174  99.990         -28.05        25.04   -0.077       0.069       
2456849.11121  2456849.10907  2014-07-10.6108042  coadd_bc043624 1.54 -2.14 17.752     >17.752  99.990         -38.13        36.93   -0.105       0.101       
2456851.10667  2456851.10471  2014-07-12.6062618  coadd_bc044273 1.56 -2.14 17.397     >17.397  99.990         -77.29        51.23   -0.212       0.141       
2456854.06795  2456854.06625  2014-07-15.5675461  coadd_bc044873 1.49 -2.14 17.543     >17.543  99.990          95.34        44.77   0.262        0.123       
2456855.06712  2456855.06551  2014-07-16.5667158  coadd_bc045098 1.62 -2.14 17.425     >17.425  99.990         -95.67        49.90   -0.263       0.137       
2456862.05965  2456862.05868  2014-07-23.5592497  coadd_bc046480 1.42 -2.14 18.443     >18.443  99.990         -51.62        19.53   -0.142       0.054       
2456863.06077  2456863.05989  2014-07-24.5603656  coadd_bc046828 1.58 -2.14 18.458     >18.458  99.990         -13.80        19.27   -0.038       0.053       
2456864.05632  2456864.05554  2014-07-25.5559192  coadd_bc047175 1.46 -2.14 18.131     >18.131  99.990           9.44        26.05   0.026        0.072       
2456865.13181  2456865.13113  2014-07-26.6314055  coadd_bc047497 1.63 -2.14 17.279      17.153  0.325          192.36        57.08   0.528        0.157       
2456866.05319  2456866.05259  2014-07-27.5527829  coadd_bc047786 1.75 -2.14 18.123     >18.123  99.990          49.44        26.25   0.136        0.072       
2456867.05299  2456867.05249  2014-07-28.5525981  coadd_bc048119 1.86 -2.14 18.192     >18.192  99.990         -10.93        24.63   -0.030       0.068       
2456868.09183  2456868.09142  2014-07-29.5914202  coadd_bc048451 2.10 -2.14 18.364     >18.364  99.990           5.07        21.02   0.014        0.058       
2456869.04393  2456869.04362  2014-07-30.5435288  coadd_bc048742 1.77 -2.14 18.132     >18.132  99.990          43.49        26.02   0.119        0.071       
2456873.97721  2456873.97736  2014-08-04.4768122  coadd_bc049547 1.54 -2.14 18.337     >18.337  99.990          62.10        21.54   0.170        0.059       
2456874.97962  2456874.97986  2014-08-05.4792145  coadd_bc049869 1.48 -2.14 17.905     >17.905  99.990           8.03        32.06   0.022        0.088       
2456881.95807  2456881.95896  2014-08-12.4576655  coadd_bc050870 1.65 -2.14 17.273      17.041  0.295          213.15        57.41   0.585        0.158       
2456883.02595  2456883.02695  2014-08-13.5255521  coadd_bc050922 1.70 -2.14 17.439     >17.439  99.990          24.20        49.25   0.066        0.135       
2456888.06515  2456888.06661  2014-08-18.5647473  coadd_bc052717 1.65 -2.14 17.916      17.655  0.287          121.06        31.76   0.332        0.087       
2456890.00391  2456890.00555  2014-08-20.5035146  coadd_bc053207 1.71 -2.14 18.015      17.841  0.311          102.03        28.99   0.280        0.080       
2456893.01645  2456893.01836  2014-08-23.5160505  coadd_bc054310 1.54 -2.14 18.218      17.588  0.204          128.86        24.04   0.354        0.066       
2456895.00694  2456895.00902  2014-08-25.5065386  coadd_bc054831 1.49 -2.14 18.141     >18.141  99.990           6.22        25.82   0.017        0.071       
2456897.00762  2456897.00987  2014-08-27.5072130  coadd_bc055471 1.55 -2.14 18.319      17.218  0.132          181.11        21.90   0.497        0.060       
2456897.99980  2456898.00214  2014-08-28.4993969  coadd_bc055839 1.67 -2.14 18.080     >18.080  99.990          60.75        27.30   0.167        0.075       
2456901.09991  2456901.10251  2014-08-31.5995076  coadd_bc056751 1.55 -2.14 18.159     >18.159  99.990          30.44        25.39   0.084        0.070       
2456902.98097  2456902.98372  2014-09-02.4805681  coadd_bc057128 1.73 -2.14 18.168     >18.168  99.990          73.46        25.18   0.202        0.069       
2456903.99981  2456904.00265  2014-09-03.4994100  coadd_bc057333 1.36 -2.14 17.883     >17.883  99.990          53.09        32.74   0.146        0.090       
2456907.92350  2456907.92664  2014-09-07.4230898  coadd_bc058189 1.69 -2.14 17.853     >17.853  99.990          71.67        33.66   0.197        0.092       
2456908.98518  2456908.98841  2014-09-08.4847821  coadd_bc058570 1.80 -2.14 15.668     >15.668  99.990         278.31       251.69   0.764        0.691       
2456917.08093  2456917.08475  2014-09-16.5805356  coadd_bc061134 1.58 -2.14 18.198      17.835  0.261          102.57        24.49   0.282        0.067       
2456918.97007  2456918.97401  2014-09-18.4696700  coadd_bc061757 1.61 -2.14 18.146     >18.146  99.990          22.27        25.69   0.061        0.071       
2456920.97081  2456920.97488  2014-09-20.4704042  coadd_bc062463 1.62 -2.14 18.179     >18.179  99.990          13.72        24.92   0.038        0.068       
2456928.96499  2456928.96954  2014-09-28.4645881  coadd_bc063880 1.44 -2.14 18.155      18.058  0.334           83.57        25.48   0.229        0.070       
2456930.03698  2456930.04158  2014-09-29.5365806  coadd_bc064067 1.36 -2.14 18.026     >18.026  99.990         -72.60        28.68   -0.199       0.079       
2456932.94844  2456932.95319  2014-10-02.4480371  coadd_bc064887 1.72 -2.14 17.984     >17.984  99.990          28.47        29.83   0.078        0.082       
2456937.86413  2456937.86909  2014-10-07.3637218  coadd_bc065835 1.88 -2.14 17.333     >17.333  99.990          43.64        54.31   0.120        0.149       
2456938.93359  2456938.93860  2014-10-08.4331907  coadd_bc066269 1.55 -2.14 17.979     >17.979  99.990          35.52        29.97   0.098        0.082       
2456944.04904  2456944.05423  2014-10-13.5486414  coadd_bc067417 2.08 -2.14 17.795     >17.795  99.990         -32.36        35.49   -0.089       0.097       
2456970.87640  2456970.88186  2014-11-09.3759922  coadd_bc069626 1.76 -2.14 17.351     >17.351  99.990         -32.78        53.41   -0.090       0.147       
2456971.97011  2456971.97556  2014-11-10.4697043  coadd_bc070089 1.54 -2.14 17.470      16.800  0.197          266.31        47.89   0.731        0.131       
2456973.87489  2456973.88032  2014-11-12.3744879  coadd_bc070683 1.45 -2.14 18.004      17.498  0.229          139.97        29.28   0.384        0.080       
2456978.85914  2456978.86445  2014-11-17.3587318  coadd_bc071254 1.60 -2.14 18.011      17.740  0.285          112.00        29.10   0.307        0.080       
2456979.87092  2456979.87621  2014-11-18.3705165  coadd_bc071655 1.74 -2.14 17.897     >17.897  99.990          84.99        32.30   0.233        0.089       
2456981.87556  2456981.88079  2014-11-20.3751538  coadd_bc072292 1.52 -2.14 18.156      17.491  0.198          140.88        25.46   0.387        0.070       
2456984.80985  2456984.81499  2014-11-23.3094385  coadd_bc073380 1.51 -2.14 18.360     >18.360  99.990           3.00        21.09   0.008        0.058       
2456985.85531  2456985.86041  2014-11-24.3548910  coadd_bc073817 1.56 -2.14 18.170     >18.170  99.990          -8.60        25.13   -0.024       0.069       
2456988.79231  2456988.79730  2014-11-27.2919061  coadd_bc074376 1.37 -2.14 18.393     >18.393  99.990         -33.70        20.46   -0.093       0.056       
2456989.75699  2456989.76194  2014-11-28.2565898  coadd_bc074715 1.37 -2.14 18.248      17.234  0.143          178.54        23.40   0.490        0.064       
2456990.84996  2456990.85486  2014-11-29.3495577  coadd_bc075121 1.34 -2.14 18.071     >18.071  99.990          61.08        27.53   0.168        0.076       
2456997.89794  2456997.90249  2014-12-06.3975365  coadd_bc076731 1.50 -2.14 16.949     >16.949  99.990          51.00        77.37   0.140        0.212       
2456999.82818  2456999.83263  2014-12-08.3277789  coadd_bc077453 1.36 -2.14 17.798     >17.798  99.990          23.19        35.40   0.064        0.097       
2457000.89389  2457000.89827  2014-12-09.3934812  coadd_bc077906 1.43 -2.14 17.614     >17.614  99.990          51.13        41.92   0.140        0.115       
2457001.83560  2457001.83992  2014-12-10.3351927  coadd_bc078267 1.38 -2.14 17.799     >17.799  99.990         -19.03        35.37   -0.052       0.097       
2457002.83751  2457002.84178  2014-12-11.3371037  coadd_bc078645 1.48 -2.14 17.934     >17.934  99.990         -98.07        31.24   -0.269       0.086       
2457003.82373  2457003.82794  2014-12-12.3233307  coadd_bc079031 1.36 -2.14 18.268     >18.268  99.990         -71.63        22.95   -0.197       0.063       
2457006.82893  2457006.83294  2014-12-15.3285232  coadd_bc079988 2.18 -2.14 18.246     >18.246  99.990          41.46        23.43   0.114        0.064       
2457011.81510  2457011.81876  2014-12-20.3146925  coadd_bc081885 1.45 -2.14 18.193     >18.193  99.990         -40.95        24.60   -0.112       0.068       
2457013.84736  2457013.85087  2014-12-22.3469526  coadd_bc082568 1.45 -2.14 18.132     >18.132  99.990         -66.55        26.02   -0.183       0.071       
2457017.70786  2457017.71108  2014-12-26.2074541  coadd_bc082983 1.43 -2.14 18.086     >18.086  99.990         -18.31        27.16   -0.050       0.075       
2457024.84667  2457024.84931  2015-01-02.3462626  coadd_bc084786 1.76 -2.14 17.317     >17.317  99.990        -195.06        55.13   -0.536       0.151       
2457030.82153  2457030.82365  2015-01-08.3211299  coadd_bc085113 1.36 -2.14 17.816     >17.816  99.990         -27.84        34.81   -0.076       0.096       
2457032.74497  2457032.74691  2015-01-10.2445651  coadd_bc085901 1.40 -2.14 18.472     >18.472  99.990        -120.69        19.03   -0.331       0.052       
2457035.75803  2457035.75969  2015-01-13.2576226  coadd_bc086639 1.37 -2.14 18.205     >18.205  99.990         -55.18        24.33   -0.151       0.067       
2457037.76728  2457037.76876  2015-01-15.2668819  coadd_bc087553 1.46 -2.14 18.484     >18.484  99.990         -12.82        18.82   -0.035       0.052       
2457039.76408  2457039.76537  2015-01-17.2636724  coadd_bc088383 1.35 -2.14 18.238     >18.238  99.990          -6.27        23.61   -0.017       0.065       
2457042.75875  2457042.75976  2015-01-20.2583454  coadd_bc089512 1.48 -2.14 18.416     >18.416  99.990          49.71        20.04   0.136        0.055       
2457044.75480  2457044.75562  2015-01-22.2543922  coadd_bc090338 1.46 -2.14 18.093     >18.093  99.990          40.26        26.97   0.111        0.074       
2457051.74495  2457051.74509  2015-01-29.2445435  coadd_bc092925 1.40 -2.14 17.834     >17.834  99.990          22.67        34.25   0.062        0.094       
2457053.74247  2457053.74242  2015-01-31.2420694  coadd_bc093633 1.40 -2.14 17.668     >17.668  99.990          22.70        39.90   0.062        0.110       
2457060.72709  2457060.72637  2015-02-07.2266892  coadd_bc094864 2.03 -2.14 18.012     >18.012  99.990         -37.00        29.06   -0.102       0.080       
2457065.71882  2457065.71762  2015-02-12.2184202  coadd_bc096011 1.66 -2.14 17.809     >17.809  99.990         -25.34        35.03   -0.070       0.096       
2457066.71489  2457066.71360  2015-02-13.2144893  coadd_bc096331 1.72 -2.14 17.158     >17.158  99.990        -165.60        63.82   -0.455       0.175       
2457192.11548  2457192.11160  2015-06-18.6154849  coadd_bc124845 1.36 -2.14 16.744     >16.744  99.990        -155.56        93.43   -0.427       0.256       
2457193.11533  2457193.11152  2015-06-19.6153331  coadd_bc125020 1.37 -2.14 17.233     >17.233  99.990         -85.45        59.56   -0.235       0.164       
2457194.11298  2457194.10924  2015-06-20.6129877  coadd_bc125323 1.42 -2.14 17.335     >17.335  99.990           4.51        54.22   0.012        0.149       
2457195.11497  2457195.11130  2015-06-21.6149836  coadd_bc125607 1.46 -2.14 17.297     >17.297  99.990         -65.88        56.17   -0.181       0.154       
2457196.10693  2457196.10333  2015-06-22.6069424  coadd_bc125901 1.45 -2.14 17.911     >17.911  99.990         -66.55        31.91   -0.183       0.088       
2457197.10462  2457197.10109  2015-06-23.6046304  coadd_bc126203 1.51 -2.14 17.808     >17.808  99.990         -40.82        35.07   -0.112       0.096       
2457204.08760  2457204.08461  2015-06-30.5876013  coadd_bc127998 1.68 -2.14 17.570     >17.570  99.990         -60.44        43.66   -0.166       0.120       
2457207.07876  2457207.07601  2015-07-03.5787614  coadd_bc128833 1.64 -2.14 17.225     >17.225  99.990         -55.23        60.00   -0.152       0.165       
2457211.09614  2457211.09372  2015-07-07.5961424  coadd_bc129730 1.65 -2.14 17.876     >17.876  99.990         -21.42        32.93   -0.059       0.090       
2457216.05313  2457216.05115  2015-07-12.5531333  coadd_bc130551 1.39 -2.14 18.053     >18.053  99.990         -12.12        27.98   -0.033       0.077       
2457222.03861  2457222.03716  2015-07-18.5386081  coadd_bc131489 1.63 -2.14 18.201     >18.201  99.990          24.97        24.42   0.069        0.067       
2457227.07032  2457227.06933  2015-07-23.5703219  coadd_bc132272 1.60 -2.14 18.502     >18.502  99.990          -1.86        18.50   -0.005       0.051       
2457231.03535  2457231.03473  2015-07-27.5353493  coadd_bc133372 1.49 -2.14 18.274     >18.274  99.990         -66.48        22.83   -0.183       0.063       
2457234.00606  2457234.00572  2015-07-30.5060594  coadd_bc134296 1.41 -2.14 17.241     >17.241  99.990         141.16        59.13   0.388        0.162       
2457236.06749  2457236.06734  2015-08-01.5674875  coadd_bc134663 1.47 -2.14 17.098     >17.098  99.990          83.46        67.43   0.229        0.185       
2457243.08198  2457243.08249  2015-08-08.5819777  coadd_bc136185 1.46 -2.14 18.032     >18.032  99.990           0.30        28.55   0.001        0.078       
2457245.03004  2457245.03073  2015-08-10.5300390  coadd_bc136839 1.47 -2.14 18.196     >18.196  99.990          -9.63        24.54   -0.026       0.067       
2457255.96486  2457255.96656  2015-08-21.4648658  coadd_bc138837 1.59 -2.14 18.404     >18.404  99.990         -60.71        20.26   -0.167       0.056       
2457261.99417  2457261.99640  2015-08-27.4941725  coadd_bc139504 1.37 -2.14 17.986     >17.986  99.990         -53.03        29.78   -0.146       0.082       
2457264.06503  2457264.06743  2015-08-29.5650283  coadd_bc140294 1.53 -2.14 17.549     >17.549  99.990          91.67        44.51   0.252        0.122       
2457270.07232  2457270.07522  2015-09-04.5723216  coadd_bc141378 1.37 -2.14 17.486     >17.486  99.990        -118.34        47.20   -0.325       0.130       
2457272.07487  2457272.07793  2015-09-06.5748741  coadd_bc142177 1.57 -2.14 18.456     >18.456  99.990          34.80        19.30   0.096        0.053       
2457275.03881  2457275.04210  2015-09-09.5388087  coadd_bc143015 1.38 -2.14 18.296     >18.296  99.990         -15.82        22.38   -0.043       0.061       
2457278.02528  2457278.02879  2015-09-12.5252782  coadd_bc144066 1.39 -2.14 18.399     >18.399  99.990         -47.45        20.36   -0.130       0.056       
2457287.99330  2457287.99749  2015-09-22.4933092  coadd_bc145099 1.51 -2.14 18.017     >18.017  99.990          55.81        28.94   0.153        0.079       
2457291.01313  2457291.01750  2015-09-25.5131340  coadd_bc145947 1.62 -2.14 17.204     >17.204  99.990          71.15        61.17   0.195        0.168       
2457298.00454  2457298.00928  2015-10-02.5045461  coadd_bc147193 1.76 -2.14 18.109     >18.109  99.990          29.28        26.57   0.080        0.073       
2457299.04213  2457299.04692  2015-10-03.5421346  coadd_bc147513 1.47 -2.14 18.000     >18.000  99.990          35.26        29.39   0.097        0.081       
2457302.96735  2457302.97231  2015-10-07.4673541  coadd_bc148063 2.99 -2.14 18.189     >18.189  99.990          53.68        24.68   0.147        0.068       
2457306.03025  2457306.03533  2015-10-10.5302553  coadd_bc149317 1.37 -2.14 18.237     >18.237  99.990         -21.11        23.62   -0.058       0.065       
2457308.89964  2457308.90482  2015-10-13.3996454  coadd_bc150018 1.35 -2.14 18.330     >18.330  99.990          15.85        21.69   0.044        0.060       
2457311.03521  2457311.04045  2015-10-15.5352090  coadd_bc150831 1.34 -2.14 18.287     >18.287  99.990         -46.19        22.56   -0.127       0.062       
2457313.96898  2457313.97430  2015-10-18.4689795  coadd_bc151323 1.38 -2.14 18.298     >18.298  99.990          -9.58        22.34   -0.026       0.061       
2457316.82651  2457316.83190  2015-10-21.3265137  coadd_bc152251 1.45 -2.14 17.896     >17.896  99.990          54.61        32.35   0.150        0.089       
2457318.03710  2457318.04251  2015-10-22.5371018  coadd_bc153030 1.38 -2.14 17.964     >17.964  99.990         -17.23        30.38   -0.047       0.083       
2457318.76003  2457318.76545  2015-10-23.2600320  coadd_bc153270 1.45 -2.14 17.609     >17.609  99.990         -36.72        42.14   -0.101       0.116       
2457320.94333  2457320.94878  2015-10-25.4433305  coadd_bc154233 1.43 -2.14 17.601     >17.601  99.990         107.09        42.43   0.294        0.116       
2457324.87322  2457324.87871  2015-10-29.3732212  coadd_bc155732 1.61 -2.14 17.293     >17.293  99.990          52.79        56.34   0.145        0.155       
2457327.91013  2457327.91564  2015-11-01.4101348  coadd_bc156273 1.44 -2.14 17.905     >17.905  99.990        -106.16        32.07   -0.291       0.088       
2457328.79805  2457328.80355  2015-11-02.2980491  coadd_bc156611 1.39 -2.14 17.726     >17.726  99.990          65.61        37.83   0.180        0.104       
2457329.99296  2457329.99847  2015-11-03.4929648  coadd_bc157105 1.42 -2.14 17.890     >17.890  99.990         -85.51        32.52   -0.235       0.089       
2457334.76641  2457334.77189  2015-11-08.2664135  coadd_bc158360 1.78 -2.14 17.976     >17.976  99.990         -61.66        30.06   -0.169       0.083       
2457341.79626  2457341.80163  2015-11-15.2962653  coadd_bc158959 1.58 -2.14 17.967     >17.967  99.990         -47.93        30.29   -0.132       0.083       
2457343.89767  2457343.90299  2015-11-17.3976731  coadd_bc159682 2.12 -2.14 18.130     >18.130  99.990          -7.46        26.06   -0.020       0.072       
2457354.87210  2457354.87706  2015-11-28.3721060  coadd_bc161368 1.40 -2.14 17.147     >17.147  99.990         -45.42        64.46   -0.125       0.177       
2457356.92529  2457356.93015  2015-11-30.4252879  coadd_bc161857 1.48 -2.14 17.838     >17.838  99.990         -81.78        34.11   -0.225       0.094       
2457358.92177  2457358.92654  2015-12-02.4217734  coadd_bc162672 1.49 -2.14 18.081     >18.081  99.990         -15.03        27.28   -0.041       0.075       
2457359.89175  2457359.89647  2015-12-03.3917523  coadd_bc163084 1.40 -2.14 18.368     >18.368  99.990          -3.88        20.94   -0.011       0.057       
2457361.91450  2457361.91912  2015-12-05.4145034  coadd_bc163974 1.39 -2.14 18.302     >18.302  99.990         -80.50        22.25   -0.221       0.061       
2457362.86921  2457362.87378  2015-12-06.3692105  coadd_bc164365 1.40 -2.14 18.394     >18.394  99.990         -11.83        20.45   -0.032       0.056       
2457364.89618  2457364.90064  2015-12-08.3961843  coadd_bc165256 1.56 -2.14 18.329     >18.329  99.990         -29.64        21.70   -0.081       0.060       
2457366.76641  2457366.77076  2015-12-10.2664128  coadd_bc166030 1.65 -2.14 18.233     >18.233  99.990          55.55        23.72   0.152        0.065       
2457368.88962  2457368.89384  2015-12-12.3896233  coadd_bc166686 1.52 -2.14 18.333     >18.333  99.990         -50.72        21.64   -0.139       0.059       
2457380.78892  2457380.79231  2015-12-24.2889252  coadd_bc169320 1.51 -2.14 17.421     >17.421  99.990         -17.61        50.11   -0.048       0.138       
2457383.86940  2457383.87255  2015-12-27.3693986  coadd_bc169953 2.21 -2.14 17.449     >17.449  99.990         -63.28        48.83   -0.174       0.134       
2457385.84784  2457385.85084  2015-12-29.3478468  coadd_bc170481 1.38 -2.14 18.084     >18.084  99.990         -53.22        27.19   -0.146       0.075       
2457386.81064  2457386.81355  2015-12-30.3106420  coadd_bc170872 1.53 -2.14 18.451     >18.451  99.990          -3.54        19.40   -0.010       0.053       
2457388.76544  2457388.76819  2016-01-01.2654453  coadd_bc171711 1.36 -2.14 17.851     >17.851  99.990         -21.24        33.72   -0.058       0.093       
2457390.78113  2457390.78371  2016-01-03.2811285  coadd_bc172372 1.33 -2.14 18.367     >18.367  99.990          11.60        20.96   0.032        0.058       
2457392.83362  2457392.83602  2016-01-05.3336188  coadd_bc173273 1.51 -2.14 18.196     >18.196  99.990         -60.61        24.54   -0.166       0.067       
2457394.80935  2457394.81158  2016-01-07.3093523  coadd_bc173706 1.57 -2.14 18.333     >18.333  99.990          -9.49        21.63   -0.026       0.059       
2457395.81011  2457395.81225  2016-01-08.3101105  coadd_bc174143 1.66 -2.14 18.412     >18.412  99.990           1.81        20.10   0.005        0.055       
2457396.74978  2457396.75183  2016-01-09.2497831  coadd_bc174532 1.68 -2.14 18.202     >18.202  99.990        -125.02        24.41   -0.343       0.067       
2457399.74702  2457399.74880  2016-01-12.2470260  coadd_bc175803 1.48 -2.14 18.240     >18.240  99.990         -30.51        23.55   -0.084       0.065       
2457402.73703  2457402.73854  2016-01-15.2370355  coadd_bc176667 1.83 -2.14 18.493     >18.493  99.990         -66.52        18.67   -0.183       0.051       
2457406.70810  2457406.70923  2016-01-19.2081042  coadd_bc178356 1.57 -2.14 17.526     >17.526  99.990         -20.81        45.48   -0.057       0.125       
2457408.73957  2457408.74051  2016-01-21.2395741  coadd_bc179205 1.47 -2.14 17.450     >17.450  99.990         -49.09        48.77   -0.135       0.134       
2457411.76975  2457411.77040  2016-01-24.2697495  coadd_bc180524 1.41 -2.14 17.497     >17.497  99.990         -51.52        46.72   -0.141       0.128       
2457413.75670  2457413.75716  2016-01-26.2567046  coadd_bc181379 1.46 -2.14 17.790     >17.790  99.990        -106.75        35.66   -0.293       0.098       
2457416.74637  2457416.74653  2016-01-29.2463697  coadd_bc182647 1.53 -2.14 18.428     >18.428  99.990         -24.97        19.82   -0.069       0.054       
2457418.74722  2457418.74719  2016-01-31.2472187  coadd_bc183495 1.67 -2.14 18.364     >18.364  99.990         -37.14        21.02   -0.102       0.058       
2457419.73990  2457419.73978  2016-02-01.2399038  coadd_bc183918 1.47 -2.14 18.404     >18.404  99.990         -56.84        20.25   -0.156       0.056       
2457420.73661  2457420.73639  2016-02-02.2366078  coadd_bc184344 1.41 -2.14 18.578     >18.578  99.990          24.02        17.25   0.066        0.047       
2457421.76392  2457421.76360  2016-02-03.2639254  coadd_bc184767 1.41 -2.14 17.975     >17.975  99.990         -49.01        30.07   -0.135       0.083       
2457423.73315  2457423.73265  2016-02-05.2331540  coadd_bc185599 1.49 -2.14 17.995     >17.995  99.990          28.39        29.52   0.078        0.081       
2457428.71260  2457428.71162  2016-02-10.2126028  coadd_bc187203 1.75 -2.14 17.657     >17.657  99.990         -20.91        40.29   -0.057       0.111       
2457553.11549  2457553.11133  2016-06-13.6154880  coadd_bc224492 1.39 -2.14 17.261     >17.261  99.990         118.06        58.04   0.324        0.159       
2457555.10829  2457555.10426  2016-06-15.6082965  coadd_bc224625 1.45 -2.14 17.828     >17.828  99.990         -24.44        34.42   -0.067       0.094       
2457560.09783  2457560.09414  2016-06-20.5978310  coadd_bc226086 1.46 -2.14 17.337     >17.337  99.990         -33.56        54.11   -0.092       0.149       
2457562.09041  2457562.08686  2016-06-22.5904136  coadd_bc226724 1.49 -2.14 17.212     >17.212  99.990         -82.50        60.71   -0.226       0.167       
2457564.08683  2457564.08343  2016-06-24.5868328  coadd_bc227156 1.39 -2.14 17.813     >17.813  99.990          10.56        34.91   0.029        0.096       
2457575.11397  2457575.11145  2016-07-05.6139703  coadd_bc229620 1.40 -2.14 17.922      17.859  0.345          100.40        31.57   0.276        0.087       
2457577.09721  2457577.09486  2016-07-07.5972115  coadd_bc230249 1.43 -2.14 18.170      17.347  0.171          160.88        25.12   0.442        0.069       
2457581.07424  2457581.07223  2016-07-11.5742421  coadd_bc231212 1.78 -2.14 17.870      17.127  0.184          196.94        33.13   0.541        0.091       
2457587.06184  2457587.06037  2016-07-17.5618469  coadd_bc232662 1.56 -2.14 17.841     >17.841  99.990          23.60        34.02   0.065        0.093       
2457590.06487  2457590.06367  2016-07-20.5648792  coadd_bc233254 1.44 -2.14 17.443     >17.443  99.990         -33.98        49.08   -0.093       0.135       
2457598.12817  2457598.12772  2016-07-28.6281754  coadd_bc235031 1.47 -2.14 17.445     >17.445  99.990         137.31        48.99   0.377        0.134       
2457599.08123  2457599.08087  2016-07-29.5812329  coadd_bc235285 1.86 -2.14 18.327     >18.327  99.990         -13.86        21.74   -0.038       0.060       
2457604.10551  2457604.10562  2016-08-03.6055145  coadd_bc236812 1.38 -2.14 18.433     >18.433  99.990         -41.56        19.72   -0.114       0.054       
2457608.09995  2457608.10044  2016-08-07.5999512  coadd_bc238041 1.42 -2.14 18.206     >18.206  99.990           4.79        24.30   0.013        0.067       
2457611.04078  2457611.04154  2016-08-10.5407815  coadd_bc238950 1.34 -2.14 18.398     >18.398  99.990         -34.46        20.37   -0.095       0.056       
2457613.97194  2457613.97297  2016-08-13.4719372  coadd_bc239959 1.36 -2.14 18.031     >18.031  99.990          44.78        28.56   0.123        0.078       
2457616.10235  2457616.10358  2016-08-15.6023501  coadd_bc240385 1.37 -2.14 18.358     >18.358  99.990          31.88        21.14   0.088        0.058       
2457617.96354  2457617.96495  2016-08-17.4635450  coadd_bc240911 1.44 -2.14 17.596     >17.596  99.990          76.47        42.65   0.210        0.117       
2457622.13154  2457622.13332  2016-08-21.6315443  coadd_bc242279 1.44 -2.14 17.596     >17.596  99.990          38.44        42.63   0.106        0.117       
2457628.09238  2457628.09468  2016-08-27.5923803  coadd_bc243416 1.67 -2.14 18.134      17.603  0.224          127.08        25.98   0.349        0.071       
2457631.79514  2457631.79775  2016-08-31.2951378  coadd_bg091371 1.47 -2.66 17.976      16.634  0.106          190.85        18.49   0.852        0.083       
2457632.79905  2457632.80174  2016-09-01.2990480  coadd_bg091627 1.39 -2.66 18.151      17.508  0.201           85.35        15.73   0.381        0.070       
2457633.79163  2457633.79441  2016-09-02.2916343  coadd_bg091990 1.60 -2.66 18.167     >18.167  99.990          46.44        15.51   0.207        0.069       
2457637.01463  2457637.01766  2016-09-05.5146300  coadd_bc244490 1.37 -2.14 18.097      17.710  0.256          115.15        26.88   0.316        0.074       
2457639.95949  2457639.96276  2016-09-08.4594916  coadd_bc245607 1.40 -2.14 18.312      17.447  0.164          146.62        22.05   0.403        0.061       
2457643.76945  2457643.77299  2016-09-12.2694497  coadd_bg095651 1.60 -2.66 17.641     >17.641  99.990         -60.02        25.17   -0.268       0.112       
2457645.75836  2457645.76205  2016-09-14.2583586  coadd_bg096422 1.46 -2.66 17.498     >17.498  99.990         -48.44        28.70   -0.216       0.128       
2457647.75106  2457647.75489  2016-09-16.2510662  coadd_bg096911 1.37 -2.66 17.219     >17.219  99.990        -104.75        37.11   -0.467       0.166       
2457648.75546  2457648.75935  2016-09-17.2554612  coadd_bg097304 1.40 -2.66 17.196     >17.196  99.990         -22.20        37.92   -0.099       0.169       
2457649.74783  2457649.75179  2016-09-18.2478268  coadd_bg097684 1.55 -2.66 16.999     >16.999  99.990          -5.67        45.45   -0.025       0.203       
2457652.85978  2457652.86394  2016-09-21.3597803  coadd_bg098841 1.42 -2.66 17.651     >17.651  99.990           1.86        24.94   0.008        0.111       
2457653.97643  2457653.98066  2016-09-22.4764354  coadd_bc248067 2.04 -2.14 18.092      17.620  0.236          125.03        27.00   0.343        0.074       
2457655.73229  2457655.73662  2016-09-24.2322923  coadd_bg099889 1.44 -2.66 18.138     >18.138  99.990          21.20        15.93   0.095        0.071       
2457656.83401  2457656.83841  2016-09-25.3340103  coadd_bg100345 1.40 -2.66 18.169     >18.169  99.990          12.68        15.47   0.057        0.069       
2457658.03455  2457658.03901  2016-09-26.53455  coadd_bc248989 1.44 -2.14 18.231      17.351  0.162          160.28        23.76   0.440        0.065       
2457660.72243  2457660.72704  2016-09-29.2224276  coadd_bg101779 1.51 -2.66 18.180     >18.180  99.990           1.61        15.32   0.007        0.068       
2457663.80720  2457663.81196  2016-10-02.3071960  coadd_bg102971 1.38 -2.66 18.006     >18.006  99.990         -28.38        17.98   -0.127       0.080       
2457667.70369  2457667.70863  2016-10-06.2036892  coadd_bg104064 1.36 -2.66 17.514     >17.514  99.990         -76.31        28.30   -0.341       0.126       
2457668.94068  2457668.94567  2016-10-07.4406848  coadd_bc251228 1.41 -2.14 18.391     >18.391  99.990          -9.83        20.50   -0.027       0.056       
2457672.79706  2457672.80219  2016-10-11.2970590  coadd_bc252739 1.41 -2.14 17.821     >17.821  99.990          38.64        34.65   0.106        0.095       
2457674.01355  2457674.01872  2016-10-12.5135482  coadd_bc253165 1.35 -2.14 17.918     >17.918  99.990         -32.42        31.68   -0.089       0.087       
2457675.96688  2457675.97211  2016-10-14.4668818  coadd_bc253945 1.57 -2.14 17.442     >17.442  99.990        -125.17        49.11   -0.344       0.135       
2457681.97157  2457681.97696  2016-10-20.4715740  coadd_bc256077 1.61 -2.14 17.881     >17.881  99.990          29.43        32.80   0.081        0.090       
2457683.69625  2457683.70167  2016-10-22.1962513  coadd_bg107832 1.51 -2.66 18.145     >18.145  99.990        -132.25        15.82   -0.590       0.071       
2457686.82015  2457686.82561  2016-10-25.3201520  coadd_bc257091 1.45 -2.14 18.141     >18.141  99.990         -75.98        25.82   -0.209       0.071       
2457688.95704  2457688.96253  2016-10-27.4570430  coadd_bc258006 1.61 -2.14 18.140     >18.140  99.990          -7.76        25.84   -0.021       0.071       
2457693.99698  2457694.00249  2016-11-01.4969788  coadd_bc259561 1.61 -2.14 18.198     >18.198  99.990         -36.02        24.49   -0.099       0.067       
2457696.99606  2457697.00157  2016-11-04.4960678  coadd_bc260822 1.42 -2.14 18.565     >18.565  99.990          -9.73        17.47   -0.027       0.048       
2457698.87433  2457698.87982  2016-11-06.3743319  coadd_bc261541 1.43 -2.14 18.533     >18.533  99.990         -37.62        17.99   -0.103       0.049       
2457701.97228  2457701.97774  2016-11-09.4722863  coadd_bc262766 1.64 -2.14 18.243     >18.243  99.990         -50.17        23.50   -0.138       0.065       
2457703.92652  2457703.93195  2016-11-11.4265203  coadd_bc263579 1.45 -2.14 17.750     >17.750  99.990          36.23        37.01   0.099        0.102       
2457707.86470  2457707.87005  2016-11-15.3646990  coadd_bc265198 1.44 -2.14 17.246     >17.246  99.990         -99.84        58.85   -0.274       0.162       
2457708.70731  2457708.71265  2016-11-16.2073155  coadd_bc265465 1.60 -2.14 18.336     >18.336  99.990         -24.07        21.57   -0.066       0.059       
2457715.74125  2457715.74637  2016-11-23.2412519  coadd_bc267619 1.82 -2.14 18.475     >18.475  99.990         -11.69        18.98   -0.032       0.052       
2457719.92537  2457719.93033  2016-11-27.4253688  coadd_bc268990 1.61 -2.14 18.237     >18.237  99.990         -29.59        23.64   -0.081       0.065       
2457721.91390  2457721.91878  2016-11-29.4139041  coadd_bc269813 1.75 -2.14 18.493     >18.493  99.990         -13.35        18.66   -0.037       0.051       
2457727.54445  2457727.54905  2016-12-05.0444533  coadd_bg119136 1.52 -2.66 18.139     >18.139  99.990         -47.82        15.91   -0.213       0.071       
2457735.61534  2457735.61947  2016-12-13.1153440  coadd_bg120792 1.48 -2.66 17.084     >17.084  99.990          -4.98        42.04   -0.022       0.188       
2457737.88296  2457737.88694  2016-12-15.3829615  coadd_bc271502 1.37 -2.14 17.819     >17.819  99.990         -18.85        34.71   -0.052       0.095       
2457745.86283  2457745.86623  2016-12-23.3628332  coadd_bc272376 1.83 -2.14 18.606     >18.606  99.990           1.09        16.82   0.003        0.046       
2457746.85909  2457746.86242  2016-12-24.3590959  coadd_bc272792 1.59 -2.14 18.444     >18.444  99.990         -42.58        19.52   -0.117       0.054       
2457749.85352  2457749.85661  2016-12-27.3535194  coadd_bc273707 2.24 -2.14 17.706     >17.706  99.990           9.49        38.52   0.026        0.106       
2457750.84853  2457750.85155  2016-12-28.3485377  coadd_bc274022 1.44 -2.14 18.358     >18.358  99.990         -59.44        21.13   -0.163       0.058       
2457755.56491  2457755.56753  2017-01-02.0649082  coadd_bg126203 2.06 -2.66 18.166     >18.166  99.990         -25.20        15.51   -0.112       0.069       
2457757.72501  2457757.72745  2017-01-04.2250167  coadd_bc275612 1.54 -2.14 18.338     >18.338  99.990          36.02        21.53   0.099        0.059       
2457762.75411  2457762.75610  2017-01-09.2541126  coadd_bc277349 1.55 -2.14 17.459     >17.459  99.990         113.33        48.39   0.311        0.133       
2457764.53928  2457764.54110  2017-01-11.0392818  coadd_bg128948 1.37 -2.66 17.179     >17.179  99.990         -87.65        38.51   -0.391       0.172       
2457766.80142  2457766.80304  2017-01-13.3014180  coadd_bc279156 1.39 -2.14 17.477     >17.477  99.990          20.01        47.58   0.055        0.131       
2457769.78772  2457769.78906  2017-01-16.2877189  coadd_bc280139 1.77 -2.14 18.436     >18.436  99.990          27.16        19.67   0.075        0.054       
2457773.77394  2457773.77490  2017-01-20.2739381  coadd_bc281655 1.68 -2.14 18.471     >18.471  99.990          47.85        19.05   0.131        0.052       
2457776.76750  2457776.76817  2017-01-23.2674978  coadd_bc282541 1.40 -2.14 18.083     >18.083  99.990         -16.62        27.23   -0.046       0.075       
2457779.76085  2457779.76123  2017-01-26.2608509  coadd_bc283707 1.56 -2.14 18.529     >18.529  99.990          -2.00        18.06   -0.005       0.050       
2457781.75470  2457781.75489  2017-01-28.2547033  coadd_bc284548 1.57 -2.14 18.434      18.202  0.295           73.19        19.70   0.201        0.054       
2457783.74405  2457783.74405  2017-01-30.2440468  coadd_bc285347 1.38 -2.14 18.318     >18.318  99.990          25.89        21.92   0.071        0.060       
2457789.73074  2457789.73016  2017-02-05.2307396  coadd_bc287599 1.41 -2.14 17.772     >17.772  99.990         -68.49        36.26   -0.188       0.100       
2457795.71318  2457795.71203  2017-02-11.2131840  coadd_bc289237 1.68 -2.14 16.159     >16.159  99.990        -101.08       160.14   -0.278       0.440       
2457917.11932  2457917.11509  2017-06-12.6193267  coadd_bc322157 1.51 -2.14 16.037     >16.037  99.990        -131.46       179.17   -0.361       0.492       
2457921.11258  2457921.10860  2017-06-16.6125825  coadd_bc322840 1.39 -2.14 17.468     >17.468  99.990          63.39        47.97   0.174        0.132       
2457928.10223  2457928.09874  2017-06-23.6022312  coadd_bc324429 1.40 -2.14 18.260      17.717  0.221          114.40        23.12   0.314        0.063       
2457931.08706  2457931.08379  2017-06-26.5870626  coadd_bc325317 1.52 -2.14 17.955     >17.955  99.990          39.91        30.62   0.110        0.084       
2457941.06723  2457941.06477  2017-07-06.5672333  coadd_bc327825 1.46 -2.14 18.038     >18.038  99.990          42.97        28.37   0.118        0.078       
2457944.10092  2457944.09872  2017-07-09.6009332  coadd_bc328854 1.51 -2.14 16.075     >16.075  99.990          61.96       173.04   0.170        0.475       
2457945.06294  2457945.06082  2017-07-10.5629476  coadd_bc329142 1.60 -2.14 17.435     >17.435  99.990         132.12        49.47   0.363        0.136       
2457948.08171  2457948.07986  2017-07-13.5817151  coadd_bc329752 1.42 -2.14 18.038     >18.038  99.990         -43.19        28.37   -0.119       0.078       
2457953.92823  2457953.92690  2017-07-19.4282344  coadd_bg189723 1.74 -2.66 18.161     >18.161  99.990         -59.46        15.59   -0.265       0.070       
2457957.90952  2457957.90857  2017-07-23.4095327  coadd_bg191006 1.40 -2.66 18.178     >18.178  99.990        -106.19        15.35   -0.474       0.069       
2457960.89504  2457960.89436  2017-07-26.3950456  coadd_bg192284 1.52 -2.66 17.917     >17.917  99.990        -102.52        19.52   -0.458       0.087       
2457967.01180  2457967.01169  2017-08-01.5118057  coadd_bc333405 1.41 -2.14 18.333     >18.333  99.990          48.57        21.63   0.133        0.059       
2457970.98767  2457970.98794  2017-08-05.4876792  coadd_bc334427 1.78 -2.14 17.371     >17.371  99.990         140.44        52.44   0.386        0.144       
2457972.05899  2457972.05935  2017-08-06.5589937  coadd_bc334844 1.42 -2.14 17.799     >17.799  99.990          46.30        35.36   0.127        0.097       
2457976.02313  2457976.02387  2017-08-10.5231409  coadd_bc336335 1.40 -2.14 17.705     >17.705  99.990         -90.78        38.55   -0.249       0.106       
2457981.08826  2457981.08946  2017-08-15.5882570  coadd_bc337910 1.44 -2.14 18.250     >18.250  99.990          17.60        23.35   0.048        0.064       
2457983.05321  2457983.05460  2017-08-17.5532260  coadd_bc338592 1.34 -2.14 18.354     >18.354  99.990         -37.09        21.22   -0.102       0.058       
2457989.04868  2457989.05061  2017-08-23.5486905  coadd_bc339828 1.44 -2.14 18.073     >18.073  99.990          82.07        27.47   0.225        0.075       
2457993.02090  2457993.02317  2017-08-27.5209005  coadd_bc341103 1.56 -2.14 18.377     >18.377  99.990          35.37        20.77   0.097        0.057       
2457997.92348  2457997.92616  2017-09-01.4234790  coadd_bc342289 1.44 -2.14 18.001     >18.001  99.990          81.07        29.36   0.223        0.081       
2457999.05390  2457999.05668  2017-09-02.5539016  coadd_bc342744 1.55 -2.14 18.121     >18.121  99.990          15.65        26.29   0.043        0.072       
2458005.01705  2458005.02030  2017-09-08.5170533  coadd_bc344328 1.40 -2.14 17.594     >17.594  99.990          70.22        42.70   0.193        0.117       
2458010.10879  2458010.11241  2017-09-13.6087928  coadd_bc345217 1.37 -2.14 18.101      17.133  0.150          195.92        26.78   0.538        0.074       
2458011.97994  2458011.98369  2017-09-15.4799416  coadd_bc345742 1.40 -2.14 17.466     >17.466  99.990          18.62        48.05   0.051        0.132       
2458014.03328  2458014.03718  2017-09-17.5332862  coadd_bc346463 1.40 -2.14 18.226      17.138  0.134          195.02        23.87   0.535        0.066       
2458018.01596  2458018.02011  2017-09-21.5159601  coadd_bc347510 1.47 -2.14 17.755      16.864  0.161          251.01        36.84   0.689        0.101       
2458020.01458  2458020.01885  2017-09-23.5145798  coadd_bc348217 1.41 -2.14 18.119      17.550  0.216          133.44        26.34   0.366        0.072       
2458020.99461  2458020.99894  2017-09-24.4946153  coadd_bc348582 1.49 -2.14 18.168      16.887  0.112          245.73        25.17   0.675        0.069       
2458022.92535  2458022.92980  2017-09-26.4253585  coadd_bc349292 1.48 -2.14 18.055      17.618  0.244          125.33        27.95   0.344        0.077       
2458024.94659  2458024.95114  2017-09-28.4465964  coadd_bc349847 1.74 -2.14 18.052      17.347  0.191          160.88        28.01   0.442        0.077       
2458029.82191  2458029.82670  2017-10-03.3219099  coadd_bc351363 1.41 -2.14 17.484     >17.484  99.990         104.43        47.26   0.287        0.130       
2458037.03023  2458037.03533  2017-10-10.5302324  coadd_bc353097 1.41 -2.14 17.694      16.783  0.158          270.31        38.95   0.742        0.107       
2458038.02184  2458038.02698  2017-10-11.5218450  coadd_bc353495 1.41 -2.14 17.957      17.603  0.264          127.08        30.59   0.349        0.084       
2458040.73691  2458040.74213  2017-10-14.2369131  coadd_bg216134 2.07 -2.66 18.169     >18.169  99.990          27.54        15.47   0.123        0.069       
2458045.66785  2458045.67320  2017-10-19.1678560  coadd_bg217546 1.48 -2.66 17.870      16.944  0.155          143.48        20.39   0.640        0.091       
2458046.66457  2458046.66994  2017-10-20.1645686  coadd_bg217902 1.57 -2.66 17.930      16.877  0.138          152.63        19.28   0.681        0.086       
2458048.67247  2458048.67789  2017-10-22.1724759  coadd_bg218616 1.52 -2.66 17.944      17.381  0.217           95.91        19.04   0.428        0.085       
2458074.85765  2458074.86296  2017-11-17.3576517  coadd_bc360252 1.42 -2.14 18.345      17.574  0.179          130.52        21.39   0.358        0.059       
2458075.84168  2458075.84696  2017-11-18.3416809  coadd_bc360648 1.39 -2.14 18.310      17.929  0.257           94.11        22.09   0.258        0.061       
2458076.86525  2458076.87051  2017-11-19.3652511  coadd_bc361039 1.40 -2.14 18.017     >18.017  99.990         -31.41        28.93   -0.086       0.079       
2458077.90302  2458077.90825  2017-11-20.4030282  coadd_bc361322 1.70 -2.14 18.441     >18.441  99.990          42.36        19.58   0.116        0.054       
2458082.68259  2458082.68766  2017-11-25.1825969  coadd_bg225612 1.49 -2.66 18.050     >18.050  99.990         -63.78        17.27   -0.285       0.077       
2458091.76549  2458091.77014  2017-12-04.2654923  coadd_bc363249 1.59 -2.14 17.509     >17.509  99.990          58.85        46.18   0.162        0.127       
2458092.70399  2458092.70859  2017-12-05.2039915  coadd_bc363629 2.17 -2.14 18.377     >18.377  99.990         -48.45        20.76   -0.133       0.057       
2458096.52676  2458096.53115  2017-12-09.0267622  coadd_bg229464 1.55 -2.66 17.602     >17.602  99.990         -93.58        26.07   -0.418       0.116       
2458097.90101  2458097.90532  2017-12-10.4010109  coadd_bc364835 1.38 -2.14 17.247     >17.247  99.990        -204.50        58.78   -0.561       0.161       
2458105.58520  2458105.58901  2017-12-18.0852006  coadd_bg231905 1.50 -2.66 18.016     >18.016  99.990         -61.16        17.82   -0.273       0.080       
2458109.55731  2458109.56084  2017-12-22.0573226  coadd_bg232983 1.33 -2.66 17.816     >17.816  99.990        -115.94        21.43   -0.517       0.096       
2458123.80413  2458123.80650  2018-01-05.3041371  coadd_bc370373 1.44 -2.14 18.290     >18.290  99.990          16.92        22.51   0.046        0.062       
2458124.82654  2458124.82881  2018-01-06.3265466  coadd_bc370806 1.55 -2.14 18.290      17.897  0.254           96.90        22.50   0.266        0.062       
2458125.82309  2458125.82528  2018-01-07.3230928  coadd_bc371218 1.41 -2.14 18.252      17.419  0.169          150.53        23.30   0.413        0.064       
2458126.81963  2458126.82172  2018-01-08.3196296  coadd_bc371641 2.10 -2.14 18.380      17.750  0.204          111.02        20.71   0.305        0.057       
2458127.82212  2458127.82412  2018-01-09.3221276  coadd_bc372053 1.34 -2.14 18.132      16.981  0.126          225.37        26.02   0.619        0.071       
2458128.81655  2458128.81847  2018-01-10.3165563  coadd_bc372474 1.45 -2.14 18.092      17.044  0.139          212.55        27.00   0.584        0.074       
2458130.80716  2458130.80889  2018-01-12.3071628  coadd_bc373224 1.51 -2.14 18.263      16.958  0.109          230.18        23.07   0.632        0.063       
2458131.80702  2458131.80867  2018-01-13.3070283  coadd_bc373600 1.50 -2.14 18.094      17.051  0.140          211.27        26.95   0.580        0.074       
2458132.75258  2458132.75413  2018-01-14.2525785  coadd_bc373973 1.37 -2.14 18.426     >18.426  99.990          -6.86        19.85   -0.019       0.054       
2458133.72986  2458133.73132  2018-01-15.2298701  coadd_bc374369 1.46 -2.14 18.217     >18.217  99.990          26.29        24.07   0.072        0.066       
2458134.78882  2458134.79018  2018-01-16.2888254  coadd_bc374814 1.37 -2.14 18.441      17.884  0.218           98.13        19.58   0.269        0.054       
2458135.78904  2458135.79031  2018-01-17.2890513  coadd_bc375153 1.86 -2.14 18.410      18.148  0.287           76.91        20.14   0.211        0.055       
2458137.76257  2458137.76366  2018-01-19.2625784  coadd_bc375911 2.48 -2.14 17.606     >17.606  99.990          20.22        42.26   0.056        0.116       
2458138.76682  2458138.76781  2018-01-20.2668211  coadd_bc376177 1.85 -2.14 18.448     >18.448  99.990           2.77        19.44   0.008        0.053       
2458145.75015  2458145.75047  2018-01-27.2501637  coadd_bc377385 1.84 -2.14 18.012      17.712  0.277          114.91        29.06   0.315        0.080       
2458147.74465  2458147.74477  2018-01-29.2446506  coadd_bc377591 1.67 -2.14 17.099     >17.099  99.990         -47.00        67.38   -0.129       0.185       
2458148.74762  2458148.74765  2018-01-30.2476343  coadd_bc378013 1.55 -2.14 17.628     >17.628  99.990          44.22        41.41   0.121        0.114       
2458149.74418  2458149.74410  2018-01-31.2441817  coadd_bc378432 1.47 -2.14 17.346     >17.346  99.990         132.82        53.70   0.365        0.147       
2458152.73747  2458152.73711  2018-02-03.2374721  coadd_bc378680 1.81 -2.14 18.272      17.855  0.249          100.70        22.89   0.276        0.063       
2458153.72628  2458153.72583  2018-02-04.2262871  coadd_bc378931 1.86 -2.14 18.258     >18.258  99.990          65.00        23.18   0.178        0.064       
2458159.72096  2458159.71992  2018-02-10.2209612  coadd_bc379839 2.17 -2.14 18.195     >18.195  99.990         -74.70        24.55   -0.205       0.067       
2458284.11282  2458284.10869  2018-06-14.6128177  coadd_bc401646 1.37 -2.14 17.676     >17.676  99.990         -58.19        39.62   -0.160       0.109       
2458285.10973  2458285.10567  2018-06-15.6097350  coadd_bc401966 1.34 -2.14 17.606     >17.606  99.990         -45.50        42.26   -0.125       0.116       
2458287.10513  2458287.10119  2018-06-17.6051327  coadd_bc402507 1.52 -2.14 17.954     >17.954  99.990         -83.25        30.67   -0.229       0.084       
2458288.10148  2458288.09761  2018-06-18.6014795  coadd_bc402797 1.46 -2.14 18.024     >18.024  99.990         -23.03        28.76   -0.063       0.079       
2458293.08675  2458293.08324  2018-06-23.5867535  coadd_bc403817 1.40 -2.14 18.164     >18.164  99.990         -47.71        25.28   -0.131       0.069       
2458301.07407  2458301.07117  2018-07-01.5740790  coadd_bc405937 1.44 -2.14 17.055     >17.055  99.990          30.74        70.18   0.084        0.193       
2458309.11403  2458309.11181  2018-07-09.6140351  coadd_bc407479 1.43 -2.14 18.125     >18.125  99.990         -19.95        26.20   -0.055       0.072       
2458311.06087  2458311.05882  2018-07-11.5608797  coadd_bc408160 1.35 -2.14 17.500     >17.500  99.990        -119.11        46.60   -0.327       0.128       
2458312.09060  2458312.08864  2018-07-12.5906020  coadd_bc408493 1.34 -2.14 18.175     >18.175  99.990         -49.07        25.01   -0.135       0.069       
2458319.03855  2458319.03721  2018-07-19.5385561  coadd_bc410161 1.38 -2.14 17.986     >17.986  99.990         -68.66        29.78   -0.189       0.082       
2458326.01366  2458326.01297  2018-07-26.5136694  coadd_bc412405 1.36 -2.14 17.417     >17.417  99.990         -57.39        50.27   -0.158       0.138       
2458331.88979  2458331.88964  2018-08-01.3897898  coadd_bg288776 1.57 -2.66 16.863     >16.863  99.990        -157.78        51.51   -0.704       0.230       
2458337.07699  2458337.07734  2018-08-06.5769934  coadd_bc415708 1.45 -2.14 18.276     >18.276  99.990         -32.64        22.80   -0.090       0.063       
2458338.03524  2458338.03568  2018-08-07.5352496  coadd_bc416028 2.44 -2.14 18.411     >18.411  99.990         -36.53        20.13   -0.100       0.055       
2458340.01101  2458340.01163  2018-08-09.5110096  coadd_bc416632 1.37 -2.14 17.584     >17.584  99.990         -59.07        43.10   -0.162       0.118       
2458343.02135  2458343.02225  2018-08-12.5213554  coadd_bc417079 1.52 -2.14 18.443     >18.443  99.990         -38.93        19.54   -0.107       0.054       
2458344.85246  2458344.85353  2018-08-14.3524670  coadd_bg294051 1.48 -2.66 17.897     >17.897  99.990          -8.86        19.89   -0.040       0.089       
2458351.10939  2458351.11104  2018-08-20.6093965  coadd_bc419082 1.45 -2.14 18.197     >18.197  99.990         -61.02        24.51   -0.168       0.067       
2458354.82119  2458354.82316  2018-08-24.3211870  coadd_bg297171 1.78 -2.66 16.552     >16.552  99.990        -233.27        68.63   -1.041       0.306       
2458355.82154  2458355.82360  2018-08-25.3215480  coadd_bg297588 1.44 -2.66 16.601     >16.601  99.990        -407.33        65.56   -1.818       0.293       
2458358.81944  2458358.82176  2018-08-28.3194473  coadd_bg298430 1.44 -2.66 16.450     >16.450  99.990        -492.63        75.39   -2.199       0.336       
2458367.11481  2458367.11781  2018-09-05.6148118  coadd_bc421513 1.68 -2.14 18.404     >18.404  99.990          13.55        20.27   0.037        0.056       
2458371.06349  2458371.06680  2018-09-09.5634939  coadd_bc422566 1.39 -2.14 18.469     >18.469  99.990           2.66        19.08   0.007        0.052       
2458376.76496  2458376.76869  2018-09-15.2649684  coadd_bg305022 1.51 -2.66 17.689     >17.689  99.990          -2.47        24.08   -0.011       0.107       
2458377.99235  2458377.99616  2018-09-16.4923552  coadd_bc424100 1.40 -2.14 18.292     >18.292  99.990         -14.76        22.45   -0.041       0.062       
2458383.06497  2458383.06911  2018-09-21.5649703  coadd_bc425460 1.65 -2.14 18.104     >18.104  99.990          10.95        26.69   0.030        0.073       
2458384.94491  2458384.94917  2018-09-23.4449126  coadd_bc426160 1.64 -2.14 17.350     >17.350  99.990         -72.02        53.50   -0.198       0.147       
2458392.03478  2458392.03943  2018-09-30.5347837  coadd_bc427850 1.65 -2.14 16.561     >16.561  99.990        -181.88       110.62   -0.499       0.304       
2458392.99414  2458392.99884  2018-10-01.4941440  coadd_bc428216 1.53 -2.14 18.398     >18.398  99.990         -68.31        20.37   -0.188       0.056       
2458395.95760  2458395.96244  2018-10-04.4575964  coadd_bc428797 1.51 -2.14 18.332     >18.332  99.990         -20.26        21.64   -0.056       0.059       
2458409.89101  2458409.89634  2018-10-18.3910153  coadd_bc431578 1.38 -2.14 17.134     >17.134  99.990         -68.64        65.23   -0.188       0.179       
2458414.86735  2458414.87278  2018-10-23.3673530  coadd_bc432687 1.39 -2.14 17.567     >17.567  99.990           7.85        43.79   0.022        0.120       
2458418.94576  2458418.95124  2018-10-27.4457640  coadd_bc433835 1.36 -2.14 17.533     >17.533  99.990          14.75        45.18   0.040        0.124       
2458428.93082  2458428.93632  2018-11-06.4308266  coadd_bc435340 1.47 -2.14 18.049     >18.049  99.990           7.93        28.09   0.022        0.077       
2458431.94850  2458431.95397  2018-11-09.4485021  coadd_bc436194 1.38 -2.14 18.335     >18.335  99.990         -17.00        21.59   -0.047       0.059       
2458446.89741  2458446.90251  2018-11-24.3974074  coadd_bc440568 1.48 -2.14 17.154     >17.154  99.990         163.92        64.05   0.450        0.176       
2458447.91193  2458447.91699  2018-11-25.4119303  coadd_bc441009 1.42 -2.14 17.308     >17.308  99.990          41.05        55.60   0.113        0.153       
2458449.92746  2458449.93244  2018-11-27.4274599  coadd_bc441885 1.41 -2.14 17.681     >17.681  99.990          89.88        39.44   0.247        0.108       
2458450.78600  2458450.79095  2018-11-28.2860093  coadd_bc442207 1.38 -2.14 18.327     >18.327  99.990          32.71        21.75   0.090        0.060       
