###  JD        HJD            UT_date             IMAGE          FWHM  Diff Limit      mag   mag_err       counts     count_err  flux (mJy)    flux_err
2458003.50910  2458003.50866  2017-09-07.0091082  coadd_bi001305 1.56 -1.75 17.964     >17.964  99.990         101.26        43.51   0.184        0.079       
2458028.57762  2458028.57563  2017-10-02.0776190  coadd_bq002221 1.61 -1.70 18.518     >18.518  99.990         -15.63        27.37   -0.027       0.047       
2458032.57444  2458032.57224  2017-10-06.0744435  coadd_bq002511 1.65 -1.70 18.204     >18.204  99.990          20.37        36.55   0.035        0.063       
2458033.60494  2458033.60268  2017-10-07.1049366  coadd_bq002631 2.01 -1.70 18.334      18.065  0.285          124.58        32.41   0.216        0.056       
2458125.04062  2458125.03764  2018-01-06.5406215  coadd_bq033683 1.58 -1.70 17.331     >17.331  99.990          26.70        81.67   0.046        0.141       
2458127.01725  2458127.01436  2018-01-08.5172534  coadd_bq034513 1.52 -1.70 18.670     >18.670  99.990          31.51        23.79   0.055        0.041       
2458128.01409  2458128.01124  2018-01-09.5140930  coadd_bq034990 1.60 -1.70 18.657      18.638  0.359           73.53        24.08   0.127        0.042       
2458129.01080  2458129.00800  2018-01-10.5108074  coadd_bq035450 1.54 -1.70 17.877     >17.877  99.990         -19.65        49.42   -0.034       0.086       
2458131.01947  2458131.01676  2018-01-12.5194771  coadd_bq036067 1.59 -1.70 18.773     >18.773  99.990           7.71        21.65   0.013        0.037       
2458141.99388  2458141.99173  2018-01-23.4938821  coadd_bq039191 1.48 -1.70 19.068     >19.068  99.990          31.28        16.50   0.054        0.029       
2458142.99075  2458142.98865  2018-01-24.4907478  coadd_bq039658 1.52 -1.70 19.449     >19.449  99.990          -2.81        11.61   -0.005       0.020       
2458143.98393  2458143.98189  2018-01-25.4839361  coadd_bq040122 1.49 -1.70 19.224     >19.224  99.990          27.28        14.29   0.047        0.025       
2458157.97585  2458157.97465  2018-02-08.4758516  coadd_bq045113 1.47 -1.70 18.822     >18.822  99.990         -14.93        20.70   -0.026       0.036       
2458175.90545  2458175.90543  2018-02-26.4054493  coadd_bq051336 1.62 -1.70 18.173     >18.173  99.990         -61.39        37.61   -0.106       0.065       
2458179.88875  2458179.88900  2018-03-02.3887552  coadd_bq052352 1.54 -1.70 17.883     >17.883  99.990          96.01        49.11   0.166        0.085       
2458180.88556  2458180.88588  2018-03-03.3855650  coadd_bq052767 1.69 -1.70 17.892     >17.892  99.990          65.41        48.72   0.113        0.084       
2458183.89831  2458183.89882  2018-03-06.3983123  coadd_bq053882 1.47 -1.70 18.267     >18.267  99.990          23.97        34.49   0.041        0.060       
2458184.88364  2458184.88422  2018-03-07.3836388  coadd_bq054169 1.55 -1.70 18.466     >18.466  99.990         -70.35        28.72   -0.122       0.050       
2458186.87661  2458186.87732  2018-03-09.3766138  coadd_bq054686 1.48 -1.70 18.493     >18.493  99.990         -99.84        28.02   -0.173       0.049       
2458187.85421  2458187.85498  2018-03-10.3542114  coadd_bq055081 1.48 -1.70 17.880     >17.880  99.990          33.70        49.24   0.058        0.085       
2458190.86307  2458190.86404  2018-03-13.3630684  coadd_bq055591 1.47 -1.70 19.167     >19.167  99.990          -6.33        15.05   -0.011       0.026       
2458193.86470  2458193.86586  2018-03-16.3647046  coadd_bq056198 1.57 -1.70 19.090     >19.090  99.990          19.09        16.16   0.033        0.028       
2458196.85081  2458196.85216  2018-03-19.3508100  coadd_bq056800 1.59 -1.70 19.158     >19.158  99.990          45.52        15.18   0.079        0.026       
2458197.97189  2458197.97331  2018-03-20.4718916  coadd_bq057257 1.59 -1.70 19.128     >19.128  99.990          38.22        15.60   0.066        0.027       
2458198.84458  2458198.84606  2018-03-21.3445841  coadd_bq057560 1.61 -1.70 18.905     >18.905  99.990          -7.45        19.17   -0.013       0.033       
2458199.84385  2458199.84539  2018-03-22.3438552  coadd_bq057952 1.48 -1.70 19.067     >19.067  99.990         -11.28        16.51   -0.020       0.029       
2458201.61243  2458201.61408  2018-03-24.1124383  coadd_bm037714 1.60 -2.06 19.134     >19.134  99.990          32.62        11.11   0.079        0.027       
2458203.60687  2458203.60864  2018-03-26.1068756  coadd_bm038376 2.04 -2.06 19.020     >19.020  99.990          15.11        12.34   0.037        0.030       
2458203.83453  2458203.83631  2018-03-26.3345347  coadd_bq059045 1.49 -1.70 18.447     >18.447  99.990          11.69        29.22   0.020        0.051       
2458204.60614  2458204.60796  2018-03-27.1061436  coadd_bm038845 1.58 -2.06 19.319     >19.319  99.990          26.70         9.37   0.065        0.023       
2458204.85205  2458204.85388  2018-03-27.3520476  coadd_bi063139 1.51 -1.75 18.886     >18.886  99.990          19.87        18.61   0.036        0.034       
2458205.60310  2458205.60498  2018-03-28.1031009  coadd_bm039163 1.51 -2.06 18.391     >18.391  99.990         -17.51        22.04   -0.042       0.053       
2458206.82544  2458206.82739  2018-03-29.3254403  coadd_bq059386 2.24 -1.70 18.067     >18.067  99.990          -0.18        41.45   -0.000       0.072       
2458207.84571  2458207.84772  2018-03-30.3457085  coadd_bi064379 1.39 -1.75 17.989     >17.989  99.990         -51.30        42.54   -0.093       0.077       
2458208.80895  2458208.81102  2018-03-31.3089565  coadd_bq060098 1.61 -1.70 17.911     >17.911  99.990          34.50        47.88   0.060        0.083       
2458210.81568  2458210.81785  2018-04-02.3156762  coadd_bq060686 1.62 -1.70 18.263     >18.263  99.990         -44.11        34.62   -0.076       0.060       
2458212.82041  2458212.82270  2018-04-04.3204238  coadd_bq061365 1.70 -1.70 17.950     >17.950  99.990          90.89        46.21   0.157        0.080       
2458213.79951  2458213.80185  2018-04-05.2995188  coadd_bq061626 1.52 -1.70 18.119     >18.119  99.990          61.02        39.53   0.106        0.068       
2458215.60017  2458215.60261  2018-04-07.100175  coadd_bm040645 1.61 -2.06 18.520     >18.520  99.990          54.69        19.57   0.132        0.047       
2458216.63357  2458216.63606  2018-04-08.1335770  coadd_bm041036 1.68 -2.06 18.093     >18.093  99.990           8.48        29.00   0.021        0.070       
2458216.78625  2458216.78874  2018-04-08.2862584  coadd_bq062353 1.56 -1.70 19.208     >19.208  99.990          26.08        14.49   0.045        0.025       
2458219.82388  2458219.82653  2018-04-11.3238909  coadd_bq063301 1.64 -1.70 18.848     >18.848  99.990          58.90        20.19   0.102        0.035       
2458220.61167  2458220.61436  2018-04-12.1116724  coadd_bm041685 1.53 -2.06 18.793      18.601  0.305           54.48        15.21   0.132        0.037       
2458223.76557  2458223.76841  2018-04-15.2655741  coadd_bq064230 1.49 -1.70 19.003      18.998  0.363           52.78        17.50   0.091        0.030       
2458226.78807  2458226.79103  2018-04-18.2880686  coadd_bq064976 1.57 -1.70 18.719     >18.719  99.990          16.23        22.75   0.028        0.039       
2458228.76401  2458228.76706  2018-04-20.2640163  coadd_bq065410 1.61 -1.70 18.635     >18.635  99.990         -47.03        24.58   -0.081       0.043       
2458230.53537  2458230.53849  2018-04-22.0353712  coadd_bm044143 1.49 -2.06 18.283     >18.283  99.990           8.39        24.33   0.020        0.059       
2458230.82812  2458230.83126  2018-04-22.3281245  coadd_bi073802 1.49 -1.75 19.276     >19.276  99.990          27.92        13.01   0.051        0.024       
2458231.53112  2458231.53428  2018-04-23.0311217  coadd_bm044559 1.50 -2.06 18.751     >18.751  99.990          24.79        15.81   0.060        0.038       
2458232.75076  2458232.75397  2018-04-24.2507694  coadd_bq066526 1.52 -1.70 19.047     >19.047  99.990          31.42        16.82   0.054        0.029       
2458233.52842  2458233.53166  2018-04-25.0284202  coadd_bm045010 1.45 -2.06 17.931     >17.931  99.990          11.35        33.65   0.027        0.081       
2458233.75416  2458233.75741  2018-04-25.2541648  coadd_bq066866 1.56 -1.70 17.662     >17.662  99.990          85.17        60.23   0.147        0.104       
2458234.95313  2458234.95642  2018-04-26.4531343  coadd_bq066996 1.71 -1.70 19.203     >19.203  99.990          35.08        14.56   0.061        0.025       
2458235.52090  2458235.52421  2018-04-27.0209030  coadd_bm045202 1.53 -2.06 18.139     >18.139  99.990          -2.71        27.79   -0.007       0.067       
2458239.50718  2458239.51062  2018-05-01.0071788  coadd_bm046073 1.49 -2.06 17.307     >17.307  99.990         150.95        59.81   0.365        0.145       
2458240.78797  2458240.79145  2018-05-02.2879686  coadd_bq068552 1.54 -1.70 18.180     >18.180  99.990          18.02        37.37   0.031        0.065       
2458242.52772  2458242.53125  2018-05-04.0277254  coadd_bm046825 1.55 -2.06 18.109     >18.109  99.990          69.09        28.56   0.167        0.069       
2458242.81357  2458242.81711  2018-05-04.3135846  coadd_bi078560 1.40 -1.75 17.923     >17.923  99.990         -45.35        45.23   -0.082       0.082       
2458243.53111  2458243.53467  2018-05-05.0311125  coadd_bm047243 1.62 -2.06 17.654     >17.654  99.990          67.04        43.46   0.162        0.105       
2458243.85476  2458243.85833  2018-05-05.3547700  coadd_bi079035 1.39 -1.75 18.095     >18.095  99.990         -60.23        38.60   -0.109       0.070       
2458244.78566  2458244.78925  2018-05-06.2856619  coadd_bi079422 1.35 -1.75 18.184     >18.184  99.990          52.19        35.54   0.095        0.064       
2458245.55290  2458245.55652  2018-05-07.0529048  coadd_bm048070 1.60 -2.06 18.044     >18.044  99.990         -25.00        30.34   -0.060       0.073       
2458245.82691  2458245.83053  2018-05-07.3269141  coadd_bi079857 1.75 -1.75 18.523     >18.523  99.990          58.11        26.01   0.105        0.047       
2458247.76095  2458247.76461  2018-05-09.2609497  coadd_bi080696 1.73 -1.75 17.964      17.297  0.198          241.34        43.54   0.438        0.079       
2458248.55955  2458248.56324  2018-05-10.0595577  coadd_bm048547 1.50 -2.06 18.852      18.675  0.310           50.89        14.42   0.123        0.035       
2458249.72662  2458249.73032  2018-05-11.2266171  coadd_bq070994 1.61 -1.70 19.317     >19.317  99.990          30.33        13.12   0.053        0.023       
2458251.85369  2458251.85743  2018-05-13.3536875  coadd_bq071618 1.48 -1.70 19.147     >19.147  99.990          24.65        15.34   0.043        0.027       
2458254.74882  2458254.75262  2018-05-16.2488229  coadd_bq072411 1.53 -1.70 19.361     >19.361  99.990          -8.38        12.59   -0.015       0.022       
2458256.49763  2458256.50145  2018-05-17.9976313  coadd_bm051254 1.60 -2.06 18.761     >18.761  99.990         -52.54        15.67   -0.127       0.038       
2458261.68682  2458261.69070  2018-05-23.1868268  coadd_bi086256 1.39 -1.75 18.458     >18.458  99.990          73.45        27.61   0.133        0.050       
2458261.86164  2458261.86552  2018-05-23.3616445  coadd_bq073892 1.45 -1.70 19.194     >19.194  99.990          36.76        14.69   0.064        0.025       
2458262.44925  2458262.45313  2018-05-23.9492565  coadd_bm052028 1.50 -2.06 16.916     >16.916  99.990         158.46        85.74   0.383        0.207       
2458262.86211  2458262.86600  2018-05-24.3621222  coadd_bq074173 1.60 -1.70 18.917     >18.917  99.990          42.56        18.95   0.074        0.033       
2458265.44212  2458265.44602  2018-05-26.9421197  coadd_bm052413 1.53 -2.06 17.748     >17.748  99.990          74.44        39.83   0.180        0.096       
2458268.77770  2458268.78160  2018-05-30.2777057  coadd_bq076056 1.54 -1.70 17.504     >17.504  99.990         103.38        69.62   0.179        0.121       
2458269.75953  2458269.76343  2018-05-31.2595268  coadd_bq076381 1.49 -1.70 17.452     >17.452  99.990          16.23        73.04   0.028        0.126       
2458270.62558  2458270.62948  2018-06-01.1255871  coadd_bq076614 1.50 -1.70 18.642     >18.642  99.990          -4.78        24.43   -0.008       0.042       
2458271.69302  2458271.69692  2018-06-02.1930254  coadd_bq077009 1.46 -1.70 18.765     >18.765  99.990          36.52        21.81   0.063        0.038       
2458274.50977  2458274.51365  2018-06-05.0097717  coadd_bm053563 1.55 -2.06 18.267     >18.267  99.990         -67.95        24.70   -0.164       0.060       
2458275.50217  2458275.50605  2018-06-06.0021788  coadd_bm054003 1.53 -2.06 18.652     >18.652  99.990         -49.00        17.33   -0.118       0.042       
2458275.75884  2458275.76271  2018-06-06.2588418  coadd_bi090580 1.39 -1.75 18.501      18.028  0.236          123.13        26.55   0.223        0.048       
2458276.49880  2458276.50267  2018-06-06.9988011  coadd_bm054433 1.62 -2.06 18.759     >18.759  99.990          11.58        15.70   0.028        0.038       
2458276.77359  2458276.77745  2018-06-07.2735872  coadd_bi091009 1.43 -1.75 17.547     >17.547  99.990          48.25        63.91   0.088        0.116       
2458277.49470  2458277.49856  2018-06-07.9946975  coadd_bm054695 1.48 -2.06 18.889     >18.889  99.990          30.12        13.93   0.073        0.034       
2458277.75048  2458277.75434  2018-06-08.2504865  coadd_bi091451 1.43 -1.75 18.940     >18.940  99.990          22.48        17.71   0.041        0.032       
2458278.44211  2458278.44596  2018-06-08.9421105  coadd_bm054940 1.57 -2.06 18.513     >18.513  99.990          12.36        19.69   0.030        0.048       
2458281.43204  2458281.43586  2018-06-11.9320494  coadd_bm055663 1.53 -2.06 19.388     >19.388  99.990         -26.96         8.80   -0.065       0.021       
2458283.86077  2458283.86454  2018-06-14.3607694  coadd_bq079286 2.09 -1.70 18.508     >18.508  99.990         -19.45        27.62   -0.034       0.048       
2458284.62948  2458284.63324  2018-06-15.1294792  coadd_bi093354 1.40 -1.75 19.308      19.295  0.360           38.33        12.62   0.070        0.023       
2458286.66255  2458286.66627  2018-06-17.1625490  coadd_bi094300 1.38 -1.75 19.088     >19.088  99.990          44.05        15.46   0.080        0.028       
2458288.87541  2458288.87908  2018-06-19.3754097  coadd_bq080436 1.46 -1.70 19.260     >19.260  99.990          11.83        13.82   0.020        0.024       
2458289.64959  2458289.65325  2018-06-20.1495898  coadd_bi095701 1.45 -1.75 18.769     >18.769  99.990          26.01        20.74   0.047        0.038       
2458290.36787  2458290.37152  2018-06-20.8678766  coadd_bm057279 1.58 -2.06 18.617     >18.617  99.990          37.38        17.89   0.090        0.043       
2458290.84600  2458290.84963  2018-06-21.3460100  coadd_bq081064 1.47 -1.70 19.090     >19.090  99.990          -7.88        16.17   -0.014       0.028       
2458291.35870  2458291.36232  2018-06-21.8586964  coadd_bm057590 1.54 -2.06 18.187     >18.187  99.990          51.96        26.60   0.126        0.064       
2458291.79622  2458291.79983  2018-06-22.2962207  coadd_bq081351 1.44 -1.70 18.557     >18.557  99.990          47.60        26.40   0.082        0.046       
2458293.72302  2458293.72658  2018-06-24.2230251  coadd_bi097641 2.12 -1.75 17.942     >17.942  99.990         -69.31        44.42   -0.126       0.081       
2458295.72810  2458295.73160  2018-06-26.2281021  coadd_bi098487 1.57 -1.75 17.615     >17.615  99.990          -3.91        60.02   -0.007       0.109       
2458298.44425  2458298.44767  2018-06-28.9442537  coadd_bm059053 1.55 -2.06 17.429     >17.429  99.990          -9.54        53.44   -0.023       0.129       
2458303.42307  2458303.42632  2018-07-03.9230703  coadd_bm059437 1.54 -2.06 18.529     >18.529  99.990          52.48        19.41   0.127        0.047       
2458304.41702  2458304.42023  2018-07-04.9170219  coadd_bm059881 1.52 -2.06 18.700     >18.700  99.990         -46.76        16.57   -0.113       0.040       
2458308.69155  2458308.69460  2018-07-09.1915478  coadd_bi103300 1.42 -1.75 19.282     >19.282  99.990          -1.07        12.93   -0.002       0.023       
2458309.68734  2458309.69034  2018-07-10.1873417  coadd_bi103754 1.43 -1.75 19.005      18.770  0.294           62.19        16.69   0.113        0.030       
2458311.67937  2458311.68229  2018-07-12.1793692  coadd_bi104663 1.41 -1.75 19.285     >19.285  99.990          18.94        12.90   0.034        0.023       
2458313.53072  2458313.53356  2018-07-14.0307202  coadd_bi105461 1.57 -1.75 19.179     >19.179  99.990           5.38        14.22   0.010        0.026       
2458314.62537  2458314.62816  2018-07-15.1253678  coadd_bi105993 1.49 -1.75 19.257     >19.257  99.990          32.76        13.24   0.059        0.024       
2458316.55070  2458316.55340  2018-07-17.0507085  coadd_bi106608 1.58 -1.75 18.963     >18.963  99.990          -0.22        17.34   -0.000       0.031       
2458316.78544  2458316.78813  2018-07-17.2854459  coadd_bq085747 1.65 -1.70 19.024     >19.024  99.990         -31.39        17.17   -0.054       0.030       
2458317.28733  2458317.28999  2018-07-17.7873313  coadd_bm062853 1.53 -2.06 18.464     >18.464  99.990          21.37        20.61   0.052        0.050       
2458319.28137  2458319.28394  2018-07-19.7813704  coadd_bm063335 1.49 -2.06 18.078     >18.078  99.990          73.82        29.40   0.178        0.071       
2458320.29399  2458320.29650  2018-07-20.7939912  coadd_bm063761 1.53 -2.06 18.205     >18.205  99.990         -22.83        26.15   -0.055       0.063       
2458322.29825  2458322.30067  2018-07-22.7982502  coadd_bm064635 1.62 -2.06 18.169     >18.169  99.990          32.98        27.03   0.080        0.065       
2458322.53030  2458322.53270  2018-07-23.0303046  coadd_bi108559 2.05 -1.75 16.993     >16.993  99.990          78.66       106.45   0.143        0.193       
2458322.80342  2458322.80581  2018-07-23.3034282  coadd_bq087353 1.43 -1.70 17.774     >17.774  99.990          77.77        54.33   0.135        0.094       
2458323.29207  2458323.29443  2018-07-23.7920695  coadd_bm065065 1.66 -2.06 17.834     >17.834  99.990         -57.26        36.82   -0.138       0.089       
2458323.51186  2458323.51421  2018-07-24.0118611  coadd_bi108996 1.43 -1.75 17.976      17.809  0.313          150.64        43.06   0.273        0.078       
2458324.31839  2458324.32070  2018-07-24.8183967  coadd_bm065482 1.54 -2.06 17.840     >17.840  99.990         -24.87        36.62   -0.060       0.089       
2458324.59361  2458324.59591  2018-07-25.0936100  coadd_bi109512 1.71 -1.75 18.010     >18.010  99.990         119.84        41.71   0.217        0.076       
2458325.36854  2458325.37080  2018-07-25.8685417  coadd_bm065807 1.53 -2.06 17.534     >17.534  99.990         -17.98        48.53   -0.043       0.117       
2458326.31548  2458326.31768  2018-07-26.8154844  coadd_bm066054 1.58 -2.06 17.479      17.001  0.235          237.80        51.05   0.575        0.123       
2458327.35361  2458327.35575  2018-07-27.8536127  coadd_bm066254 1.58 -2.06 19.474     >19.474  99.990          -5.47         8.13   -0.013       0.020       
2458328.31477  2458328.31687  2018-07-28.8147761  coadd_bm066462 1.71 -2.06 17.927     >17.927  99.990          11.57        33.80   0.028        0.082       
2458329.62566  2458329.62768  2018-07-30.1256657  coadd_bi111195 1.66 -1.75 17.998     >17.998  99.990         112.91        42.18   0.205        0.077       
2458330.34569  2458330.34766  2018-07-30.8456878  coadd_bm066887 1.49 -2.06 17.932     >17.932  99.990          10.95        33.64   0.026        0.081       
2458333.73557  2458333.73735  2018-08-03.2355737  coadd_bq089993 1.59 -1.70 18.979     >18.979  99.990          19.50        17.91   0.034        0.031       
2458336.60589  2458336.60750  2018-08-06.1058925  coadd_bi114267 1.41 -1.75 19.182      18.906  0.283           54.83        14.17   0.099        0.026       
2458338.59920  2458338.60069  2018-08-08.0992025  coadd_bi114904 1.61 -1.75 19.196     >19.196  99.990          12.64        13.99   0.023        0.025       
2458340.59198  2458340.59335  2018-08-10.0919834  coadd_bi115786 1.37 -1.75 18.973     >18.973  99.990          48.45        17.18   0.088        0.031       
2458341.58898  2458341.59029  2018-08-11.0889828  coadd_bi116227 1.39 -1.75 19.219     >19.219  99.990          -3.35        13.70   -0.006       0.025       
2458342.21428  2458342.21555  2018-08-11.7142805  coadd_bm069208 2.19 -2.06 18.731     >18.731  99.990          37.64        16.11   0.091        0.039       
2458342.58907  2458342.59032  2018-08-12.0890740  coadd_bi116669 1.37 -1.75 18.977     >18.977  99.990          26.56        17.13   0.048        0.031       
2458346.56478  2458346.56578  2018-08-16.0647803  coadd_bi118420 1.47 -1.75 18.837     >18.837  99.990         -34.76        19.48   -0.063       0.035       
2458347.56597  2458347.56690  2018-08-17.0659724  coadd_bi118856 1.42 -1.75 18.595     >18.595  99.990          -5.85        24.34   -0.011       0.044       
2458348.23126  2458348.23216  2018-08-17.7312638  coadd_bm070772 1.54 -2.06 18.385     >18.385  99.990         -23.25        22.17   -0.056       0.054       
2458348.72888  2458348.72975  2018-08-18.2288862  coadd_bq092735 1.65 -1.70 18.356     >18.356  99.990          -8.42        31.78   -0.015       0.055       
2458352.27681  2458352.27745  2018-08-21.7768141  coadd_bm071574 1.54 -2.06 18.077     >18.077  99.990         -73.68        29.43   -0.178       0.071       
2458353.24809  2458353.24866  2018-08-22.7480960  coadd_bm071908 1.45 -2.06 17.919     >17.919  99.990          -2.02        34.03   -0.005       0.082       
2458354.26355  2458354.26405  2018-08-23.7635505  coadd_bm072340 1.58 -2.06 17.827     >17.827  99.990          95.80        37.03   0.232        0.090       
2458355.25635  2458355.25679  2018-08-24.7563511  coadd_bm072753 1.47 -2.06 17.719     >17.719  99.990          -1.67        40.91   -0.004       0.099       
2458355.71298  2458355.71339  2018-08-25.2129861  coadd_bq094571 1.52 -1.70 17.584     >17.584  99.990          -4.21        64.71   -0.007       0.112       
2458357.54365  2458357.54394  2018-08-27.0436583  coadd_bi122859 1.46 -1.75 17.414     >17.414  99.990         153.22        72.22   0.278        0.131       
2458359.25803  2458359.25821  2018-08-28.7580327  coadd_bm073095 1.50 -2.06 18.937     >18.937  99.990         -11.27        13.32   -0.027       0.032       
2458359.69674  2458359.69690  2018-08-29.1967457  coadd_bq095394 1.51 -1.70 17.424     >17.424  99.990         161.03        74.99   0.279        0.130       
2458365.51918  2458365.51895  2018-09-04.0191796  coadd_bi125701 1.57 -1.75 19.172     >19.172  99.990         -11.72        14.31   -0.021       0.026       
2458366.51236  2458366.51206  2018-09-05.0123636  coadd_bi126116 1.45 -1.75 18.997     >18.997  99.990          14.34        16.82   0.026        0.030       
2458370.48007  2458370.47952  2018-09-08.9800700  coadd_bi127707 2.16 -1.75 18.616     >18.616  99.990          31.25        23.89   0.057        0.043       
2458371.22965  2458371.22905  2018-09-09.7296575  coadd_bm075290 2.01 -2.06 18.818     >18.818  99.990          29.47        14.87   0.071        0.036       
2458373.22045  2458373.21972  2018-09-11.7204505  coadd_bm076037 1.60 -2.06 17.696     >17.696  99.990           2.08        41.78   0.005        0.101       
2458389.56963  2458389.56788  2018-09-28.0696283  coadd_bq100596 2.10 -1.70 17.665     >17.665  99.990          45.61        60.07   0.079        0.104       
2458390.60979  2458390.60798  2018-09-29.1097965  coadd_bq101039 1.67 -1.70 18.925     >18.925  99.990          33.97        18.81   0.059        0.033       
2458395.61577  2458395.61368  2018-10-04.1157765  coadd_bq102219 1.71 -1.70 19.044     >19.044  99.990           1.60        16.86   0.003        0.029       
2458399.58372  2458399.58142  2018-10-08.0837310  coadd_bq103038 1.63 -1.70 19.037     >19.037  99.990          36.87        16.97   0.064        0.029       
2458488.03394  2458488.03087  2019-01-04.5339471  coadd_bq125552 1.59 -1.70 18.116     >18.116  99.990           6.51        39.64   0.011        0.069       
2458489.03055  2458489.02752  2019-01-05.5305486  coadd_bq126010 1.49 -1.70 18.471     >18.471  99.990         -21.73        28.57   -0.038       0.049       
2458496.15983  2458496.15711  2019-01-12.6598315  coadd_bA013666 1.68 -1.48 19.179     >19.179  99.990          20.45        18.13   0.029        0.026       
2458500.01949  2458500.01695  2019-01-16.5194954  coadd_bq127957 2.03 -1.70 18.914     >18.914  99.990          15.32        19.01   0.027        0.033       
2458506.14717  2458506.14495  2019-01-22.6471664  coadd_bA017337 1.67 -1.48 17.661     >17.661  99.990         -81.16        73.37   -0.115       0.104       
2458506.99074  2458506.98857  2019-01-23.4907526  coadd_bq130584 1.61 -1.70 17.919     >17.919  99.990         -71.58        47.54   -0.124       0.082       
2458508.01838  2458508.01627  2019-01-24.5183922  coadd_bq131062 1.54 -1.70 18.376     >18.376  99.990          28.16        31.20   0.049        0.054       
2458510.02312  2458510.02112  2019-01-26.5231299  coadd_bq131974 1.48 -1.70 17.768     >17.768  99.990         -93.00        54.64   -0.161       0.095       
2458519.11421  2458519.11276  2019-02-04.6142177  coadd_bA019509 1.71 -1.48 19.476     >19.476  99.990          36.32        13.79   0.052        0.020       
2458520.10328  2458520.10188  2019-02-05.6032802  coadd_bA019937 1.69 -1.48 19.299     >19.299  99.990         -18.84        16.23   -0.027       0.023       
2458521.10724  2458521.10591  2019-02-06.6072431  coadd_bA020075 2.34 -1.48 19.314     >19.314  99.990          19.16        16.01   0.027        0.023       
2458527.98316  2458527.98226  2019-02-13.4831603  coadd_bq135637 1.53 -1.70 18.536     >18.536  99.990          37.53        26.91   0.065        0.047       
2458536.93169  2458536.93139  2019-02-22.4316967  coadd_bq138074 1.46 -1.70 18.092     >18.092  99.990          -7.52        40.52   -0.013       0.070       
2458541.96639  2458541.96643  2019-02-27.4663922  coadd_bq139401 1.44 -1.70 18.710     >18.710  99.990          16.85        22.93   0.029        0.040       
2458543.94806  2458543.94822  2019-03-01.4480613  coadd_bq139881 1.47 -1.70 19.417     >19.417  99.990          -2.33        11.96   -0.004       0.021       
2458554.62923  2458554.63011  2019-03-12.1292363  coadd_bm116563 1.52 -2.06 19.091      18.900  0.305           41.39        11.56   0.100        0.028       
2458555.63702  2458555.63796  2019-03-13.1370214  coadd_bm116964 1.50 -2.06 18.698     >18.698  99.990         -18.65        16.61   -0.045       0.040       
2458556.89922  2458556.90024  2019-03-14.3992177  coadd_bi190927 1.62 -1.75 18.796     >18.796  99.990          41.37        20.22   0.075        0.037       
2458557.63029  2458557.63136  2019-03-15.1302935  coadd_bm117751 1.46 -2.06 18.925     >18.925  99.990          28.19        13.48   0.068        0.033       
2458557.98458  2458557.98567  2019-03-15.4845840  coadd_bq143010 1.50 -1.70 18.989     >18.989  99.990          20.32        17.74   0.035        0.031       
2458558.61818  2458558.61931  2019-03-16.1181785  coadd_bm118131 1.49 -2.06 18.964     >18.964  99.990          19.03        13.00   0.046        0.031       
2458558.94388  2458558.94503  2019-03-16.4438884  coadd_bq143346 1.49 -1.70 19.151     >19.151  99.990         -43.28        15.27   -0.075       0.026       
2458561.85193  2458561.85327  2019-03-19.3519458  coadd_bq144088 1.48 -1.70 17.711     >17.711  99.990          73.32        57.54   0.127        0.100       
2458564.86090  2458564.86242  2019-03-22.3609077  coadd_bE058198 1.54 -1.86 17.561     >17.561  99.990         -19.91        56.78   -0.040       0.114       
2458565.86008  2458565.86166  2019-03-23.3600789  coadd_bE058593 1.57 -1.86 17.531     >17.531  99.990          65.91        58.40   0.133        0.118       
2458566.99433  2458566.99598  2019-03-24.4943331  coadd_bq145427 1.47 -1.70 18.451     >18.451  99.990          -4.91        29.11   -0.009       0.050       
2458568.90810  2458568.90987  2019-03-26.4081017  coadd_bi195782 1.44 -1.75 17.930     >17.930  99.990          84.38        44.93   0.153        0.081       
2458570.81825  2458570.82013  2019-03-28.3182578  coadd_bE060482 1.49 -1.86 18.614     >18.614  99.990          10.00        21.53   0.020        0.043       
2458571.56611  2458571.56804  2019-03-29.0661126  coadd_bm122265 1.48 -2.06 16.849     >16.849  99.990         113.03        91.14   0.273        0.220       
2458571.81355  2458571.81548  2019-03-29.3135474  coadd_bE060874 1.52 -1.86 18.620      18.598  0.358           65.57        21.42   0.132        0.043       
2458572.60984  2458572.61182  2019-03-30.1098423  coadd_bm122559 1.63 -2.06 18.847     >18.847  99.990           7.05        14.47   0.017        0.035       
2458574.00149  2458574.00355  2019-03-31.5014886  coadd_bA022312 1.66 -1.48 19.462     >19.462  99.990          35.86        13.97   0.051        0.020       
2458574.84890  2458574.85101  2019-04-01.3488962  coadd_bq147557 1.48 -1.70 19.337     >19.337  99.990          -5.33        12.87   -0.009       0.022       
2458575.78549  2458575.78765  2019-04-02.2854901  coadd_bq147898 1.46 -1.70 19.060     >19.060  99.990         -22.49        16.61   -0.039       0.029       
2458576.99358  2458576.99581  2019-04-03.4935843  coadd_bA022735 1.68 -1.48 19.159     >19.159  99.990          52.02        18.47   0.074        0.026       
2458578.02228  2458578.02456  2019-04-04.5222775  coadd_bA023162 1.65 -1.48 19.399     >19.399  99.990         -13.17        14.81   -0.019       0.021       
2458578.89538  2458578.89771  2019-04-05.3953805  coadd_bq149151 1.57 -1.70 19.262     >19.262  99.990          11.37        13.79   0.020        0.024       
2458579.90701  2458579.90940  2019-04-06.4070162  coadd_bE063843 1.44 -1.86 18.821     >18.821  99.990          26.77        17.80   0.054        0.036       
2458580.83195  2458580.83439  2019-04-07.3319547  coadd_bi199902 1.42 -1.75 18.834     >18.834  99.990          29.81        19.53   0.054        0.035       
2458581.86911  2458581.87160  2019-04-08.3691072  coadd_bE064622 1.48 -1.86 19.040     >19.040  99.990          14.72        14.54   0.030        0.029       
2458583.78152  2458583.78411  2019-04-10.2815277  coadd_bE065366 1.48 -1.86 18.691     >18.691  99.990         -17.19        20.07   -0.035       0.040       
2458584.77699  2458584.77963  2019-04-11.2769945  coadd_bE065768 1.46 -1.86 18.795     >18.795  99.990         -11.22        18.23   -0.023       0.037       
2458585.54595  2458585.54862  2019-04-12.0459475  coadd_bm126633 1.47 -2.06 19.054     >19.054  99.990          16.51        11.96   0.040        0.029       
2458585.78823  2458585.79091  2019-04-12.2882282  coadd_bi201980 1.45 -1.75 18.768     >18.768  99.990          25.05        20.76   0.045        0.038       
2458588.06049  2458588.06328  2019-04-14.5604909  coadd_bA025953 1.72 -1.48 19.419     >19.419  99.990          13.01        14.53   0.019        0.021       
2458588.88468  2458588.88751  2019-04-15.3846791  coadd_bi203334 1.46 -1.75 19.093     >19.093  99.990         -35.37        15.39   -0.064       0.028       
2458589.78018  2458589.78305  2019-04-16.2801776  coadd_bq152127 1.57 -1.70 17.533      17.395  0.322          230.92        67.83   0.400        0.117       
2458590.86206  2458590.86498  2019-04-17.3620619  coadd_bi204164 1.39 -1.75 18.399     >18.399  99.990         -37.97        29.16   -0.069       0.053       
2458591.89800  2458591.90096  2019-04-18.3980016  coadd_bE068424 1.45 -1.86 17.900     >17.900  99.990         -16.57        41.56   -0.033       0.084       
2458592.82206  2458592.82506  2019-04-19.3220590  coadd_bq153152 1.63 -1.70 17.685     >17.685  99.990          17.77        58.94   0.031        0.102       
2458593.82644  2458593.82948  2019-04-20.3264410  coadd_bq153525 1.51 -1.70 17.935     >17.935  99.990         -98.16        46.85   -0.170       0.081       
2458594.81543  2458594.81852  2019-04-21.3154380  coadd_bi205794 1.46 -1.75 17.320     >17.320  99.990          72.97        78.79   0.132        0.143       
2458595.90485  2458595.90798  2019-04-22.4048604  coadd_bA028873 2.31 -1.48 17.912     >17.912  99.990         102.16        58.21   0.145        0.083       
2458597.99161  2458597.99482  2019-04-24.4916148  coadd_bA029721 1.67 -1.48 18.460     >18.460  99.990          37.07        35.15   0.053        0.050       
2458599.44841  2458599.45167  2019-04-25.9484052  coadd_bm129361 1.58 -2.06 18.403     >18.403  99.990          35.67        21.80   0.086        0.053       
2458599.85634  2458599.85961  2019-04-26.3563375  coadd_bE071067 1.50 -1.86 18.513     >18.513  99.990          11.75        23.64   0.024        0.048       
2458599.97976  2458599.98304  2019-04-26.4797572  coadd_bA030493 1.70 -1.48 19.317     >19.317  99.990          14.99        15.96   0.021        0.023       
2458600.83775  2458600.84107  2019-04-27.3377505  coadd_bi207917 1.35 -1.75 18.653     >18.653  99.990          39.63        23.08   0.072        0.042       
2458601.84857  2458601.85192  2019-04-28.3485730  coadd_bE071909 1.46 -1.86 18.882     >18.882  99.990          -8.42        16.82   -0.017       0.034       
2458602.90130  2458602.90469  2019-04-29.4013020  coadd_bi208855 1.38 -1.75 18.250     >18.250  99.990          60.64        33.44   0.110        0.061       
2458604.74811  2458604.75155  2019-05-01.2481228  coadd_bq155824 1.44 -1.70 18.958     >18.958  99.990          38.44        18.25   0.067        0.032       
2458605.88137  2458605.88485  2019-05-02.3813738  coadd_bA031683 1.71 -1.48 19.313     >19.313  99.990          42.42        16.03   0.060        0.023       
2458607.49342  2458607.49695  2019-05-03.9934302  coadd_bm132270 1.51 -2.06 19.197     >19.197  99.990           5.45        10.49   0.013        0.025       
2458609.70096  2458609.70455  2019-05-06.2009685  coadd_bi211802 1.40 -1.75 18.622     >18.622  99.990          15.71        23.76   0.028        0.043       
2458611.08972  2458611.09334  2019-05-07.5897194  coadd_bA032859 2.19 -1.48 19.639     >19.639  99.990          -7.34        11.87   -0.010       0.017       
2458612.83975  2458612.84341  2019-05-09.3397478  coadd_bA033437 1.66 -1.48 18.972     >18.972  99.990          -9.24        21.93   -0.013       0.031       
2458614.86517  2458614.86888  2019-05-11.3651717  coadd_bA034233 1.72 -1.48 18.941     >18.941  99.990           8.41        22.57   0.012        0.032       
2458615.95541  2458615.95914  2019-05-12.4554148  coadd_bA034687 1.73 -1.48 19.174     >19.174  99.990          12.08        18.22   0.017        0.026       
2458617.87883  2458617.88259  2019-05-14.3788282  coadd_bA035177 2.07 -1.48 18.478     >18.478  99.990          26.70        34.59   0.038        0.049       
2458618.78505  2458618.78882  2019-05-15.2850480  coadd_bq159286 1.49 -1.70 18.280     >18.280  99.990          -8.75        34.09   -0.015       0.059       
2458619.47472  2458619.47851  2019-05-15.9747162  coadd_bm135466 1.49 -2.06 17.557     >17.557  99.990        -146.43        47.51   -0.354       0.115       
2458620.67296  2458620.67677  2019-05-17.1729708  coadd_bE076753 1.52 -1.86 17.614     >17.614  99.990           4.23        54.09   0.009        0.109       
2458621.93931  2458621.94313  2019-05-18.4393152  coadd_bA036558 1.68 -1.48 17.457     >17.457  99.990          87.88        88.53   0.125        0.126       
2458622.77079  2458622.77462  2019-05-19.2707972  coadd_bq160296 1.52 -1.70 17.228     >17.228  99.990         211.85        89.78   0.367        0.155       
2458625.03604  2458625.03990  2019-05-21.5360465  coadd_bA037704 2.03 -1.48 18.001     >18.001  99.990          41.83        53.63   0.059        0.076       
2458625.93412  2458625.93799  2019-05-22.4341225  coadd_bA038000 1.66 -1.48 18.689     >18.689  99.990          26.47        28.47   0.038        0.040       
2458626.74714  2458626.75101  2019-05-23.2471337  coadd_bi218622 1.39 -1.75 18.075     >18.075  99.990         -20.17        39.31   -0.037       0.071       
2458627.77317  2458627.77705  2019-05-24.2731700  coadd_bi219097 1.45 -1.75 17.583     >17.583  99.990         153.65        61.83   0.279        0.112       
2458629.06584  2458629.06974  2019-05-25.5658440  coadd_bA039222 2.23 -1.48 18.777     >18.777  99.990         -76.15        26.25   -0.108       0.037       
2458630.97620  2458630.98010  2019-05-27.4762150  coadd_bA039899 1.68 -1.48 19.894     >19.894  99.990           1.22         9.39   0.002        0.013       
2458632.91033  2458632.91424  2019-05-29.4103344  coadd_bA040592 1.72 -1.48 19.508     >19.508  99.990          18.66        13.39   0.027        0.019       
2458634.95053  2458634.95444  2019-05-31.4505383  coadd_bA041365 1.73 -1.48 19.561     >19.561  99.990           6.26        12.75   0.009        0.018       
2458636.63676  2458636.64066  2019-06-02.1367604  coadd_bE081141 1.55 -1.86 19.085     >19.085  99.990           1.49        13.95   0.003        0.028       
2458637.71137  2458637.71526  2019-06-03.2113707  coadd_bi221275 1.43 -1.75 19.277     >19.277  99.990           4.56        12.99   0.008        0.024       
2458638.74756  2458638.75146  2019-06-04.2475697  coadd_bi221766 1.40 -1.75 18.757     >18.757  99.990          28.82        20.96   0.052        0.038       
2458640.67059  2458640.67447  2019-06-06.1705884  coadd_bE082937 1.50 -1.86 18.774     >18.774  99.990         -74.76        18.58   -0.151       0.037       
2458641.72104  2458641.72491  2019-06-07.2210417  coadd_bE083417 1.52 -1.86 18.724     >18.724  99.990           1.42        19.45   0.003        0.039       
2458642.71362  2458642.71748  2019-06-08.2136282  coadd_bi223580 1.43 -1.75 18.990     >18.990  99.990           8.43        16.92   0.015        0.031       
2458643.37256  2458643.37642  2019-06-08.8725646  coadd_bm141962 1.50 -2.06 19.002     >19.002  99.990          22.82        12.55   0.055        0.030       
2458644.71159  2458644.71542  2019-06-10.2115898  coadd_bi224498 1.40 -1.75 18.779     >18.779  99.990          10.78        20.55   0.020        0.037       
2458645.68494  2458645.68877  2019-06-11.1849403  coadd_bi224939 1.43 -1.75 18.395     >18.395  99.990          59.39        29.28   0.108        0.053       
2458646.70839  2458646.71221  2019-06-12.2083968  coadd_bi225418 1.46 -1.75 18.033     >18.033  99.990         -59.02        40.86   -0.107       0.074       
2458647.67915  2458647.68295  2019-06-13.1791555  coadd_bq165337 1.49 -1.70 18.269     >18.269  99.990         -21.59        34.41   -0.037       0.060       
2458648.64361  2458648.64739  2019-06-14.1436060  coadd_bi226290 1.47 -1.75 17.714     >17.714  99.990         -24.90        54.78   -0.045       0.099       
2458649.93892  2458649.94268  2019-06-15.4389269  coadd_bA046178 1.62 -1.48 18.121     >18.121  99.990          -0.32        48.04   -0.000       0.068       
2458650.81454  2458650.81828  2019-06-16.3145413  coadd_bq165812 1.54 -1.70 17.381     >17.381  99.990          52.89        78.00   0.092        0.135       
2458652.92175  2458652.92546  2019-06-18.4217567  coadd_bA047197 2.11 -1.48 18.020     >18.020  99.990        -125.60        52.71   -0.179       0.075       
2458654.47450  2458654.47816  2019-06-19.9744952  coadd_bm145511 1.52 -2.06 17.543      17.253  0.280          188.59        48.12   0.456        0.116       
2458655.69425  2458655.69789  2019-06-21.1942510  coadd_bi229063 1.45 -1.75 17.625     >17.625  99.990         -83.45        59.49   -0.151       0.108       
2458656.69662  2458656.70024  2019-06-22.1966236  coadd_bi229527 1.47 -1.75 17.425     >17.425  99.990          28.19        71.50   0.051        0.130       
2458657.72357  2458657.72716  2019-06-23.2235646  coadd_bi230012 1.41 -1.75 18.308     >18.308  99.990          67.08        31.71   0.122        0.057       
2458658.84175  2458658.84531  2019-06-24.3417452  coadd_bq168266 1.47 -1.70 18.509     >18.509  99.990         -62.15        27.59   -0.108       0.048       
2458660.97896  2458660.98247  2019-06-26.4789687  coadd_bA049544 1.70 -1.48 18.030     >18.030  99.990          31.04        52.25   0.044        0.074       
2458661.39686  2458661.40034  2019-06-26.8968564  coadd_bm147199 1.50 -2.06 19.025     >19.025  99.990         -21.35        12.28   -0.052       0.030       
2458661.94519  2458661.94866  2019-06-27.4452026  coadd_bA049571 1.64 -1.48 19.512     >19.512  99.990         -29.35        13.34   -0.042       0.019       
2458662.78895  2458662.79240  2019-06-28.2889583  coadd_bA049709 1.64 -1.48 19.506      19.432  0.341           43.07        13.42   0.061        0.019       
2458667.53214  2458667.53544  2019-07-03.0321459  coadd_bi231728 1.40 -1.75 18.799     >18.799  99.990         -40.18        20.17   -0.073       0.037       
2458670.45135  2458670.45454  2019-07-05.9513493  coadd_bm148198 1.66 -2.06 18.759     >18.759  99.990           6.69        15.70   0.016        0.038       
2458670.63198  2458670.63516  2019-07-06.1319878  coadd_bi233103 1.37 -1.75 19.025     >19.025  99.990          36.72        16.38   0.067        0.030       
2458670.65347  2458670.65664  2019-07-06.1534766  coadd_bE092931 1.49 -1.86 19.091     >19.091  99.990          -9.07        13.87   -0.018       0.028       
2458671.59535  2458671.59849  2019-07-07.0953552  coadd_bi233528 1.42 -1.75 18.500     >18.500  99.990          42.63        26.58   0.077        0.048       
2458671.94550  2458671.94862  2019-07-07.4454951  coadd_bA051731 1.73 -1.48 19.431     >19.431  99.990         -14.91        14.37   -0.021       0.020       
2458672.76541  2458672.76850  2019-07-08.2654070  coadd_bA051961 2.09 -1.48 19.188     >19.188  99.990         -11.82        17.98   -0.017       0.026       
2458674.62897  2458674.63199  2019-07-10.1289692  coadd_bE094199 1.46 -1.86 18.430     >18.430  99.990          21.52        25.50   0.043        0.051       
2458674.68907  2458674.69208  2019-07-10.1890678  coadd_bi234474 1.47 -1.75 18.303     >18.303  99.990           0.61        31.86   0.001        0.058       
2458675.68195  2458675.68492  2019-07-11.1819505  coadd_bi234891 1.40 -1.75 17.847     >17.847  99.990         -13.35        48.48   -0.024       0.088       
2458675.72010  2458675.72307  2019-07-11.2201037  coadd_bE094695 1.51 -1.86 16.772     >16.772  99.990        -190.65       117.43   -0.384       0.237       
2458676.55984  2458676.56277  2019-07-12.0598469  coadd_bi235178 1.43 -1.75 17.819     >17.819  99.990         136.71        49.76   0.248        0.090       
2458678.55050  2458678.55335  2019-07-14.0505050  coadd_bi235862 1.49 -1.75 17.169     >17.169  99.990          79.84        90.56   0.145        0.164       
2458679.38855  2458679.39137  2019-07-14.8885564  coadd_bm150498 1.64 -2.06 17.366     >17.366  99.990          38.66        56.65   0.093        0.137       
2458679.83497  2458679.83776  2019-07-15.3349734  coadd_bA053632 1.66 -1.48 18.030     >18.030  99.990        -142.68        52.22   -0.203       0.074       
2458680.85836  2458680.86110  2019-07-16.3583550  coadd_bA054021 1.72 -1.48 17.919     >17.919  99.990         -27.45        57.86   -0.039       0.082       
2458681.54149  2458681.54420  2019-07-17.0414953  coadd_bi237177 1.56 -1.75 17.166     >17.166  99.990        -121.28        90.77   -0.220       0.165       
2458682.73866  2458682.74131  2019-07-18.2386564  coadd_bq172562 1.61 -1.70 16.693      16.395  0.278          580.16       146.99   1.005        0.255       
2458682.88100  2458682.88365  2019-07-18.3810034  coadd_bA054618 1.98 -1.48 18.201     >18.201  99.990          33.13        44.64   0.047        0.063       
2458684.81973  2458684.82229  2019-07-20.3197339  coadd_bq173251 1.44 -1.70 17.908     >17.908  99.990        -150.04        48.02   -0.260       0.083       
2458685.91435  2458685.91684  2019-07-21.4143495  coadd_bA055436 1.74 -1.48 18.364     >18.364  99.990           6.43        38.41   0.009        0.055       
2458688.89798  2458688.90033  2019-07-24.3979872  coadd_bA055790 1.70 -1.48 19.587     >19.587  99.990         -11.31        12.45   -0.016       0.018       
2458689.65262  2458689.65493  2019-07-25.1526207  coadd_bi239924 1.52 -1.75 18.988     >18.988  99.990         -56.76        16.95   -0.103       0.031       
2458690.59211  2458690.59437  2019-07-26.0921130  coadd_bi240196 1.39 -1.75 18.921     >18.921  99.990         -44.87        18.04   -0.081       0.033       
2458691.67536  2458691.67756  2019-07-27.1753622  coadd_bq174991 1.40 -1.70 19.049     >19.049  99.990          14.22        16.79   0.025        0.029       
2458692.64382  2458692.64596  2019-07-28.1438153  coadd_bE100662 1.47 -1.86 18.384      18.095  0.279          104.26        26.60   0.210        0.054       
2458694.73574  2458694.73777  2019-07-30.2357348  coadd_bq175715 1.47 -1.70 18.993     >18.993  99.990          25.61        17.67   0.044        0.031       
2458695.60944  2458695.61142  2019-07-31.1094406  coadd_bi242288 1.44 -1.75 18.785     >18.785  99.990         -11.82        20.44   -0.021       0.037       
2458696.80054  2458696.80245  2019-08-01.3005399  coadd_bA058120 1.74 -1.48 19.475     >19.475  99.990          21.19        13.81   0.030        0.020       
2458697.61994  2458697.62180  2019-08-02.1199391  coadd_bi243036 1.43 -1.75 18.852     >18.852  99.990         -13.70        19.20   -0.025       0.035       
2458698.76557  2458698.76737  2019-08-03.2655652  coadd_bq176740 1.47 -1.70 18.415     >18.415  99.990         -26.17        30.09   -0.045       0.052       
2458699.87494  2458699.87668  2019-08-04.3749410  coadd_bA058646 1.73 -1.48 19.546     >19.546  99.990          33.74        12.93   0.048        0.018       
2458700.62110  2458700.62279  2019-08-05.1210986  coadd_bi244360 1.39 -1.75 18.839     >18.839  99.990         -10.94        19.44   -0.020       0.035       
2458701.48691  2458701.48855  2019-08-05.9869185  coadd_bi244688 1.37 -1.75 18.685     >18.685  99.990          33.65        22.40   0.061        0.041       
2458705.59231  2458705.59370  2019-08-10.0923129  coadd_bi246524 1.44 -1.75 17.842     >17.842  99.990        -122.71        48.72   -0.223       0.088       
2458705.75684  2458705.75822  2019-08-10.2568387  coadd_bA060134 2.04 -1.48 15.966     >15.966  99.990       -1329.61       349.69   -1.891       0.497       
2458706.59828  2458706.59961  2019-08-11.0982778  coadd_bi246966 1.52 -1.75 16.787     >16.787  99.990         202.15       128.67   0.367        0.233       
2458706.82281  2458706.82412  2019-08-11.3228099  coadd_bA060526 1.65 -1.48 17.242     >17.242  99.990         -48.53       107.93   -0.069       0.153       
2458707.46642  2458707.46769  2019-08-11.9664155  coadd_bi247197 1.54 -1.75 17.651      17.614  0.353          180.24        58.05   0.327        0.105       
2458707.84849  2458707.84974  2019-08-12.3484851  coadd_bA060911 1.74 -1.48 18.061     >18.061  99.990         134.46        50.77   0.191        0.072       
2458708.73526  2458708.73646  2019-08-13.2352623  coadd_bq179277 1.49 -1.70 17.857     >17.857  99.990         -19.96        50.32   -0.035       0.087       
2458709.23346  2458709.23462  2019-08-13.7334603  coadd_bm157044 1.56 -2.06 17.980     >17.980  99.990         -35.89        32.18   -0.087       0.078       
2458710.54575  2458710.54683  2019-08-15.0457490  coadd_bi248374 1.76 -1.75 17.367     >17.367  99.990         148.73        75.45   0.270        0.137       
2458711.70509  2458711.70610  2019-08-16.2050905  coadd_bq179922 1.51 -1.70 17.693     >17.693  99.990         131.48        58.52   0.228        0.101       
2458712.58075  2458712.58171  2019-08-17.0807510  coadd_bi249286 1.62 -1.75 17.548     >17.548  99.990          70.33        63.88   0.128        0.116       
2458713.82279  2458713.82366  2019-08-18.3227878  coadd_bA062753 1.66 -1.48 18.467     >18.467  99.990          88.52        34.94   0.126        0.050       
2458714.81813  2458714.81894  2019-08-19.3181303  coadd_bA062899 1.64 -1.48 18.832     >18.832  99.990          51.34        24.96   0.073        0.036       
2458715.76916  2458715.76990  2019-08-20.2691652  coadd_bA062395 1.73 -1.48 19.507     >19.507  99.990         -34.28        13.40   -0.049       0.019       
2458716.57901  2458716.57971  2019-08-21.0790174  coadd_bi251002 1.45 -1.75 18.886     >18.886  99.990          10.60        18.62   0.019        0.034       
2458717.82377  2458717.82438  2019-08-22.3237695  coadd_bA063868 1.71 -1.48 19.351     >19.351  99.990          -4.84        15.48   -0.007       0.022       
2458719.55814  2458719.55865  2019-08-24.0581456  coadd_bE111392 1.56 -1.86 18.807      18.657  0.318           62.14        18.03   0.125        0.036       
2458720.69223  2458720.69265  2019-08-25.1922265  coadd_bq181863 1.46 -1.70 18.154     >18.154  99.990         -51.43        38.26   -0.089       0.066       
2458721.55509  2458721.55546  2019-08-26.0550894  coadd_bi253000 1.45 -1.75 18.907     >18.907  99.990           3.36        18.26   0.006        0.033       
2458721.57107  2458721.57144  2019-08-26.0710688  coadd_bE112004 1.46 -1.86 18.065     >18.065  99.990           0.47        35.71   0.001        0.072       
2458722.53816  2458722.53847  2019-08-27.0381603  coadd_bE112401 1.45 -1.86 18.969     >18.969  99.990          -7.02        15.52   -0.014       0.031       
2458724.75258  2458724.75274  2019-08-29.2525765  coadd_bA066376 1.72 -1.48 19.389     >19.389  99.990           3.37        14.94   0.005        0.021       
2458725.53697  2458725.53708  2019-08-30.0369664  coadd_bi254771 1.44 -1.75 18.732     >18.732  99.990         -58.56        21.46   -0.106       0.039       
2458725.75187  2458725.75197  2019-08-30.2518693  coadd_bA066764 1.73 -1.48 19.468     >19.468  99.990          -2.51        13.89   -0.004       0.020       
2458726.71078  2458726.71082  2019-08-31.2107843  coadd_bq183889 1.51 -1.70 18.063     >18.063  99.990         -50.65        41.62   -0.088       0.072       
2458727.52785  2458727.52783  2019-09-01.0278465  coadd_bi255610 1.36 -1.75 18.988     >18.988  99.990           4.83        16.95   0.009        0.031       
2458727.82062  2458727.82058  2019-09-01.3206204  coadd_bA067498 1.73 -1.48 19.547     >19.547  99.990          19.63        12.91   0.028        0.018       
2458728.52412  2458728.52404  2019-09-02.0241221  coadd_bi256047 1.40 -1.75 18.994     >18.994  99.990         -48.63        16.86   -0.088       0.031       
2458729.52067  2458729.52052  2019-09-03.0206688  coadd_bi256464 1.43 -1.75 18.694     >18.694  99.990          46.72        22.22   0.085        0.040       
2458730.66783  2458730.66760  2019-09-04.1678268  coadd_bq185409 1.47 -1.70 18.633     >18.633  99.990         -49.48        24.62   -0.086       0.043       
2458731.53777  2458731.53748  2019-09-05.0377652  coadd_bi257323 1.47 -1.75 18.302     >18.302  99.990          -3.32        31.87   -0.006       0.058       
2458733.74274  2458733.74232  2019-09-07.2427414  coadd_bA068859 2.45 -1.48 18.585     >18.585  99.990          -6.12        31.33   -0.009       0.045       
2458734.49096  2458734.49048  2019-09-07.9909559  coadd_bi258018 1.42 -1.75 17.974     >17.974  99.990          87.09        43.12   0.158        0.078       
2458735.73954  2458735.73898  2019-09-09.2395384  coadd_bA069408 2.04 -1.48 18.420     >18.420  99.990         -42.77        36.47   -0.061       0.052       
2458736.74444  2458736.74382  2019-09-10.2444473  coadd_bA069517 2.06 -1.48 18.053     >18.053  99.990          79.18        51.16   0.113        0.073       
2458737.73219  2458737.73151  2019-09-11.2321877  coadd_bA069849 2.08 -1.48 17.993     >17.993  99.990         -32.72        54.04   -0.047       0.077       
2458738.49227  2458738.49154  2019-09-11.992275  coadd_bi258678 2.07 -1.75 17.707     >17.707  99.990         106.13        55.14   0.192        0.100       
2458744.73519  2458744.73406  2019-09-18.2351844  coadd_bA071862 2.06 -1.48 19.470     >19.470  99.990          30.59        13.87   0.044        0.020       
2458745.53638  2458745.53520  2019-09-19.0363785  coadd_bi261510 1.59 -1.75 18.433     >18.433  99.990          60.69        28.26   0.110        0.051       
2458745.73056  2458745.72937  2019-09-19.2305656  coadd_bA072270 2.11 -1.48 19.255     >19.255  99.990          30.11        16.90   0.043        0.024       
2458746.53715  2458746.53590  2019-09-20.0371454  coadd_bi261912 1.41 -1.75 18.335     >18.335  99.990        -109.44        30.93   -0.198       0.056       
2458746.72603  2458746.72477  2019-09-20.2260319  coadd_bA072675 2.19 -1.48 18.516     >18.516  99.990          84.85        33.38   0.121        0.047       
2458748.53243  2458748.53107  2019-09-22.0324354  coadd_bE121130 1.57 -1.86 18.652     >18.652  99.990          14.35        20.80   0.029        0.042       
2458750.71554  2458750.71404  2019-09-24.2155446  coadd_bA073412 1.66 -1.48 18.833     >18.833  99.990          51.06        24.94   0.073        0.035       
2458752.52666  2458752.52506  2019-09-26.0266687  coadd_bE122637 1.50 -1.86 18.572     >18.572  99.990          16.20        22.39   0.033        0.045       
2458752.71034  2458752.70872  2019-09-26.2103416  coadd_bA074228 2.43 -1.48 16.490     >16.490  99.990        -601.79       215.72   -0.856       0.307       
2458754.63293  2458754.63120  2019-09-28.1329289  coadd_bq188205 1.45 -1.70 18.937     >18.937  99.990          -6.64        18.60   -0.012       0.032       
2458756.60583  2458756.60399  2019-09-30.1058425  coadd_bq188949 1.55 -1.70 18.679     >18.679  99.990          20.58        23.60   0.036        0.041       
2458762.57401  2458762.57183  2019-10-06.0740150  coadd_bq190106 1.45 -1.70 18.816     >18.816  99.990         -20.45        20.80   -0.035       0.036       
2458766.57074  2458766.56835  2019-10-10.0707394  coadd_bq191368 2.06 -1.70 18.418     >18.418  99.990          64.82        30.01   0.112        0.052       
2458767.57364  2458767.57120  2019-10-11.0736354  coadd_bq191787 1.48 -1.70 18.046     >18.046  99.990          62.31        42.27   0.108        0.073       
2458769.60624  2458769.60370  2019-10-13.1062401  coadd_bq192346 1.61 -1.70 17.610     >17.610  99.990          24.86        63.20   0.043        0.109       
2458772.60376  2458772.60107  2019-10-16.1037554  coadd_bq193255 1.45 -1.70 17.801     >17.801  99.990          85.20        52.99   0.148        0.092       
2458773.56179  2458773.55906  2019-10-17.0617930  coadd_bq193623 1.46 -1.70 18.886     >18.886  99.990         -46.14        19.50   -0.080       0.034       
2458778.59230  2458778.58935  2019-10-22.0922980  coadd_bq195064 1.47 -1.70 18.911     >18.911  99.990           8.77        19.06   0.015        0.033       
2458898.89621  2458898.89568  2020-02-19.3962069  coadd_bE165505 1.50 -1.86 17.516     >17.516  99.990        -105.95        59.19   -0.213       0.119       
2458901.89727  2458901.89695  2020-02-22.3972766  coadd_bi310616 1.39 -1.75 17.618     >17.618  99.990          25.72        59.89   0.047        0.109       
2458904.89284  2458904.89272  2020-02-25.3928432  coadd_bq235211 1.51 -1.70 19.029     >19.029  99.990          16.55        17.09   0.029        0.030       
2458905.11003  2458905.10992  2020-02-25.6100428  coadd_bA112790 2.02 -1.48 19.451      19.122  0.269           57.33        14.12   0.082        0.020       
2458909.62747  2458909.62767  2020-03-01.1274766  coadd_bm204879 1.52 -2.06 18.454     >18.454  99.990          34.69        20.78   0.084        0.050       
2458928.59300  2458928.59442  2020-03-20.0930019  coadd_bm208285 1.53 -2.06 18.779     >18.779  99.990          17.20        15.41   0.042        0.037       
2458931.96141  2458931.96304  2020-03-23.4614071  coadd_bA116679 2.02 -1.48 19.483     >19.483  99.990          15.43        13.70   0.022        0.019       
2458933.82845  2458933.83020  2020-03-25.3284555  coadd_bq240639 1.52 -1.70 19.256     >19.256  99.990          -2.09        13.87   -0.004       0.024       
2458943.10471  2458943.10698  2020-04-03.6047072  coadd_bA119134 1.67 -1.48 19.422      19.154  0.285           55.67        14.49   0.079        0.021       
2458954.94505  2458954.94791  2020-04-15.4450467  coadd_bA120966 1.67 -1.48 18.750     >18.750  99.990          -8.47        26.93   -0.012       0.038       
2458955.85177  2458955.85468  2020-04-16.3517684  coadd_bq241347 2.29 -1.70 19.269     >19.269  99.990          37.76        13.71   0.065        0.024       
2458958.05977  2458958.06277  2020-04-18.559775  coadd_bA122011 2.07 -1.48 19.343     >19.343  99.990          36.01        15.59   0.051        0.022       
2458960.06844  2458960.07153  2020-04-20.5684452  coadd_bA122749 1.77 -1.48 19.552     >19.552  99.990          23.16        12.86   0.033        0.018       
2458962.86337  2458962.86656  2020-04-23.3633694  coadd_bq243293 1.46 -1.70 19.169     >19.169  99.990         -38.13        15.03   -0.066       0.026       
2458964.79260  2458964.79587  2020-04-25.2926032  coadd_bq243904 1.44 -1.70 19.081     >19.081  99.990          40.07        16.29   0.069        0.028       
2458966.97047  2458966.97382  2020-04-27.4704776  coadd_bA125181 1.76 -1.48 19.300      18.946  0.263           67.44        16.22   0.096        0.023       
2458968.79724  2458968.80064  2020-04-29.2972394  coadd_bq245315 1.50 -1.70 18.986     >18.986  99.990         -39.65        17.78   -0.069       0.031       
2458971.92403  2458971.92753  2020-05-02.4240276  coadd_bA126951 1.99 -1.48 18.421     >18.421  99.990           8.07        36.43   0.011        0.052       
2458973.78822  2458973.79177  2020-05-04.2882187  coadd_bq245656 1.52 -1.70 17.120      16.677  0.243          447.52        99.22   0.775        0.172       
2458974.87314  2458974.87672  2020-05-05.3731399  coadd_bq246064 1.45 -1.70 17.422     >17.422  99.990        -372.39        75.09   -0.645       0.130       
2458975.96075  2458975.96436  2020-05-06.4607527  coadd_bq246462 1.53 -1.70 17.105      16.663  0.243          453.13       100.57   0.785        0.174       
2458978.78941  2458978.79309  2020-05-09.2894150  coadd_bq247223 1.70 -1.70 15.803      15.748  0.348         1052.85       333.73   1.823        0.578       
2458979.91365  2458979.91734  2020-05-10.4136453  coadd_bq247644 1.45 -1.70 17.410     >17.410  99.990         -46.44        75.94   -0.080       0.131       
2458983.01655  2458983.02031  2020-05-13.5165517  coadd_bA128854 1.63 -1.48 18.750     >18.750  99.990         -42.56        26.90   -0.061       0.038       
2458983.85858  2458983.86235  2020-05-14.3585797  coadd_bA129056 2.11 -1.48 19.527     >19.527  99.990          18.86        13.15   0.027        0.019       
2458984.44423  2458984.44801  2020-05-14.9442292  coadd_bm213367 1.52 -2.06 19.036     >19.036  99.990          -1.55        12.16   -0.004       0.029       
2458984.99861  2458985.00241  2020-05-15.4986135  coadd_bA129465 1.70 -1.48 19.523     >19.523  99.990          15.37        13.20   0.022        0.019       
2458985.44177  2458985.44557  2020-05-15.9417778  coadd_bm213646 1.53 -2.06 18.605     >18.605  99.990          28.30        18.09   0.068        0.044       
2458986.60072  2458986.60454  2020-05-17.1007219  coadd_bm214103 1.61 -2.06 18.483     >18.483  99.990         -18.18        20.25   -0.044       0.049       
2458987.05435  2458987.05817  2020-05-17.5543553  coadd_bA130215 1.69 -1.48 19.587     >19.587  99.990          13.47        12.45   0.019        0.018       
2458988.09085  2458988.09469  2020-05-18.5908559  coadd_bA130598 2.02 -1.48 19.072      18.843  0.295           74.13        20.01   0.105        0.028       
2458989.58405  2458989.58790  2020-05-20.0840534  coadd_bm215059 1.49 -2.06 18.875     >18.875  99.990         -18.92        14.11   -0.046       0.034       
2458992.44462  2458992.44850  2020-05-22.9446229  coadd_bm215843 1.53 -2.06 18.945     >18.945  99.990         -16.63        13.23   -0.040       0.032       
2458992.78444  2458992.78832  2020-05-23.2844429  coadd_bA131812 1.71 -1.48 19.850     >19.850  99.990         -21.97         9.77   -0.031       0.014       
2458993.45239  2458993.45628  2020-05-23.9524037  coadd_bm216250 1.54 -2.06 18.875     >18.875  99.990         -12.68        14.11   -0.031       0.034       
2458994.40950  2458994.41339  2020-05-24.9095052  coadd_bm216539 1.57 -2.06 18.188     >18.188  99.990          54.76        26.57   0.132        0.064       
2458994.85620  2458994.86009  2020-05-25.3562016  coadd_bA132454 1.78 -1.48 19.688      19.594  0.335           37.10        11.35   0.053        0.016       
2458995.81297  2458995.81687  2020-05-26.3129746  coadd_bA132781 1.73 -1.48 19.171     >19.171  99.990          25.32        18.26   0.036        0.026       
2458997.41178  2458997.41568  2020-05-27.9117775  coadd_bm216790 1.59 -2.06 18.954     >18.954  99.990         -29.20        13.12   -0.071       0.032       
2458997.63902  2458997.64292  2020-05-28.1390245  coadd_bq251592 2.27 -1.70 18.637     >18.637  99.990         -80.05        24.53   -0.139       0.042       
2458999.76366  2458999.76756  2020-05-30.2636548  coadd_bA133856 1.62 -1.48 19.835     >19.835  99.990          -4.48         9.90   -0.006       0.014       
2459000.40580  2459000.40970  2020-05-30.9057954  coadd_bm217393 1.59 -2.06 18.403     >18.403  99.990          25.53        21.79   0.062        0.053       
2459000.78854  2459000.79244  2020-05-31.2885425  coadd_bq252576 1.41 -1.70 19.789     >19.789  99.990          -0.91         8.49   -0.002       0.015       
2459001.40074  2459001.40464  2020-05-31.9007407  coadd_bm217759 1.52 -2.06 17.939     >17.939  99.990         -30.63        33.41   -0.074       0.081       
2459001.99332  2459001.99722  2020-06-01.4933251  coadd_bA134574 1.69 -1.48 18.820      18.538  0.281           98.19        25.24   0.140        0.036       
2459002.39018  2459002.39407  2020-06-01.8901775  coadd_bm218084 1.54 -2.06 17.592     >17.592  99.990          87.31        46.00   0.211        0.111       
2459003.50203  2459003.50592  2020-06-03.0020298  coadd_bm218463 1.51 -2.06 16.753     >16.753  99.990         -27.29        99.59   -0.066       0.241       
2459004.03176  2459004.03565  2020-06-03.5317652  coadd_bA135026 1.66 -1.48 18.270     >18.270  99.990         -62.93        41.86   -0.089       0.060       
2459004.96803  2459004.97191  2020-06-04.4680261  coadd_bA135280 2.07 -1.48 18.009     >18.009  99.990         -48.19        53.25   -0.069       0.076       
2459006.96228  2459006.96614  2020-06-06.4622797  coadd_bA135971 2.39 -1.48 17.508     >17.508  99.990         200.51        84.45   0.285        0.120       
2459008.01934  2459008.02320  2020-06-07.5193461  coadd_bA136361 2.02 -1.48 17.953     >17.953  99.990           2.94        56.06   0.004        0.080       
2459009.92391  2459009.92775  2020-06-09.4239153  coadd_bA136999 2.01 -1.48 17.891     >17.891  99.990         -75.55        59.38   -0.107       0.084       
2459011.97416  2459011.97797  2020-06-11.4741554  coadd_bA137727 2.09 -1.48 18.943     >18.943  99.990          52.98        22.54   0.075        0.032       
2459013.77661  2459013.78039  2020-06-13.2766097  coadd_bq255894 1.47 -1.70 19.200     >19.200  99.990           6.18        14.60   0.011        0.025       
2459016.88294  2459016.88667  2020-06-16.3829391  coadd_bA139336 1.69 -1.48 19.184     >19.184  99.990         -33.71        18.05   -0.048       0.026       
2459021.82920  2459021.83282  2020-06-21.3292011  coadd_bA140799 1.73 -1.48 19.294     >19.294  99.990          21.85        16.31   0.031        0.023       
2459022.50238  2459022.50598  2020-06-22.0023913  coadd_bm224095 1.56 -2.06 18.698      18.457  0.292           62.22        16.60   0.150        0.040       
2459024.87400  2459024.87755  2020-06-24.3740020  coadd_bA141834 1.76 -1.48 19.544     >19.544  99.990           9.44        12.96   0.013        0.018       
2459026.84864  2459026.85212  2020-06-26.3486383  coadd_bq259078 1.41 -1.70 19.428     >19.428  99.990          -9.66        11.84   -0.017       0.021       
2459032.45916  2459032.46246  2020-07-01.9591589  coadd_bm226328 1.56 -2.06 17.531     >17.531  99.990          84.77        48.66   0.205        0.118       
2459034.86281  2459034.86603  2020-07-04.3628104  coadd_bA144573 2.03 -1.48 17.802     >17.802  99.990        -106.58        64.47   -0.152       0.092       
2459036.86134  2459036.86448  2020-07-06.3613465  coadd_bq260593 1.49 -1.70 17.318     >17.318  99.990         -57.25        82.67   -0.099       0.143       
2459037.75058  2459037.75368  2020-07-07.2505774  coadd_bq260803 1.46 -1.70 17.886      17.508  0.258          208.09        48.97   0.360        0.085       
2459038.86188  2459038.86494  2020-07-08.3618843  coadd_bq261034 1.50 -1.70 17.942     >17.942  99.990         -12.35        46.52   -0.021       0.081       
2459040.86339  2459040.86636  2020-07-10.3633890  coadd_bA146430 2.04 -1.48 19.604      19.564  0.352           38.15        12.26   0.054        0.017       
2459041.83915  2459041.84209  2020-07-11.3391517  coadd_bq261759 1.53 -1.70 18.554     >18.554  99.990          -1.21        26.48   -0.002       0.046       
2459043.86534  2459043.86819  2020-07-13.3653458  coadd_bA147474 1.68 -1.48 19.638     >19.638  99.990           3.26        11.88   0.005        0.017       
2459044.73376  2459044.73657  2020-07-14.2337605  coadd_bq262610 1.47 -1.70 19.139     >19.139  99.990         -45.15        15.45   -0.078       0.027       
2459046.83404  2459046.83675  2020-07-16.3340371  coadd_bq263155 1.40 -1.70 18.972     >18.972  99.990          26.41        18.01   0.046        0.031       
2459048.88442  2459048.88703  2020-07-18.3844207  coadd_bA148809 1.66 -1.48 19.789     >19.789  99.990          -9.81        10.33   -0.014       0.015       
2459051.83769  2459051.84016  2020-07-21.3376976  coadd_bA149723 1.73 -1.48 19.517     >19.517  99.990          26.14        13.28   0.037        0.019       
2459054.83643  2459054.83874  2020-07-24.3364357  coadd_bA150628 1.70 -1.48 19.381     >19.381  99.990          41.03        15.05   0.058        0.021       
2459056.72565  2459056.72786  2020-07-26.2256574  coadd_bq264511 1.46 -1.70 18.388     >18.388  99.990          21.65        30.85   0.037        0.053       
2459057.78459  2459057.78674  2020-07-27.2845962  coadd_bq264812 1.49 -1.70 19.012     >19.012  99.990          -6.48        17.37   -0.011       0.030       
2459059.79594  2459059.79797  2020-07-29.2959381  coadd_bA151507 1.73 -1.48 18.474     >18.474  99.990           0.68        34.70   0.001        0.049       
2459060.73857  2459060.74055  2020-07-30.2385762  coadd_bq265760 1.44 -1.70 18.195     >18.195  99.990          21.92        36.87   0.038        0.064       
2459062.82860  2459062.83047  2020-08-01.3285990  coadd_bA152611 2.03 -1.48 18.203     >18.203  99.990         -92.19        44.53   -0.131       0.063       
2459068.21623  2459068.21779  2020-08-06.7162346  coadd_bm235998 1.56 -2.06 18.572     >18.572  99.990         -34.07        18.66   -0.082       0.045       
2459068.72284  2459068.72436  2020-08-07.2228409  coadd_bq268137 1.47 -1.70 18.142      17.854  0.280          151.30        38.71   0.262        0.067       
2459069.88069  2459069.88214  2020-08-08.3806881  coadd_bA154492 2.02 -1.48 18.482     >18.482  99.990          21.61        34.46   0.031        0.049       
2459070.71235  2459070.71375  2020-08-09.2123570  coadd_bq268805 1.44 -1.70 18.838     >18.838  99.990         -29.81        20.38   -0.052       0.035       
2459072.84525  2459072.84652  2020-08-11.3452460  coadd_bA155475 1.70 -1.48 19.492     >19.492  99.990          -0.64        13.59   -0.001       0.019       
2459074.80273  2459074.80388  2020-08-13.3027328  coadd_bA156176 1.67 -1.48 19.678     >19.678  99.990          -0.59        11.45   -0.001       0.016       
2459075.72775  2459075.72883  2020-08-14.2277454  coadd_bq270327 1.48 -1.70 19.322     >19.322  99.990         -12.48        13.05   -0.022       0.023       
2459077.74750  2459077.74846  2020-08-16.2475  coadd_bq270648 1.48 -1.70 18.369     >18.369  99.990          53.38        31.39   0.092        0.054       
2459080.78406  2459080.78483  2020-08-19.2840634  coadd_bA158023 1.72 -1.48 19.563     >19.563  99.990          25.59        12.73   0.036        0.018       
2459081.69732  2459081.69803  2020-08-20.1973267  coadd_bq271650 1.46 -1.70 19.046     >19.046  99.990          33.61        16.83   0.058        0.029       
2459083.80113  2459083.80170  2020-08-22.3011326  coadd_bA158818 1.81 -1.48 19.772     >19.772  99.990           3.22        10.50   0.005        0.015       
2459085.81527  2459085.81570  2020-08-24.3152675  coadd_bA159611 2.18 -1.48 18.853     >18.853  99.990          57.70        24.47   0.082        0.035       
2459086.71512  2459086.71550  2020-08-25.215125  coadd_bq273277 1.44 -1.70 18.820     >18.820  99.990          -7.02        20.73   -0.012       0.036       
2459087.71450  2459087.71481  2020-08-26.2145015  coadd_bq273654 1.50 -1.70 18.370     >18.370  99.990          64.54        31.36   0.112        0.054       
2459090.73060  2459090.73071  2020-08-29.2305988  coadd_bq274772 1.52 -1.70 17.774     >17.774  99.990          26.32        54.30   0.046        0.094       
2459090.73236  2459090.73247  2020-08-29.2323552  coadd_bA161342 2.19 -1.48 18.464     >18.464  99.990         -43.43        35.03   -0.062       0.050       
2459091.69883  2459091.69889  2020-08-30.1988325  coadd_bq275104 1.47 -1.70 17.759     >17.759  99.990        -211.79        55.07   -0.367       0.095       
2459092.77630  2459092.77628  2020-08-31.2763020  coadd_bA162130 1.67 -1.48 18.216     >18.216  99.990         -49.36        44.02   -0.070       0.063       
2459094.72408  2459094.72393  2020-09-02.2240822  coadd_bq275629 1.57 -1.70 16.549     >16.549  99.990          60.09       167.86   0.104        0.291       
2459098.72321  2459098.72281  2020-09-06.2232204  coadd_bA164440 2.21 -1.48 18.289     >18.289  99.990          -3.18        41.14   -0.005       0.059       
2459100.77096  2459100.77042  2020-09-08.2709640  coadd_bA165117 1.72 -1.48 19.551     >19.551  99.990          27.92        12.87   0.040        0.018       
2459102.76583  2459102.76516  2020-09-10.2658300  coadd_bA165780 1.65 -1.48 19.650     >19.650  99.990          -6.89        11.75   -0.010       0.017       
2459106.74043  2459106.73950  2020-09-14.2404378  coadd_bA167314 1.70 -1.48 19.634     >19.634  99.990         -18.33        11.92   -0.026       0.017       
2459110.72347  2459110.72229  2020-09-18.2234670  coadd_bA168730 2.16 -1.48 19.040     >19.040  99.990          23.65        20.61   0.034        0.029       
2459115.72689  2459115.72540  2020-09-23.2268870  coadd_bA170479 1.77 -1.48 18.952     >18.952  99.990          42.47        22.34   0.060        0.032       
2459123.70916  2459123.70721  2020-10-01.2091600  coadd_bA172685 2.03 -1.48 17.097     >17.097  99.990         -78.96       123.34   -0.112       0.175       
2459127.57064  2459127.56847  2020-10-05.0706396  coadd_bq278823 1.47 -1.70 18.638     >18.638  99.990        -110.35        24.50   -0.191       0.042       
2459129.58388  2459129.58161  2020-10-07.0838755  coadd_bq279651 1.47 -1.70 19.061     >19.061  99.990          28.24        16.60   0.049        0.029       
2459132.57176  2459132.56933  2020-10-10.0717620  coadd_bq280702 1.48 -1.70 19.265     >19.265  99.990          18.93        13.76   0.033        0.024       
2459134.57272  2459134.57019  2020-10-12.0727163  coadd_bq281380 1.52 -1.70 19.225     >19.225  99.990         -13.25        14.28   -0.023       0.025       
2459137.55865  2459137.55598  2020-10-15.0586497  coadd_bq282434 1.47 -1.70 18.232     >18.232  99.990          35.76        35.64   0.062        0.062       
2459140.56078  2459140.55797  2020-10-18.0607851  coadd_bq283484 2.41 -1.70 18.823     >18.823  99.990          -0.98        20.67   -0.002       0.036       
2459143.54729  2459143.54435  2020-10-21.0472853  coadd_bq284379 2.32 -1.70 17.593     >17.593  99.990          -1.94        64.17   -0.003       0.111       
2459147.54838  2459147.54528  2020-10-25.0483828  coadd_bq285869 1.66 -1.70 17.804     >17.804  99.990        -193.26        52.84   -0.335       0.091       
2459217.15954  2459217.15642  2021-01-02.6595436  coadd_bA199868 2.06 -1.48 17.812     >17.812  99.990         -88.16        63.87   -0.125       0.091       
2459218.15618  2459218.15309  2021-01-03.6561812  coadd_bA200299 2.07 -1.48 18.005     >18.005  99.990        -104.60        53.46   -0.149       0.076       
2459222.15783  2459222.15490  2021-01-07.6578255  coadd_bA202045 1.72 -1.48 18.721     >18.721  99.990         -51.23        27.65   -0.073       0.039       
2459230.12480  2459230.12225  2021-01-15.6248050  coadd_bA204899 1.69 -1.48 19.238     >19.238  99.990         -27.91        17.17   -0.040       0.024       
2459232.97987  2459232.97747  2021-01-18.4798784  coadd_bq315532 1.56 -1.70 18.890     >18.890  99.990         -62.30        19.43   -0.108       0.034       
2459237.03264  2459237.03045  2021-01-22.5326387  coadd_bq316291 1.51 -1.70 18.586     >18.586  99.990         -76.17        25.72   -0.132       0.045       
2459239.11461  2459239.11254  2021-01-24.6146130  coadd_bA207143 2.05 -1.48 19.164     >19.164  99.990         -38.34        18.38   -0.055       0.026       
2459242.02039  2459242.01848  2021-01-27.5203901  coadd_bq318031 1.54 -1.70 18.098     >18.098  99.990         -39.14        40.29   -0.068       0.070       
2459247.07807  2459247.07645  2021-02-01.5780719  coadd_bA209155 2.02 -1.48 17.914     >17.914  99.990          69.52        58.13   0.099        0.083       
2459251.02525  2459251.02389  2021-02-05.5252556  coadd_bq321072 1.53 -1.70 18.612     >18.612  99.990         -29.62        25.11   -0.051       0.043       
2459252.92382  2459252.92257  2021-02-07.4238245  coadd_bq321798 1.59 -1.70 18.086     >18.086  99.990         -91.99        40.74   -0.159       0.071       
2459253.05739  2459253.05615  2021-02-07.5573938  coadd_bA210087 1.71 -1.48 19.307     >19.307  99.990         -14.68        16.11   -0.021       0.023       
2459254.98097  2459254.97985  2021-02-09.4809728  coadd_bq322696 1.48 -1.70 19.208     >19.208  99.990          12.08        14.49   0.021        0.025       
2459258.06862  2459258.06770  2021-02-12.5686200  coadd_bA211541 2.10 -1.48 19.391     >19.391  99.990         -42.42        14.92   -0.060       0.021       
2459262.06596  2459262.06530  2021-02-16.5659657  coadd_bA212501 1.70 -1.48 19.453     >19.453  99.990         -29.69        14.08   -0.042       0.020       
2459264.89524  2459264.89476  2021-02-19.3952358  coadd_bi356411 1.42 -1.75 17.371     >17.371  99.990         130.59        75.16   0.237        0.136       
2459266.89014  2459266.88980  2021-02-21.3901390  coadd_bE208733 1.52 -1.86 18.205     >18.205  99.990        -138.73        31.39   -0.280       0.063       
2459267.88545  2459267.88517  2021-02-22.3854521  coadd_bE209088 1.53 -1.86 18.587     >18.587  99.990          45.80        22.07   0.092        0.044       
2459270.06692  2459270.06679  2021-02-24.5669184  coadd_bA214632 2.18 -1.48 18.259     >18.259  99.990          -2.10        42.30   -0.003       0.060       
2459276.63754  2459276.63786  2021-03-03.1375442  coadd_bm283385 1.51 -2.06 17.633     >17.633  99.990         -63.85        44.28   -0.154       0.107       
2459280.64464  2459280.64522  2021-03-07.1446405  coadd_bm284645 2.10 -2.06 17.721     >17.721  99.990          27.98        40.85   0.068        0.099       
2459280.88232  2459280.88292  2021-03-07.3823248  coadd_bi362101 1.35 -1.75 18.424     >18.424  99.990         -50.30        28.49   -0.091       0.052       
2459288.97165  2459288.97277  2021-03-15.4716454  coadd_bA216288 1.66 -1.48 19.097     >19.097  99.990         -54.40        19.56   -0.077       0.028       
2459292.95495  2459292.95632  2021-03-19.4549512  coadd_bA217007 1.69 -1.48 19.269     >19.269  99.990         -67.29        16.69   -0.096       0.024       
2459295.94911  2459295.95067  2021-03-22.4491094  coadd_bA217751 1.77 -1.48 18.600     >18.600  99.990          30.99        30.90   0.044        0.044       
2459298.81379  2459298.81552  2021-03-25.3137925  coadd_bE219413 1.44 -1.86 18.713     >18.713  99.990         -10.93        19.66   -0.022       0.040       
2459303.94744  2459303.94947  2021-03-30.4474414  coadd_bA219655 2.02 -1.48 17.941     >17.941  99.990         -22.97        56.72   -0.033       0.081       
2459306.07936  2459306.08152  2021-04-01.5793625  coadd_bA220463 2.06 -1.48 18.446     >18.446  99.990          41.01        35.60   0.058        0.051       
2459308.12217  2459308.12443  2021-04-03.6221708  coadd_bA221204 1.79 -1.48 17.981     >17.981  99.990        -138.12        54.63   -0.196       0.078       
2459310.87303  2459310.87544  2021-04-06.3730356  coadd_bi372787 1.41 -1.75 18.940     >18.940  99.990         -51.75        17.72   -0.094       0.032       
2459311.77476  2459311.77722  2021-04-07.2747621  coadd_bi373120 1.39 -1.75 18.538     >18.538  99.990          50.76        25.65   0.092        0.047       
2459312.78617  2459312.78868  2021-04-08.2861673  coadd_bq336323 1.53 -1.70 19.008     >19.008  99.990          41.92        17.44   0.073        0.030       
2459313.91149  2459313.91405  2021-04-09.4114866  coadd_bi374055 1.38 -1.75 18.384     >18.384  99.990         -51.56        29.57   -0.093       0.054       
2459316.52643  2459316.52912  2021-04-12.0264282  coadd_bm294872 1.48 -2.06 18.454     >18.454  99.990         -53.44        20.79   -0.129       0.050       
2459316.93459  2459316.93730  2021-04-12.4345905  coadd_bA223613 1.80 -1.48 19.244     >19.244  99.990         -54.39        17.07   -0.077       0.024       
2459319.02092  2459319.02373  2021-04-14.5209142  coadd_bA224272 1.73 -1.48 19.341     >19.341  99.990          -3.85        15.61   -0.005       0.022       
2459321.06067  2459321.06358  2021-04-16.5606706  coadd_bA225048 1.70 -1.48 19.267     >19.267  99.990           4.73        16.72   0.007        0.024       
2459321.84669  2459321.84963  2021-04-17.3466903  coadd_bi377334 1.35 -1.75 18.933     >18.933  99.990         -20.34        17.82   -0.037       0.032       
2459322.89475  2459322.89774  2021-04-18.3947577  coadd_bA225690 1.68 -1.48 19.042     >19.042  99.990         -43.06        20.56   -0.061       0.029       
2459323.86391  2459323.86694  2021-04-19.3639150  coadd_bA226063 1.72 -1.48 18.641     >18.641  99.990          28.16        29.76   0.040        0.042       
2459324.85845  2459324.86151  2021-04-20.3584502  coadd_bi378596 1.40 -1.75 18.681     >18.681  99.990         -24.72        22.49   -0.045       0.041       
2459327.86042  2459327.86360  2021-04-23.3604192  coadd_bA227080 1.68 -1.48 17.992     >17.992  99.990          43.10        54.10   0.061        0.077       
2459328.80391  2459328.80713  2021-04-24.3039136  coadd_bi379936 1.41 -1.75 18.192     >18.192  99.990          17.63        35.30   0.032        0.064       
2459329.81898  2459329.82224  2021-04-25.3189893  coadd_bE230815 1.49 -1.86 17.593     >17.593  99.990         -35.41        55.17   -0.071       0.111       
2459329.87457  2459329.87782  2021-04-25.3745733  coadd_bA227839 2.38 -1.48 18.022     >18.022  99.990          21.04        52.64   0.030        0.075       
2459333.75375  2459333.75715  2021-04-29.2537524  coadd_bi381956 1.46 -1.75 17.331     >17.331  99.990        -153.92        78.01   -0.279       0.141       
2459333.84668  2459333.85008  2021-04-29.3466859  coadd_bE232445 1.57 -1.86 17.409     >17.409  99.990        -114.17        65.30   -0.230       0.132       
2459333.94494  2459333.94834  2021-04-29.4449396  coadd_bA229269 1.71 -1.48 17.867     >17.867  99.990         -73.81        60.69   -0.105       0.086       
2459336.79353  2459336.79702  2021-05-02.2935331  coadd_bE232859 1.45 -1.86 17.522     >17.522  99.990         -34.76        58.89   -0.070       0.119       
2459336.85346  2459336.85695  2021-05-02.3534660  coadd_bA229491 1.99 -1.48 19.202     >19.202  99.990         -48.51        17.75   -0.069       0.025       
2459337.46055  2459337.46406  2021-05-02.9605555  coadd_bm300805 1.58 -2.06 17.991     >17.991  99.990         -18.20        31.84   -0.044       0.077       
2459337.96202  2459337.96554  2021-05-03.4620238  coadd_bA229857 1.67 -1.48 18.763     >18.763  99.990         -37.60        26.60   -0.053       0.038       
2459338.73467  2459338.73822  2021-05-04.2346766  coadd_bE233622 1.55 -1.86 18.338     >18.338  99.990         -64.43        27.76   -0.130       0.056       
2459341.48016  2459341.48378  2021-05-06.9801622  coadd_bm301729 1.66 -2.06 18.744     >18.744  99.990          -0.48        15.91   -0.001       0.038       
2459343.86581  2459343.86948  2021-05-09.3658130  coadd_bA231016 1.69 -1.48 19.747     >19.747  99.990         -12.78        10.75   -0.018       0.015       
2459344.48423  2459344.48792  2021-05-09.9842353  coadd_bm302370 1.54 -2.06 18.818     >18.818  99.990          -6.71        14.87   -0.016       0.036       
2459345.85493  2459345.85864  2021-05-11.3549336  coadd_bE235576 1.50 -1.86 18.744     >18.744  99.990         -28.10        19.10   -0.057       0.038       
2459347.71885  2459347.72260  2021-05-13.2188533  coadd_bE236156 1.58 -1.86 18.338     >18.338  99.990         -69.07        27.77   -0.139       0.056       
2459348.89552  2459348.89929  2021-05-14.3955188  coadd_bq343977 1.51 -1.70 19.166     >19.166  99.990           5.19        15.07   0.009        0.026       
2459350.83403  2459350.83783  2021-05-16.3340291  coadd_bi386997 1.40 -1.75 18.300     >18.300  99.990         -57.76        31.94   -0.105       0.058       
2459350.88460  2459350.88841  2021-05-16.3846109  coadd_bA233476 2.10 -1.48 19.467     >19.467  99.990           5.03        13.90   0.007        0.020       
2459351.44540  2459351.44921  2021-05-16.9454043  coadd_bm304177 2.25 -2.06 18.723     >18.723  99.990          27.17        16.23   0.066        0.039       
2459351.78866  2459351.79247  2021-05-17.2886555  coadd_bA233729 2.24 -1.48 18.456     >18.456  99.990           9.50        35.27   0.014        0.050       
2459352.66257  2459352.66639  2021-05-18.1625726  coadd_bE237908 1.47 -1.86 18.579     >18.579  99.990          -5.31        22.24   -0.011       0.045       
2459353.84469  2459353.84853  2021-05-19.3446910  coadd_bq345152 1.47 -1.70 18.992     >18.992  99.990         -20.20        17.69   -0.035       0.031       
2459355.90087  2459355.90473  2021-05-21.4008670  coadd_bA235226 1.72 -1.48 18.990     >18.990  99.990         -21.88        21.57   -0.031       0.031       
2459357.82498  2459357.82886  2021-05-23.3249798  coadd_bA235841 1.66 -1.48 18.177     >18.177  99.990        -105.15        45.61   -0.150       0.065       
2459358.42443  2459358.42831  2021-05-23.9244276  coadd_bm305564 2.14 -2.06 17.520     >17.520  99.990         -53.58        49.16   -0.130       0.119       
2459358.95078  2459358.95466  2021-05-24.4507761  coadd_bA236308 1.67 -1.48 18.117     >18.117  99.990         -29.55        48.22   -0.042       0.069       
2459360.83376  2459360.83766  2021-05-26.3337637  coadd_bq346817 1.51 -1.70 16.594     >16.594  99.990        -834.32       161.04   -1.445       0.279       
2459363.89115  2459363.89505  2021-05-29.3911508  coadd_bA238073 1.66 -1.48 18.377     >18.377  99.990          16.62        37.96   0.024        0.054       
2459364.97710  2459364.98100  2021-05-30.4771023  coadd_bA238511 1.73 -1.48 18.447     >18.447  99.990         -90.39        35.58   -0.129       0.051       
2459365.64038  2459365.64429  2021-05-31.1403850  coadd_bE242073 1.45 -1.86 18.253     >18.253  99.990          52.33        30.03   0.105        0.060       
2459366.77095  2459366.77485  2021-06-01.2709462  coadd_bi392355 1.39 -1.75 18.068     >18.068  99.990         -15.12        39.55   -0.027       0.072       
2459367.77390  2459367.77780  2021-06-02.2739083  coadd_bE243025 1.48 -1.86 18.573     >18.573  99.990          21.11        22.37   0.043        0.045       
2459370.41439  2459370.41828  2021-06-04.9143943  coadd_bm308093 1.51 -2.06 18.971     >18.971  99.990         -29.48        12.92   -0.071       0.031       
2459371.51943  2459371.52330  2021-06-06.0194296  coadd_bm308607 1.65 -2.06 18.921     >18.921  99.990         -18.43        13.52   -0.045       0.033       
2459372.02352  2459372.02740  2021-06-06.5235244  coadd_bA240756 1.73 -1.48 19.464     >19.464  99.990           5.58        13.94   0.008        0.020       
2459372.61356  2459372.61743  2021-06-07.1135688  coadd_bE244941 1.47 -1.86 18.774     >18.774  99.990         -49.68        18.58   -0.100       0.037       
2459373.78946  2459373.79331  2021-06-08.2894626  coadd_bi395374 1.39 -1.75 18.536     >18.536  99.990         -63.73        25.70   -0.116       0.047       
2459374.73706  2459374.74090  2021-06-09.2370543  coadd_bi395774 1.44 -1.75 18.669     >18.669  99.990           4.44        22.75   0.008        0.041       
2459374.77730  2459374.78115  2021-06-09.2773104  coadd_bE245903 1.49 -1.86 18.010     >18.010  99.990          64.78        37.56   0.131        0.076       
2459376.36464  2459376.36846  2021-06-10.8646354  coadd_bm309737 1.48 -2.06 18.928     >18.928  99.990         -13.62        13.44   -0.033       0.032       
2459379.35188  2459379.35565  2021-06-13.8518765  coadd_bm310704 1.60 -2.06 18.665     >18.665  99.990         -34.14        17.12   -0.083       0.041       
2459379.58876  2459379.59254  2021-06-14.0887612  coadd_bi397857 1.50 -1.75 18.601     >18.601  99.990         -79.79        24.21   -0.145       0.044       
2459379.99971  2459380.00348  2021-06-14.4997142  coadd_bA243515 1.73 -1.48 19.667     >19.667  99.990         -36.31        11.57   -0.052       0.016       
2459382.87145  2459382.87517  2021-06-17.3714590  coadd_bA244477 1.70 -1.48 19.538     >19.538  99.990         -29.74        13.03   -0.042       0.019       
2459384.33004  2459384.33373  2021-06-18.8300474  coadd_bm311291 1.64 -2.06 18.481     >18.481  99.990         -38.16        20.28   -0.092       0.049       
2459385.37197  2459385.37563  2021-06-19.8719833  coadd_bm311690 1.59 -2.06 17.434     >17.434  99.990        -123.87        53.18   -0.299       0.129       
2459386.57795  2459386.58159  2021-06-21.0779546  coadd_bE250078 1.51 -1.86 17.557     >17.557  99.990        -105.90        57.03   -0.213       0.115       
2459386.97731  2459386.98093  2021-06-21.4773064  coadd_bA245930 1.71 -1.48 18.218      18.151  0.343          140.23        43.93   0.199        0.062       
2459388.79559  2459388.79916  2021-06-23.2955877  coadd_bq353400 1.36 -1.70 16.441     >16.441  99.990         161.54       185.40   0.280        0.321       
2459392.90573  2459392.90919  2021-06-27.4057285  coadd_bA247906 1.64 -1.48 17.138     >17.138  99.990        -192.05       118.75   -0.273       0.169       
2459393.55491  2459393.55835  2021-06-28.0549142  coadd_bE252301 1.54 -1.86 18.282     >18.282  99.990         -15.53        29.25   -0.031       0.059       
2459394.73400  2459394.73741  2021-06-29.2340064  coadd_bi403030 1.48 -1.75 17.720     >17.720  99.990        -149.31        54.50   -0.271       0.099       
2459395.65777  2459395.66114  2021-06-30.1577660  coadd_bi403410 1.50 -1.75 18.143     >18.143  99.990        -166.78        36.92   -0.302       0.067       
2459399.86966  2459399.87289  2021-07-04.3696616  coadd_bA249959 1.70 -1.48 19.750     >19.750  99.990          -2.78        10.71   -0.004       0.015       
2459400.79585  2459400.79904  2021-07-05.2958594  coadd_bA250255 2.04 -1.48 19.544     >19.544  99.990         -29.15        12.95   -0.041       0.018       
2459401.70065  2459401.70380  2021-07-06.2006521  coadd_bi406034 1.61 -1.75 18.533     >18.533  99.990         -49.10        25.78   -0.089       0.047       
2459402.94295  2459402.94606  2021-07-07.4429606  coadd_bA251075 2.04 -1.48 19.680     >19.680  99.990         -21.70        11.43   -0.031       0.016       
2459405.81912  2459405.82210  2021-07-10.3191133  coadd_bA252031 1.71 -1.48 18.954     >18.954  99.990         -74.36        22.30   -0.106       0.032       
2459407.26952  2459407.27244  2021-07-11.7695173  coadd_bm315037 1.60 -2.06 18.486     >18.486  99.990         -41.90        20.19   -0.101       0.049       
2459407.50849  2459407.51140  2021-07-12.0084866  coadd_bE257792 1.49 -1.86 18.933     >18.933  99.990          -8.55        16.04   -0.017       0.032       
2459408.68478  2459408.68765  2021-07-13.1847859  coadd_bi408798 2.08 -1.75 18.536     >18.536  99.990         -80.08        25.70   -0.145       0.047       
2459409.69027  2459409.69309  2021-07-14.1902657  coadd_bE258731 1.58 -1.86 18.703     >18.703  99.990         -46.96        19.85   -0.095       0.040       
2459410.79663  2459410.79940  2021-07-15.296625  coadd_bq356629 1.49 -1.70 19.100     >19.100  99.990         -76.99        16.01   -0.133       0.028       
2459411.81830  2459411.82103  2021-07-16.3183035  coadd_bq356961 1.47 -1.70 19.011     >19.011  99.990         -34.37        17.38   -0.060       0.030       
2459412.81404  2459412.81671  2021-07-17.3140344  coadd_bq357206 1.49 -1.70 18.813     >18.813  99.990        -108.00        20.86   -0.187       0.036       
2459413.74857  2459413.75120  2021-07-18.2485768  coadd_bq357423 1.45 -1.70 18.247     >18.247  99.990         -88.35        35.13   -0.153       0.061       
2459414.25400  2459414.25660  2021-07-18.7539959  coadd_bm316734 2.07 -2.06 17.677     >17.677  99.990         -94.06        42.53   -0.227       0.103       
2459414.62088  2459414.62347  2021-07-19.1208869  coadd_bi411321 1.42 -1.75 18.012     >18.012  99.990        -168.30        41.66   -0.305       0.076       
2459415.90150  2459415.90403  2021-07-20.4015055  coadd_bA255350 2.00 -1.48 18.341     >18.341  99.990          -8.96        39.21   -0.013       0.056       
2459416.83886  2459416.84134  2021-07-21.3388593  coadd_bq357901 1.67 -1.70 15.318     >15.318  99.990       -3212.09       521.58   -5.561       0.903       
2459421.41078  2459421.41301  2021-07-25.9107783  coadd_bm318109 1.55 -2.06 16.148     >16.148  99.990          94.26       173.98   0.228        0.421       
2459421.81297  2459421.81518  2021-07-26.3129730  coadd_bq358804 1.54 -1.70 17.486     >17.486  99.990         -66.85        70.78   -0.116       0.123       
2459422.63573  2459422.63790  2021-07-27.1357318  coadd_bE264036 1.81 -1.86 17.875     >17.875  99.990          -4.81        42.54   -0.010       0.086       
2459423.78394  2459423.78605  2021-07-28.2839436  coadd_bq359413 1.52 -1.70 18.104     >18.104  99.990          73.04        40.09   0.126        0.069       
2459424.85303  2459424.85509  2021-07-29.3530322  coadd_bA257844 2.09 -1.48 19.439     >19.439  99.990           4.11        14.27   0.006        0.020       
2459425.78594  2459425.78794  2021-07-30.2859490  coadd_bq360048 1.42 -1.70 18.318     >18.318  99.990         -73.91        32.90   -0.128       0.057       
2459426.86380  2459426.86574  2021-07-31.3638114  coadd_bA258408 1.73 -1.48 19.607     >19.607  99.990         -12.36        12.22   -0.018       0.017       
2459427.37382  2459427.37572  2021-07-31.8738162  coadd_bm319439 1.66 -2.06 18.572     >18.572  99.990          33.14        18.65   0.080        0.045       
2459428.48218  2459428.48403  2021-08-01.9821840  coadd_bi417133 1.41 -1.75 18.697     >18.697  99.990         -50.63        22.17   -0.092       0.040       
2459428.83232  2459428.83415  2021-08-02.3323306  coadd_bA259130 2.41 -1.48 19.639     >19.639  99.990         -13.78        11.87   -0.020       0.017       
2459429.56639  2459429.56817  2021-08-03.0664020  coadd_bi417619 1.38 -1.75 18.606     >18.606  99.990         -36.08        24.10   -0.065       0.044       
2459430.59482  2459430.59654  2021-08-04.0948290  coadd_bE267263 1.49 -1.86 18.632     >18.632  99.990         -42.49        21.18   -0.086       0.043       
2459431.57689  2459431.57856  2021-08-05.0768920  coadd_bE267654 1.55 -1.86 19.096     >19.096  99.990          -6.96        13.81   -0.014       0.028       
2459432.59890  2459432.60050  2021-08-06.0989063  coadd_bE268076 1.47 -1.86 18.664     >18.664  99.990         -18.17        20.56   -0.037       0.041       
2459433.56801  2459433.56955  2021-08-07.0680140  coadd_bi419279 1.42 -1.75 18.740     >18.740  99.990           3.17        21.30   0.006        0.039       
2459435.50532  2459435.50675  2021-08-09.0053274  coadd_bE268969 1.66 -1.86 18.709     >18.709  99.990         -81.38        19.73   -0.164       0.040       
2459435.80806  2459435.80946  2021-08-09.3080568  coadd_bA261688 1.74 -1.48 19.631     >19.631  99.990          17.31        11.95   0.025        0.017       
2459437.80086  2459437.80215  2021-08-11.3008606  coadd_bA262435 2.09 -1.48 18.720     >18.720  99.990          35.29        27.67   0.050        0.039       
2459438.46665  2459438.46789  2021-08-11.9666537  coadd_bi421026 1.40 -1.75 17.861      17.820  0.352          149.10        47.88   0.270        0.087       
2459440.82262  2459440.82372  2021-08-14.3226236  coadd_bA263442 1.99 -1.48 19.170     >19.170  99.990         -83.76        18.28   -0.119       0.026       
2459442.21989  2459442.22090  2021-08-15.7198958  coadd_bm322071 1.54 -2.06 17.771     >17.771  99.990         -63.77        39.01   -0.154       0.094       
2459444.82490  2459444.82574  2021-08-18.3249042  coadd_bA264840 1.74 -1.48 18.411     >18.411  99.990          32.51        36.77   0.046        0.052       
2459449.57057  2459449.57111  2021-08-23.0705728  coadd_bi424347 1.59 -1.75 17.206     >17.206  99.990         -52.96        87.49   -0.096       0.159       
2459450.71408  2459450.71454  2021-08-24.2140812  coadd_bq363839 1.58 -1.70 17.079     >17.079  99.990         233.98       102.98   0.405        0.178       
2459453.26230  2459453.26260  2021-08-26.7623008  coadd_bm324132 1.67 -2.06 18.146     >18.146  99.990          63.78        27.62   0.154        0.067       
2459453.76848  2459453.76874  2021-08-27.2684865  coadd_bA267572 1.76 -1.48 19.452     >19.452  99.990         -37.66        14.10   -0.054       0.020       
2459454.69582  2459454.69602  2021-08-28.1958281  coadd_bq365087 1.53 -1.70 18.547     >18.547  99.990          23.56        26.64   0.041        0.046       
2459455.53314  2459455.53329  2021-08-29.0331476  coadd_bi425905 1.47 -1.75 18.614     >18.614  99.990         -36.56        23.93   -0.066       0.043       
2459457.79654  2459457.79654  2021-08-31.2965424  coadd_bA269137 1.70 -1.48 19.427     >19.427  99.990           2.52        14.42   0.004        0.021       
2459461.72318  2459461.72292  2021-09-04.2231832  coadd_bq365957 1.48 -1.70 18.728     >18.728  99.990         -13.91        22.56   -0.024       0.039       
2459462.70245  2459462.70213  2021-09-05.2024635  coadd_bq366089 1.54 -1.70 18.726     >18.726  99.990         -32.02        22.60   -0.055       0.039       
2459463.29647  2459463.29611  2021-09-05.7964702  coadd_bm326231 1.71 -2.06 18.616     >18.616  99.990          24.37        17.91   0.059        0.043       
2459465.64073  2459465.64022  2021-09-08.1407436  coadd_bq367206 1.42 -1.70 18.972     >18.972  99.990         -68.62        18.01   -0.119       0.031       
2459466.77117  2459466.77058  2021-09-09.2711756  coadd_bA271534 1.67 -1.48 19.437     >19.437  99.990         -47.22        14.29   -0.067       0.020       
2459467.65652  2459467.65587  2021-09-10.1565269  coadd_bq367947 1.56 -1.70 18.830     >18.830  99.990         -51.21        20.53   -0.089       0.036       
2459471.74129  2459471.74038  2021-09-14.2412899  coadd_bA273246 1.78 -1.48 18.811     >18.811  99.990          -8.48        25.43   -0.012       0.036       
2459475.23756  2459475.23643  2021-09-17.7375675  coadd_bm328212 1.55 -2.06 17.507     >17.507  99.990         -36.48        49.76   -0.088       0.120       
2459477.22669  2459477.22544  2021-09-19.7266971  coadd_bm328930 1.60 -2.06 17.067     >17.067  99.990        -179.55        74.56   -0.434       0.180       
2459477.74233  2459477.74105  2021-09-20.2423423  coadd_bA274539 2.18 -1.48 17.393     >17.393  99.990        -177.43        93.90   -0.252       0.134       
2459479.63475  2459479.63335  2021-09-22.1347567  coadd_bq371263 1.56 -1.70 16.337      16.212  0.326          686.48       203.97   1.189        0.353       
2459480.72730  2459480.72583  2021-09-23.2273057  coadd_bA275763 2.15 -1.48 19.116     >19.116  99.990         -37.73        19.21   -0.054       0.027       
2459481.72280  2459481.72128  2021-09-24.2228063  coadd_bA276161 2.12 -1.48 19.230     >19.230  99.990         -40.39        17.30   -0.057       0.025       
2459482.63529  2459482.63371  2021-09-25.1352899  coadd_bq372224 1.46 -1.70 17.346     >17.346  99.990        -165.51        80.53   -0.287       0.139       
2459484.63679  2459484.63509  2021-09-27.1367945  coadd_bq372572 1.46 -1.70 18.404     >18.404  99.990          -5.97        30.40   -0.010       0.053       
2459484.72088  2459484.71918  2021-09-27.2208847  coadd_bA277154 1.68 -1.48 19.411     >19.411  99.990         -22.73        14.64   -0.032       0.021       
2459487.60580  2459487.60392  2021-09-30.1058057  coadd_bq373433 1.50 -1.70 18.861     >18.861  99.990         -62.12        19.97   -0.108       0.035       
2459490.59922  2459490.59717  2021-10-03.0992189  coadd_bq373904 1.46 -1.70 18.829     >18.829  99.990          27.66        20.55   0.048        0.036       
2459492.59408  2459492.59193  2021-10-05.0940825  coadd_bq374593 1.49 -1.70 19.079     >19.079  99.990          21.16        16.33   0.037        0.028       
