###  JD        HJD            UT_date             IMAGE          FWHM  Diff Limit      mag   mag_err       counts     count_err  flux (mJy)    flux_err
2455969.80853  2455969.80806  2012-02-12.3085314  coadd_ba006710 2.14 -2.05 18.703     >18.703  99.990          -0.17        16.64   -0.000       0.042       
2455973.82096  2455973.82009  2012-02-16.3209640  coadd_ba007696 2.40 -2.05 18.345     >18.345  99.990         -75.54        23.15   -0.192       0.059       
2456222.93584  2456222.94128  2012-10-22.4358458  coadd_ba023073 2.21 -2.05 18.540     >18.540  99.990          14.93        19.33   0.038        0.049       
2456224.97966  2456224.98516  2012-10-24.4796679  coadd_ba023756 2.51 -2.05 18.247      17.160  0.134          206.91        25.34   0.525        0.064       
2456227.91827  2456227.92384  2012-10-27.4182711  coadd_ba028426 2.32 -2.05 18.073     >18.073  99.990         -31.72        29.72   -0.080       0.075       
2456236.84934  2456236.85505  2012-11-05.3493495  coadd_ba025722 2.51 -2.05 18.871     >18.871  99.990          26.38        14.26   0.067        0.036       
2456238.94290  2456238.94861  2012-11-07.4429040  coadd_ba025229 2.06 -2.05 18.633     >18.633  99.990          43.82        17.74   0.111        0.045       
2456241.92967  2456241.93539  2012-11-10.4296715  coadd_ba024525 2.08 -2.05 19.137     >19.137  99.990          -9.42        11.16   -0.024       0.028       
2456244.02874  2456244.03445  2012-11-12.5287353  coadd_ba024049 2.01 -2.05 18.438     >18.438  99.990          21.26        21.25   0.054        0.054       
2456268.85404  2456268.85909  2012-12-07.3540456  coadd_ba031293 2.46 -2.05 18.907     >18.907  99.990         -30.34        13.80   -0.077       0.035       
2456271.95387  2456271.95877  2012-12-10.4538721  coadd_ba031916 2.06 -2.05 18.309     >18.309  99.990         -18.82        23.92   -0.048       0.061       
2456277.82397  2456277.82853  2012-12-16.3239716  coadd_ba033696 2.22 -2.05 18.810     >18.810  99.990         -64.19        15.08   -0.163       0.038       
2456300.89941  2456300.90225  2013-01-08.3994105  coadd_ba034623 1.77 -2.05 18.623     >18.623  99.990         -34.78        17.91   -0.088       0.045       
2456315.86613  2456315.86758  2013-01-23.3661372  coadd_ba036668 2.20 -2.05 17.503     >17.503  99.990        -234.17        50.25   -0.594       0.128       
2456319.76634  2456319.76741  2013-01-27.2663502  coadd_ba037749 2.13 -2.05 17.578     >17.578  99.990          51.38        46.89   0.130        0.119       
2456323.86974  2456323.87040  2013-01-31.3697415  coadd_ba038186 2.08 -2.05 18.267     >18.267  99.990           2.38        24.86   0.006        0.063       
2456329.72881  2456329.72888  2013-02-06.2288174  coadd_ba039553 2.37 -2.05 18.735     >18.735  99.990          29.85        16.16   0.076        0.041       
2456352.72130  2456352.71911  2013-03-01.2212967  coadd_ba042154 2.91 -2.05 18.085     >18.085  99.990         -90.03        29.41   -0.228       0.075       
2456353.72181  2456353.71953  2013-03-02.2218140  coadd_ba042459 2.41 -2.05 18.352     >18.352  99.990          11.16        22.99   0.028        0.058       
2456471.11974  2456471.11580  2013-06-27.6197438  coadd_ba063031 2.16 -2.05 16.240      15.701  0.223          793.07       160.83   2.012        0.408       
2456473.10131  2456473.09751  2013-06-29.6013135  coadd_ba063504 2.49 -2.05 17.442     >17.442  99.990         103.59        53.19   0.263        0.135       
2456478.09594  2456478.09253  2013-07-04.5959423  coadd_ba064972 2.01 -2.05 18.126     >18.126  99.990          69.02        28.32   0.175        0.072       
2456481.09149  2456481.08832  2013-07-07.5914920  coadd_ba065964 2.24 -2.05 18.242     >18.242  99.990          42.51        25.43   0.108        0.065       
2456483.09703  2456483.09403  2013-07-09.5970305  coadd_ba066628 2.26 -2.05 18.305     >18.305  99.990         -63.80        24.01   -0.162       0.061       
2456486.08801  2456486.08526  2013-07-12.5880111  coadd_ba067437 2.13 -2.05 18.183     >18.183  99.990         -35.89        26.87   -0.091       0.068       
2456488.08309  2456488.08052  2013-07-14.5831001  coadd_ba068146 1.81 -2.05 18.578     >18.578  99.990          38.63        18.68   0.098        0.047       
2456490.09102  2456490.08863  2013-07-16.5910243  coadd_ba068850 2.05 -2.05 18.695     >18.695  99.990         -16.20        16.76   -0.041       0.043       
2456491.07837  2456491.07606  2013-07-17.5783733  coadd_ba069204 1.99 -2.05 18.341     >18.341  99.990          65.60        23.23   0.166        0.059       
2456493.07465  2456493.07253  2013-07-19.5746520  coadd_ba069915 2.14 -2.05 18.413     >18.413  99.990         -72.81        21.75   -0.185       0.055       
2456497.06870  2456497.06694  2013-07-23.5687  coadd_ba070827 2.04 -2.05 16.984     >16.984  99.990        -343.56        81.05   -0.872       0.206       
2456508.06434  2456508.06363  2013-08-03.5643439  coadd_ba072404 2.01 -2.05 18.510     >18.510  99.990         -21.18        19.88   -0.054       0.050       
2456509.07132  2456509.07071  2013-08-04.5713248  coadd_ba072748 1.99 -2.05 18.362      18.336  0.356           70.02        22.78   0.178        0.058       
2456513.06144  2456513.06122  2013-08-08.5614431  coadd_ba073755 2.17 -2.05 18.621     >18.621  99.990          17.14        17.95   0.043        0.046       
2456517.14022  2456517.14040  2013-08-12.6402217  coadd_ba074598 2.06 -2.05 16.464     >16.464  99.990        -349.96       130.90   -0.888       0.332       
2456518.01657  2456518.01684  2013-08-13.5165768  coadd_ba074876 1.77 -2.05 18.346     >18.346  99.990          25.05        23.12   0.064        0.059       
2456521.04628  2456521.04685  2013-08-16.5462791  coadd_ba075766 2.00 -2.05 18.455     >18.455  99.990        -120.36        20.91   -0.305       0.053       
2456524.07183  2456524.07269  2013-08-19.5718267  coadd_ba076689 2.00 -2.05 17.868     >17.868  99.990         -47.98        35.92   -0.122       0.091       
2456525.04077  2456525.04172  2013-08-20.5407766  coadd_ba076931 1.72 -2.05 17.547     >17.547  99.990         -91.75        48.26   -0.233       0.122       
2456528.02843  2456528.02967  2013-08-23.5284269  coadd_ba077742 1.75 -2.05 17.707     >17.707  99.990         -15.03        41.66   -0.038       0.106       
2456533.08909  2456533.09081  2013-08-28.5890905  coadd_ba078785 2.11 -2.05 18.152     >18.152  99.990         -73.33        27.64   -0.186       0.070       
2456535.11695  2456535.11886  2013-08-30.6169475  coadd_ba079529 2.19 -2.05 18.336     >18.336  99.990         -98.40        23.33   -0.250       0.059       
2456539.00123  2456539.00349  2013-09-03.5012315  coadd_ba080947 1.70 -2.05 18.359     >18.359  99.990          33.29        22.84   0.084        0.058       
2456544.02053  2456544.02324  2013-09-08.5205325  coadd_ba081690 2.14 -2.05 18.269     >18.269  99.990          39.23        24.83   0.100        0.063       
2456550.10440  2456550.10762  2013-09-14.6044001  coadd_ba082786 2.23 -2.05 18.468     >18.468  99.990         -47.80        20.66   -0.121       0.052       
2456555.97772  2456555.98140  2013-09-20.4777226  coadd_ba083749 1.76 -2.05 17.152     >17.152  99.990        -170.82        69.43   -0.433       0.176       
2456562.96704  2456562.97122  2013-09-27.4670415  coadd_ba084910 2.26 -2.05 17.950     >17.950  99.990          31.61        33.30   0.080        0.084       
2456567.96734  2456567.97184  2013-10-02.4673437  coadd_ba086065 2.23 -2.05 18.244     >18.244  99.990         -57.72        25.40   -0.146       0.064       
2456570.95778  2456570.96245  2013-10-05.4577765  coadd_ba087181 1.80 -2.05 18.446     >18.446  99.990         -24.98        21.09   -0.063       0.054       
2456577.86287  2456577.86790  2013-10-12.3628711  coadd_ba088849 1.81 -2.05 17.884     >17.884  99.990         -97.63        35.40   -0.248       0.090       
2456593.02804  2456593.03360  2013-10-27.5280344  coadd_ba090282 2.36 -2.05 18.462     >18.462  99.990         -63.71        20.77   -0.162       0.053       
2456593.93741  2456593.94300  2013-10-28.4374101  coadd_ba090606 1.70 -2.05 18.357     >18.357  99.990         -35.37        22.88   -0.090       0.058       
2456600.91656  2456600.92225  2013-11-04.4165640  coadd_ba092036 2.15 -2.05 18.630     >18.630  99.990         -30.01        17.80   -0.076       0.045       
2456630.86149  2456630.86666  2013-12-04.3614954  coadd_ba097673 2.44 -2.05 18.412     >18.412  99.990         -62.33        21.77   -0.158       0.055       
2456638.83263  2456638.83742  2013-12-12.3326287  coadd_ba099808 1.66 -2.05 17.656     >17.656  99.990          79.06        43.66   0.201        0.111       
2456641.77539  2456641.78001  2013-12-15.2753907  coadd_ba100897 2.74 -2.05 16.730     >16.730  99.990         142.20       102.38   0.361        0.260       
2456652.82307  2456652.82695  2013-12-26.3230693  coadd_ba103290 3.17 -2.05 18.250     >18.250  99.990         -18.85        25.26   -0.048       0.064       
2456673.74524  2456673.74739  2014-01-16.2452407  coadd_ba106074 3.54 -2.05 17.290     >17.290  99.990        -120.86        61.14   -0.307       0.155       
2456675.72408  2456675.72605  2014-01-18.2240900  coadd_ba106563 1.90 -2.05 18.444     >18.444  99.990          21.48        21.13   0.054        0.054       
2456677.78904  2456677.79081  2014-01-20.2890415  coadd_ba107389 2.05 -2.05 18.382     >18.382  99.990         -26.38        22.37   -0.067       0.057       
2456700.76201  2456700.76149  2014-02-12.2620103  coadd_ba109635 2.47 -2.05 17.185     >17.185  99.990          91.13        67.39   0.231        0.171       
2456847.10426  2456847.10115  2014-07-08.6038601  coadd_ba133414 1.88 -2.05 18.008     >18.008  99.990          12.32        31.56   0.031        0.080       
2456851.09787  2456851.09510  2014-07-12.5974638  coadd_ba134738 1.76 -2.05 17.349     >17.349  99.990         -25.64        57.90   -0.065       0.147       
2456853.09478  2456853.09219  2014-07-14.5943806  coadd_ba135189 2.27 -2.05 17.002     >17.002  99.990         -39.05        79.72   -0.099       0.202       
2456855.09154  2456855.08913  2014-07-16.5911369  coadd_ba135586 1.74 -2.05 17.656     >17.656  99.990          60.49        43.67   0.153        0.111       
2456862.08269  2456862.08091  2014-07-23.5822847  coadd_ba136968 1.69 -2.05 18.138      17.988  0.318           96.51        27.99   0.245        0.071       
2456863.08714  2456863.08545  2014-07-24.5867322  coadd_ba137315 2.03 -2.05 18.138     >18.138  99.990          12.00        28.00   0.030        0.071       
2456864.08362  2456864.08203  2014-07-25.5832202  coadd_ba137665 1.73 -2.05 18.259     >18.259  99.990         -36.25        25.06   -0.092       0.064       
2456865.10751  2456865.10601  2014-07-26.6071071  coadd_ba137953 1.84 -2.05 18.481     >18.481  99.990          54.84        20.43   0.139        0.052       
2456866.08104  2456866.07964  2014-07-27.5806392  coadd_ba138276 1.64 -2.05 18.516     >18.516  99.990          17.21        19.78   0.044        0.050       
2456867.07875  2456867.07744  2014-07-28.5783439  coadd_ba138607 1.61 -2.05 18.378     >18.378  99.990          53.09        22.44   0.135        0.057       
2456868.08006  2456868.07885  2014-07-29.5796684  coadd_ba138917 1.67 -2.05 18.379     >18.379  99.990          50.98        22.42   0.129        0.057       
2456869.06703  2456869.06591  2014-07-30.5666270  coadd_ba139230 1.63 -2.05 18.389     >18.389  99.990         -19.49        22.22   -0.049       0.056       
2456870.07191  2456870.07089  2014-07-31.5715062  coadd_ba139572 1.64 -2.05 18.391     >18.391  99.990          49.41        22.18   0.125        0.056       
2456874.01775  2456874.01712  2014-08-04.5173503  coadd_ba140044 1.82 -2.05 18.487     >18.487  99.990         -41.53        20.31   -0.105       0.052       
2456875.02108  2456875.02054  2014-08-05.5206799  coadd_ba140366 2.19 -2.05 18.166     >18.166  99.990         -25.28        27.28   -0.064       0.069       
2456876.08758  2456876.08714  2014-08-06.5871769  coadd_ba140744 1.74 -2.05 18.680     >18.680  99.990          -8.38        17.00   -0.021       0.043       
2456882.04011  2456882.04026  2014-08-12.5397096  coadd_ba141426 1.77 -2.05 17.735     >17.735  99.990          -4.59        40.59   -0.012       0.103       
2456883.04798  2456883.04823  2014-08-13.5475818  coadd_ba141529 1.68 -2.05 17.439     >17.439  99.990         -83.29        53.29   -0.211       0.135       
2456888.97605  2456888.97687  2014-08-19.4756413  coadd_ba143982 1.61 -2.05 18.291     >18.291  99.990          53.07        24.32   0.135        0.062       
2456889.97622  2456889.97714  2014-08-20.4758211  coadd_ba143589 1.61 -2.05 18.319     >18.319  99.990           7.44        23.71   0.019        0.060       
2456892.04041  2456892.04154  2014-08-22.5400168  coadd_ba144435 1.67 -2.05 18.396     >18.396  99.990          21.23        22.09   0.054        0.056       
2456893.03700  2456893.03822  2014-08-23.5366041  coadd_ba144792 1.71 -2.05 18.673     >18.673  99.990           1.90        17.11   0.005        0.043       
2456894.06002  2456894.06133  2014-08-24.5596171  coadd_ba144969 2.05 -2.05 18.348     >18.348  99.990         -36.78        23.09   -0.093       0.059       
2456895.03296  2456895.03436  2014-08-25.5325561  coadd_ba145318 1.72 -2.05 18.410     >18.410  99.990          29.08        21.80   0.074        0.055       
2456896.03208  2456896.03358  2014-08-26.5316798  coadd_ba145602 1.70 -2.05 18.556     >18.556  99.990           5.49        19.05   0.014        0.048       
2456897.03374  2456897.03533  2014-08-27.5333319  coadd_ba145958 1.63 -2.05 18.335     >18.335  99.990          55.39        23.35   0.141        0.059       
2456898.02290  2456898.02459  2014-08-28.5224964  coadd_ba146324 1.62 -2.05 18.653     >18.653  99.990          -0.03        17.43   -0.000       0.044       
2456900.02650  2456900.02837  2014-08-30.5260964  coadd_ba146797 1.64 -2.05 18.438     >18.438  99.990          44.68        21.25   0.113        0.054       
2456901.02598  2456901.02795  2014-08-31.5255800  coadd_ba147170 1.66 -2.05 18.608     >18.608  99.990          -9.34        18.17   -0.024       0.046       
2456904.02265  2456904.02489  2014-09-03.5222450  coadd_ba147818 1.82 -2.05 18.675     >18.675  99.990         -26.08        17.08   -0.066       0.043       
2456908.00202  2456908.00461  2014-09-07.5016165  coadd_ba148710 1.60 -2.05 17.434     >17.434  99.990          11.16        53.56   0.028        0.136       
2456909.98262  2456909.98539  2014-09-09.4822179  coadd_ba149341 1.64 -2.05 17.114      16.932  0.309          255.18        71.93   0.647        0.183       
2456916.91583  2456916.91918  2014-09-16.4154341  coadd_ba151492 1.69 -2.05 18.090     >18.090  99.990           2.10        29.27   0.005        0.074       
2456917.96387  2456917.96730  2014-09-17.4634643  coadd_ba151877 1.64 -2.05 18.325     >18.325  99.990          15.20        23.58   0.039        0.060       
2456919.02599  2456919.02950  2014-09-18.5255893  coadd_ba152262 1.64 -2.05 18.534     >18.534  99.990         -22.74        19.44   -0.058       0.049       
2456919.99650  2456920.00009  2014-09-19.4961037  coadd_ba152601 1.59 -2.05 18.381     >18.381  99.990          22.49        22.39   0.057        0.057       
2456920.99437  2456920.99803  2014-09-20.4939652  coadd_ba152950 1.63 -2.05 18.515     >18.515  99.990          13.81        19.78   0.035        0.050       
2456924.00809  2456924.01198  2014-09-23.5076857  coadd_ba153548 2.09 -2.05 18.451     >18.451  99.990           6.48        20.98   0.016        0.053       
2456928.98076  2456928.98499  2014-09-28.4803593  coadd_ba154422 1.66 -2.05 18.283      17.186  0.133          201.96        24.49   0.512        0.062       
2456931.97575  2456931.98017  2014-10-01.4753475  coadd_ba155048 1.62 -2.05 18.629      18.536  0.335           58.26        17.82   0.148        0.045       
2456938.07287  2456938.07765  2014-10-07.5724643  coadd_ba156510 1.64 -2.05 17.313     >17.313  99.990          75.43        59.89   0.191        0.152       
2456938.96114  2456938.96597  2014-10-08.4607395  coadd_ba156827 1.66 -2.05 17.946     >17.946  99.990          70.51        33.42   0.179        0.085       
2456943.89674  2456943.90181  2014-10-13.3963321  coadd_ba157857 1.69 -2.05 17.849     >17.849  99.990          41.84        36.55   0.106        0.093       
2456959.94163  2456959.94723  2014-10-29.4412329  coadd_ba158126 1.79 -2.05 18.414     >18.414  99.990           2.96        21.72   0.008        0.055       
2456970.74342  2456970.74914  2014-11-09.2430150  coadd_ba160074 1.70 -2.05 17.847     >17.847  99.990         -49.90        36.61   -0.127       0.093       
2456972.90693  2456972.91265  2014-11-11.4065299  coadd_ba160982 1.64 -2.05 18.101      18.033  0.343           92.58        28.98   0.235        0.074       
2456978.79347  2456978.79914  2014-11-17.2930627  coadd_ba161746 2.07 -2.05 18.454     >18.454  99.990         -19.69        20.93   -0.050       0.053       
2456979.89792  2456979.90358  2014-11-18.3975160  coadd_ba162208 1.84 -2.05 18.470     >18.470  99.990          -0.84        20.63   -0.002       0.052       
2456982.88501  2456982.89062  2014-11-21.3846049  coadd_ba163218 1.64 -2.05 18.601     >18.601  99.990          48.53        18.28   0.123        0.046       
2456984.87726  2456984.88282  2014-11-23.3768528  coadd_ba163979 1.68 -2.05 18.326     >18.326  99.990         -46.54        23.55   -0.118       0.060       
2456986.88126  2456986.88677  2014-11-25.3808557  coadd_ba164588 1.66 -2.05 18.422     >18.422  99.990          12.48        21.56   0.032        0.055       
2456988.87869  2456988.88414  2014-11-27.3782841  coadd_ba164984 1.71 -2.05 18.673     >18.673  99.990         -10.67        17.11   -0.027       0.043       
2456989.72870  2456989.73413  2014-11-28.2282976  coadd_ba165250 1.73 -2.05 18.646     >18.646  99.990         -29.79        17.54   -0.076       0.045       
2456990.87847  2456990.88386  2014-11-29.3780608  coadd_ba165689 1.60 -2.05 18.193     >18.193  99.990         -12.35        26.62   -0.031       0.068       
2456991.87596  2456991.88132  2014-11-30.3755531  coadd_ba166009 1.65 -2.05 18.234     >18.234  99.990          49.13        25.63   0.125        0.065       
2456999.93140  2456999.93643  2014-12-08.4310009  coadd_ba168061 1.68 -2.05 17.830     >17.830  99.990          -1.73        37.19   -0.004       0.094       
2457000.93419  2457000.93917  2014-12-09.4337857  coadd_ba168480 1.62 -2.05 18.086     >18.086  99.990         -17.92        29.39   -0.045       0.075       
2457001.86447  2457001.86940  2014-12-10.3640660  coadd_ba168833 1.64 -2.05 18.209     >18.209  99.990          35.68        26.22   0.091        0.067       
2457002.93060  2457002.93548  2014-12-11.4301979  coadd_ba169244 1.76 -2.05 18.993     >18.993  99.990           7.81        12.74   0.020        0.032       
2457003.92202  2457003.92685  2014-12-12.4216200  coadd_ba169645 1.70 -2.05 18.425     >18.425  99.990           3.02        21.49   0.008        0.055       
2457004.85686  2457004.86163  2014-12-13.3564523  coadd_ba169997 1.68 -2.05 18.913     >18.913  99.990          -5.06        13.72   -0.013       0.035       
2457005.85754  2457005.86225  2014-12-14.3571376  coadd_ba170344 1.79 -2.05 18.640     >18.640  99.990          20.17        17.63   0.051        0.045       
2457006.86364  2457006.86830  2014-12-15.3632439  coadd_ba170582 2.13 -2.05 18.377     >18.377  99.990           2.11        22.47   0.005        0.057       
2457011.84440  2457011.84875  2014-12-20.3440042  coadd_ba172482 1.67 -2.05 18.552     >18.552  99.990          43.69        19.12   0.111        0.049       
2457013.83026  2457013.83448  2014-12-22.3298587  coadd_ba173133 1.70 -2.05 18.786     >18.786  99.990         -34.47        15.42   -0.087       0.039       
2457017.81806  2457017.82199  2014-12-26.3176547  coadd_ba173602 1.66 -2.05 18.752     >18.752  99.990         -16.43        15.91   -0.042       0.040       
2457018.80774  2457018.81160  2014-12-27.3073417  coadd_ba173946 1.75 -2.05 18.074     >18.074  99.990          15.80        29.72   0.040        0.075       
2457030.79869  2457030.80158  2015-01-08.2982829  coadd_ba175665 1.62 -2.05 18.076     >18.076  99.990         -54.27        29.65   -0.138       0.075       
2457032.80164  2457032.80436  2015-01-10.3012412  coadd_ba176507 1.85 -2.05 18.763     >18.763  99.990          27.76        15.75   0.070        0.040       
2457034.80047  2457034.80301  2015-01-12.3000670  coadd_ba176934 1.65 -2.05 18.218     >18.218  99.990         -26.24        26.02   -0.067       0.066       
2457035.79929  2457035.80173  2015-01-13.2988831  coadd_ba177290 1.63 -2.05 18.382     >18.382  99.990         -56.51        22.36   -0.143       0.057       
2457037.78720  2457037.78947  2015-01-15.2868097  coadd_ba178185 1.68 -2.05 18.761     >18.761  99.990         -16.80        15.77   -0.043       0.040       
2457039.78980  2457039.79188  2015-01-17.2893997  coadd_ba179019 1.68 -2.05 18.716     >18.716  99.990         -32.10        16.44   -0.081       0.042       
2457042.78151  2457042.78330  2015-01-20.2811017  coadd_ba180148 1.77 -2.05 18.684     >18.684  99.990         -58.88        16.93   -0.149       0.043       
2457044.77761  2457044.77922  2015-01-22.2772078  coadd_ba180974 2.05 -2.05 18.622     >18.622  99.990          32.40        17.94   0.082        0.046       
2457052.76995  2457052.77077  2015-01-30.2695466  coadd_ba183982 1.72 -2.05 17.579     >17.579  99.990         -26.16        46.86   -0.066       0.119       
2457053.77374  2457053.77445  2015-01-31.2733320  coadd_ba184331 1.68 -2.05 17.586     >17.586  99.990          55.96        46.57   0.142        0.118       
2457055.75180  2457055.75232  2015-02-02.2513981  coadd_ba185067 1.68 -2.05 17.666     >17.666  99.990         -59.28        43.27   -0.150       0.110       
2457060.78172  2457060.78173  2015-02-07.2813164  coadd_ba185556 2.11 -2.05 18.094      17.770  0.271          117.95        29.17   0.299        0.074       
2457065.74844  2457065.74795  2015-02-12.2480350  coadd_ba186705 1.81 -2.05 18.470     >18.470  99.990          15.37        20.62   0.039        0.052       
2457070.73443  2457070.73344  2015-02-17.2340188  coadd_ba187804 1.78 -2.05 18.517     >18.517  99.990         -46.11        19.74   -0.117       0.050       
2457201.11987  2457201.11589  2015-06-27.6198870  coadd_ba218105 1.67 -2.05 16.751     >16.751  99.990        -271.16       100.45   -0.688       0.255       
2457202.11984  2457202.11593  2015-06-28.6198604  coadd_ba218411 1.76 -2.05 16.654     >16.654  99.990        -340.47       109.83   -0.864       0.279       
2457209.11772  2457209.11435  2015-07-05.6177229  coadd_ba220130 1.74 -2.05 17.061     >17.061  99.990         159.10        75.51   0.404        0.192       
2457210.11518  2457210.11188  2015-07-06.6151773  coadd_ba220422 1.73 -2.05 17.345     >17.345  99.990         -68.04        58.12   -0.173       0.147       
2457218.09446  2457218.09185  2015-07-14.5944668  coadd_ba221994 1.69 -2.05 18.292     >18.292  99.990          29.88        24.29   0.076        0.062       
2457222.07690  2457222.07464  2015-07-18.5769034  coadd_ba222487 1.65 -2.05 18.076     >18.076  99.990          29.66        29.65   0.075        0.075       
2457223.09686  2457223.09469  2015-07-19.5968611  coadd_ba222809 1.65 -2.05 18.228     >18.228  99.990         -13.31        25.78   -0.034       0.065       
2457228.06481  2457228.06310  2015-07-24.5648148  coadd_ba223559 1.64 -2.05 18.383     >18.383  99.990          -8.72        22.34   -0.022       0.057       
2457232.04920  2457232.04787  2015-07-28.5492035  coadd_ba224640 1.72 -2.05 18.252      17.814  0.244          113.24        25.21   0.287        0.064       
2457234.04678  2457234.04563  2015-07-30.5467810  coadd_ba225300 1.79 -2.05 17.089     >17.089  99.990          81.55        73.60   0.207        0.187       
2457238.09339  2457238.09264  2015-08-03.5933923  coadd_ba226069 1.66 -2.05 17.484     >17.484  99.990         132.41        51.16   0.336        0.130       
2457245.10761  2457245.10754  2015-08-10.6076113  coadd_ba227867 1.63 -2.05 18.350     >18.350  99.990         -21.28        23.03   -0.054       0.058       
2457247.04455  2457247.04468  2015-08-12.5445523  coadd_ba228511 1.62 -2.05 18.219     >18.219  99.990          62.85        26.00   0.159        0.066       
2457255.99549  2457255.99649  2015-08-21.4954892  coadd_ba229834 1.62 -2.05 17.984      17.651  0.269          131.61        32.27   0.334        0.082       
2457260.97588  2457260.97736  2015-08-26.4758887  coadd_ba230327 1.72 -2.05 17.727     >17.727  99.990          90.17        40.88   0.229        0.104       
2457263.11619  2457263.11786  2015-08-28.6161854  coadd_ba230905 1.65 -2.05 18.270      18.204  0.344           79.05        24.80   0.201        0.063       
2457263.97806  2457263.97981  2015-08-29.4780589  coadd_ba231203 1.63 -2.05 17.316     >17.316  99.990          44.46        59.73   0.113        0.152       
2457265.03390  2457265.03575  2015-08-30.5338991  coadd_ba231651 1.65 -2.05 17.553     >17.553  99.990          68.06        48.01   0.173        0.122       
2457272.13171  2457272.13421  2015-09-06.6317131  coadd_ba233197 1.66 -2.05 18.536     >18.536  99.990         -49.65        19.40   -0.126       0.049       
2457275.09191  2457275.09467  2015-09-09.5919125  coadd_ba234032 1.68 -2.05 18.755     >18.755  99.990         -34.38        15.86   -0.087       0.040       
2457285.02343  2457285.02699  2015-09-19.5234321  coadd_ba235726 1.74 -2.05 18.492     >18.492  99.990          28.59        20.22   0.073        0.051       
2457290.93323  2457290.93723  2015-09-25.4332296  coadd_ba236872 1.78 -2.05 17.655     >17.655  99.990           8.82        43.69   0.022        0.111       
2457299.02677  2457299.03130  2015-10-03.5267767  coadd_ba238607 1.69 -2.05 17.642     >17.642  99.990          74.74        44.22   0.190        0.112       
2457302.99406  2457302.99882  2015-10-07.4940563  coadd_ba239079 2.72 -2.05 18.744     >18.744  99.990          28.19        16.03   0.072        0.041       
2457304.99278  2457304.99765  2015-10-09.4927810  coadd_ba239877 1.64 -2.05 18.568     >18.568  99.990         -35.62        18.84   -0.090       0.048       
2457307.88117  2457307.88618  2015-10-12.3811745  coadd_ba240583 1.66 -2.05 18.393     >18.393  99.990          56.95        22.14   0.145        0.056       
2457308.96779  2457308.97285  2015-10-13.4677881  coadd_ba241065 1.63 -2.05 18.597     >18.597  99.990         -65.55        18.35   -0.166       0.047       
2457314.82762  2457314.83292  2015-10-19.3276203  coadd_ba242617 1.66 -2.05 18.060     >18.060  99.990          24.30        30.08   0.062        0.076       
2457316.90710  2457316.91248  2015-10-21.4070998  coadd_ba243333 1.70 -2.05 18.167     >18.167  99.990         -29.31        27.26   -0.074       0.069       
2457318.04837  2457318.05379  2015-10-22.5483754  coadd_ba244037 1.64 -2.05 18.196     >18.196  99.990           2.29        26.55   0.006        0.067       
2457318.80566  2457318.81110  2015-10-23.3056616  coadd_ba244301 1.63 -2.05 17.733     >17.733  99.990         -15.83        40.67   -0.040       0.103       
2457320.00026  2457320.00573  2015-10-24.5002598  coadd_ba244851 1.67 -2.05 17.946     >17.946  99.990          -7.65        33.41   -0.019       0.085       
2457321.80837  2457321.81389  2015-10-26.3083677  coadd_ba245523 1.69 -2.05 16.928     >16.928  99.990        -240.27        85.36   -0.610       0.217       
2457328.01609  2457328.02174  2015-11-01.5160908  coadd_ba247359 1.73 -2.05 18.127     >18.127  99.990         -57.99        28.29   -0.147       0.072       
2457328.96653  2457328.97219  2015-11-02.4665302  coadd_ba247747 1.65 -2.05 18.349     >18.349  99.990         -49.49        23.06   -0.126       0.059       
2457329.96622  2457329.97190  2015-11-03.4662259  coadd_ba248089 1.68 -2.05 18.783     >18.783  99.990          21.40        15.47   0.054        0.039       
2457330.92425  2457330.92994  2015-11-04.4242526  coadd_ba248445 2.11 -2.05 18.587     >18.587  99.990          10.80        18.53   0.027        0.047       
2457334.77020  2457334.77592  2015-11-08.2702063  coadd_ba249368 2.02 -2.05 18.512     >18.512  99.990          16.11        19.85   0.041        0.050       
2457342.75064  2457342.75633  2015-11-16.2506452  coadd_ba250244 1.76 -2.05 18.198     >18.198  99.990          31.90        26.50   0.081        0.067       
2457344.83470  2457344.84036  2015-11-18.3347046  coadd_ba250982 2.07 -2.05 17.903     >17.903  99.990         -28.61        34.79   -0.073       0.088       
2457353.89101  2457353.89647  2015-11-27.3910116  coadd_ba252037 1.76 -2.05 17.251     >17.251  99.990         -71.96        63.37   -0.183       0.161       
2457354.90635  2457354.91179  2015-11-28.4063555  coadd_ba252410 1.71 -2.05 16.848     >16.848  99.990          -8.97        91.84   -0.023       0.233       
2457356.96704  2457356.97241  2015-11-30.4670476  coadd_ba252904 1.72 -2.05 18.391     >18.391  99.990          23.94        22.18   0.061        0.056       
2457357.91404  2457357.91937  2015-12-01.4140378  coadd_ba253245 1.78 -2.05 18.410     >18.410  99.990          -8.54        21.79   -0.022       0.055       
2457358.84226  2457358.84756  2015-12-02.3422646  coadd_ba253626 1.70 -2.05 18.725     >18.725  99.990         -20.50        16.30   -0.052       0.041       
2457360.86385  2457360.86907  2015-12-04.3638549  coadd_ba254513 1.65 -2.05 18.617     >18.617  99.990         -14.22        18.01   -0.036       0.046       
2457361.89946  2457361.90464  2015-12-05.3994675  coadd_ba254979 1.69 -2.05 18.598     >18.598  99.990           2.50        18.33   0.006        0.047       
2457363.94913  2457363.95421  2015-12-07.4491291  coadd_ba255875 1.65 -2.05 18.664     >18.664  99.990          -3.80        17.25   -0.010       0.044       
2457364.94570  2457364.95073  2015-12-08.4457010  coadd_ba256311 1.78 -2.05 18.492     >18.492  99.990          26.37        20.22   0.067        0.051       
2457365.75393  2457365.75893  2015-12-09.2539366  coadd_ba256599 1.81 -2.05 18.689     >18.689  99.990         -18.83        16.86   -0.048       0.043       
2457368.75122  2457368.75606  2015-12-12.2512211  coadd_ba257595 2.06 -2.05 18.702     >18.702  99.990          -6.42        16.65   -0.016       0.042       
2457369.84396  2457369.84875  2015-12-13.3439648  coadd_ba258062 1.66 -2.05 18.627     >18.627  99.990          16.29        17.86   0.041        0.045       
2457374.72597  2457374.73047  2015-12-18.2259724  coadd_ba259192 1.71 -2.05 18.164     >18.164  99.990         -21.79        27.35   -0.055       0.069       
2457380.75858  2457380.76268  2015-12-24.2585780  coadd_ba260313 1.75 -2.05 17.401     >17.401  99.990          31.11        55.21   0.079        0.140       
2457382.83009  2457382.83404  2015-12-26.3300923  coadd_ba260813 1.78 -2.05 17.460      16.925  0.223          256.86        52.27   0.652        0.133       
2457384.72168  2457384.72550  2015-12-28.2216837  coadd_ba261149 1.69 -2.05 18.782     >18.782  99.990         -17.39        15.47   -0.044       0.039       
2457387.75958  2457387.76316  2015-12-31.2595771  coadd_ba262287 1.72 -2.05 18.875     >18.875  99.990          35.98        14.20   0.091        0.036       
2457389.85138  2457389.85479  2016-01-02.3513785  coadd_ba263164 1.84 -2.05 18.822     >18.822  99.990         -18.94        14.91   -0.048       0.038       
2457390.87237  2457390.87570  2016-01-03.3723685  coadd_ba263462 1.64 -2.05 18.745     >18.745  99.990          15.90        16.02   0.040        0.041       
2457391.82366  2457391.82691  2016-01-04.3236606  coadd_ba263861 1.64 -2.05 18.621     >18.621  99.990         -33.24        17.95   -0.084       0.046       
2457392.87157  2457392.87474  2016-01-05.3715725  coadd_ba264331 2.03 -2.05 18.818     >18.818  99.990          21.76        14.97   0.055        0.038       
2457394.85879  2457394.86179  2016-01-07.3587979  coadd_ba264774 2.10 -2.05 18.923     >18.923  99.990           3.83        13.58   0.010        0.034       
2457396.72679  2457396.72962  2016-01-09.2267939  coadd_ba265543 1.68 -2.05 18.554     >18.554  99.990         -14.15        19.09   -0.036       0.048       
2457398.76177  2457398.76443  2016-01-11.2617733  coadd_ba266421 1.65 -2.05 18.601     >18.601  99.990          -5.99        18.28   -0.015       0.046       
2457401.74027  2457401.74265  2016-01-14.2402723  coadd_ba267275 1.71 -2.05 18.686     >18.686  99.990          24.65        16.91   0.063        0.043       
2457403.82908  2457403.83127  2016-01-16.3290804  coadd_ba268190 1.63 -2.05 18.289     >18.289  99.990         -22.98        24.37   -0.058       0.062       
2457408.81604  2457408.81777  2016-01-21.3160465  coadd_ba270315 1.67 -2.05 17.584     >17.584  99.990          82.34        46.63   0.209        0.118       
2457410.73504  2457410.73657  2016-01-23.2350362  coadd_ba271117 1.80 -2.05 18.048     >18.048  99.990          16.62        30.43   0.042        0.077       
2457412.80774  2457412.80908  2016-01-25.3077430  coadd_ba272036 1.64 -2.05 17.865     >17.865  99.990        -127.38        35.99   -0.323       0.091       
2457414.80307  2457414.80421  2016-01-27.3030761  coadd_ba272898 1.82 -2.05 18.037     >18.037  99.990         -31.97        30.75   -0.081       0.078       
2457415.73088  2457415.73192  2016-01-28.2308797  coadd_ba273273 1.79 -2.05 18.805     >18.805  99.990          10.96        15.15   0.028        0.038       
2457417.73913  2457417.73998  2016-01-30.2391337  coadd_ba274110 2.56 -2.05 18.846     >18.846  99.990          -3.22        14.59   -0.008       0.037       
2457419.78546  2457419.78610  2016-02-01.2854614  coadd_ba275004 1.69 -2.05 18.703      18.660  0.351           51.93        16.64   0.132        0.042       
2457420.78225  2457420.78279  2016-02-02.2822535  coadd_ba275430 1.70 -2.05 18.725     >18.725  99.990          12.70        16.31   0.032        0.041       
2457421.79217  2457421.79261  2016-02-03.2921759  coadd_ba275841 1.72 -2.05 18.794     >18.794  99.990         -28.67        15.31   -0.073       0.039       
2457422.77904  2457422.77939  2016-02-04.2790462  coadd_ba276254 1.63 -2.05 18.715     >18.715  99.990          -4.39        16.46   -0.011       0.042       
2457423.77472  2457423.77496  2016-02-05.2747247  coadd_ba276696 1.71 -2.05 18.500     >18.500  99.990         -18.28        20.05   -0.046       0.051       
2457424.77219  2457424.77233  2016-02-06.2721881  coadd_ba277241 1.66 -2.05 18.452     >18.452  99.990          -9.34        20.97   -0.024       0.053       
2457427.76545  2457427.76529  2016-02-09.2654553  coadd_ba277891 1.64 -2.05 18.775     >18.775  99.990         -22.16        15.58   -0.056       0.040       
2457428.76209  2457428.76184  2016-02-10.2620953  coadd_ba278314 1.64 -2.05 18.654     >18.654  99.990         -26.02        17.41   -0.066       0.044       
2457429.75139  2457429.75103  2016-02-11.2513916  coadd_ba278709 1.63 -2.05 18.460     >18.460  99.990          52.11        20.82   0.132        0.053       
2457436.73032  2457436.72927  2016-02-18.2303261  coadd_ba281075 1.80 -2.05 17.649     >17.649  99.990          87.58        43.95   0.222        0.112       
2457438.73086  2457438.72961  2016-02-20.2308604  coadd_ba281914 1.71 -2.05 17.750     >17.750  99.990          44.88        40.02   0.114        0.102       
2457440.72390  2457440.72245  2016-02-22.2238994  coadd_ba282746 2.00 -2.05 17.622     >17.622  99.990         -12.47        45.06   -0.032       0.114       
2457575.10254  2457575.09923  2016-07-05.6025427  coadd_ba321222 1.60 -2.05 18.432     >18.432  99.990          18.56        21.36   0.047        0.054       
2457577.10479  2457577.10164  2016-07-07.6047868  coadd_ba321866 1.70 -2.05 18.379     >18.379  99.990         -42.51        22.43   -0.108       0.057       
2457579.10083  2457579.09784  2016-07-09.6008265  coadd_ba322571 1.59 -2.05 18.262     >18.262  99.990         -34.85        24.99   -0.088       0.063       
2457581.10448  2457581.10166  2016-07-11.6044776  coadd_ba322846 1.76 -2.05 18.355     >18.355  99.990         -18.06        22.93   -0.046       0.058       
2457588.07689  2457588.07470  2016-07-18.5768976  coadd_ba324621 1.73 -2.05 17.442     >17.442  99.990          77.70        53.17   0.197        0.135       
2457590.11813  2457590.11612  2016-07-20.6181289  coadd_ba324905 1.63 -2.05 17.718     >17.718  99.990          19.84        41.25   0.050        0.105       
2457600.13106  2457600.13000  2016-07-30.6310645  coadd_ba327109 1.83 -2.05 17.014     >17.014  99.990          -2.81        78.88   -0.007       0.200       
2457603.07962  2457603.07884  2016-08-02.5796194  coadd_ba328041 1.64 -2.05 18.697     >18.697  99.990          31.17        16.74   0.079        0.042       
2457606.05950  2457606.05901  2016-08-05.5594997  coadd_ba328942 2.21 -2.05 18.641     >18.641  99.990          32.34        17.62   0.082        0.045       
2457608.05823  2457608.05793  2016-08-07.5582287  coadd_ba329640 1.65 -2.05 18.617     >18.617  99.990         -13.01        18.02   -0.033       0.046       
2457612.07916  2457612.07926  2016-08-11.5791612  coadd_ba330941 1.73 -2.05 18.632     >18.632  99.990          -3.55        17.76   -0.009       0.045       
2457616.99688  2457616.99747  2016-08-16.4968846  coadd_ba332259 1.68 -2.05 17.325     >17.325  99.990        -161.13        59.24   -0.409       0.150       
2457618.11094  2457618.11164  2016-08-17.6109490  coadd_ba332656 1.80 -2.05 17.954     >17.954  99.990         -78.10        33.18   -0.198       0.084       
2457630.08347  2457630.08530  2016-08-29.5834767  coadd_ba335215 1.65 -2.05 18.696     >18.696  99.990         -24.42        16.75   -0.062       0.042       
2457631.87433  2457631.87633  2016-08-31.3743293  coadd_be230912 1.48 -2.37 18.325     >18.325  99.990          -3.27        17.55   -0.011       0.060       
2457632.79114  2457632.79323  2016-09-01.2911468  coadd_be231103 1.42 -2.37 18.334     >18.334  99.990         -39.79        17.40   -0.136       0.059       
2457633.79554  2457633.79772  2016-09-02.2955416  coadd_be231475 2.13 -2.37 18.533     >18.533  99.990           5.67        14.48   0.019        0.049       
2457634.78815  2457634.79041  2016-09-03.2881460  coadd_be231867 1.53 -2.37 18.298     >18.298  99.990         -36.86        17.99   -0.126       0.061       
2457635.78454  2457635.78689  2016-09-04.2845442  coadd_be232263 1.52 -2.37 18.495     >18.495  99.990          17.80        15.00   0.061        0.051       
2457636.78100  2457636.78344  2016-09-05.2809957  coadd_be232558 1.50 -2.37 18.384     >18.384  99.990          20.02        16.62   0.068        0.057       
2457638.05953  2457638.06208  2016-09-06.5595278  coadd_ba336565 1.72 -2.05 18.951     >18.951  99.990          -8.69        13.25   -0.022       0.034       
2457656.87559  2457656.87964  2016-09-25.3755895  coadd_be239859 1.43 -2.37 18.250     >18.250  99.990         -27.58        18.81   -0.094       0.064       
2457658.97697  2457658.98117  2016-09-27.4769775  coadd_ba340857 1.75 -2.05 18.822     >18.822  99.990         -30.81        14.92   -0.078       0.038       
2457660.77956  2457660.78387  2016-09-29.2795615  coadd_be241305 1.62 -2.37 18.457     >18.457  99.990          15.57        15.54   0.053        0.053       
2457663.74335  2457663.74785  2016-10-02.2433479  coadd_be242406 1.59 -2.37 17.714     >17.714  99.990          37.23        30.81   0.127        0.105       
2457667.69979  2457667.70452  2016-10-06.1997923  coadd_be243544 1.35 -2.37 18.283     >18.283  99.990          -2.57        18.23   -0.009       0.062       
2457669.78016  2457669.78500  2016-10-08.2801581  coadd_be244340 1.47 -2.37 18.424     >18.424  99.990         -12.90        16.01   -0.044       0.055       
2457671.69002  2457671.69496  2016-10-10.1900225  coadd_be245004 1.51 -2.37 18.114     >18.114  99.990          12.10        21.31   0.041        0.073       
2457674.83462  2457674.83971  2016-10-13.3346208  coadd_ba345104 1.73 -2.05 17.520     >17.520  99.990          78.85        49.46   0.200        0.126       
2457677.01953  2457677.02472  2016-10-15.5195349  coadd_ba346064 1.80 -2.05 17.249     >17.249  99.990        -133.76        63.48   -0.339       0.161       
2457682.01316  2457682.01854  2016-10-20.5131637  coadd_ba347778 2.29 -2.05 17.998      17.621  0.258          135.30        31.85   0.343        0.081       
2457686.02691  2457686.03241  2016-10-24.5269114  coadd_ba348505 2.02 -2.05 17.942     >17.942  99.990           4.94        33.54   0.013        0.085       
2457687.06441  2457687.06993  2016-10-25.5644079  coadd_ba348948 2.04 -2.05 18.461     >18.461  99.990          -6.72        20.81   -0.017       0.053       
2457687.94633  2457687.95188  2016-10-26.4463325  coadd_ba349273 1.80 -2.05 18.766     >18.766  99.990         -18.31        15.70   -0.046       0.040       
2457689.95038  2457689.95597  2016-10-28.4503796  coadd_ba350099 1.84 -2.05 18.819     >18.819  99.990           9.73        14.95   0.025        0.038       
2457694.04623  2457694.05189  2016-11-01.5462293  coadd_ba351273 1.82 -2.05 17.602     >17.602  99.990        -113.69        45.86   -0.288       0.116       
2457695.04210  2457695.04777  2016-11-02.5420981  coadd_ba351689 1.74 -2.05 18.621     >18.621  99.990          34.50        17.95   0.088        0.046       
2457696.99987  2457697.00556  2016-11-04.4998679  coadd_ba352499 1.65 -2.05 18.393      17.877  0.227          106.84        22.14   0.271        0.056       
2457698.87813  2457698.88384  2016-11-06.3781310  coadd_ba353219 1.66 -2.05 18.879     >18.879  99.990          -7.25        14.16   -0.018       0.036       
2457701.95694  2457701.96266  2016-11-09.4569421  coadd_ba354430 1.79 -2.05 18.172     >18.172  99.990         -64.50        27.13   -0.164       0.069       
2457704.76532  2457704.77103  2016-11-12.2653209  coadd_ba355522 1.65 -2.05 17.453     >17.453  99.990          -0.25        52.64   -0.001       0.134       
2457709.00534  2457709.01101  2016-11-16.5053409  coadd_ba357375 2.29 -2.05 17.384     >17.384  99.990        -138.40        56.08   -0.351       0.142       
2457709.76921  2457709.77488  2016-11-17.2692160  coadd_ba357596 2.31 -2.05 18.264     >18.264  99.990           0.70        24.95   0.002        0.063       
2457712.99331  2457712.99893  2016-11-20.4933127  coadd_ba358799 1.69 -2.05 17.516     >17.516  99.990          41.66        49.65   0.106        0.126       
2457718.97856  2457718.98403  2016-11-26.4785626  coadd_ba360378 1.81 -2.05 17.989     >17.989  99.990         -34.10        32.13   -0.087       0.082       
2457720.97098  2457720.97639  2016-11-28.4709833  coadd_ba361116 2.04 -2.05 18.787     >18.787  99.990         -34.80        15.40   -0.088       0.039       
2457736.86275  2457736.86744  2016-12-14.3627545  coadd_ba362764 1.70 -2.05 17.407     >17.407  99.990         -22.34        54.90   -0.057       0.139       
2457737.71022  2457737.71486  2016-12-15.2102241  coadd_ba363054 1.69 -2.05 18.253     >18.253  99.990          75.44        25.18   0.191        0.064       
2457744.88836  2457744.89254  2016-12-22.3883674  coadd_ba363652 1.71 -2.05 18.465     >18.465  99.990           9.88        20.72   0.025        0.053       
2457746.85152  2457746.85556  2016-12-24.3515225  coadd_ba364474 1.76 -2.05 18.550     >18.550  99.990           3.39        19.16   0.009        0.049       
2457747.86605  2457747.87002  2016-12-25.3660488  coadd_ba364876 2.21 -2.05 18.299     >18.299  99.990         -85.01        24.15   -0.216       0.061       
2457755.87445  2457755.87780  2017-01-02.3744565  coadd_ba366580 1.69 -2.05 18.493     >18.493  99.990           4.22        20.19   0.011        0.051       
2457756.87421  2457756.87748  2017-01-03.3742153  coadd_ba367009 1.71 -2.05 18.822     >18.822  99.990          21.00        14.91   0.053        0.038       
2457759.55527  2457759.55831  2017-01-06.0552690  coadd_be267211 1.42 -2.37 17.894     >17.894  99.990          25.83        26.10   0.088        0.089       
2457763.72383  2457763.72652  2017-01-10.2238358  coadd_ba369460 1.83 -2.05 17.548     >17.548  99.990        -169.22        48.22   -0.429       0.122       
2457766.84352  2457766.84592  2017-01-13.3435208  coadd_ba370899 1.72 -2.05 17.535     >17.535  99.990          23.46        48.80   0.060        0.124       
2457767.74092  2457767.74324  2017-01-14.2409271  coadd_ba371246 1.70 -2.05 18.427     >18.427  99.990           9.16        21.46   0.023        0.054       
2457771.54166  2457771.54362  2017-01-18.0416590  coadd_be270848 1.43 -2.37 18.234     >18.234  99.990          -6.25        19.08   -0.021       0.065       
2457773.78548  2457773.78723  2017-01-20.2854836  coadd_ba373376 2.05 -2.05 19.045     >19.045  99.990           9.72        12.14   0.025        0.031       
2457776.81325  2457776.81471  2017-01-23.3132508  coadd_ba374289 1.65 -2.05 18.059     >18.059  99.990         -67.48        30.11   -0.171       0.076       
2457777.81009  2457777.81145  2017-01-24.3100957  coadd_ba374682 1.66 -2.05 18.506     >18.506  99.990          34.78        19.95   0.088        0.051       
2457779.80281  2457779.80398  2017-01-26.3028157  coadd_ba375452 2.04 -2.05 18.731     >18.731  99.990         -33.00        16.22   -0.084       0.041       
2457780.80514  2457780.80620  2017-01-27.3051375  coadd_ba375877 1.71 -2.05 18.715     >18.715  99.990          30.85        16.46   0.078        0.042       
2457781.79347  2457781.79444  2017-01-28.2934730  coadd_ba376290 1.72 -2.05 18.781     >18.781  99.990         -28.22        15.49   -0.072       0.039       
2457782.79065  2457782.79151  2017-01-29.2906493  coadd_ba376708 1.61 -2.05 18.643     >18.643  99.990         -23.70        17.59   -0.060       0.045       
2457783.79062  2457783.79139  2017-01-30.290625  coadd_ba377095 1.76 -2.05 18.807     >18.807  99.990         -22.29        15.12   -0.057       0.038       
2457784.78841  2457784.78908  2017-01-31.2884092  coadd_ba377465 1.70 -2.05 18.545     >18.545  99.990         -73.97        19.25   -0.188       0.049       
2457793.76298  2457793.76275  2017-02-09.2629818  coadd_ba380170 1.67 -2.05 17.601     >17.601  99.990          20.86        45.90   0.053        0.116       
2457798.73891  2457798.73818  2017-02-14.2389148  coadd_ba381636 2.10 -2.05 18.603     >18.603  99.990          18.84        18.25   0.048        0.046       
2457801.73822  2457801.73719  2017-02-17.2382263  coadd_ba382790 1.81 -2.05 18.316     >18.316  99.990         -47.78        23.76   -0.121       0.060       
2457804.72756  2457804.72624  2017-02-20.2275622  coadd_ba383878 2.06 -2.05 18.285     >18.285  99.990         -31.61        24.46   -0.080       0.062       
2457939.10279  2457939.09937  2017-07-04.6027872  coadd_ba418951 2.06 -2.05 18.448     >18.448  99.990          11.03        21.05   0.028        0.053       
2457943.12024  2457943.11716  2017-07-08.6202472  coadd_ba420314 1.78 -2.05 17.258     >17.258  99.990          86.88        62.95   0.220        0.160       
2457945.10850  2457945.10558  2017-07-10.6085013  coadd_ba420963 1.94 -2.05 17.188     >17.188  99.990          33.43        67.20   0.085        0.171       
2457946.92716  2457946.92440  2017-07-12.4271641  coadd_be326354 1.47 -2.37 17.085     >17.085  99.990         121.19        54.99   0.413        0.187       
2457947.91854  2457947.91587  2017-07-13.4185517  coadd_be326790 1.63 -2.37 17.757     >17.757  99.990          24.88        29.60   0.085        0.101       
2457956.90513  2457956.90327  2017-07-22.4051341  coadd_be329918 1.51 -2.37 18.163     >18.163  99.990          46.90        20.37   0.160        0.069       
2457958.89819  2457958.89650  2017-07-24.3981851  coadd_be330697 1.52 -2.37 18.412     >18.412  99.990          21.62        16.19   0.074        0.055       
2457962.08236  2457962.08098  2017-07-27.5823664  coadd_ba424370 1.69 -2.05 17.563     >17.563  99.990         -71.63        47.57   -0.182       0.121       
2457965.04347  2457965.04237  2017-07-30.5434699  coadd_ba424859 1.69 -2.05 18.401     >18.401  99.990         -19.88        21.98   -0.050       0.056       
2457967.91298  2457967.91216  2017-08-02.4129858  coadd_be334536 1.82 -2.37 18.161     >18.161  99.990         -35.60        20.40   -0.121       0.070       
2457971.02928  2457971.02877  2017-08-05.5292890  coadd_ba426245 1.70 -2.05 16.727      16.021  0.191          590.24       102.66   1.498        0.261       
2457972.02914  2457972.02873  2017-08-06.5291486  coadd_ba426607 1.68 -2.05 17.239     >17.239  99.990         151.15        64.07   0.384        0.163       
2457973.10406  2457973.10375  2017-08-07.6040600  coadd_ba427017 1.63 -2.05 16.348      14.839  0.091         1753.88       145.63   4.450        0.370       
2457974.02032  2457974.02010  2017-08-08.5203209  coadd_ba427307 1.62 -2.05 17.194     >17.194  99.990        -127.64        66.82   -0.324       0.170       
2457976.11484  2457976.11482  2017-08-10.6148442  coadd_ba428192 1.67 -2.05 17.892     >17.892  99.990         -71.46        35.11   -0.181       0.089       
2457983.10647  2457983.10714  2017-08-17.6064758  coadd_ba430420 1.69 -2.05 18.495     >18.495  99.990         -28.49        20.16   -0.072       0.051       
2457985.84362  2457985.84455  2017-08-20.3436292  coadd_be340404 1.52 -2.37 18.278     >18.278  99.990         -28.48        18.32   -0.097       0.062       
2457992.04517  2457992.04670  2017-08-26.5451714  coadd_ba432537 1.71 -2.05 17.862     >17.862  99.990         -74.70        36.10   -0.190       0.092       
2457993.05257  2457993.05419  2017-08-27.5525710  coadd_ba432917 1.85 -2.05 18.611     >18.611  99.990         -22.14        18.11   -0.056       0.046       
2457997.95665  2457997.95873  2017-09-01.4566567  coadd_ba434107 1.62 -2.05 17.960     >17.960  99.990        -142.77        32.98   -0.362       0.084       
2457999.08043  2457999.08260  2017-09-02.5804267  coadd_ba434559 1.75 -2.05 19.077     >19.077  99.990           7.62        11.80   0.019        0.030       
2457999.94775  2457999.95001  2017-09-03.4477613  coadd_ba434744 1.63 -2.05 16.461     >16.461  99.990         126.37       131.22   0.321        0.333       
2458002.07749  2458002.07994  2017-09-05.5775001  coadd_ba435315 2.01 -2.05 17.926     >17.926  99.990         -33.76        34.04   -0.086       0.086       
2458011.02366  2458011.02687  2017-09-14.5236626  coadd_ba437315 1.63 -2.05 18.556     >18.556  99.990          31.66        19.05   0.080        0.048       
2458012.79676  2458012.80012  2017-09-16.2967655  coadd_be346287 1.62 -2.37 18.403     >18.403  99.990         -18.98        16.34   -0.065       0.056       
2458016.07364  2458016.07725  2017-09-19.5736497  coadd_ba438878 1.67 -2.05 18.607     >18.607  99.990         -52.53        18.18   -0.133       0.046       
2458018.84635  2458018.85017  2017-09-22.3463609  coadd_be348444 1.45 -2.37 18.252     >18.252  99.990         -38.51        18.77   -0.131       0.064       
2458022.07352  2458022.07757  2017-09-25.5735311  coadd_ba440815 1.67 -2.05 18.480     >18.480  99.990         -19.74        20.43   -0.050       0.052       
2458023.75985  2458023.76401  2017-09-27.2598486  coadd_be350082 1.47 -2.37 18.375     >18.375  99.990           6.96        16.76   0.024        0.057       
2458024.96202  2458024.96626  2017-09-28.4620207  coadd_ba441656 2.07 -2.05 18.619     >18.619  99.990          -5.49        17.98   -0.014       0.046       
2458028.94024  2458028.94474  2017-10-02.4402432  coadd_ba442967 1.68 -2.05 17.986     >17.986  99.990         -19.70        32.20   -0.050       0.082       
2458032.78919  2458032.79391  2017-10-06.2891870  coadd_be352651 1.45 -2.37 16.994     >16.994  99.990         -16.88        59.77   -0.058       0.204       
2458037.01871  2458037.02365  2017-10-10.5187123  coadd_ba444887 1.71 -2.05 18.177     >18.177  99.990          12.82        27.01   0.033        0.069       
2458038.05974  2458038.06474  2017-10-11.5597476  coadd_ba445323 1.64 -2.05 18.316     >18.316  99.990          35.21        23.78   0.089        0.060       
2458040.76700  2458040.77212  2017-10-14.2670038  coadd_be355529 1.85 -2.37 18.453     >18.453  99.990          42.38        15.59   0.144        0.053       
2458042.67685  2458042.68205  2017-10-16.17685  coadd_be356175 1.57 -2.37 18.171     >18.171  99.990         -40.39        20.22   -0.138       0.069       
2458043.72787  2458043.73311  2017-10-17.2278711  coadd_be356439 1.63 -2.37 18.334     >18.334  99.990         -42.66        17.39   -0.145       0.059       
2458045.67463  2458045.67995  2017-10-19.1746329  coadd_be356925 1.56 -2.37 18.103     >18.103  99.990         -48.73        21.52   -0.166       0.073       
2458047.66114  2458047.66653  2017-10-21.1611428  coadd_be357622 1.64 -2.37 18.351     >18.351  99.990         -12.26        17.13   -0.042       0.058       
2458048.65397  2458048.65939  2017-10-22.1539828  coadd_be357976 1.52 -2.37 18.425     >18.425  99.990          -4.88        16.01   -0.017       0.055       
2458050.64873  2458050.65421  2017-10-24.1487303  coadd_be358625 1.77 -2.37 17.984     >17.984  99.990          16.16        24.02   0.055        0.082       
2458052.64089  2458052.64642  2017-10-26.1408906  coadd_be358870 1.83 -2.37 17.917     >17.917  99.990         -54.73        25.54   -0.187       0.087       
2458053.64149  2458053.64705  2017-10-27.1414976  coadd_be359217 2.05 -2.37 18.088     >18.088  99.990          22.40        21.83   0.076        0.074       
2458055.63147  2458055.63707  2017-10-29.1314697  coadd_be359910 1.89 -2.37 17.775     >17.775  99.990         -78.51        29.11   -0.268       0.099       
2458056.62850  2458056.63412  2017-10-30.1285061  coadd_be360259 2.25 -2.37 17.817     >17.817  99.990         -49.95        28.01   -0.170       0.095       
2458067.78480  2458067.79052  2017-11-10.2848031  coadd_be360666 1.50 -2.37 17.813     >17.813  99.990          79.87        28.11   0.272        0.096       
2458068.76541  2458068.77113  2017-11-11.2654152  coadd_be360987 1.40 -2.37 18.193     >18.193  99.990          42.62        19.82   0.145        0.068       
2458069.75055  2458069.75627  2017-11-12.2505554  coadd_be361314 1.43 -2.37 18.201     >18.201  99.990         -48.99        19.66   -0.167       0.067       
2458070.73986  2458070.74556  2017-11-13.2398567  coadd_be361643 1.39 -2.37 18.313     >18.313  99.990           0.02        17.74   0.000        0.060       
2458071.64549  2458071.65120  2017-11-14.1454930  coadd_be361907 1.39 -2.37 18.438     >18.438  99.990           7.48        15.82   0.026        0.054       
2458072.65385  2458072.65954  2017-11-15.1538486  coadd_be362249 1.43 -2.37 18.464     >18.464  99.990           5.23        15.43   0.018        0.053       
2458073.65263  2458073.65832  2017-11-16.1526376  coadd_be362515 1.54 -2.37 18.471     >18.471  99.990         -21.57        15.34   -0.074       0.052       
2458074.94865  2458074.95432  2017-11-17.4486538  coadd_ba453898 1.71 -2.05 18.308     >18.308  99.990         -70.31        23.94   -0.178       0.061       
2458075.81869  2458075.82434  2017-11-18.3186918  coadd_ba454221 1.72 -2.05 18.520     >18.520  99.990         -38.75        19.71   -0.098       0.050       
2458076.88786  2458076.89349  2017-11-19.3878571  coadd_ba454647 1.83 -2.05 18.500     >18.500  99.990         -37.43        20.06   -0.095       0.051       
2458077.83757  2458077.84319  2017-11-20.3375762  coadd_ba454864 1.80 -2.05 18.625     >18.625  99.990          33.89        17.87   0.086        0.045       
2458081.61410  2458081.61964  2017-11-24.1141085  coadd_be364668 1.44 -2.37 18.430     >18.430  99.990          29.26        15.93   0.100        0.054       
2458083.65375  2458083.65924  2017-11-26.1537556  coadd_be365351 1.40 -2.37 18.354     >18.354  99.990           4.09        17.09   0.014        0.058       
2458091.58953  2458091.59474  2017-12-04.0895325  coadd_be367731 1.50 -2.37 16.813     >16.813  99.990         -57.51        70.61   -0.196       0.241       
2458096.94561  2458096.95058  2017-12-09.4456180  coadd_ba458029 1.66 -2.05 17.054     >17.054  99.990          21.30        75.97   0.054        0.193       
2458099.93899  2458099.94380  2017-12-12.4389903  coadd_ba458730 2.08 -2.05 18.421     >18.421  99.990         -14.26        21.58   -0.036       0.055       
2458100.93747  2458100.94223  2017-12-13.4374773  coadd_ba458998 2.45 -2.05 17.134     >17.134  99.990         168.38        70.63   0.427        0.179       
2458101.93231  2458101.93701  2017-12-14.4323135  coadd_ba459411 1.73 -2.05 18.560     >18.560  99.990          52.48        18.99   0.133        0.048       
2458111.88758  2458111.89164  2017-12-24.3875866  coadd_ba460483 1.71 -2.05 18.736     >18.736  99.990          -6.15        16.15   -0.016       0.041       
2458119.87747  2458119.88093  2018-01-01.3774754  coadd_ba462799 1.82 -2.05 17.386     >17.386  99.990         -62.26        55.98   -0.158       0.142       
2458120.84424  2458120.84762  2018-01-02.3442474  coadd_ba463164 1.72 -2.05 17.486     >17.486  99.990          44.74        51.05   0.114        0.130       
2458121.60559  2458121.60890  2018-01-03.1055903  coadd_be374378 1.47 -2.37 17.339     >17.339  99.990          92.32        43.51   0.315        0.148       
2458122.65190  2458122.65512  2018-01-04.1518972  coadd_be374698 1.44 -2.37 17.002     >17.002  99.990          89.90        59.36   0.306        0.202       
2458123.63136  2458123.63451  2018-01-05.1313685  coadd_be374978 1.40 -2.37 17.744     >17.744  99.990          22.09        29.97   0.075        0.102       
2458157.78777  2458157.78767  2018-02-08.2877790  coadd_ba473177 1.66 -2.05 18.667     >18.667  99.990           5.57        17.21   0.014        0.044       
2458159.75574  2458159.75543  2018-02-10.2557454  coadd_ba473759 2.15 -2.05 18.768     >18.768  99.990         -31.62        15.67   -0.080       0.040       
2458161.75214  2458161.75163  2018-02-12.2521415  coadd_ba474298 1.61 -2.05 18.604     >18.604  99.990          50.44        18.24   0.128        0.046       
2458162.74099  2458162.74038  2018-02-13.2409930  coadd_ba474705 1.68 -2.05 18.726     >18.726  99.990           1.80        16.30   0.005        0.041       
2458167.73481  2458167.73371  2018-02-18.2348135  coadd_ba475114 1.69 -2.05 18.447     >18.447  99.990          -8.67        21.08   -0.022       0.053       
2458297.11906  2458297.11510  2018-06-27.6190642  coadd_ba498861 2.07 -2.05 16.173     >16.173  99.990        -188.39       171.06   -0.478       0.434       
2458298.11565  2458298.11176  2018-06-28.6156546  coadd_ba499189 1.99 -2.05 16.698     >16.698  99.990         -21.99       105.46   -0.056       0.268       
2458301.10763  2458301.10396  2018-07-01.6076327  coadd_ba499941 2.01 -2.05 17.198     >17.198  99.990        -172.49        66.57   -0.438       0.169       
2458311.08688  2458311.08403  2018-07-11.5868832  coadd_ba502187 1.61 -2.05 18.079     >18.079  99.990          77.21        29.57   0.196        0.075       
2458313.10606  2458313.10338  2018-07-13.6060634  coadd_ba502854 1.60 -2.05 18.079     >18.079  99.990          11.66        29.55   0.030        0.075       
2458319.08009  2458319.07794  2018-07-19.5800989  coadd_ba504200 1.60 -2.05 17.559     >17.559  99.990          16.98        47.74   0.043        0.121       
2458320.07599  2458320.07393  2018-07-20.5759930  coadd_ba504462 1.65 -2.05 18.540      18.449  0.336           63.11        19.34   0.160        0.049       
2458327.06101  2458327.05961  2018-07-27.5610197  coadd_ba506811 2.00 -2.05 16.997     >16.997  99.990          78.42        80.10   0.199        0.203       
2458331.04781  2458331.04678  2018-07-31.5478086  coadd_ba507902 1.57 -2.05 16.973     >16.973  99.990          51.62        81.87   0.131        0.208       
2458339.10668  2458339.10644  2018-08-08.6066868  coadd_ba510363 2.06 -2.05 18.635     >18.635  99.990         -26.68        17.72   -0.068       0.045       
2458340.87729  2458340.87722  2018-08-10.3772886  coadd_be432137 1.43 -2.37 18.370     >18.370  99.990          23.84        16.83   0.081        0.057       
2458345.84908  2458345.84950  2018-08-15.3490850  coadd_be434251 1.45 -2.37 18.347     >18.347  99.990          43.11        17.19   0.147        0.059       
2458347.84205  2458347.84266  2018-08-17.3420505  coadd_be434713 1.46 -2.37 18.466     >18.466  99.990          39.19        15.41   0.134        0.053       
2458351.98305  2458351.98407  2018-08-21.4830540  coadd_ba513359 2.28 -2.05 18.073     >18.073  99.990          61.81        29.73   0.157        0.075       
2458367.09931  2458367.10174  2018-09-05.5993215  coadd_ba515519 1.98 -2.05 18.280      17.988  0.279           96.47        24.56   0.245        0.062       
2458367.84508  2458367.84757  2018-09-06.3450812  coadd_be441638 1.48 -2.37 18.548     >18.548  99.990           7.41        14.29   0.025        0.049       
2458370.78224  2458370.78499  2018-09-09.2822431  coadd_be442803 1.39 -2.37 18.165     >18.165  99.990         -33.64        20.33   -0.115       0.069       
2458371.77869  2458371.78153  2018-09-10.2786927  coadd_be443202 1.42 -2.37 18.506     >18.506  99.990           2.77        14.85   0.009        0.051       
2458375.76877  2458375.77194  2018-09-14.2687672  coadd_be444436 1.43 -2.37 18.568     >18.568  99.990         -27.70        14.03   -0.094       0.048       
2458380.90135  2458380.90493  2018-09-19.4013519  coadd_ba519153 1.62 -2.05 18.326     >18.326  99.990         -20.94        23.55   -0.053       0.060       
2458384.74192  2458384.74578  2018-09-23.2419206  coadd_be447853 1.45 -2.37 17.661     >17.661  99.990         -27.16        32.34   -0.093       0.110       
2458384.89819  2458384.90207  2018-09-23.3981951  coadd_ba520136 1.75 -2.05 17.825     >17.825  99.990          60.65        37.36   0.154        0.095       
2458386.98171  2458386.98573  2018-09-25.4817134  coadd_ba520837 1.61 -2.05 16.015      15.556  0.239          906.32       197.83   2.300        0.502       
2458393.07189  2458393.07632  2018-10-01.5718913  coadd_ba522290 2.06 -2.05 17.995     >17.995  99.990         -20.71        31.96   -0.053       0.081       
2458397.04338  2458397.04804  2018-10-05.5433828  coadd_ba523278 1.69 -2.05 18.147     >18.147  99.990         -87.74        27.77   -0.223       0.070       
2458402.99163  2458402.99661  2018-10-11.4916349  coadd_ba524115 2.18 -2.05 18.847     >18.847  99.990         -24.93        14.57   -0.063       0.037       
2458408.04212  2458408.04733  2018-10-16.5421216  coadd_ba524923 1.61 -2.05 18.550     >18.550  99.990          40.70        19.17   0.103        0.049       
2458414.99194  2458414.99739  2018-10-23.4919364  coadd_ba526807 1.99 -2.05 17.334     >17.334  99.990         -95.08        58.72   -0.241       0.149       
2458423.99847  2458424.00412  2018-11-01.4984724  coadd_ba528692 1.62 -2.05 18.109     >18.109  99.990         -97.62        28.75   -0.248       0.073       
2458428.91924  2458428.92495  2018-11-06.4192386  coadd_ba529410 1.69 -2.05 18.380     >18.380  99.990          62.56        22.40   0.159        0.057       
2458431.02139  2458431.02710  2018-11-08.5213943  coadd_ba529930 1.66 -2.05 18.230     >18.230  99.990         -36.43        25.74   -0.092       0.065       
2458431.97553  2458431.98125  2018-11-09.4755371  coadd_ba530294 1.73 -2.05 18.369     >18.369  99.990          50.41        22.63   0.128        0.057       
2458446.81903  2458446.82457  2018-11-24.3190259  coadd_ba534586 2.21 -2.05 16.840     >16.840  99.990         251.69        92.56   0.639        0.235       
2458447.89257  2458447.89808  2018-11-25.3925704  coadd_ba535073 1.66 -2.05 17.768     >17.768  99.990         -18.45        39.37   -0.047       0.100       
2458451.96666  2458451.97206  2018-11-29.4666759  coadd_ba536858 1.75 -2.05 18.260     >18.260  99.990         -33.87        25.03   -0.086       0.064       
