###  JD        HJD            UT_date             IMAGE          FWHM  Diff Limit      mag   mag_err       counts     count_err  flux (mJy)    flux_err
2455985.16487  2455985.16633  2012-02-27.6648769  coadd_ba009269 2.35 -1.88 17.782     >17.782  99.990         -80.54        45.68   -0.174       0.099       
2456001.14817  2456001.15084  2012-03-14.6481796  coadd_ba010954 2.31 -1.88 18.184     >18.184  99.990        -101.05        31.56   -0.218       0.068       
2456015.06631  2456015.07015  2012-03-28.5663171  coadd_bb011028 1.75 -1.67 18.796     >18.796  99.990         -88.58        21.72   -0.158       0.039       
2456020.05202  2456020.05611  2012-04-02.5520212  coadd_bb012162 1.72 -1.67 17.596     >17.596  99.990          36.31        65.61   0.065        0.117       
2456021.06024  2456021.06438  2012-04-03.5602358  coadd_bb012413 1.68 -1.67 17.525     >17.525  99.990         -86.17        70.06   -0.154       0.125       
2456028.03558  2456028.04001  2012-04-10.5355811  coadd_bb013594 1.76 -1.67 17.491     >17.491  99.990          83.37        72.28   0.149        0.129       
2456038.00353  2456038.00827  2012-04-20.5035331  coadd_bb014482 1.75 -1.67 17.755     >17.755  99.990         -71.22        56.66   -0.127       0.101       
2456042.01274  2456042.01756  2012-04-24.5127408  coadd_bb015257 2.00 -1.67 17.678     >17.678  99.990           8.06        60.82   0.014        0.109       
2456085.91632  2456085.92060  2012-06-07.4163203  coadd_bb016627 2.11 -1.67 17.323     >17.323  99.990         -90.54        84.33   -0.162       0.150       
2456337.12954  2456337.12989  2013-02-13.6295431  coadd_ba040070 2.06 -1.88 18.319     >18.319  99.990         -11.30        27.86   -0.024       0.060       
2456352.15936  2456352.16095  2013-02-28.6593593  coadd_ba042090 2.15 -1.88 17.702     >17.702  99.990        -223.12        49.20   -0.482       0.106       
2456353.15856  2456353.16023  2013-03-01.6585622  coadd_ba042396 2.04 -1.88 17.113     >17.113  99.990        -320.20        84.59   -0.691       0.183       
2456354.15659  2456354.15834  2013-03-02.6565906  coadd_ba042692 2.17 -1.88 17.586     >17.586  99.990          17.88        54.73   0.039        0.118       
2456358.08133  2456358.08339  2013-03-06.5813372  coadd_ba043826 2.01 -1.88 18.372     >18.372  99.990           4.83        26.52   0.010        0.057       
2456359.02552  2456359.02764  2013-03-07.5255190  coadd_ba044086 2.01 -1.88 18.105     >18.105  99.990          73.12        33.92   0.158        0.073       
2456377.07471  2456377.07808  2013-03-25.5747152  coadd_ba046155 1.88 -1.88 17.885      17.455  0.246          185.10        41.55   0.400        0.090       
2456378.10896  2456378.11240  2013-03-26.6089673  coadd_ba045875 1.77 -1.88 17.050     >17.050  99.990          55.11        89.69   0.119        0.194       
2456388.86452  2456388.86854  2013-04-06.3645241  coadd_ba047572 2.40 -1.88 17.648     >17.648  99.990         120.82        51.71   0.261        0.112       
2456389.86483  2456389.86889  2013-04-07.3648285  coadd_ba047856 2.25 -1.88 18.027     >18.027  99.990         -12.51        36.47   -0.027       0.079       
2456393.03553  2456393.03973  2013-04-10.5355329  coadd_ba048722 2.04 -1.88 18.524     >18.524  99.990          24.33        23.06   0.053        0.050       
2456402.92050  2456402.92506  2013-04-20.4205017  coadd_ba051154 2.11 -1.88 18.060     >18.060  99.990          32.93        35.36   0.071        0.076       
2456411.92963  2456411.93441  2013-04-29.4296277  coadd_ba053134 2.16 -1.88 16.891     >16.891  99.990        -227.29       103.76   -0.491       0.224       
2456417.04424  2456417.04909  2013-05-04.54425  coadd_ba054132 1.80 -1.88 18.311     >18.311  99.990         -61.24        28.06   -0.132       0.061       
2456439.99306  2456439.99779  2013-05-27.4930658  coadd_ba055683 1.85 -1.88 17.282     >17.282  99.990          66.02        72.38   0.143        0.156       
2456447.93808  2456447.94260  2013-06-04.4380853  coadd_ba056592 2.79 -1.88 18.750     >18.750  99.990         -22.48        18.73   -0.049       0.040       
2456458.86036  2456458.86446  2013-06-15.3603648  coadd_ba059316 2.12 -1.88 18.180     >18.180  99.990        -116.38        31.68   -0.251       0.068       
2456462.85595  2456462.85986  2013-06-19.3559545  coadd_ba060482 1.82 -1.88 17.849     >17.849  99.990         -26.35        42.94   -0.057       0.093       
2456468.84572  2456468.84931  2013-06-25.3457185  coadd_ba062296 1.83 -1.88 16.804     >16.804  99.990         -21.02       112.47   -0.045       0.243       
2456473.86269  2456473.86599  2013-06-30.3626869  coadd_ba063643 2.18 -1.88 18.536     >18.536  99.990          25.69        22.81   0.055        0.049       
2456477.83408  2456477.83713  2013-07-04.3340853  coadd_ba064788 1.73 -1.88 18.095     >18.095  99.990           3.44        34.23   0.007        0.074       
2456482.83633  2456482.83905  2013-07-09.3363317  coadd_ba066446 2.14 -1.88 18.668     >18.668  99.990         -23.57        20.21   -0.051       0.044       
2456486.81457  2456486.81702  2013-07-13.3145745  coadd_ba067601 1.99 -1.88 18.053     >18.053  99.990         -55.43        35.59   -0.120       0.077       
2456491.80456  2456491.80664  2013-07-18.3045619  coadd_ba069365 1.71 -1.88 17.509     >17.509  99.990         -59.65        58.73   -0.129       0.127       
2456497.80843  2456497.81006  2013-07-24.3084359  coadd_ba071001 1.72 -1.88 17.331     >17.331  99.990         -32.33        69.21   -0.070       0.149       
2456510.79935  2456510.79994  2013-08-06.2993564  coadd_ba073046 1.80 -1.88 18.252     >18.252  99.990          -1.19        29.63   -0.003       0.064       
2456517.76937  2456517.76938  2013-08-13.2693687  coadd_ba074704 1.84 -1.88 17.691     >17.691  99.990        -116.95        49.69   -0.252       0.107       
2456522.74493  2456522.74453  2013-08-18.2449328  coadd_ba076303 1.70 -1.88 17.322     >17.322  99.990        -136.54        69.77   -0.295       0.151       
2456527.75756  2456527.75675  2013-08-23.2575598  coadd_ba077544 2.02 -1.88 18.137     >18.137  99.990         -25.73        32.93   -0.056       0.071       
2456534.74316  2456534.74180  2013-08-30.2431604  coadd_ba079259 1.67 -1.88 18.108     >18.108  99.990         -22.95        33.83   -0.050       0.073       
2456657.12412  2456657.12101  2013-12-30.6241216  coadd_bc014941 1.46 -2.27 17.971     >17.971  99.990          35.60        26.79   0.110        0.083       
2456658.14270  2456658.13966  2013-12-31.6427041  coadd_bc015096 1.73 -2.27 17.962     >17.962  99.990          16.17        27.02   0.050        0.084       
2456676.08271  2456676.08075  2014-01-18.5827158  coadd_bc017239 2.06 -2.27 17.625     >17.625  99.990          76.79        36.85   0.238        0.114       
2456678.11093  2456678.10912  2014-01-20.6109314  coadd_bc018005 2.57 -2.27 17.671     >17.671  99.990          54.32        35.33   0.168        0.109       
2456701.03097  2456701.03104  2014-02-12.5309755  coadd_bc020251 2.35 -2.27 17.593     >17.593  99.990          84.00        37.96   0.260        0.117       
2456730.08401  2456730.08640  2014-03-13.5836042  coadd_bc020920 2.52 -2.27 18.140     >18.140  99.990          36.18        22.92   0.112        0.071       
2456731.06433  2456731.06679  2014-03-14.5639233  coadd_bc021113 2.08 -2.27 18.228     >18.228  99.990          63.24        21.14   0.196        0.065       
2456736.00983  2456736.01265  2014-03-19.5094282  coadd_bc022148 1.74 -2.27 17.780     >17.780  99.990          57.16        31.95   0.177        0.099       
2456743.99201  2456743.99534  2014-03-27.4916006  coadd_bc023611 3.36 -2.27 18.465     >18.465  99.990          -1.89        16.99   -0.006       0.053       
2456755.97319  2456755.97718  2014-04-08.4727891  coadd_bc024932 2.59 -2.27 18.004     >18.004  99.990          56.78        26.00   0.176        0.080       
2456757.92475  2456757.92882  2014-04-10.4243439  coadd_bc025599 2.68 -2.27 18.207     >18.207  99.990          19.43        21.55   0.060        0.067       
2456758.95237  2456758.95649  2014-04-11.4519664  coadd_bc025927 3.14 -2.27 18.004     >18.004  99.990          74.41        25.98   0.230        0.080       
2456771.09116  2456771.09573  2014-04-23.5907597  coadd_bc027635 3.03 -2.27 18.580     >18.580  99.990         -13.67        15.28   -0.042       0.047       
2456781.92961  2456781.93441  2014-05-04.4292081  coadd_bc028524 1.66 -2.27 18.271     >18.271  99.990         -42.94        20.32   -0.133       0.063       
2456782.79133  2456782.79614  2014-05-05.2909277  coadd_bc028665 1.61 -2.27 18.339     >18.339  99.990          -4.59        19.09   -0.014       0.059       
2456783.94130  2456783.94613  2014-05-06.4408952  coadd_bc028911 1.76 -2.27 18.794     >18.794  99.990           8.67        12.55   0.027        0.039       
2456784.93031  2456784.93514  2014-05-07.4299020  coadd_bc029145 2.81 -2.27 18.328     >18.328  99.990          52.00        19.28   0.161        0.060       
2456785.78385  2456785.78869  2014-05-08.2834469  coadd_bc029337 1.97 -2.27 18.008     >18.008  99.990          49.87        25.90   0.154        0.080       
2456795.01920  2456795.02406  2014-05-17.5187942  coadd_bc030507 2.29 -2.27 17.341     >17.341  99.990         -15.86        47.87   -0.049       0.148       
2456797.02904  2456797.03389  2014-05-19.5286343  coadd_bc031101 1.61 -2.27 18.054     >18.054  99.990         -77.07        24.82   -0.238       0.077       
2456797.97102  2456797.97586  2014-05-20.4706157  coadd_bc031336 1.55 -2.27 18.120     >18.120  99.990          -1.23        23.35   -0.004       0.072       
2456798.97031  2456798.97515  2014-05-21.4699067  coadd_bc031694 2.11 -2.27 18.396     >18.396  99.990         -23.96        18.12   -0.074       0.056       
2456801.90459  2456801.90940  2014-05-24.4041942  coadd_bc032571 1.69 -2.27 18.721     >18.721  99.990          23.33        13.42   0.072        0.042       
2456804.90309  2456804.90785  2014-05-27.4026886  coadd_bc033495 1.81 -2.27 18.734     >18.734  99.990         -19.40        13.26   -0.060       0.041       
2456807.90308  2456807.90778  2014-05-30.4026809  coadd_bc034267 2.42 -2.27 18.280      17.992  0.280           78.85        20.16   0.244        0.062       
2456810.88569  2456810.89031  2014-06-02.3852844  coadd_bc035177 2.33 -2.27 18.841     >18.841  99.990          29.98        12.02   0.093        0.037       
2456811.77236  2456811.77696  2014-06-03.2719601  coadd_bc035435 1.42 -2.27 18.460     >18.460  99.990          27.86        17.07   0.086        0.053       
2456812.88432  2456812.88889  2014-06-04.3839153  coadd_bc035808 1.50 -2.27 18.509     >18.509  99.990         -87.64        16.32   -0.271       0.050       
2456813.79133  2456813.79587  2014-06-05.2909216  coadd_bc036009 1.58 -2.27 17.175     >17.175  99.990          96.19        55.75   0.298        0.172       
2456815.88062  2456815.88510  2014-06-07.3802137  coadd_bc036716 1.57 -2.27 18.034      17.735  0.277           99.91        25.28   0.309        0.078       
2456820.87524  2456820.87955  2014-06-12.3748414  coadd_bc038263 1.51 -2.27 17.084     >17.084  99.990         179.97        60.65   0.557        0.188       
2456821.94315  2456821.94741  2014-06-13.4427488  coadd_bc038632 1.51 -2.27 17.023     >17.023  99.990        -100.97        64.17   -0.312       0.199       
2456823.88275  2456823.88693  2014-06-15.3823504  coadd_bc039251 2.14 -2.27 17.474     >17.474  99.990          74.01        42.34   0.229        0.131       
2456824.94830  2456824.95243  2014-06-16.4478918  coadd_bc039576 1.53 -2.27 18.052     >18.052  99.990        -102.08        24.87   -0.316       0.077       
2456825.87303  2456825.87712  2014-06-17.3726273  coadd_bc039868 1.60 -2.27 17.636     >17.636  99.990         -72.34        36.46   -0.224       0.113       
2456827.86428  2456827.86829  2014-06-19.3638798  coadd_bc040519 1.58 -2.27 18.449     >18.449  99.990         -30.58        17.25   -0.095       0.053       
2456829.86217  2456829.86608  2014-06-21.3617622  coadd_bc041139 1.65 -2.27 18.345     >18.345  99.990          43.89        18.98   0.136        0.059       
2456832.85841  2456832.86216  2014-06-24.3580019  coadd_bc041797 1.42 -2.27 18.969     >18.969  99.990         -26.39        10.68   -0.082       0.033       
2456834.86884  2456834.87249  2014-06-26.3684326  coadd_bc042193 1.81 -2.27 18.507     >18.507  99.990           1.24        16.35   0.004        0.051       
2456847.85057  2456847.85344  2014-07-09.3501677  coadd_bc043118 1.50 -2.27 17.101     >17.101  99.990        -146.62        59.71   -0.454       0.185       
2456848.84666  2456848.84946  2014-07-10.3462560  coadd_bc043444 1.43 -2.27 17.436     >17.436  99.990          -8.72        43.87   -0.027       0.136       
2456851.83671  2456851.83931  2014-07-13.3363077  coadd_bc044438 1.48 -2.27 17.341     >17.341  99.990         127.17        47.88   0.393        0.148       
2456855.82754  2456855.82986  2014-07-17.3271380  coadd_bc045282 1.37 -2.27 18.441     >18.441  99.990          10.92        17.37   0.034        0.054       
2456856.82386  2456856.82611  2014-07-18.3234608  coadd_bc045588 1.44 -2.27 18.738     >18.738  99.990         -22.86        13.22   -0.071       0.041       
2456857.76477  2456857.76694  2014-07-19.2643672  coadd_bc045888 1.41 -2.27 18.699     >18.699  99.990         -82.82        13.70   -0.256       0.042       
2456862.83264  2456862.83444  2014-07-24.3322380  coadd_bc046679 1.47 -2.27 18.606     >18.606  99.990         -39.30        14.93   -0.122       0.046       
2456863.81576  2456863.81748  2014-07-25.3153518  coadd_bc047008 1.35 -2.27 18.595     >18.595  99.990          10.47        15.08   0.032        0.047       
2456864.81363  2456864.81528  2014-07-26.3132304  coadd_bc047362 1.37 -2.27 18.790     >18.790  99.990          -3.81        12.60   -0.012       0.039       
2456865.81418  2456865.81574  2014-07-27.3137774  coadd_bc047631 1.45 -2.27 18.492     >18.492  99.990          -4.23        16.58   -0.013       0.051       
2456866.81416  2456866.81565  2014-07-28.3137592  coadd_bc047970 1.61 -2.27 18.437     >18.437  99.990          12.75        17.44   0.039        0.054       
2456867.81485  2456867.81626  2014-07-29.3144484  coadd_bc048298 1.47 -2.27 18.484     >18.484  99.990          42.59        16.70   0.132        0.052       
2456881.77623  2456881.77652  2014-08-12.2758291  coadd_bc050722 1.35 -2.27 18.038     >18.038  99.990          42.15        25.19   0.130        0.078       
2456882.77996  2456882.78016  2014-08-13.2795523  coadd_bc050613 1.43 -2.27 18.519     >18.519  99.990         -25.57        16.17   -0.079       0.050       
2456884.77925  2456884.77929  2014-08-15.2788439  coadd_bc051578 1.50 -2.27 18.501     >18.501  99.990         -17.03        16.45   -0.053       0.051       
2456885.74598  2456885.74595  2014-08-16.2455796  coadd_bc051918 1.48 -2.27 18.572     >18.572  99.990         -15.26        15.40   -0.047       0.048       
2456886.77395  2456886.77383  2014-08-17.2735416  coadd_bc052280 1.58 -2.27 18.522     >18.522  99.990          18.49        16.13   0.057        0.050       
2456887.77154  2456887.77135  2014-08-18.2711385  coadd_bc052529 1.47 -2.27 18.470     >18.470  99.990           2.35        16.92   0.007        0.052       
2456890.76077  2456890.76033  2014-08-21.2603695  coadd_bc052822 1.36 -2.27 18.568      18.227  0.267           63.48        15.46   0.196        0.048       
2456894.75024  2456894.74947  2014-08-25.2498362  coadd_bc054653 1.43 -2.27 18.287     >18.287  99.990          13.33        20.03   0.041        0.062       
2456897.73969  2456897.73869  2014-08-28.2392885  coadd_bc055658 1.34 -2.27 18.158     >18.158  99.990           5.90        22.54   0.018        0.070       
2456904.72371  2456904.72215  2014-09-04.2233087  coadd_bc057479 1.51 -2.27 17.416     >17.416  99.990        -116.99        44.65   -0.362       0.138       
2456909.72051  2456909.71858  2014-09-09.2201125  coadd_bc058692 1.50 -2.27 17.276     >17.276  99.990        -151.36        50.84   -0.468       0.157       
2457012.16967  2457012.16582  2014-12-20.6692644  coadd_bc082121 1.46 -2.27 16.781     >16.781  99.990         185.52        80.15   0.574        0.248       
2457018.13642  2457018.13289  2014-12-26.6360181  coadd_bc083210 1.62 -2.27 18.179      17.855  0.271           89.45        22.13   0.277        0.068       
2457021.15274  2457021.14939  2014-12-29.6523540  coadd_bc083941 1.54 -2.27 18.335     >18.335  99.990          25.60        19.16   0.079        0.059       
2457031.12454  2457031.12183  2015-01-08.6241377  coadd_bc085326 1.59 -2.27 17.955     >17.955  99.990         -15.98        27.19   -0.049       0.084       
2457032.13413  2457032.13149  2015-01-09.6337255  coadd_bc085753 1.57 -2.27 18.001     >18.001  99.990         -37.57        26.05   -0.116       0.081       
2457038.12202  2457038.11981  2015-01-15.6216150  coadd_bc087801 1.39 -2.27 17.953     >17.953  99.990          16.74        27.23   0.052        0.084       
2457040.12009  2457040.11803  2015-01-17.6196825  coadd_bc088631 1.57 -2.27 18.374     >18.374  99.990         -41.33        18.48   -0.128       0.057       
2457042.11799  2457042.11608  2015-01-19.6175805  coadd_bc089350 1.37 -2.27 18.376      17.969  0.251           80.52        18.45   0.249        0.057       
2457044.11087  2457044.10912  2015-01-21.6104709  coadd_bc090173 1.33 -2.27 18.239     >18.239  99.990          54.20        20.94   0.168        0.065       
2457046.10373  2457046.10213  2015-01-23.6033282  coadd_bc090993 1.41 -2.27 18.137     >18.137  99.990          42.73        22.98   0.132        0.071       
2457048.10642  2457048.10499  2015-01-25.6060179  coadd_bc091808 1.54 -2.27 18.473     >18.473  99.990          -0.65        16.88   -0.002       0.052       
2457050.09847  2457050.09720  2015-01-27.5981076  coadd_bc092578 1.40 -2.27 18.216     >18.216  99.990          58.59        21.38   0.181        0.066       
2457052.09633  2457052.09522  2015-01-29.5959256  coadd_bc093142 1.51 -2.27 18.474      17.826  0.201           91.84        16.85   0.284        0.052       
2457054.09521  2457054.09426  2015-01-31.5948084  coadd_bc093811 1.69 -2.27 17.981     >17.981  99.990          30.14        26.54   0.093        0.082       
2457061.08388  2457061.08352  2015-02-07.5834835  coadd_bc095038 1.48 -2.27 17.774     >17.774  99.990          -6.25        32.11   -0.019       0.099       
2457069.06907  2457069.06937  2015-02-15.5686599  coadd_bc096583 1.47 -2.27 18.293     >18.293  99.990         -21.70        19.91   -0.067       0.062       
2457071.03079  2457071.03126  2015-02-17.5303865  coadd_bc097332 1.40 -2.27 18.184     >18.184  99.990         -61.02        22.02   -0.189       0.068       
2457074.05476  2457074.05548  2015-02-20.5543506  coadd_bc098232 1.39 -2.27 18.628     >18.628  99.990          -5.91        14.63   -0.018       0.045       
2457078.05149  2457078.05254  2015-02-24.5510766  coadd_bc099049 1.56 -2.27 18.491     >18.491  99.990         -13.96        16.60   -0.043       0.051       
2457081.04649  2457081.04778  2015-02-27.5460870  coadd_bc099982 1.38 -2.27 18.346      18.008  0.267           77.69        18.97   0.240        0.059       
2457084.04584  2457084.04737  2015-03-02.5454384  coadd_bc100471 1.42 -2.27 17.702     >17.702  99.990          37.52        34.33   0.116        0.106       
2457092.02501  2457092.02716  2015-03-10.5246085  coadd_bc101487 1.48 -2.27 17.405     >17.405  99.990        -120.42        45.12   -0.372       0.140       
2457095.98101  2457095.98345  2015-03-14.4806019  coadd_bc102052 1.46 -2.27 18.254     >18.254  99.990         -66.40        20.64   -0.205       0.064       
2457098.94321  2457098.94586  2015-03-17.4428098  coadd_bc103002 1.41 -2.27 18.259     >18.259  99.990         -35.95        20.55   -0.111       0.064       
2457101.10323  2457101.10603  2015-03-19.6032381  coadd_bc103761 1.39 -2.27 18.493     >18.493  99.990         -67.92        16.56   -0.210       0.051       
2457104.03057  2457104.03356  2015-03-22.5305795  coadd_bc104568 1.39 -2.27 18.285     >18.285  99.990          58.79        20.06   0.182        0.062       
2457106.98950  2457106.99269  2015-03-25.4895108  coadd_bc105531 1.46 -2.27 18.109     >18.109  99.990          10.56        23.58   0.033        0.073       
2457109.91316  2457109.91653  2015-03-28.413175  coadd_bc106249 1.40 -2.27 18.909     >18.909  99.990          -5.76        11.30   -0.018       0.035       
2457110.91678  2457110.92021  2015-03-29.4167950  coadd_bc106595 1.47 -2.27 18.665     >18.665  99.990         -30.47        14.14   -0.094       0.044       
2457111.90724  2457111.91073  2015-03-30.4072555  coadd_bc106898 1.37 -2.27 18.573     >18.573  99.990         -29.93        15.39   -0.093       0.048       
2457112.90408  2457112.90763  2015-03-31.4040947  coadd_bc107243 1.35 -2.27 18.350     >18.350  99.990         -53.65        18.90   -0.166       0.058       
2457113.95565  2457113.95925  2015-04-01.4556596  coadd_bc107626 1.40 -2.27 17.744     >17.744  99.990         -38.33        33.01   -0.119       0.102       
2457120.13691  2457120.14084  2015-04-07.636925  coadd_bc109192 1.40 -2.27 17.074     >17.074  99.990           5.11        61.20   0.016        0.189       
2457123.13106  2457123.13513  2015-04-10.6310738  coadd_bc110087 1.37 -2.27 17.860     >17.860  99.990          53.50        29.68   0.165        0.092       
2457125.04473  2457125.04889  2015-04-12.5447460  coadd_bc110392 1.41 -2.27 18.281      18.224  0.347           63.65        20.13   0.197        0.062       
2457125.95200  2457125.95620  2015-04-13.4520137  coadd_bc110679 1.36 -2.27 18.412     >18.412  99.990        -107.07        17.84   -0.331       0.055       
2457128.95624  2457128.96056  2015-04-16.4562502  coadd_bc111291 1.39 -2.27 18.204     >18.204  99.990         -39.64        21.61   -0.123       0.067       
2457130.91186  2457130.91625  2015-04-18.4118744  coadd_bc111581 1.36 -2.27 18.444     >18.444  99.990          10.95        17.33   0.034        0.054       
2457132.95737  2457132.96183  2015-04-20.4573851  coadd_bc112281 1.41 -2.27 18.283     >18.283  99.990          -9.15        20.11   -0.028       0.062       
2457136.86543  2457136.87001  2015-04-24.3654451  coadd_bc113207 1.39 -2.27 18.149     >18.149  99.990         -13.91        22.73   -0.043       0.070       
2457137.96870  2457137.97331  2015-04-25.4687084  coadd_bc113608 1.65 -2.27 18.271     >18.271  99.990          21.20        20.33   0.066        0.063       
2457149.98828  2457149.99311  2015-05-07.4882803  coadd_bc115382 1.51 -2.27 17.864     >17.864  99.990         -28.53        29.55   -0.088       0.091       
2457154.03451  2457154.03938  2015-05-11.5345133  coadd_bc116260 1.35 -2.27 17.649     >17.649  99.990          72.85        36.04   0.225        0.111       
2457155.94026  2457155.94513  2015-05-13.4402577  coadd_bc116761 1.36 -2.27 17.742      17.176  0.217          167.18        33.08   0.517        0.102       
2457156.93229  2457156.93716  2015-05-14.4322959  coadd_bc117026 1.40 -2.27 18.289     >18.289  99.990          52.76        19.99   0.163        0.062       
2457160.91828  2457160.92314  2015-05-18.4182784  coadd_bc117715 1.41 -2.27 18.557     >18.557  99.990          17.42        15.62   0.054        0.048       
2457163.94432  2457163.94916  2015-05-21.4443313  coadd_bc118625 1.36 -2.27 18.468     >18.468  99.990          49.58        16.95   0.153        0.052       
2457166.74675  2457166.75156  2015-05-24.2467660  coadd_bc119181 1.72 -2.27 18.180     >18.180  99.990         -50.83        22.11   -0.157       0.068       
2457167.95607  2457167.96086  2015-05-25.4560884  coadd_bc119557 1.52 -2.27 17.989     >17.989  99.990        -102.84        26.35   -0.318       0.082       
2457171.88026  2457171.88499  2015-05-29.3802696  coadd_bc120194 1.48 -2.27 18.069     >18.069  99.990         -94.31        24.49   -0.292       0.076       
2457173.78541  2457173.79009  2015-05-31.2854232  coadd_bc120643 1.61 -2.27 17.531     >17.531  99.990         -21.02        40.19   -0.065       0.124       
2457177.95277  2457177.95734  2015-06-04.4527859  coadd_bc121456 1.48 -2.27 17.769     >17.769  99.990          73.57        32.28   0.228        0.100       
2457178.82766  2457178.83221  2015-06-05.3276807  coadd_bc121696 1.49 -2.27 18.086     >18.086  99.990         -48.95        24.11   -0.151       0.075       
2457180.96625  2457180.97073  2015-06-07.4662526  coadd_bc122377 1.45 -2.27 18.301      18.112  0.307           70.57        19.76   0.218        0.061       
2457181.93123  2457181.93568  2015-06-08.4312390  coadd_bc122675 1.48 -2.27 18.432     >18.432  99.990         -29.80        17.52   -0.092       0.054       
2457183.86016  2457183.86455  2015-06-10.3601751  coadd_bc123071 1.56 -2.27 18.566     >18.566  99.990         -50.19        15.49   -0.155       0.048       
2457188.88797  2457188.89216  2015-06-15.3879918  coadd_bc123816 1.39 -2.27 18.507     >18.507  99.990          24.12        16.35   0.075        0.051       
2457191.90161  2457191.90567  2015-06-18.4016091  coadd_bc124694 1.41 -2.27 18.545     >18.545  99.990          -4.58        15.79   -0.014       0.049       
2457193.85997  2457193.86394  2015-06-20.3599765  coadd_bc125164 1.39 -2.27 18.570     >18.570  99.990         -38.47        15.43   -0.119       0.048       
2457195.89572  2457195.89959  2015-06-22.3957317  coadd_bc125768 1.43 -2.27 18.308     >18.308  99.990         -63.99        19.65   -0.198       0.061       
2457199.78856  2457199.79223  2015-06-26.2885747  coadd_bc126617 1.44 -2.27 18.030     >18.030  99.990          46.15        25.38   0.143        0.079       
2457203.87215  2457203.87559  2015-06-30.3721476  coadd_bc127861 1.38 -2.27 17.735     >17.735  99.990         -35.46        33.29   -0.110       0.103       
2457205.86869  2457205.87201  2015-07-02.3686892  coadd_bc128392 1.35 -2.27 17.326     >17.326  99.990          99.66        48.51   0.308        0.150       
2457206.80411  2457206.80738  2015-07-03.3041114  coadd_bc128658 1.39 -2.27 18.001     >18.001  99.990         -87.02        26.05   -0.269       0.081       
2457209.89034  2457209.89342  2015-07-06.3903410  coadd_bc129314 1.69 -2.27 18.084     >18.084  99.990         -36.86        24.14   -0.114       0.075       
2457210.80765  2457210.81067  2015-07-07.3076505  coadd_bc129556 1.39 -2.27 18.462     >18.462  99.990           3.35        17.04   0.010        0.053       
2457216.83906  2457216.84168  2015-07-13.3390641  coadd_bc130712 1.48 -2.27 18.316     >18.316  99.990         -47.54        19.50   -0.147       0.060       
2457222.80972  2457222.81191  2015-07-19.3097229  coadd_bc131653 1.43 -2.27 18.189     >18.189  99.990         -76.33        21.91   -0.236       0.068       
2457227.83016  2457227.83198  2015-07-24.3301685  coadd_bc132425 1.34 -2.27 18.023     >18.023  99.990          -0.04        25.53   -0.000       0.079       
2457228.82870  2457228.83043  2015-07-25.3286986  coadd_bc132724 1.40 -2.27 18.594     >18.594  99.990          -5.16        15.10   -0.016       0.047       
2457232.82151  2457232.82294  2015-07-29.3215141  coadd_bc133841 1.33 -2.27 16.471     >16.471  99.990        -281.30       106.65   -0.870       0.330       
2457233.81545  2457233.81681  2015-07-30.3154561  coadd_bc134168 1.62 -2.27 17.826     >17.826  99.990          47.55        30.61   0.147        0.095       
2457235.78855  2457235.78974  2015-08-01.2885471  coadd_bc134500 1.58 -2.27 18.056     >18.056  99.990          27.43        24.78   0.085        0.077       
2457240.79655  2457240.79735  2015-08-06.2965567  coadd_bc135411 1.49 -2.27 18.410     >18.410  99.990          23.77        17.87   0.074        0.055       
2457242.75272  2457242.75336  2015-08-08.2527258  coadd_bc135961 1.47 -2.27 18.538      18.108  0.245           70.89        15.88   0.219        0.049       
2457244.79556  2457244.79603  2015-08-10.2955579  coadd_bc136681 1.43 -2.27 18.484     >18.484  99.990         -30.96        16.71   -0.096       0.052       
2457246.77693  2457246.77724  2015-08-12.2769302  coadd_bc137352 1.35 -2.27 18.285     >18.285  99.990         -65.89        20.06   -0.204       0.062       
2457250.76364  2457250.76363  2015-08-16.2636452  coadd_bc138183 1.40 -2.27 18.174     >18.174  99.990         -71.41        22.22   -0.221       0.069       
2457255.75282  2457255.75240  2015-08-21.2528244  coadd_bc138712 1.36 -2.27 18.084     >18.084  99.990          58.62        24.15   0.181        0.075       
2457263.72899  2457263.72793  2015-08-29.2289956  coadd_bc140033 1.65 -2.27 17.254     >17.254  99.990          76.81        51.87   0.238        0.160       
2457380.15920  2457380.15550  2015-12-23.6592039  coadd_bc169167 1.62 -2.27 18.445     >18.445  99.990          28.45        17.32   0.088        0.054       
2457395.13736  2457395.13457  2016-01-07.6373611  coadd_bc173959 1.38 -2.27 18.379     >18.379  99.990         -37.67        18.40   -0.117       0.057       
2457398.12355  2457398.12096  2016-01-10.6235526  coadd_bc175236 1.39 -2.27 18.165     >18.165  99.990        -115.30        22.41   -0.357       0.069       
2457400.12069  2457400.11824  2016-01-12.6206947  coadd_bc176093 1.36 -2.27 18.421     >18.421  99.990         -11.78        17.70   -0.036       0.055       
2457403.11822  2457403.11599  2016-01-15.6182177  coadd_bc176958 1.41 -2.27 18.687     >18.687  99.990         -10.84        13.85   -0.034       0.043       
2457404.13357  2457404.13142  2016-01-16.6335688  coadd_bc177384 1.48 -2.27 18.656     >18.656  99.990          -4.41        14.25   -0.014       0.044       
2457410.09102  2457410.08933  2016-01-22.5910271  coadd_bc179910 1.52 -2.27 17.315     >17.315  99.990         -42.28        49.02   -0.131       0.152       
2457412.09165  2457412.09011  2016-01-24.5916520  coadd_bc180773 1.51 -2.27 17.464     >17.464  99.990          -5.49        42.72   -0.017       0.132       
2457414.10366  2457414.10229  2016-01-26.6036658  coadd_bc181648 1.44 -2.27 17.827      16.877  0.152          220.24        30.60   0.681        0.095       
2457417.09373  2457417.09260  2016-01-29.5937340  coadd_bc182916 1.39 -2.27 18.074     >18.074  99.990         -63.68        24.37   -0.197       0.075       
2457421.15563  2457421.15483  2016-02-02.6556324  coadd_bc184665 1.45 -2.27 18.579     >18.579  99.990         -53.01        15.30   -0.164       0.047       
2457424.13335  2457424.13280  2016-02-05.6333493  coadd_bc186031 1.57 -2.27 18.472     >18.472  99.990          -9.32        16.88   -0.029       0.052       
2457427.06720  2457427.06689  2016-02-08.5672016  coadd_bc186630 2.35 -2.27 17.910     >17.910  99.990         -25.05        28.35   -0.078       0.088       
2457430.03757  2457430.03751  2016-02-11.5375775  coadd_bc187859 1.37 -2.27 18.079      17.732  0.265          100.19        24.26   0.310        0.075       
2457431.03408  2457431.03411  2016-02-12.5340843  coadd_bc188280 1.52 -2.27 18.580     >18.580  99.990         -40.44        15.29   -0.125       0.047       
2457433.02707  2457433.02727  2016-02-14.5270756  coadd_bc188998 1.41 -2.27 18.642     >18.642  99.990          -2.53        14.44   -0.008       0.045       
2457434.03514  2457434.03542  2016-02-15.5351460  coadd_bc189425 1.62 -2.27 18.533     >18.533  99.990         -34.87        15.97   -0.108       0.049       
2457435.03154  2457435.03190  2016-02-16.5315436  coadd_bc189776 1.67 -2.27 18.484     >18.484  99.990         -54.68        16.70   -0.169       0.052       
2457438.01772  2457438.01833  2016-02-19.5177192  coadd_bc190646 1.65 -2.27 17.580     >17.580  99.990         -21.26        38.41   -0.066       0.119       
2457440.01780  2457440.01858  2016-02-21.5178010  coadd_bc191484 1.52 -2.27 17.517     >17.517  99.990          -3.11        40.70   -0.010       0.126       
2457442.06371  2457442.06466  2016-02-23.5637130  coadd_bc192326 1.44 -2.27 17.663     >17.663  99.990         -93.33        35.57   -0.289       0.110       
2457445.01170  2457445.01289  2016-02-26.5117042  coadd_bc193469 1.45 -2.27 17.837     >17.837  99.990         -22.39        30.30   -0.069       0.094       
2457450.09249  2457450.09408  2016-03-02.5924880  coadd_bc195453 1.42 -2.27 18.348     >18.348  99.990         -11.20        18.94   -0.035       0.059       
2457451.11145  2457451.11313  2016-03-03.6114509  coadd_bc195878 1.40 -2.27 18.374     >18.374  99.990           9.47        18.48   0.029        0.057       
2457454.01391  2457454.01581  2016-03-06.5139099  coadd_bc197040 1.37 -2.27 18.689     >18.689  99.990          19.08        13.83   0.059        0.043       
2457456.00672  2457456.00877  2016-03-08.5067236  coadd_bc197847 1.34 -2.27 18.386     >18.386  99.990         -22.10        18.29   -0.068       0.057       
2457457.98816  2457457.99036  2016-03-10.4881578  coadd_bc198287 1.53 -2.27 18.557     >18.557  99.990         -36.22        15.61   -0.112       0.048       
2457460.00787  2457460.01022  2016-03-12.5078715  coadd_bc199095 1.44 -2.27 18.629     >18.629  99.990          22.72        14.61   0.070        0.045       
2457463.04245  2457463.04502  2016-03-15.5424482  coadd_bc200131 1.42 -2.27 18.387      18.215  0.312           64.19        18.26   0.199        0.056       
2457465.94440  2457465.94718  2016-03-18.4444053  coadd_bc200986 1.43 -2.27 17.979     >17.979  99.990          37.72        26.59   0.117        0.082       
2457467.97550  2457467.97841  2016-03-20.4755054  coadd_bc201875 1.39 -2.27 18.003     >18.003  99.990          59.16        26.02   0.183        0.080       
2457473.08232  2457473.08556  2016-03-25.5823222  coadd_bc203426 1.41 -2.27 17.836     >17.836  99.990          31.67        30.35   0.098        0.094       
2457478.02320  2457478.02673  2016-03-30.5232002  coadd_bc204457 1.46 -2.27 18.504     >18.504  99.990           0.64        16.40   0.002        0.051       
2457478.95879  2457478.96238  2016-03-31.4587896  coadd_bc204802 1.37 -2.27 18.624     >18.624  99.990         -60.65        14.68   -0.188       0.045       
2457487.89299  2457487.89704  2016-04-09.3929935  coadd_bc206603 1.37 -2.27 18.734     >18.734  99.990         -29.90        13.27   -0.092       0.041       
2457489.92739  2457489.93153  2016-04-11.4273942  coadd_bc207402 1.44 -2.27 18.397      18.140  0.288           68.77        18.10   0.213        0.056       
2457492.89477  2457492.89903  2016-04-14.3947695  coadd_bc208438 1.67 -2.27 18.076      17.517  0.218          122.11        24.32   0.378        0.075       
2457493.99659  2457494.00089  2016-04-15.4965890  coadd_bc208899 1.56 -2.27 18.492     >18.492  99.990         -11.83        16.58   -0.037       0.051       
2457498.90211  2457498.90660  2016-04-20.4021181  coadd_bc210065 1.44 -2.27 17.465     >17.465  99.990         -44.32        42.68   -0.137       0.132       
2457502.85739  2457502.86199  2016-04-24.3573962  coadd_bc211388 1.49 -2.27 17.549     >17.549  99.990         -59.52        39.51   -0.184       0.122       
2457504.93650  2457504.94116  2016-04-26.4365060  coadd_bc212200 1.49 -2.27 18.093     >18.093  99.990          23.99        23.95   0.074        0.074       
2457505.86627  2457505.87095  2016-04-27.3662725  coadd_bc212515 1.63 -2.27 18.356     >18.356  99.990         -42.10        18.79   -0.130       0.058       
2457508.94467  2457508.94942  2016-04-30.4446774  coadd_bc213615 1.63 -2.27 18.630     >18.630  99.990           3.60        14.60   0.011        0.045       
2457511.92251  2457511.92730  2016-05-03.4225122  coadd_bc214499 1.49 -2.27 18.730     >18.730  99.990         -17.72        13.32   -0.055       0.041       
2457514.96928  2457514.97411  2016-05-06.4692827  coadd_bc215642 1.34 -2.27 18.604     >18.604  99.990          29.82        14.95   0.092        0.046       
2457523.83908  2457523.84395  2016-05-15.3390817  coadd_bc216882 1.42 -2.27 18.276     >18.276  99.990         -65.72        20.24   -0.203       0.063       
2457527.90580  2457527.91065  2016-05-19.4057981  coadd_bc217840 1.47 -2.27 17.806     >17.806  99.990        -120.11        31.19   -0.372       0.096       
2457530.01217  2457530.01700  2016-05-21.5121744  coadd_bc218602 1.50 -2.27 17.392     >17.392  99.990          14.13        45.68   0.044        0.141       
2457531.86165  2457531.86646  2016-05-23.3616565  coadd_bc219082 1.67 -2.27 17.608     >17.608  99.990          37.88        37.42   0.117        0.116       
2457535.99571  2457536.00046  2016-05-27.4957165  coadd_bc219907 1.37 -2.27 18.350     >18.350  99.990         -72.28        18.89   -0.224       0.058       
2457538.94723  2457538.95191  2016-05-30.4472336  coadd_bc220765 1.37 -2.27 18.701     >18.701  99.990          24.12        13.68   0.075        0.042       
2457542.89537  2457542.89995  2016-06-03.3953671  coadd_bc221659 1.41 -2.27 18.799     >18.799  99.990          25.04        12.50   0.077        0.039       
2457546.91583  2457546.92029  2016-06-07.4158353  coadd_bc222762 1.41 -2.27 18.874     >18.874  99.990           3.96        11.66   0.012        0.036       
2457547.91126  2457547.91569  2016-06-08.4112614  coadd_bc223092 1.40 -2.27 18.680     >18.680  99.990         -44.86        13.94   -0.139       0.043       
2457549.90497  2457549.90933  2016-06-10.4049774  coadd_bc223759 1.56 -2.27 18.742     >18.742  99.990          -2.02        13.17   -0.006       0.041       
2457552.84883  2457552.85308  2016-06-13.3488383  coadd_bc224346 1.83 -2.27 18.445     >18.445  99.990         -21.27        17.31   -0.066       0.054       
2457557.93450  2457557.93853  2016-06-18.4345059  coadd_bc225263 1.65 -2.27 15.543     >15.543  99.990        -537.31       250.75   -1.662       0.776       
2457558.82951  2457558.83349  2016-06-19.3295087  coadd_bc225530 1.39 -2.27 17.711     >17.711  99.990          77.68        34.04   0.240        0.105       
2457560.92582  2457560.92970  2016-06-21.4258255  coadd_bc226293 1.38 -2.27 17.800     >17.800  99.990         -93.55        31.35   -0.289       0.097       
2457562.91766  2457562.92144  2016-06-23.4176586  coadd_bc226941 1.39 -2.27 18.052     >18.052  99.990          36.48        24.87   0.113        0.077       
2457566.82872  2457566.83229  2016-06-27.3287208  coadd_bc227644 1.44 -2.27 18.688     >18.688  99.990         -25.23        13.85   -0.078       0.043       
2457574.88366  2457574.88675  2016-07-05.3836614  coadd_bc229443 1.37 -2.27 18.565     >18.565  99.990         -30.23        15.50   -0.093       0.048       
2457576.87830  2457576.88126  2016-07-07.3782989  coadd_bc230081 1.40 -2.27 18.608     >18.608  99.990          -1.88        14.89   -0.006       0.046       
2457578.87541  2457578.87825  2016-07-09.3754146  coadd_bc230787 1.71 -2.27 18.753     >18.753  99.990          12.27        13.04   0.038        0.040       
2457581.86419  2457581.86682  2016-07-12.3641866  coadd_bc231405 1.41 -2.27 18.334     >18.334  99.990         -84.68        19.18   -0.262       0.059       
2457582.86945  2457582.87201  2016-07-13.3694550  coadd_bc231638 1.39 -2.27 18.478     >18.478  99.990         -74.09        16.79   -0.229       0.052       
2457586.84812  2457586.85041  2016-07-17.3481262  coadd_bc232497 1.47 -2.27 17.888     >17.888  99.990         -37.23        28.92   -0.115       0.089       
2457589.75942  2457589.76149  2016-07-20.2594373  coadd_bc233152 1.99 -2.27 17.909     >17.909  99.990         -14.55        28.37   -0.045       0.088       
2457591.75868  2457591.76059  2016-07-22.2586788  coadd_bc233397 1.48 -2.27 18.589     >18.589  99.990         -14.57        15.16   -0.045       0.047       
2457597.82130  2457597.82275  2016-07-28.3213013  coadd_bc234795 1.53 -2.27 18.651     >18.651  99.990         -53.74        14.32   -0.166       0.044       
2457600.80539  2457600.80661  2016-07-31.3053947  coadd_bc235608 1.33 -2.27 18.619     >18.619  99.990          39.05        14.75   0.121        0.046       
2457602.80070  2457602.80176  2016-08-02.3007057  coadd_bc236214 1.39 -2.27 18.508     >18.508  99.990          30.02        16.34   0.093        0.051       
2457604.79600  2457604.79690  2016-08-04.2960077  coadd_bc236936 1.40 -2.27 18.655     >18.655  99.990          36.52        14.26   0.113        0.044       
2457606.79156  2457606.79230  2016-08-06.2915625  coadd_bc237458 1.68 -2.27 18.599     >18.599  99.990          11.81        15.03   0.037        0.046       
2457609.78202  2457609.78251  2016-08-09.2820204  coadd_bc238491 1.59 -2.27 18.376     >18.376  99.990         -30.68        18.46   -0.095       0.057       
2457612.76705  2457612.76730  2016-08-12.2670519  coadd_bc239436 1.70 -2.27 18.322     >18.322  99.990          31.73        19.38   0.098        0.060       
2457616.76915  2457616.76907  2016-08-16.2691534  coadd_bc240468 1.56 -2.27 18.065     >18.065  99.990          17.67        24.56   0.055        0.076       
2457618.75457  2457618.75433  2016-08-18.2545694  coadd_bc241120 1.83 -2.27 17.650     >17.650  99.990         -10.08        36.00   -0.031       0.111       
2457620.74951  2457620.74911  2016-08-20.2495127  coadd_bc241852 1.54 -2.27 18.459     >18.459  99.990          12.88        17.09   0.040        0.053       
2457627.72978  2457627.72881  2016-08-27.2297855  coadd_bc243136 1.44 -2.27 17.853     >17.853  99.990         -16.32        29.86   -0.050       0.092       
2457629.53606  2457629.53495  2016-08-29.0360630  coadd_bg090374 2.17 -2.58 18.322     >18.322  99.990           3.40        14.55   0.014        0.060       
2457630.52395  2457630.52276  2016-08-30.0239568  coadd_bg090768 1.41 -2.58 18.676     >18.676  99.990           8.28        10.51   0.034        0.043       
2457631.52538  2457631.52411  2016-08-31.0253818  coadd_bg091171 1.68 -2.58 18.438     >18.438  99.990          10.50        13.08   0.043        0.054       
2457633.52112  2457633.51969  2016-09-02.0211211  coadd_bg091787 1.49 -2.58 18.453     >18.453  99.990          34.41        12.90   0.142        0.053       
2457634.51406  2457634.51256  2016-09-03.0140638  coadd_bg092182 1.47 -2.58 18.654     >18.654  99.990         -21.43        10.72   -0.088       0.044       
2457635.50591  2457635.50433  2016-09-04.0059155  coadd_bg092573 1.41 -2.58 18.484     >18.484  99.990          12.15        12.54   0.050        0.052       
2457637.48336  2457637.48162  2016-09-05.9833592  coadd_bg093250 1.80 -2.58 18.028     >18.028  99.990           2.47        19.08   0.010        0.079       
2457641.49272  2457641.49068  2016-09-09.9927195  coadd_bg094659 1.66 -2.58 18.061     >18.061  99.990          -7.99        18.52   -0.033       0.076       
2457757.14752  2457757.14450  2017-01-03.6475207  coadd_bc275509 1.37 -2.27 18.328     >18.328  99.990          19.76        19.28   0.061        0.060       
2457762.13821  2457762.13553  2017-01-08.6382072  coadd_bc277217 1.37 -2.27 18.320     >18.320  99.990          45.19        19.43   0.140        0.060       
2457767.11767  2457767.11535  2017-01-13.6176734  coadd_bc279400 1.51 -2.27 17.604     >17.604  99.990        -108.90        37.55   -0.337       0.116       
2457770.15516  2457770.15307  2017-01-16.6551645  coadd_bc280417 2.46 -2.27 18.104     >18.104  99.990         -54.40        23.70   -0.168       0.073       
2457777.11444  2457777.11288  2017-01-23.6144377  coadd_bc282780 1.42 -2.27 18.591     >18.591  99.990          -8.13        15.14   -0.025       0.047       
2457781.13571  2457781.13448  2017-01-27.6357094  coadd_bc284419 1.48 -2.27 18.379     >18.379  99.990         -14.54        18.41   -0.045       0.057       
2457782.87908  2457782.87799  2017-01-29.3790842  coadd_bg134551 1.36 -2.58 17.775     >17.775  99.990          52.37        24.09   0.216        0.099       
2457785.16323  2457785.16233  2017-01-31.6632337  coadd_bc286039 1.50 -2.27 18.636     >18.636  99.990           1.30        14.52   0.004        0.045       
2457788.05777  2457788.05711  2017-02-03.5577737  coadd_bc287023 1.59 -2.27 18.727     >18.727  99.990         -48.94        13.35   -0.151       0.041       
2457793.05946  2457793.05921  2017-02-08.5594612  coadd_bc288256 1.59 -2.27 17.830     >17.830  99.990        -101.61        30.51   -0.314       0.094       
2457793.88123  2457793.88106  2017-02-09.3812342  coadd_bg137649 1.43 -2.58 18.318     >18.318  99.990         -43.90        14.61   -0.181       0.060       
2457795.03788  2457795.03780  2017-02-10.5378846  coadd_bc289072 1.43 -2.27 17.613     >17.613  99.990        -152.96        37.26   -0.473       0.115       
2457798.03115  2457798.03132  2017-02-13.5311542  coadd_bc289728 1.41 -2.27 17.623     >17.623  99.990         -53.66        36.93   -0.166       0.114       
2457801.12315  2457801.12358  2017-02-16.6231538  coadd_bc290949 1.49 -2.27 18.175     >18.175  99.990        -112.51        22.21   -0.348       0.069       
2457804.08223  2457804.08291  2017-02-19.5822390  coadd_bc292016 1.51 -2.27 18.499     >18.499  99.990         -37.58        16.47   -0.116       0.051       
2457807.09094  2457807.09187  2017-02-22.5909420  coadd_bc292980 1.55 -2.27 18.477     >18.477  99.990          32.42        16.81   0.100        0.052       
2457810.03846  2457810.03963  2017-02-25.5384625  coadd_bc293903 1.44 -2.27 18.134     >18.134  99.990         -56.38        23.06   -0.174       0.071       
2457817.01395  2457817.01567  2017-03-04.5139479  coadd_bc294612 1.39 -2.27 18.557      17.998  0.218           78.40        15.62   0.243        0.048       
2457817.98698  2457817.98878  2017-03-05.4869776  coadd_bc294980 1.39 -2.27 18.442     >18.442  99.990          31.46        17.37   0.097        0.054       
2457818.98727  2457818.98915  2017-03-06.4872762  coadd_bc295299 1.38 -2.27 18.633     >18.633  99.990           7.80        14.57   0.024        0.045       
2457819.98069  2457819.98265  2017-03-07.4806965  coadd_bc295637 1.39 -2.27 17.772     >17.772  99.990           0.98        32.17   0.003        0.100       
2457822.85254  2457822.85472  2017-03-10.3525451  coadd_bg145572 1.48 -2.58 18.413     >18.413  99.990         -29.87        13.39   -0.123       0.055       
2457823.77226  2457823.77450  2017-03-11.2722584  coadd_bg145879 2.05 -2.58 17.290      17.266  0.358          115.41        37.65   0.476        0.155       
2457825.76661  2457825.76900  2017-03-13.2666121  coadd_bg146596 1.42 -2.58 17.182     >17.182  99.990          71.99        41.58   0.297        0.171       
2457828.79770  2457828.80031  2017-03-16.2977071  coadd_bg147738 1.43 -2.58 17.515     >17.515  99.990         -95.66        30.62   -0.394       0.126       
2457832.08517  2457832.08801  2017-03-19.5851732  coadd_bc299081 1.51 -2.27 18.354     >18.354  99.990           0.30        18.83   0.001        0.058       
2457836.10126  2457836.10436  2017-03-23.6012594  coadd_bc300628 1.42 -2.27 18.663     >18.663  99.990          24.12        14.17   0.075        0.044       
2457838.74570  2457838.74897  2017-03-26.2457086  coadd_bg151940 1.46 -2.58 18.069     >18.069  99.990         -19.77        18.38   -0.081       0.076       
2457840.02666  2457840.03001  2017-03-27.5266618  coadd_bc301940 1.42 -2.27 18.191      17.989  0.303           79.06        21.87   0.245        0.068       
2457844.96300  2457844.96663  2017-04-01.463  coadd_bc303366 1.45 -2.27 18.464     >18.464  99.990         -26.38        17.01   -0.082       0.053       
2457847.90324  2457847.90703  2017-04-04.4032387  coadd_bc304307 1.35 -2.27 17.974     >17.974  99.990          31.10        26.73   0.096        0.083       
2457849.05111  2457849.05496  2017-04-05.5511065  coadd_bc304792 1.60 -2.27 18.473      18.336  0.322           57.43        16.87   0.178        0.052       
2457849.88657  2457849.89046  2017-04-06.3865729  coadd_bc305041 1.51 -2.27 17.925     >17.925  99.990         -54.35        27.95   -0.168       0.086       
2457851.11047  2457851.11443  2017-04-07.6104762  coadd_bc305574 1.54 -2.27 18.723     >18.723  99.990         -11.46        13.40   -0.035       0.041       
2457851.87976  2457851.88375  2017-04-08.3797660  coadd_bc305782 1.52 -2.27 17.669     >17.669  99.990          94.22        35.38   0.291        0.109       
2457854.04856  2457854.05265  2017-04-10.5485591  coadd_bc306570 1.47 -2.27 16.599     >16.599  99.990         153.01        94.81   0.473        0.293       
2457854.93179  2457854.93592  2017-04-11.4317877  coadd_bc306832 1.39 -2.27 16.743     >16.743  99.990         214.90        83.03   0.665        0.257       
2457855.79078  2457855.79495  2017-04-12.2907866  coadd_bg157240 1.41 -2.58 17.579     >17.579  99.990          26.91        28.86   0.111        0.119       
2457858.83020  2457858.83449  2017-04-15.3302057  coadd_bg158453 1.45 -2.58 17.871     >17.871  99.990         -27.01        22.04   -0.111       0.091       
2457864.05895  2457864.06342  2017-04-20.5589471  coadd_bc308753 1.37 -2.27 18.693     >18.693  99.990         -38.19        13.78   -0.118       0.043       
2457866.77145  2457866.77601  2017-04-23.2714502  coadd_bg160260 1.40 -2.58 18.478     >18.478  99.990         -15.98        12.61   -0.066       0.052       
2457870.91672  2457870.92139  2017-04-27.4167186  coadd_bc310151 1.49 -2.27 18.667     >18.667  99.990          15.32        14.11   0.047        0.044       
2457873.67698  2457873.68171  2017-04-30.1769783  coadd_bg162904 1.37 -2.58 18.451     >18.451  99.990           9.26        12.93   0.038        0.053       
2457875.64513  2457875.64989  2017-05-02.1451289  coadd_bg163727 1.38 -2.58 17.707     >17.707  99.990         -45.17        25.64   -0.186       0.106       
2457876.96040  2457876.96519  2017-05-03.4604084  coadd_bc310772 1.40 -2.27 18.202      17.914  0.280           84.70        21.65   0.262        0.067       
2457878.63252  2457878.63733  2017-05-05.1325230  coadd_bg164828 1.37 -2.58 17.715     >17.715  99.990         -54.69        25.45   -0.225       0.105       
2457881.86384  2457881.86868  2017-05-08.3638381  coadd_bc312504 1.66 -2.27 17.258     >17.258  99.990        -116.94        51.68   -0.362       0.160       
2457882.94788  2457882.95273  2017-05-09.4478795  coadd_bc312718 1.42 -2.27 17.780     >17.780  99.990         -39.10        31.93   -0.121       0.099       
2457887.90810  2457887.91297  2017-05-14.4081041  coadd_bc313900 1.68 -2.27 18.047     >18.047  99.990          57.33        24.98   0.177        0.077       
2457890.74698  2457890.75184  2017-05-17.2469818  coadd_bg168083 1.67 -2.58 18.136     >18.136  99.990          28.46        17.28   0.117        0.071       
2457891.82455  2457891.82941  2017-05-18.3245489  coadd_bc314820 1.48 -2.27 18.548     >18.548  99.990           6.61        15.75   0.020        0.049       
2457894.94035  2457894.94519  2017-05-21.4403549  coadd_bc315908 1.43 -2.27 18.692     >18.692  99.990         -18.05        13.79   -0.056       0.043       
2457896.74512  2457896.74993  2017-05-23.2451210  coadd_bc316458 1.61 -2.27 17.782     >17.782  99.990          42.39        31.88   0.131        0.099       
2457898.00263  2457898.00743  2017-05-24.5026328  coadd_bc316864 1.41 -2.27 18.384     >18.384  99.990         -22.25        18.31   -0.069       0.057       
2457898.99530  2457899.00008  2017-05-25.4952979  coadd_bc317192 1.37 -2.27 18.530     >18.530  99.990          38.01        16.00   0.118        0.050       
2457901.95437  2457901.95910  2017-05-28.4543763  coadd_bc318151 1.38 -2.27 18.739     >18.739  99.990          -9.54        13.20   -0.030       0.041       
2457904.58434  2457904.58902  2017-05-31.0843457  coadd_bg171363 1.38 -2.58 17.484     >17.484  99.990          23.10        31.49   0.095        0.130       
2457905.76378  2457905.76842  2017-06-01.2637791  coadd_bg171941 1.61 -2.58 18.577     >18.577  99.990          -3.89        11.51   -0.016       0.047       
2457906.65398  2457906.65860  2017-06-02.1539778  coadd_bg172298 1.91 -2.58 18.733     >18.733  99.990          29.03         9.97   0.120        0.041       
2457906.89058  2457906.89520  2017-06-02.3905829  coadd_bc319323 1.46 -2.27 17.840     >17.840  99.990          40.07        30.24   0.124        0.094       
2457907.86964  2457907.87423  2017-06-03.3696385  coadd_bc319620 1.48 -2.27 18.233     >18.233  99.990          61.05        21.05   0.189        0.065       
2457913.80477  2457913.80917  2017-06-09.3047673  coadd_bc321364 2.01 -2.27 17.364     >17.364  99.990          15.86        46.84   0.049        0.145       
2457917.94757  2457917.95182  2017-06-13.4475717  coadd_bc322341 1.45 -2.27 18.179     >18.179  99.990         -66.57        22.12   -0.206       0.068       
2457920.85991  2457920.86404  2017-06-16.3599155  coadd_bc322646 1.43 -2.27 18.649     >18.649  99.990         -35.60        14.35   -0.110       0.044       
2457926.92739  2457926.93124  2017-06-22.4273934  coadd_bc323987 1.71 -2.27 18.557     >18.557  99.990         -49.99        15.62   -0.155       0.048       
2457927.91147  2457927.91527  2017-06-23.4114754  coadd_bc324283 1.42 -2.27 18.701     >18.701  99.990         -29.43        13.68   -0.091       0.042       
2457930.86263  2457930.86627  2017-06-26.3626322  coadd_bc325153 1.39 -2.27 18.783     >18.783  99.990           2.23        12.69   0.007        0.039       
2457934.59151  2457934.59494  2017-06-30.0915229  coadd_bg182326 1.64 -2.58 18.473     >18.473  99.990          17.85        12.66   0.074        0.052       
2457937.59959  2457937.60284  2017-07-03.0995979  coadd_bg183654 2.05 -2.58 17.936     >17.936  99.990          34.67        20.77   0.143        0.086       
2457940.80905  2457940.81210  2017-07-06.3090559  coadd_bc327626 1.72 -2.27 18.018     >18.018  99.990           1.73        25.66   0.005        0.079       
2457943.87056  2457943.87342  2017-07-09.3705672  coadd_bc328677 1.63 -2.27 15.511     >15.511  99.990          22.78       258.23   0.070        0.799       
2457944.87271  2457944.87550  2017-07-10.3727123  coadd_bc328996 1.38 -2.27 17.819     >17.819  99.990        -145.63        30.82   -0.450       0.095       
2457948.85448  2457948.85699  2017-07-14.3544952  coadd_bc329928 1.41 -2.27 18.753     >18.753  99.990          -9.92        13.03   -0.031       0.040       
2457949.74963  2457949.75208  2017-07-15.2496364  coadd_bc330190 1.47 -2.27 17.027     >17.027  99.990           5.85        63.89   0.018        0.198       
2457953.84933  2457953.85148  2017-07-19.3493265  coadd_bc330908 1.52 -2.27 18.506     >18.506  99.990         -51.81        16.37   -0.160       0.051       
2457957.77997  2457957.78183  2017-07-23.2799755  coadd_bc331332 1.68 -2.27 18.631     >18.631  99.990         -33.25        14.59   -0.103       0.045       
2457960.82738  2457960.82901  2017-07-26.3273824  coadd_bc332083 1.53 -2.27 18.696     >18.696  99.990         -30.32        13.74   -0.094       0.043       
2457967.78973  2457967.79081  2017-08-02.2897322  coadd_bc333593 1.41 -2.27 18.025      17.584  0.243          114.85        25.49   0.355        0.079       
2457970.58827  2457970.58913  2017-08-05.0882752  coadd_bg196276 1.49 -2.58 17.613     >17.613  99.990          27.17        27.96   0.112        0.115       
2457972.76434  2457972.76502  2017-08-07.2643375  coadd_bc334970 1.58 -2.27 17.255     >17.255  99.990          33.29        51.83   0.103        0.160       
2457973.78760  2457973.78819  2017-08-08.2876038  coadd_bc335342 1.41 -2.27 17.877     >17.877  99.990          -5.94        29.21   -0.018       0.090       
2457977.77494  2457977.77521  2017-08-12.2749452  coadd_bc336601 1.64 -2.27 18.630     >18.630  99.990           2.71        14.61   0.008        0.045       
2457980.76416  2457980.76418  2017-08-15.2641629  coadd_bc337661 1.58 -2.27 18.688     >18.688  99.990           2.35        13.84   0.007        0.043       
2457982.75920  2457982.75906  2017-08-17.2592015  coadd_bc338366 1.55 -2.27 18.642     >18.642  99.990         -48.73        14.44   -0.151       0.045       
2457984.75492  2457984.75462  2017-08-19.2549228  coadd_bc339080 1.36 -2.27 18.533      18.197  0.268           65.26        15.96   0.202        0.049       
2457989.73572  2457989.73501  2017-08-24.2357217  coadd_bc339950 1.58 -2.27 18.222      17.972  0.290           80.33        21.25   0.248        0.066       
2457996.50422  2457996.50297  2017-08-31.0042237  coadd_bg202231 1.37 -2.58 17.986     >17.986  99.990         -49.78        19.83   -0.205       0.082       
2458008.48613  2458008.48397  2017-09-11.9861392  coadd_bg205533 1.34 -2.58 18.199     >18.199  99.990          29.33        16.31   0.121        0.067       
2458013.47581  2458013.47329  2017-09-16.9758162  coadd_bg207091 2.19 -2.58 17.436     >17.436  99.990          87.89        32.92   0.362        0.136       
2458111.16520  2458111.16152  2017-12-23.6652046  coadd_bc366692 1.47 -2.27 17.737     >17.737  99.990          51.87        33.23   0.160        0.103       
2458112.15664  2458112.15302  2017-12-24.6566480  coadd_bc366994 1.41 -2.27 18.273     >18.273  99.990         -31.90        20.28   -0.099       0.063       
2458114.15292  2458114.14941  2017-12-26.6529248  coadd_bc367553 1.79 -2.27 18.454     >18.454  99.990         -29.79        17.18   -0.092       0.053       
2458144.88373  2458144.88238  2018-01-26.3837392  coadd_bg241819 1.38 -2.58 16.685     >16.685  99.990          -8.32        65.74   -0.034       0.271       
2458145.87939  2458145.87811  2018-01-27.3793901  coadd_bg242150 1.51 -2.58 17.555     >17.555  99.990        -153.29        29.51   -0.632       0.122       
2458147.87101  2458147.86990  2018-01-29.3710229  coadd_bg242815 1.53 -2.58 18.157     >18.157  99.990         -50.78        16.94   -0.209       0.070       
2458148.87056  2458148.86953  2018-01-30.3705673  coadd_bg243151 1.49 -2.58 18.123     >18.123  99.990           4.56        17.49   0.019        0.072       
2458149.86623  2458149.86529  2018-01-31.3662399  coadd_bg243482 1.44 -2.58 17.282     >17.282  99.990        -134.51        37.93   -0.554       0.156       
2458161.87285  2458161.87291  2018-02-12.3728604  coadd_bg246394 1.36 -2.58 18.295     >18.295  99.990          -9.37        14.92   -0.039       0.061       
2458162.84974  2458162.84988  2018-02-13.3497497  coadd_bg246729 1.35 -2.58 18.506     >18.506  99.990          -3.99        12.29   -0.016       0.051       
2458180.04723  2458180.04878  2018-03-02.5472327  coadd_bc382164 1.51 -2.27 17.824     >17.824  99.990         -41.48        30.67   -0.128       0.095       
2458187.99821  2458188.00038  2018-03-10.4982148  coadd_bc384074 1.41 -2.27 17.748     >17.748  99.990         -58.20        32.89   -0.180       0.102       
2458219.01774  2458219.02182  2018-04-10.5177416  coadd_bc387634 1.40 -2.27 18.356     >18.356  99.990         -57.33        18.79   -0.177       0.058       
2458221.93881  2458221.94302  2018-04-13.4388149  coadd_bc388264 1.79 -2.27 18.585     >18.585  99.990          -0.08        15.22   -0.000       0.047       
2458225.91602  2458225.92039  2018-04-17.4160282  coadd_bc388971 1.38 -2.27 17.912     >17.912  99.990           4.25        28.28   0.013        0.087       
2458231.06650  2458231.07104  2018-04-22.5665074  coadd_bc390445 1.39 -2.27 17.583     >17.583  99.990         -17.66        38.30   -0.055       0.118       
2458232.88498  2458232.88957  2018-04-24.3849813  coadd_bc391002 1.42 -2.27 18.730     >18.730  99.990         -39.59        13.32   -0.122       0.041       
2458233.84523  2458233.84985  2018-04-25.3452351  coadd_bc391341 1.36 -2.27 18.376     >18.376  99.990          19.23        18.44   0.059        0.057       
2458235.00012  2458235.00477  2018-04-26.5001267  coadd_bc391640 1.48 -2.27 17.937     >17.937  99.990         -24.16        27.65   -0.075       0.086       
2458236.85745  2458236.86213  2018-04-28.3574479  coadd_bg272835 1.37 -2.58 15.827     >15.827  99.990         394.18       144.90   1.624        0.597       
2458243.82498  2458243.82979  2018-05-05.3249905  coadd_bg275256 1.43 -2.58 18.012     >18.012  99.990          28.47        19.37   0.117        0.080       
2458245.77580  2458245.78063  2018-05-07.2757998  coadd_bg276037 1.74 -2.58 18.145     >18.145  99.990         -29.23        17.13   -0.120       0.071       
2458245.97627  2458245.98111  2018-05-07.4762783  coadd_bc392809 1.39 -2.27 17.722     >17.722  99.990          40.46        33.70   0.125        0.104       
2458246.98816  2458246.99300  2018-05-08.4881642  coadd_bc393042 1.37 -2.27 18.457     >18.457  99.990         -22.21        17.12   -0.069       0.053       
2458248.84293  2458248.84778  2018-05-10.3429335  coadd_bc393443 1.33 -2.27 18.264     >18.264  99.990          36.01        20.46   0.111        0.063       
2458252.01542  2458252.02029  2018-05-13.5154248  coadd_bc394101 1.41 -2.27 18.773     >18.773  99.990           3.65        12.80   0.011        0.040       
2458252.96382  2458252.96869  2018-05-14.4638222  coadd_bc394415 1.35 -2.27 18.360     >18.360  99.990         -34.44        18.72   -0.107       0.058       
2458257.92978  2458257.93463  2018-05-19.4297853  coadd_bc395457 1.47 -2.27 18.864     >18.864  99.990           0.01        11.77   0.000        0.036       
2458258.92565  2458258.93050  2018-05-20.4256517  coadd_bc395802 1.48 -2.27 18.736     >18.736  99.990          19.96        13.24   0.062        0.041       
2458270.90741  2458270.91206  2018-06-01.4074129  coadd_bc398263 1.39 -2.27 17.881     >17.881  99.990        -109.87        29.10   -0.340       0.090       
2458277.94295  2458277.94740  2018-06-08.4429557  coadd_bc399893 1.50 -2.27 18.788     >18.788  99.990          -6.25        12.62   -0.019       0.039       
2458279.95537  2458279.95974  2018-06-10.4553802  coadd_bc400350 2.05 -2.27 18.647     >18.647  99.990         -11.98        14.38   -0.037       0.044       
2458280.81722  2458280.82157  2018-06-11.3172283  coadd_bc400560 1.53 -2.27 18.519      18.490  0.355           49.86        16.18   0.154        0.050       
2458281.88454  2458281.88884  2018-06-12.3845385  coadd_bc400910 1.48 -2.27 18.611     >18.611  99.990          -9.11        14.86   -0.028       0.046       
2458296.89209  2458296.89568  2018-06-27.3920917  coadd_bc404728 1.43 -2.27 17.625     >17.625  99.990        -149.56        36.85   -0.463       0.114       
2458299.92115  2458299.92457  2018-06-30.4211509  coadd_bc405657 2.43 -2.27 17.213     >17.213  99.990          99.78        53.85   0.309        0.167       
2458300.66766  2458300.67105  2018-07-01.1676692  coadd_bg277523 1.67 -2.58 17.396     >17.396  99.990           9.84        34.14   0.041        0.141       
2458300.81453  2458300.81790  2018-07-01.3145333  coadd_bc405764 1.47 -2.27 18.312     >18.312  99.990          35.71        19.57   0.110        0.061       
2458306.45061  2458306.45363  2018-07-06.9506072  coadd_bg279451 1.58 -2.58 17.341     >17.341  99.990          45.59        35.91   0.188        0.148       
2458308.49802  2458308.50091  2018-07-08.9980240  coadd_bg279957 1.57 -2.58 18.405     >18.405  99.990         -18.02        13.48   -0.074       0.056       
2458308.88128  2458308.88415  2018-07-09.3812788  coadd_bc407300 1.39 -2.27 18.639     >18.639  99.990         -51.91        14.48   -0.161       0.045       
2458312.78810  2458312.79071  2018-07-13.2881068  coadd_bc408603 1.49 -2.27 17.878     >17.878  99.990          85.89        29.18   0.266        0.090       
2458313.88023  2458313.88276  2018-07-14.3802317  coadd_bc408926 1.41 -2.27 18.191     >18.191  99.990         -70.40        21.87   -0.218       0.068       
2458316.79537  2458316.79769  2018-07-17.2953679  coadd_bc409535 2.14 -2.27 18.560     >18.560  99.990         -12.43        15.57   -0.038       0.048       
2458322.83826  2458322.84014  2018-07-23.3382671  coadd_bc411292 1.61 -2.27 17.899     >17.899  99.990         -10.39        28.62   -0.032       0.089       
2458325.82329  2458325.82494  2018-07-26.3232935  coadd_bc412258 1.47 -2.27 17.971     >17.971  99.990           9.91        26.78   0.031        0.083       
2458329.82292  2458329.82425  2018-07-30.3229193  coadd_bc413571 1.58 -2.27 17.061     >17.061  99.990         101.55        61.95   0.314        0.192       
2458330.61083  2458330.61211  2018-07-31.1108376  coadd_bg288131 1.33 -2.58 16.415     >16.415  99.990         105.22        84.33   0.434        0.347       
2458331.61790  2458331.61909  2018-08-01.1179025  coadd_bg288570 1.42 -2.58 17.483     >17.483  99.990          32.84        31.53   0.135        0.130       
2458331.80622  2458331.80740  2018-08-01.3062280  coadd_bc414072 1.64 -2.27 17.803     >17.803  99.990          54.57        31.28   0.169        0.097       
2458335.76165  2458335.76251  2018-08-05.2616527  coadd_bc415118 1.41 -2.27 18.329     >18.329  99.990         -11.87        19.26   -0.037       0.060       
2458336.79065  2458336.79143  2018-08-06.2906543  coadd_bc415493 1.60 -2.27 18.719     >18.719  99.990          14.52        13.45   0.045        0.042       
2458338.78575  2458338.78637  2018-08-08.2857505  coadd_bc416160 1.76 -2.27 18.762     >18.762  99.990         -28.16        12.93   -0.087       0.040       
2458342.78771  2458342.78800  2018-08-12.2877104  coadd_bc416900 1.34 -2.27 18.850     >18.850  99.990           5.41        11.93   0.017        0.037       
2458359.53466  2458359.53360  2018-08-29.0346662  coadd_bg298624 1.43 -2.58 17.723     >17.723  99.990        -125.80        25.27   -0.518       0.104       
