###  JD        HJD            UT_date             IMAGE          FWHM  Diff Limit      mag   mag_err       counts     count_err  flux (mJy)    flux_err
2456220.77193  2456220.77543  2012-10-20.2719283  coadd_ba022552 2.87 -1.80 18.563     >18.563  99.990        -171.57        23.94   -0.344       0.048       
2456228.74845  2456228.75144  2012-10-28.2484473  coadd_ba028050 2.70 -1.80 18.048     >18.048  99.990        -146.26        38.49   -0.293       0.077       
2456232.84417  2456232.84687  2012-11-01.3441666  coadd_ba026931 2.28 -1.80 18.131     >18.131  99.990         -16.47        35.65   -0.033       0.072       
2456237.77634  2456237.77867  2012-11-06.2763372  coadd_ba025442 2.25 -1.80 19.066     >19.066  99.990         -50.19        15.07   -0.101       0.030       
2456240.79118  2456240.79328  2012-11-09.2911789  coadd_ba024675 2.06 -1.80 18.812     >18.812  99.990          26.29        19.03   0.053        0.038       
2456243.77509  2456243.77696  2012-11-12.2750934  coadd_ba023948 2.04 -1.80 18.465     >18.465  99.990         -48.78        26.21   -0.098       0.053       
2456268.69594  2456268.69571  2012-12-07.1959471  coadd_ba031209 2.99 -1.80 18.568     >18.568  99.990         -50.14        23.84   -0.101       0.048       
2456276.70257  2456276.70166  2012-12-15.2025730  coadd_ba033399 2.69 -1.80 18.365     >18.365  99.990          66.81        28.73   0.134        0.058       
2456288.70843  2456288.70653  2012-12-27.2084434  coadd_ba034207 3.16 -1.80 17.332     >17.332  99.990        -113.29        74.43   -0.227       0.149       
2456300.71368  2456300.71088  2013-01-08.2136832  coadd_ba034526 2.14 -1.80 18.306     >18.306  99.990           5.42        30.35   0.011        0.061       
2456302.71090  2456302.70795  2013-01-10.2108997  coadd_ba034872 2.15 -1.80 18.204     >18.204  99.990         -40.14        33.34   -0.081       0.067       
2456303.73332  2456303.73031  2013-01-11.2333246  coadd_ba035183 2.09 -1.80 18.073     >18.073  99.990          63.48        37.60   0.127        0.075       
2456304.71177  2456304.70869  2013-01-12.2117777  coadd_ba035339 2.93 -1.80 17.892     >17.892  99.990         110.79        44.44   0.222        0.089       
2456308.70657  2456308.70323  2013-01-16.2065765  coadd_ba035527 2.36 -1.80 17.280     >17.280  99.990         -20.82        78.04   -0.042       0.157       
2456309.70700  2456309.70360  2013-01-17.2070023  coadd_ba035823 2.32 -1.80 17.177     >17.177  99.990          62.21        85.80   0.125        0.172       
2456310.70743  2456310.70396  2013-01-18.2074292  coadd_ba035909 2.40 -1.80 17.385     >17.385  99.990          37.75        70.84   0.076        0.142       
2456390.11799  2456390.11395  2013-04-07.6179952  coadd_ba048008 2.15 -1.80 18.221     >18.221  99.990          28.78        32.83   0.058        0.066       
2456391.11514  2456391.11114  2013-04-08.6151401  coadd_ba048240 2.08 -1.80 18.010      17.703  0.275          158.64        39.84   0.318        0.080       
2456397.11324  2456397.10956  2013-04-14.6132437  coadd_ba049624 2.11 -1.80 18.466     >18.466  99.990         -33.68        26.19   -0.068       0.053       
2456402.10101  2456402.09762  2013-04-19.6010127  coadd_ba050983 2.13 -1.80 18.404     >18.404  99.990         -64.20        27.72   -0.129       0.056       
2456407.10020  2456407.09713  2013-04-24.6002089  coadd_ba052041 2.06 -1.80 17.552     >17.552  99.990          69.69        60.79   0.140        0.122       
2456410.09490  2456410.09202  2013-04-27.5949016  coadd_ba052689 2.27 -1.80 17.871     >17.871  99.990        -111.54        45.28   -0.224       0.091       
2456415.07885  2456415.07633  2013-05-02.5788586  coadd_ba053701 2.34 -1.80 17.821     >17.821  99.990          59.54        47.42   0.119        0.095       
2456444.04266  2456444.04244  2013-05-31.5426616  coadd_ba055965 2.57 -1.80 18.103     >18.103  99.990          84.23        36.58   0.169        0.073       
2456448.99053  2456448.99072  2013-06-05.4905394  coadd_ba056867 2.17 -1.80 18.501     >18.501  99.990         -10.90        25.35   -0.022       0.051       
2456451.03384  2456451.03420  2013-06-07.5338432  coadd_ba057496 2.33 -1.80 18.740     >18.740  99.990          34.49        20.34   0.069        0.041       
2456460.09761  2456460.09872  2013-06-16.5976097  coadd_ba059671 2.15 -1.80 18.497     >18.497  99.990         -43.42        25.46   -0.087       0.051       
2456462.96335  2456462.96470  2013-06-19.4633574  coadd_ba060558 1.81 -1.80 17.499     >17.499  99.990         -22.00        63.83   -0.044       0.128       
2456464.98670  2456464.98821  2013-06-21.4867142  coadd_ba061244 1.80 -1.80 17.560     >17.560  99.990         116.01        60.29   0.233        0.121       
2456468.97916  2456468.98098  2013-06-25.4791597  coadd_ba062390 1.78 -1.80 17.021     >17.021  99.990        -405.75        99.11   -0.814       0.199       
2456471.99213  2456471.99418  2013-06-28.4921313  coadd_ba063275 2.33 -1.80 17.902     >17.902  99.990          72.51        44.03   0.145        0.088       
2456474.97003  2456474.97230  2013-07-01.4700267  coadd_ba063954 1.75 -1.80 18.440     >18.440  99.990         -33.88        26.82   -0.068       0.054       
2456477.96527  2456477.96777  2013-07-04.4652732  coadd_ba064880 1.84 -1.80 18.503     >18.503  99.990         -74.24        25.31   -0.149       0.051       
2456481.96285  2456481.96563  2013-07-08.4628487  coadd_ba066200 2.04 -1.80 18.226     >18.226  99.990          31.35        32.65   0.063        0.066       
2456484.92561  2456484.92860  2013-07-11.4256187  coadd_ba067018 2.03 -1.80 18.610     >18.610  99.990          -7.54        22.93   -0.015       0.046       
2456487.91731  2456487.92049  2013-07-14.4173107  coadd_ba068024 1.99 -1.80 18.449     >18.449  99.990         -13.66        26.60   -0.027       0.053       
2456490.93799  2456490.94136  2013-07-17.4379903  coadd_ba069100 1.76 -1.80 18.285      18.030  0.289          117.40        30.93   0.236        0.062       
2456492.94302  2456492.94651  2013-07-19.4430188  coadd_ba069817 2.03 -1.80 17.894     >17.894  99.990        -117.04        44.36   -0.235       0.089       
2456496.93408  2456496.93780  2013-07-23.4340853  coadd_ba070727 1.97 -1.80 16.810     >16.810  99.990         284.71       120.38   0.571        0.242       
2456507.91207  2456507.91633  2013-08-03.4120722  coadd_ba072299 1.75 -1.80 18.664     >18.664  99.990          -2.45        21.81   -0.005       0.044       
2456508.94056  2456508.94487  2013-08-04.4405762  coadd_ba072668 2.01 -1.80 18.458     >18.458  99.990          28.57        26.37   0.057        0.053       
2456512.92309  2456512.92756  2013-08-08.4230945  coadd_ba073668 2.13 -1.80 18.627     >18.627  99.990         -85.99        22.57   -0.172       0.045       
2456518.83906  2456518.84373  2013-08-14.3390601  coadd_ba075110 1.76 -1.80 18.126     >18.126  99.990         -38.58        35.83   -0.077       0.072       
2456521.86318  2456521.86793  2013-08-17.3631834  coadd_ba076008 1.99 -1.80 17.834     >17.834  99.990          19.39        46.85   0.039        0.094       
2456523.88314  2456523.88794  2013-08-19.3831446  coadd_ba076551 2.03 -1.80 17.710     >17.710  99.990         -32.50        52.54   -0.065       0.105       
2456524.89281  2456524.89763  2013-08-20.3928145  coadd_ba076901 1.81 -1.80 17.055     >17.055  99.990         -82.39        96.02   -0.165       0.193       
2456531.80607  2456531.81100  2013-08-27.3060780  coadd_ba078219 1.98 -1.80 18.763     >18.763  99.990         -13.60        19.91   -0.027       0.040       
2456533.90173  2456533.90668  2013-08-29.4017386  coadd_ba078994 1.99 -1.80 18.567     >18.567  99.990           3.26        23.85   0.007        0.048       
2456535.89585  2456535.90082  2013-08-31.3958487  coadd_ba079737 2.08 -1.80 19.051     >19.051  99.990          10.34        15.27   0.021        0.031       
2456537.89228  2456537.89725  2013-09-02.3922754  coadd_ba080484 2.07 -1.80 18.792     >18.792  99.990         -33.54        19.39   -0.067       0.039       
2456538.85012  2456538.85509  2013-09-03.3501156  coadd_ba080835 1.82 -1.80 18.533     >18.533  99.990          32.15        24.61   0.064        0.049       
2456543.87323  2456543.87819  2013-09-08.3732273  coadd_ba081638 2.06 -1.80 18.857     >18.857  99.990          -9.97        18.27   -0.020       0.037       
2456544.87529  2456544.88025  2013-09-09.3752952  coadd_ba081963 2.11 -1.80 18.646     >18.646  99.990         -26.27        22.17   -0.053       0.044       
2456556.74237  2456556.74715  2013-09-21.2423733  coadd_ba083967 1.75 -1.80 17.539     >17.539  99.990          28.01        61.50   0.056        0.123       
2456562.84795  2456562.85255  2013-09-27.3479534  coadd_ba084824 2.21 -1.80 18.792     >18.792  99.990         -11.65        19.40   -0.023       0.039       
2456568.84264  2456568.84703  2013-10-03.3426449  coadd_ba086303 1.74 -1.80 18.174     >18.174  99.990         -54.68        34.27   -0.110       0.069       
2456571.85954  2456571.86380  2013-10-06.3595464  coadd_ba087346 2.09 -1.80 18.675     >18.675  99.990          10.35        21.60   0.021        0.043       
2456595.78571  2456595.78841  2013-10-30.2857112  coadd_bd001793 1.67 -2.23 18.766     >18.766  99.990         -49.53        13.32   -0.148       0.040       
2456615.71059  2456615.71178  2013-11-19.2105930  coadd_bd005409 1.85 -2.23 18.424     >18.424  99.990         -28.48        18.26   -0.085       0.055       
2456618.70252  2456618.70347  2013-11-22.2025211  coadd_bd006249 1.53 -2.23 18.962     >18.962  99.990         -25.57        11.13   -0.076       0.033       
2456619.72994  2456619.73080  2013-11-23.2299362  coadd_bd006617 1.65 -2.23 18.658     >18.658  99.990         -54.23        14.72   -0.162       0.044       
2456641.70842  2456641.70745  2013-12-15.2084196  coadd_bd011579 1.59 -2.23 17.939     >17.939  99.990         -64.40        28.53   -0.193       0.085       
2456751.13801  2456751.13487  2014-04-03.6376069  coadd_bd023988 1.49 -2.23 17.410     >17.410  99.990        -123.05        46.43   -0.368       0.139       
2456751.13960  2456751.13544  2014-04-03.6392034  coadd_bd023989 1.52 -2.23 17.634     >17.634  99.990           9.62        37.78   0.029        0.113       
2456757.13553  2456757.13165  2014-04-09.6351196  coadd_bd025278 1.61 -2.23 17.784     >17.784  99.990          34.24        32.92   0.102        0.098       
2456758.13258  2456758.12875  2014-04-10.6321773  coadd_bd025627 1.51 -2.23 18.168     >18.168  99.990         -23.71        23.10   -0.071       0.069       
2456759.12778  2456759.12401  2014-04-11.6273818  coadd_bd025812 1.53 -2.23 18.445     >18.445  99.990           1.48        17.91   0.004        0.054       
2456760.12636  2456760.12264  2014-04-12.6259546  coadd_bd026020 1.47 -2.23 18.299     >18.299  99.990         -68.10        20.49   -0.204       0.061       
2456767.10052  2456767.09721  2014-04-19.6001184  coadd_bd026781 1.59 -2.23 18.079     >18.079  99.990         -97.56        25.08   -0.292       0.075       
2456778.09026  2456778.08768  2014-04-30.5898567  coadd_bd027996 1.61 -2.23 18.154     >18.154  99.990          14.60        23.40   0.044        0.070       
2456782.07250  2456782.07021  2014-05-04.5720949  coadd_bd028486 1.66 -2.23 18.835     >18.835  99.990         -52.28        12.50   -0.156       0.037       
2456784.07987  2456784.07772  2014-05-06.5794680  coadd_bd028961 1.63 -2.23 18.913     >18.913  99.990           1.07        11.63   0.003        0.035       
2456785.07448  2456785.07241  2014-05-07.5740839  coadd_bd029298 1.53 -2.23 18.576      18.221  0.263           66.01        15.86   0.197        0.047       
2456788.06538  2456788.06353  2014-05-10.5649778  coadd_bd029964 1.52 -2.23 18.813     >18.813  99.990          26.66        12.75   0.080        0.038       
2456789.06359  2456789.06182  2014-05-11.5631832  coadd_bd030302 1.61 -2.23 18.315     >18.315  99.990         -17.23        20.18   -0.052       0.060       
2456795.05582  2456795.05453  2014-05-17.5554201  coadd_bd030812 1.55 -2.23 17.975     >17.975  99.990          48.23        27.61   0.144        0.083       
2456798.05406  2456798.05301  2014-05-20.5536557  coadd_bd031753 1.43 -2.23 18.121      18.052  0.343           77.09        24.13   0.231        0.072       
2456802.04257  2456802.04185  2014-05-24.5421712  coadd_bd033028 1.58 -2.23 18.451     >18.451  99.990          32.20        17.81   0.096        0.053       
2456804.04393  2456804.04337  2014-05-26.5435302  coadd_bd033621 1.52 -2.23 18.401     >18.401  99.990           5.11        18.65   0.015        0.056       
2456806.04163  2456806.04124  2014-05-28.5412267  coadd_bd034267 1.57 -2.23 18.488     >18.488  99.990           2.04        17.21   0.006        0.051       
2456809.07358  2456809.07344  2014-05-31.5731783  coadd_bd035042 1.59 -2.23 18.316      18.254  0.344           64.05        20.16   0.192        0.060       
2456810.07251  2456810.07246  2014-06-01.5721096  coadd_bd035328 1.62 -2.23 18.735     >18.735  99.990           2.97        13.71   0.009        0.041       
2456811.04382  2456811.04384  2014-06-02.5434178  coadd_bd035633 1.53 -2.23 18.285     >18.285  99.990         -89.16        20.74   -0.267       0.062       
2456813.04462  2456813.04481  2014-06-04.5442148  coadd_bd036269 1.46 -2.23 18.532     >18.532  99.990         -32.92        16.52   -0.098       0.049       
2456815.03074  2456815.03110  2014-06-06.5303365  coadd_bd036852 1.50 -2.23 18.258     >18.258  99.990          51.76        21.28   0.155        0.064       
2456816.02993  2456816.03037  2014-06-07.5295306  coadd_bd037178 1.49 -2.23 18.688     >18.688  99.990         -33.83        14.31   -0.101       0.043       
2456818.03570  2456818.03631  2014-06-09.5353018  coadd_bd037870 1.49 -2.23 18.321     >18.321  99.990         -47.24        20.07   -0.141       0.060       
2456820.02257  2456820.02334  2014-06-11.5221642  coadd_bd038261 1.53 -2.23 18.147     >18.147  99.990           9.88        23.55   0.030        0.070       
2456821.02311  2456821.02397  2014-06-12.5227067  coadd_bd038724 1.54 -2.23 17.490     >17.490  99.990         -99.19        43.14   -0.297       0.129       
2456822.02103  2456822.02197  2014-06-13.5206293  coadd_bd039045 1.56 -2.23 17.662     >17.662  99.990          16.89        36.82   0.051        0.110       
2456824.02525  2456824.02635  2014-06-15.5248577  coadd_bd039673 1.70 -2.23 17.851     >17.851  99.990         -18.35        30.95   -0.055       0.093       
2456828.04427  2456828.04569  2014-06-19.5438714  coadd_bd040997 1.64 -2.23 18.313     >18.313  99.990           0.97        20.22   0.003        0.060       
2456830.10014  2456830.10173  2014-06-21.5997356  coadd_bd041650 1.57 -2.23 18.554     >18.554  99.990          25.40        16.19   0.076        0.048       
2456831.01133  2456831.01299  2014-06-22.5109295  coadd_bd041888 1.57 -2.23 18.489      18.315  0.311           60.53        17.19   0.181        0.051       
2456835.00891  2456835.01088  2014-06-26.5085105  coadd_bd042636 1.65 -2.23 18.828     >18.828  99.990         -22.29        12.58   -0.067       0.038       
2456846.98550  2456846.98834  2014-07-08.4851019  coadd_bd043219 1.54 -2.23 17.877      17.627  0.290          114.05        30.20   0.341        0.090       
2456847.98259  2456847.98550  2014-07-09.4821892  coadd_bd043567 1.49 -2.23 17.554     >17.554  99.990         120.40        40.68   0.360        0.122       
2456848.98650  2456848.98947  2014-07-10.4860942  coadd_bd043899 1.52 -2.23 17.860     >17.860  99.990         -69.52        30.68   -0.208       0.092       
2456849.98805  2456849.99109  2014-07-11.4876521  coadd_bd044205 1.59 -2.23 17.732     >17.732  99.990        -121.06        34.54   -0.362       0.103       
2456850.98773  2456850.99083  2014-07-12.487325  coadd_bd044549 1.48 -2.23 17.885     >17.885  99.990         -46.42        29.99   -0.139       0.090       
2456855.98613  2456855.98955  2014-07-17.4857299  coadd_bd045750 1.51 -2.23 18.258     >18.258  99.990         -29.47        21.28   -0.088       0.064       
2456857.05556  2456857.05904  2014-07-18.5551594  coadd_bd046100 1.55 -2.23 18.543     >18.543  99.990         -15.28        16.36   -0.046       0.049       
2456858.12489  2456858.12843  2014-07-19.6244862  coadd_bd046423 1.45 -2.23 17.786     >17.786  99.990          -3.91        32.86   -0.012       0.098       
2456883.90446  2456883.90914  2014-08-14.4040628  coadd_bd047107 1.75 -2.23 18.210     >18.210  99.990           5.20        22.23   0.016        0.066       
2456885.04717  2456885.05188  2014-08-15.5467692  coadd_bd047459 1.55 -2.23 18.287     >18.287  99.990          19.08        20.72   0.057        0.062       
2456885.93085  2456885.93558  2014-08-16.4304479  coadd_bd047739 1.57 -2.23 18.634     >18.634  99.990         -26.14        15.05   -0.078       0.045       
2456887.06186  2456887.06661  2014-08-17.5614520  coadd_bd048083 2.13 -2.23 18.503     >18.503  99.990         -39.16        16.97   -0.117       0.051       
2456887.99391  2456887.99869  2014-08-18.4935152  coadd_bd048370 1.92 -2.23 19.282     >19.282  99.990          12.53         8.28   0.037        0.025       
2456889.03404  2456889.03883  2014-08-19.5336336  coadd_bd082783 1.73 -2.23 17.943     >17.943  99.990          25.76        28.43   0.077        0.085       
2456890.91141  2456890.91625  2014-08-21.4110119  coadd_bd048628 1.69 -2.23 18.520     >18.520  99.990          18.88        16.72   0.056        0.050       
2456891.91717  2456891.92202  2014-08-22.4167695  coadd_bd049202 1.60 -2.23 18.599     >18.599  99.990           9.78        15.54   0.029        0.046       
2456892.91763  2456892.92250  2014-08-23.4172297  coadd_bd049564 1.59 -2.23 18.582     >18.582  99.990           2.44        15.78   0.007        0.047       
2456894.91232  2456894.91721  2014-08-25.4119120  coadd_bd050064 1.59 -2.23 18.611     >18.611  99.990           3.71        15.37   0.011        0.046       
2456895.91271  2456895.91762  2014-08-26.4123072  coadd_bd050349 1.54 -2.23 18.625     >18.625  99.990         -12.73        15.17   -0.038       0.045       
2456896.90291  2456896.90783  2014-08-27.4025099  coadd_bd050698 1.56 -2.23 18.520     >18.520  99.990          31.76        16.71   0.095        0.050       
2456897.90424  2456897.90917  2014-08-28.4038392  coadd_bd051062 1.65 -2.23 18.420      18.350  0.342           58.60        18.32   0.175        0.055       
2456899.91997  2456899.92492  2014-08-30.4195680  coadd_bd051546 1.52 -2.23 18.582     >18.582  99.990          21.17        15.78   0.063        0.047       
2456900.90009  2456900.90503  2014-08-31.3996814  coadd_bd051894 1.59 -2.23 18.432     >18.432  99.990         -14.78        18.12   -0.044       0.054       
2456902.74505  2456902.75000  2014-09-02.2446420  coadd_bd052245 1.51 -2.23 18.358     >18.358  99.990          32.09        19.41   0.096        0.058       
2456904.89690  2456904.90185  2014-09-04.3964920  coadd_bd052878 1.57 -2.23 18.090      17.754  0.268          101.53        24.82   0.304        0.074       
2456908.81850  2456908.82344  2014-09-08.3181011  coadd_bd053741 1.56 -2.23 17.216     >17.216  99.990          45.68        55.53   0.137        0.166       
2456911.97663  2456911.98154  2014-09-11.4762312  coadd_bd054818 1.56 -2.23 17.533     >17.533  99.990         -68.22        41.49   -0.204       0.124       
2456913.98443  2456913.98932  2014-09-13.4840311  coadd_bd055435 1.68 -2.23 18.022     >18.022  99.990          66.40        26.43   0.199        0.079       
2456914.88224  2456914.88711  2014-09-14.3818383  coadd_bd055742 1.74 -2.23 18.367     >18.367  99.990          20.91        19.23   0.063        0.058       
2456916.86850  2456916.87334  2014-09-16.3681002  coadd_bd056260 1.54 -2.23 18.649     >18.649  99.990         -11.70        14.84   -0.035       0.044       
2456917.87997  2456917.88479  2014-09-17.3795730  coadd_bd056621 1.55 -2.23 18.605      18.476  0.324           52.18        15.45   0.156        0.046       
2456919.87454  2456919.87931  2014-09-19.3741431  coadd_bd057325 1.71 -2.23 18.840     >18.840  99.990         -47.77        12.44   -0.143       0.037       
2456920.87525  2456920.88000  2014-09-20.3748444  coadd_bd057669 1.59 -2.23 18.835     >18.835  99.990         -15.91        12.51   -0.048       0.037       
2456924.86833  2456924.87298  2014-09-24.3679384  coadd_bd058538 1.72 -2.23 18.731     >18.731  99.990           1.93        13.76   0.006        0.041       
2456928.85380  2456928.85831  2014-09-28.3533946  coadd_bd059078 1.52 -2.23 18.559     >18.559  99.990         -14.87        16.12   -0.044       0.048       
2456929.86106  2456929.86554  2014-09-29.3606627  coadd_bd059313 1.48 -2.23 18.342     >18.342  99.990         -43.86        19.69   -0.131       0.059       
2456931.84718  2456931.85158  2014-10-01.3467792  coadd_bd059707 1.84 -2.23 18.457     >18.457  99.990          16.56        17.72   0.050        0.053       
2456933.88095  2456933.88527  2014-10-03.3805467  coadd_bd060417 1.51 -2.23 17.652     >17.652  99.990           1.47        37.17   0.004        0.111       
2456937.89564  2456937.89979  2014-10-07.3952418  coadd_bd061110 1.88 -2.23 17.512     >17.512  99.990          15.50        42.28   0.046        0.126       
2456938.83751  2456938.84161  2014-10-08.3371081  coadd_bd061466 1.54 -2.23 16.873     >16.873  99.990         162.50        76.17   0.486        0.228       
2456939.91675  2456939.92080  2014-10-09.4163488  coadd_bd061765 1.56 -2.23 17.610     >17.610  99.990          83.18        38.63   0.249        0.116       
2456941.84219  2456941.84615  2014-10-11.3418069  coadd_bd062214 1.79 -2.23 18.123     >18.123  99.990          33.85        24.09   0.101        0.072       
2456942.83595  2456942.83985  2014-10-12.3355430  coadd_bd062354 2.03 -2.23 18.368     >18.368  99.990          -0.18        19.22   -0.001       0.057       
2456967.77728  2456967.77955  2014-11-06.2768646  coadd_bd063782 1.54 -2.23 17.532     >17.532  99.990         -23.48        41.52   -0.070       0.124       
2456969.80932  2456969.81144  2014-11-08.3089140  coadd_bd064460 1.59 -2.23 17.823     >17.823  99.990        -113.32        31.75   -0.339       0.095       
2456970.78794  2456970.78999  2014-11-09.2875412  coadd_bd064769 1.73 -2.23 18.127     >18.127  99.990           4.61        24.01   0.014        0.072       
2456972.76356  2456972.76545  2014-11-11.2631540  coadd_bd065543 1.78 -2.23 18.625     >18.625  99.990         -14.69        15.17   -0.044       0.045       
2456973.77041  2456973.77222  2014-11-12.2700038  coadd_bd065778 1.63 -2.23 18.643     >18.643  99.990          -0.18        14.93   -0.001       0.045       
2456979.76049  2456979.76181  2014-11-18.2600982  coadd_bd066701 1.60 -2.23 18.803     >18.803  99.990         -45.56        12.88   -0.136       0.039       
2456980.76691  2456980.76815  2014-11-19.2665113  coadd_bd067069 1.69 -2.23 18.666     >18.666  99.990          18.46        14.61   0.055        0.044       
2456982.75450  2456982.75557  2014-11-21.2540969  coadd_bd067711 1.47 -2.23 18.545     >18.545  99.990         -24.96        16.33   -0.075       0.049       
2456984.74860  2456984.74951  2014-11-23.2481994  coadd_bd068464 1.50 -2.23 18.671     >18.671  99.990         -33.16        14.54   -0.099       0.043       
2456986.75111  2456986.75184  2014-11-25.2507026  coadd_bd069092 1.59 -2.23 18.742     >18.742  99.990         -43.45        13.62   -0.130       0.041       
2456990.75360  2456990.75400  2014-11-29.2531966  coadd_bd070199 1.52 -2.23 17.800     >17.800  99.990          92.90        32.43   0.278        0.097       
2456992.73786  2456992.73809  2014-12-01.2374587  coadd_bd070888 1.64 -2.23 18.128     >18.128  99.990         -62.50        23.97   -0.187       0.072       
2456993.74239  2456993.74253  2014-12-02.2419810  coadd_bd071262 1.60 -2.23 18.155     >18.155  99.990          36.61        23.38   0.109        0.070       
2456997.73235  2456997.73214  2014-12-06.2319409  coadd_bd071742 1.71 -2.23 17.676     >17.676  99.990          67.46        36.35   0.202        0.109       
2456998.72252  2456998.72224  2014-12-07.2221209  coadd_bd072130 1.60 -2.23 17.807     >17.807  99.990          63.58        32.21   0.190        0.096       
2456999.72642  2456999.72604  2014-12-08.2260140  coadd_bd072497 1.67 -2.23 18.440     >18.440  99.990         -18.42        17.99   -0.055       0.054       
2457002.71841  2457002.71778  2014-12-11.2180057  coadd_bd073690 1.58 -2.23 18.550     >18.550  99.990         -44.94        16.26   -0.134       0.049       
2457004.71900  2457004.71820  2014-12-13.2185936  coadd_bd074482 1.68 -2.23 18.754     >18.754  99.990          28.72        13.47   0.086        0.040       
2457005.70593  2457005.70505  2014-12-14.2055266  coadd_bd074817 1.61 -2.23 18.422     >18.422  99.990         -78.60        18.29   -0.235       0.055       
2457009.71355  2457009.71233  2014-12-18.2131449  coadd_bd076160 1.63 -2.23 18.596     >18.596  99.990         -59.79        15.58   -0.179       0.047       
2457018.69871  2457018.69677  2014-12-27.1983069  coadd_bd078476 1.67 -2.23 17.228     >17.228  99.990          20.67        54.94   0.062        0.164       
2457121.13897  2457121.13503  2015-04-08.6389832  coadd_bd104970 1.56 -2.23 17.555     >17.555  99.990           0.91        40.63   0.003        0.122       
2457126.13788  2457126.13420  2015-04-13.6378946  coadd_bd106341 1.47 -2.23 17.024     >17.024  99.990        -227.09        66.30   -0.679       0.198       
2457129.13510  2457129.13159  2015-04-16.6351075  coadd_bd106877 1.47 -2.23 17.532     >17.532  99.990         -56.57        41.52   -0.169       0.124       
2457131.13052  2457131.12713  2015-04-18.6305293  coadd_bd107272 1.51 -2.23 17.928     >17.928  99.990         -22.75        28.82   -0.068       0.086       
2457132.11270  2457132.10937  2015-04-19.6127158  coadd_bd107597 1.53 -2.23 18.100     >18.100  99.990          20.43        24.59   0.061        0.074       
2457137.11810  2457137.11509  2015-04-24.6181101  coadd_bd108920 1.48 -2.23 18.541     >18.541  99.990         -20.86        16.39   -0.062       0.049       
2457145.08443  2457145.08197  2015-05-02.5844256  coadd_bd110129 1.56 -2.23 17.712     >17.712  99.990          -1.62        35.17   -0.005       0.105       
2457149.09673  2457149.09457  2015-05-06.5967325  coadd_bd110675 1.55 -2.23 17.769     >17.769  99.990          24.25        33.36   0.073        0.100       
2457155.12701  2457155.12530  2015-05-12.6270106  coadd_bd112118 1.56 -2.23 16.314     >16.314  99.990          -4.34       127.47   -0.013       0.381       
2457156.12085  2457156.11923  2015-05-13.6208525  coadd_bd112435 1.52 -2.23 17.642     >17.642  99.990        -119.07        37.51   -0.356       0.112       
2457157.07742  2457157.07588  2015-05-14.5774236  coadd_bd112679 1.57 -2.23 18.290     >18.290  99.990         -34.64        20.66   -0.104       0.062       
2457158.05995  2457158.05848  2015-05-15.5599850  coadd_bd112841 1.59 -2.23 18.626     >18.626  99.990           1.83        15.16   0.005        0.045       
2457162.05635  2457162.05520  2015-05-19.5563484  coadd_bd113661 1.49 -2.23 18.296     >18.296  99.990         -33.20        20.53   -0.099       0.061       
2457169.06524  2457169.06467  2015-05-26.5652655  coadd_bd115403 1.48 -2.23 18.696     >18.696  99.990          23.69        14.20   0.071        0.042       
2457174.04280  2457174.04264  2015-05-31.5428160  coadd_bd116298 1.48 -2.23 17.702     >17.702  99.990          72.46        35.50   0.217        0.106       
2457176.07598  2457176.07599  2015-06-02.5759980  coadd_bd116630 1.48 -2.23 17.545     >17.545  99.990          -8.66        41.03   -0.026       0.123       
2457179.06805  2457179.06830  2015-06-05.5680670  coadd_bd117407 1.51 -2.23 18.001     >18.001  99.990        -114.24        26.95   -0.342       0.081       
2457182.02321  2457182.02371  2015-06-08.5232196  coadd_bd118263 1.52 -2.23 17.843     >17.843  99.990         -40.66        31.16   -0.122       0.093       
2457184.07240  2457184.07307  2015-06-10.5724115  coadd_bd118746 1.50 -2.23 18.490     >18.490  99.990         -58.00        17.18   -0.173       0.051       
2457188.99612  2457188.99719  2015-06-15.4961405  coadd_bd119445 1.54 -2.23 18.723     >18.723  99.990          -7.46        13.86   -0.022       0.041       
2457192.06559  2457192.06691  2015-06-18.5655893  coadd_bd120380 1.50 -2.23 18.272     >18.272  99.990         -48.04        21.00   -0.144       0.063       
2457194.03614  2457194.03762  2015-06-20.5361481  coadd_bd120845 1.57 -2.23 18.645     >18.645  99.990         -44.93        14.90   -0.134       0.045       
2457197.02067  2457197.02239  2015-06-23.5206891  coadd_bd121721 1.60 -2.23 18.324     >18.324  99.990         -20.34        20.02   -0.061       0.060       
2457199.93448  2457199.93642  2015-06-26.4344971  coadd_bd122279 1.48 -2.23 18.777     >18.777  99.990          -0.58        13.19   -0.002       0.039       
2457201.92846  2457201.93055  2015-06-28.4284826  coadd_bd122884 1.70 -2.23 18.609     >18.609  99.990         -30.90        15.39   -0.092       0.046       
2457202.91425  2457202.91641  2015-06-29.4142743  coadd_bd123148 1.77 -2.23 18.514     >18.514  99.990           3.60        16.80   0.011        0.050       
2457203.92520  2457203.92745  2015-06-30.4252038  coadd_bd123457 1.55 -2.23 17.744     >17.744  99.990         -13.15        34.15   -0.039       0.102       
2457205.97368  2457205.97607  2015-07-02.4736818  coadd_bd124021 1.52 -2.23 17.534     >17.534  99.990         104.57        41.43   0.313        0.124       
2457210.05729  2457210.05998  2015-07-06.5572957  coadd_bd124966 1.64 -2.23 18.016     >18.016  99.990          59.24        26.57   0.177        0.079       
2457212.04010  2457212.04293  2015-07-08.5401045  coadd_bd125399 1.60 -2.23 18.499     >18.499  99.990         -60.29        17.04   -0.180       0.051       
2457212.93171  2457212.93459  2015-07-09.4317100  coadd_bd125608 1.58 -2.23 18.423     >18.423  99.990         -20.68        18.27   -0.062       0.055       
2457217.89867  2457217.90188  2015-07-14.3986702  coadd_bd126449 1.47 -2.23 18.564     >18.564  99.990           8.46        16.05   0.025        0.048       
2457222.93627  2457222.93979  2015-07-19.4362714  coadd_bd127274 1.59 -2.23 18.619      18.579  0.352           47.45        15.26   0.142        0.046       
2457226.99546  2457226.99921  2015-07-23.4954637  coadd_bd127766 1.64 -2.23 18.602     >18.602  99.990          20.20        15.49   0.060        0.046       
2457229.85031  2457229.85421  2015-07-26.3503100  coadd_bd128562 1.52 -2.23 18.472     >18.472  99.990         -76.47        17.46   -0.229       0.052       
2457230.84701  2457230.85097  2015-07-27.3470131  coadd_bd128818 1.53 -2.23 18.298     >18.298  99.990         -56.68        20.49   -0.170       0.061       
2457233.01504  2457233.01910  2015-07-29.5150414  coadd_bd129503 1.48 -2.23 17.029     >17.029  99.990          -6.66        65.98   -0.020       0.197       
2457233.99423  2457233.99833  2015-07-30.4942287  coadd_bd129820 1.50 -2.23 17.694     >17.694  99.990          65.00        35.75   0.194        0.107       
2457238.07215  2457238.07644  2015-08-03.5721527  coadd_bd130610 1.64 -2.23 18.041     >18.041  99.990         -69.34        25.98   -0.207       0.078       
2457239.98190  2457239.98626  2015-08-05.4818971  coadd_bd130818 1.48 -2.23 17.947     >17.947  99.990         -19.59        28.34   -0.059       0.085       
2457243.04947  2457243.05394  2015-08-08.5494657  coadd_bd131694 1.57 -2.23 18.407     >18.407  99.990         -94.63        18.54   -0.283       0.055       
2457243.91905  2457243.92356  2015-08-09.4190555  coadd_bd131957 1.55 -2.23 18.905     >18.905  99.990          -9.90        11.72   -0.030       0.035       
2457245.96172  2457245.96630  2015-08-11.4617221  coadd_bd132653 1.54 -2.23 18.778     >18.778  99.990         -30.00        13.17   -0.090       0.039       
2457262.90080  2457262.90573  2015-08-28.4008  coadd_bd135290 1.43 -2.23 17.648     >17.648  99.990        -150.02        37.32   -0.449       0.112       
2457270.99935  2457271.00430  2015-09-05.4993527  coadd_bd137353 1.58 -2.23 18.239     >18.239  99.990         -14.00        21.65   -0.042       0.065       
2457273.97897  2457273.98391  2015-09-08.4789694  coadd_bd138151 1.48 -2.23 18.627     >18.627  99.990         -50.95        15.14   -0.152       0.045       
2457276.96229  2457276.96720  2015-09-11.4622935  coadd_bd139144 1.59 -2.23 18.568     >18.568  99.990         -41.11        15.99   -0.123       0.048       
2457284.96244  2457284.96722  2015-09-19.4624417  coadd_bd140207 1.55 -2.23 18.525     >18.525  99.990         -21.62        16.64   -0.065       0.050       
2457290.92454  2457290.92915  2015-09-25.4245384  coadd_bd141411 1.88 -2.23 18.066     >18.066  99.990          -4.10        25.38   -0.012       0.076       
2457296.94566  2457296.95007  2015-10-01.4456623  coadd_bd142305 1.57 -2.23 18.153     >18.153  99.990         -86.96        23.43   -0.260       0.070       
2457297.84735  2457297.85172  2015-10-02.3473504  coadd_bd142611 1.72 -2.23 18.404     >18.404  99.990         -71.49        18.60   -0.214       0.056       
2457300.76412  2457300.76837  2015-10-05.2641211  coadd_bd143241 1.47 -2.23 18.547     >18.547  99.990          -4.94        16.31   -0.015       0.049       
2457303.91002  2457303.91413  2015-10-08.4100200  coadd_bd143963 1.49 -2.23 18.723     >18.723  99.990         -51.66        13.87   -0.155       0.041       
2457304.90559  2457304.90966  2015-10-09.4055947  coadd_bd144345 1.49 -2.23 18.902     >18.902  99.990         -52.03        11.76   -0.156       0.035       
2457305.87381  2457305.87782  2015-10-10.3738082  coadd_bd144727 1.47 -2.23 18.479     >18.479  99.990         -35.43        17.35   -0.106       0.052       
2457308.80687  2457308.81074  2015-10-13.3068732  coadd_bd145475 1.53 -2.23 18.578     >18.578  99.990         -20.31        15.85   -0.061       0.047       
2457310.79812  2457310.80188  2015-10-15.2981230  coadd_bd146247 1.48 -2.23 18.890     >18.890  99.990         -36.69        11.89   -0.110       0.036       
2457314.76835  2457314.77188  2015-10-19.2683546  coadd_bd147079 1.48 -2.23 18.103     >18.103  99.990         -95.70        24.54   -0.286       0.073       
2457317.77323  2457317.77657  2015-10-22.2732288  coadd_bd148266 1.49 -2.23 18.111     >18.111  99.990         -35.71        24.36   -0.107       0.073       
2457319.81690  2457319.82011  2015-10-24.3168998  coadd_bd149233 1.60 -2.23 17.917     >17.917  99.990        -123.30        29.12   -0.369       0.087       
2457321.73971  2457321.74279  2015-10-26.2397090  coadd_bd149992 1.63 -2.23 17.859     >17.859  99.990         -50.26        30.73   -0.150       0.092       
2457324.84917  2457324.85204  2015-10-29.3491699  coadd_bd151240 1.48 -2.23 18.028     >18.028  99.990        -112.02        26.30   -0.335       0.079       
2457327.75636  2457327.75902  2015-11-01.2563587  coadd_bd151678 1.53 -2.23 18.726     >18.726  99.990         -41.17        13.82   -0.123       0.041       
2457330.82446  2457330.82690  2015-11-04.3244629  coadd_bd152890 2.05 -2.23 18.437     >18.437  99.990         -20.76        18.04   -0.062       0.054       
2457332.78727  2457332.78956  2015-11-06.2872664  coadd_bd153217 1.55 -2.23 18.894     >18.894  99.990          -0.21        11.85   -0.001       0.035       
2457334.81604  2457334.81818  2015-11-08.3160423  coadd_bd153925 1.82 -2.23 18.671     >18.671  99.990           4.40        14.54   0.013        0.043       
2457342.70215  2457342.70366  2015-11-16.2021537  coadd_bd154721 1.68 -2.23 18.426     >18.426  99.990         -34.84        18.22   -0.104       0.054       
2457351.76348  2457351.76424  2015-11-25.2634827  coadd_bd156245 1.50 -2.23 17.371     >17.371  99.990        -122.86        48.16   -0.367       0.144       
2457353.74847  2457353.74906  2015-11-27.2484763  coadd_bd156452 1.57 -2.23 17.831     >17.831  99.990         -23.17        31.52   -0.069       0.094       
2457354.73728  2457354.73778  2015-11-28.2372828  coadd_bd156785 1.54 -2.23 18.536     >18.536  99.990         -16.84        16.47   -0.050       0.049       
2457356.72993  2457356.73026  2015-11-30.2299332  coadd_bd157228 1.65 -2.23 18.851     >18.851  99.990          15.84        12.32   0.047        0.037       
2457358.73016  2457358.73032  2015-12-02.2301629  coadd_bd158047 1.59 -2.23 18.887     >18.887  99.990           1.63        11.92   0.005        0.036       
2457360.73036  2457360.73035  2015-12-04.2303586  coadd_bd158915 1.60 -2.23 18.730     >18.730  99.990         -18.20        13.77   -0.054       0.041       
2457362.73820  2457362.73802  2015-12-06.2382060  coadd_bd159796 1.52 -2.23 18.838     >18.838  99.990         -27.02        12.47   -0.081       0.037       
2457363.71554  2457363.71528  2015-12-07.2155402  coadd_bd160200 1.76 -2.23 19.043     >19.043  99.990           5.83        10.32   0.017        0.031       
2457364.73100  2457364.73065  2015-12-08.2310057  coadd_bd160649 1.66 -2.23 18.689     >18.689  99.990           1.92        14.30   0.006        0.043       
2457368.70540  2457368.70471  2015-12-12.2054052  coadd_bd162066 1.55 -2.23 18.674     >18.674  99.990         -16.14        14.50   -0.048       0.043       
2457372.72051  2457372.71948  2015-12-16.2205153  coadd_bd163230 1.84 -2.23 18.699     >18.699  99.990         -29.52        14.16   -0.088       0.042       
2457488.12886  2457488.12501  2016-04-09.6288651  coadd_bd202842 1.50 -2.23 18.475     >18.475  99.990          22.45        17.42   0.067        0.052       
2457491.12597  2457491.12228  2016-04-12.6259685  coadd_bd203987 1.52 -2.23 18.233     >18.233  99.990          65.26        21.78   0.195        0.065       
2457492.11850  2457492.11487  2016-04-13.6185025  coadd_bd204311 1.77 -2.23 18.479      18.240  0.293           64.86        17.36   0.194        0.052       
2457494.11518  2457494.11166  2016-04-15.6151861  coadd_bd205038 1.53 -2.23 18.614     >18.614  99.990          14.69        15.32   0.044        0.046       
2457503.10164  2457503.09868  2016-04-24.6016435  coadd_bd207616 1.60 -2.23 17.951     >17.951  99.990          37.84        28.22   0.113        0.084       
2457508.10804  2457508.10542  2016-04-29.6080451  coadd_bd209418 1.81 -2.23 18.551     >18.551  99.990          24.92        16.24   0.075        0.049       
2457511.13184  2457511.12944  2016-05-02.6318439  coadd_bd210327 1.63 -2.23 17.125     >17.125  99.990        -107.91        60.40   -0.323       0.181       
2457512.12078  2457512.11845  2016-05-03.6207851  coadd_bd210689 1.51 -2.23 18.360     >18.360  99.990          41.21        19.37   0.123        0.058       
2457513.09336  2457513.09110  2016-05-04.5933564  coadd_bd211039 1.60 -2.23 18.465     >18.465  99.990          23.27        17.58   0.070        0.053       
2457521.05833  2457521.05668  2016-05-12.5583297  coadd_bd212415 1.55 -2.23 18.500      18.158  0.266           69.95        17.02   0.209        0.051       
2457528.03430  2457528.03321  2016-05-19.5343005  coadd_bd213977 1.52 -2.23 17.854     >17.854  99.990          33.15        30.86   0.099        0.092       
2457530.04300  2457530.04207  2016-05-21.5430002  coadd_bd214664 1.52 -2.23 17.497     >17.497  99.990         -42.27        42.88   -0.126       0.128       
2457536.04834  2457536.04791  2016-05-27.5483403  coadd_bd215975 1.46 -2.23 18.134     >18.134  99.990         -32.41        23.85   -0.097       0.071       
2457536.93069  2457536.93033  2016-05-28.4306899  coadd_bh075474 1.42 -2.33 16.736     >16.736  99.990          25.65        78.81   0.084        0.259       
2457540.06901  2457540.06892  2016-05-31.5690167  coadd_bd217033 1.48 -2.23 18.472     >18.472  99.990         -62.79        17.46   -0.188       0.052       
2457545.06650  2457545.06682  2016-06-05.5665072  coadd_bd218500 1.46 -2.23 18.811      18.652  0.315           44.39        12.78   0.133        0.038       
2457549.99998  2457550.00070  2016-06-10.4999780  coadd_bd219859 1.51 -2.23 18.908     >18.908  99.990          33.62        11.69   0.101        0.035       
2457555.96612  2457555.96734  2016-06-16.4661273  coadd_bd220901 1.54 -2.23 16.769     >16.769  99.990        -201.76        83.81   -0.603       0.251       
2457558.94881  2457558.95026  2016-06-19.4488103  coadd_bd221659 1.46 -2.23 17.874     >17.874  99.990          12.75        30.30   0.038        0.091       
2457562.02099  2457562.02268  2016-06-22.5209901  coadd_bd222716 1.49 -2.23 17.807     >17.807  99.990          32.03        32.22   0.096        0.096       
2457570.92765  2457570.93002  2016-07-01.4276527  coadd_bd224589 1.68 -2.23 18.622     >18.622  99.990           2.90        15.21   0.009        0.045       
2457575.02164  2457575.02431  2016-07-05.5216467  coadd_bd225344 1.53 -2.23 18.924     >18.924  99.990           6.18        11.52   0.018        0.034       
2457578.04057  2457578.04345  2016-07-08.5405716  coadd_bd226356 1.69 -2.23 18.694     >18.694  99.990          38.88        14.24   0.116        0.043       
2457580.99507  2457580.99815  2016-07-11.4950754  coadd_bd226946 1.60 -2.23 18.880     >18.880  99.990          22.42        12.00   0.067        0.036       
2457583.91730  2457583.92056  2016-07-14.4173003  coadd_bd227734 1.49 -2.23 18.345     >18.345  99.990          49.31        19.63   0.147        0.059       
2457587.91044  2457587.91394  2016-07-18.4104413  coadd_bd228678 1.51 -2.23 17.967     >17.967  99.990          -2.50        27.82   -0.007       0.083       
2457592.02277  2457592.02651  2016-07-22.5227695  coadd_bd229393 1.46 -2.23 17.887     >17.887  99.990         -59.84        29.92   -0.179       0.089       
2457595.96126  2457595.96520  2016-07-26.4612620  coadd_bd230035 1.71 -2.23 18.749     >18.749  99.990         -45.08        13.54   -0.135       0.040       
2457597.91115  2457597.91519  2016-07-28.4111531  coadd_bd230660 1.61 -2.23 18.750     >18.750  99.990           8.15        13.52   0.024        0.040       
2457601.93976  2457601.94399  2016-08-01.4397678  coadd_bd231756 1.50 -2.23 19.127     >19.127  99.990           8.72         9.56   0.026        0.029       
2457605.03206  2457605.03641  2016-08-04.5320568  coadd_bd232800 1.72 -2.23 18.717     >18.717  99.990          12.35        13.94   0.037        0.042       
2457607.99801  2457608.00248  2016-08-07.4980156  coadd_bd233769 1.54 -2.23 18.634      18.419  0.299           54.98        15.04   0.164        0.045       
2457610.87125  2457610.87582  2016-08-10.3712526  coadd_bd234617 1.47 -2.23 18.656     >18.656  99.990          32.17        14.74   0.096        0.044       
2457612.02618  2457612.03079  2016-08-11.5261886  coadd_bd235065 1.53 -2.23 18.664     >18.664  99.990          15.79        14.63   0.047        0.044       
2457613.80957  2457613.81422  2016-08-13.3095672  coadd_bd235630 1.48 -2.23 18.439     >18.439  99.990           1.90        18.00   0.006        0.054       
2457615.05842  2457615.06311  2016-08-14.5584200  coadd_bd235918 1.52 -2.23 18.565     >18.565  99.990         -30.32        16.03   -0.091       0.048       
2457615.78301  2457615.78772  2016-08-15.2830151  coadd_bd236074 1.52 -2.23 18.060     >18.060  99.990          11.15        25.52   0.033        0.076       
2457618.97686  2457618.98164  2016-08-18.4768589  coadd_bd237090 1.63 -2.23 17.649     >17.649  99.990          -5.64        37.28   -0.017       0.111       
2457620.83791  2457620.84274  2016-08-20.3379167  coadd_bd237718 1.63 -2.23 17.820     >17.820  99.990          83.61        31.83   0.250        0.095       
2457627.02510  2457627.03002  2016-08-26.5251046  coadd_bd238785 1.54 -2.23 18.540     >18.540  99.990          26.23        16.41   0.078        0.049       
2457630.97694  2457630.98189  2016-08-30.4769452  coadd_bd239679 1.49 -2.23 18.783     >18.783  99.990           1.17        13.11   0.003        0.039       
2457635.58389  2457635.58884  2016-09-04.0838877  coadd_bh103187 1.52 -2.33 18.864     >18.864  99.990          -1.09        11.10   -0.004       0.036       
2457636.58044  2457636.58539  2016-09-05.0804454  coadd_bh103482 1.58 -2.33 18.809     >18.809  99.990          14.68        11.68   0.048        0.038       
2457637.99486  2457637.99981  2016-09-06.4948659  coadd_bd240680 1.61 -2.23 18.761      18.499  0.286           51.12        13.38   0.153        0.040       
2457639.90255  2457639.90748  2016-09-08.4025527  coadd_bd241382 1.46 -2.23 18.828     >18.828  99.990          30.82        12.58   0.092        0.038       
2457642.65801  2457642.66291  2016-09-11.1580090  coadd_bh105721 1.36 -2.33 17.902     >17.902  99.990          66.42        26.93   0.218        0.088       
2457647.65591  2457647.66074  2016-09-16.1559125  coadd_bh107385 1.45 -2.33 17.183     >17.183  99.990          48.41        52.19   0.159        0.171       
2457650.91429  2457650.91905  2016-09-19.4142939  coadd_bd242809 1.53 -2.23 18.199     >18.199  99.990          62.75        22.46   0.188        0.067       
2457651.74454  2457651.74928  2016-09-20.2445456  coadd_bd243070 1.71 -2.23 18.704     >18.704  99.990          -1.21        14.11   -0.004       0.042       
2457655.53711  2457655.54175  2016-09-24.0371133  coadd_bh110288 1.35 -2.33 18.420     >18.420  99.990         -20.34        16.70   -0.067       0.055       
2457657.84746  2457657.85202  2016-09-26.3474631  coadd_bd244675 1.54 -2.23 18.841     >18.841  99.990          18.73        12.43   0.056        0.037       
2457660.60631  2457660.61078  2016-09-29.1063144  coadd_bh112237 1.39 -2.33 18.601     >18.601  99.990           7.45        14.14   0.024        0.046       
2457661.70731  2457661.71174  2016-09-30.2073155  coadd_bd245587 1.81 -2.23 17.816     >17.816  99.990         -12.07        31.96   -0.036       0.096       
2457667.91484  2457667.91900  2016-10-06.4148406  coadd_bd246635 1.50 -2.23 18.733     >18.733  99.990         -23.82        13.73   -0.071       0.041       
2457668.82893  2457668.83305  2016-10-07.3289303  coadd_bd246972 1.44 -2.23 18.511     >18.511  99.990          29.47        16.85   0.088        0.050       
2457671.79341  2457671.79739  2016-10-10.2934069  coadd_bd248161 1.47 -2.23 18.244     >18.244  99.990          -1.90        21.55   -0.006       0.064       
2457675.72220  2457675.72598  2016-10-14.2222103  coadd_bd249576 1.71 -2.23 18.040     >18.040  99.990         -27.32        26.00   -0.082       0.078       
2457678.85821  2457678.86180  2016-10-17.3582089  coadd_bd250911 1.52 -2.23 17.960     >17.960  99.990          17.94        27.98   0.054        0.084       
2457680.76159  2457680.76507  2016-10-19.2615928  coadd_bd251417 1.45 -2.23 18.668      18.439  0.295           54.02        14.58   0.162        0.044       
2457684.61762  2457684.62086  2016-10-23.1176253  coadd_bh118590 1.43 -2.33 18.327     >18.327  99.990          33.21        18.20   0.109        0.060       
2457687.85862  2457687.86164  2016-10-26.3586186  coadd_bd253355 1.51 -2.23 18.468      18.275  0.305           62.82        17.54   0.188        0.052       
2457689.85339  2457689.85628  2016-10-28.3533920  coadd_bd254174 1.52 -2.23 18.384     >18.384  99.990          26.24        18.94   0.078        0.057       
2457690.84959  2457690.85241  2016-10-29.3495921  coadd_bd254591 1.60 -2.23 18.654      17.707  0.152          105.98        14.77   0.317        0.044       
2457692.76056  2457692.76325  2016-10-31.2605627  coadd_bd255043 1.71 -2.23 18.732     >18.732  99.990          39.15        13.75   0.117        0.041       
2457695.83925  2457695.84171  2016-11-03.3392552  coadd_bd256102 1.57 -2.23 18.600     >18.600  99.990          19.14        15.52   0.057        0.046       
2457697.82903  2457697.83134  2016-11-05.3290356  coadd_bd256908 1.56 -2.23 18.746     >18.746  99.990         -13.89        13.57   -0.042       0.041       
2457702.74641  2457702.74834  2016-11-10.2464092  coadd_bd258838 1.46 -2.23 18.217      17.803  0.249           97.00        22.09   0.290        0.066       
2457704.57985  2457704.58163  2016-11-12.0798469  coadd_bh123732 1.37 -2.33 17.538     >17.538  99.990          28.34        37.63   0.093        0.123       
2457706.78787  2457706.78948  2016-11-14.2878734  coadd_bd260526 1.51 -2.23 17.772     >17.772  99.990          42.74        33.27   0.128        0.100       
2457707.71128  2457707.71281  2016-11-15.2112841  coadd_bd260891 1.62 -2.23 18.220     >18.220  99.990          31.10        22.02   0.093        0.066       
2457710.70685  2457710.70814  2016-11-18.2068542  coadd_bd262107 1.59 -2.23 18.830      18.718  0.329           41.77        12.57   0.125        0.038       
2457715.54630  2457715.54718  2016-11-23.0462998  coadd_bh126396 1.46 -2.33 18.429     >18.429  99.990         -35.77        16.57   -0.117       0.054       
2457718.76044  2457718.76105  2016-11-26.2604460  coadd_bd264348 1.74 -2.23 18.679     >18.679  99.990           3.55        14.44   0.011        0.043       
2457721.75683  2457721.75718  2016-11-29.2568299  coadd_bd265515 1.55 -2.23 18.792      18.441  0.264           53.91        13.01   0.161        0.039       
2457737.69096  2457737.68996  2016-12-15.1909636  coadd_bd267166 1.57 -2.23 17.919     >17.919  99.990          52.90        29.06   0.158        0.087       
2457848.14268  2457848.13857  2017-04-04.6426774  coadd_bd299965 1.63 -2.23 17.088     >17.088  99.990         173.44        62.49   0.519        0.187       
2457849.14290  2457849.13884  2017-04-05.6429015  coadd_bd300339 1.89 -2.23 16.816     >16.816  99.990          22.25        80.27   0.067        0.240       
2457852.13038  2457852.12647  2017-04-08.6303825  coadd_bd301450 1.63 -2.23 18.263     >18.263  99.990          54.90        21.17   0.164        0.063       
2457869.92644  2457869.92358  2017-04-26.4264356  coadd_bh169806 1.44 -2.33 17.518     >17.518  99.990         -57.58        38.33   -0.189       0.126       
2457871.10271  2457871.09994  2017-04-27.6027172  coadd_bd305783 1.52 -2.23 18.796     >18.796  99.990         -14.94        12.96   -0.045       0.039       
2457877.08537  2457877.08302  2017-05-03.5853755  coadd_bd306365 1.54 -2.23 18.902     >18.902  99.990          21.36        11.76   0.064        0.035       
2457881.06826  2457881.06621  2017-05-07.5682665  coadd_bd307796 1.61 -2.23 18.357     >18.357  99.990          38.48        19.41   0.115        0.058       
2457886.05449  2457886.05282  2017-05-12.5544915  coadd_bd309166 1.58 -2.23 17.876     >17.876  99.990           2.83        30.25   0.008        0.090       
2457889.89626  2457889.89490  2017-05-16.3962614  coadd_bh176184 1.52 -2.33 17.821     >17.821  99.990         -94.71        28.99   -0.311       0.095       
2457894.08740  2457894.08637  2017-05-20.5874031  coadd_bd311153 1.54 -2.23 18.578     >18.578  99.990         -12.66        15.85   -0.038       0.047       
2457898.05097  2457898.05027  2017-05-24.5509699  coadd_bd312386 1.56 -2.23 18.783     >18.783  99.990           7.75        13.11   0.023        0.039       
2457905.00789  2457905.00776  2017-05-31.5078875  coadd_bd314315 1.48 -2.23 18.667     >18.667  99.990         -21.13        14.60   -0.063       0.044       
2457908.99855  2457908.99876  2017-06-04.4985547  coadd_bd315525 1.72 -2.23 18.020     >18.020  99.990          18.69        26.49   0.056        0.079       
2457910.04814  2457910.04844  2017-06-05.5481484  coadd_bd315785 1.49 -2.23 18.291     >18.291  99.990         -24.48        20.64   -0.073       0.062       
2457914.04166  2457914.04229  2017-06-09.5416645  coadd_bd317027 1.54 -2.23 17.824     >17.824  99.990         -20.75        31.74   -0.062       0.095       
2457916.81659  2457916.81745  2017-06-12.3165908  coadd_bh184655 1.69 -2.33 17.652     >17.652  99.990          18.33        33.90   0.060        0.111       
2457924.99851  2457925.00002  2017-06-20.4985136  coadd_bd318878 1.97 -2.23 19.008     >19.008  99.990         -12.52        10.66   -0.037       0.032       
2457929.04044  2457929.04227  2017-06-24.5404420  coadd_bd320193 1.49 -2.23 18.833     >18.833  99.990         -30.93        12.52   -0.093       0.037       
2457932.96003  2457932.96216  2017-06-28.4600307  coadd_bd321298 1.62 -2.23 18.857     >18.857  99.990         -30.13        12.25   -0.090       0.037       
2457935.76241  2457935.76475  2017-07-01.2624135  coadd_bh191294 1.48 -2.33 18.685     >18.685  99.990         -24.49        13.08   -0.080       0.043       
2457938.91628  2457938.91885  2017-07-04.4162932  coadd_bd322493 1.69 -2.23 18.099     >18.099  99.990        -113.96        24.62   -0.341       0.074       
2457940.07111  2457940.07376  2017-07-05.5711203  coadd_bd322958 1.61 -2.23 18.833     >18.833  99.990          18.62        12.53   0.056        0.037       
2457940.90446  2457940.90717  2017-07-06.4044667  coadd_bd323168 1.61 -2.23 18.131     >18.131  99.990          40.60        23.91   0.121        0.072       
2457942.11794  2457942.12074  2017-07-07.6179451  coadd_bd323653 1.53 -2.23 18.580     >18.580  99.990         -32.87        15.81   -0.098       0.047       
2457943.74207  2457943.74497  2017-07-09.2420730  coadd_bh194028 1.53 -2.33 17.425     >17.425  99.990          94.30        41.75   0.309        0.137       
2457946.10841  2457946.11147  2017-07-11.6084091  coadd_bd324986 1.76 -2.23 18.047     >18.047  99.990          28.02        25.84   0.084        0.077       
2457947.77377  2457947.77694  2017-07-13.2737778  coadd_bh195823 1.55 -2.33 17.741     >17.741  99.990           4.43        31.22   0.015        0.102       
2457951.04638  2457951.04975  2017-07-16.5463790  coadd_bd326079 1.55 -2.23 18.723     >18.723  99.990         -19.05        13.86   -0.057       0.041       
2457952.76346  2457952.76694  2017-07-18.2634593  coadd_bh197578 1.54 -2.33 18.678     >18.678  99.990         -49.84        13.18   -0.164       0.043       
2457956.86376  2457956.86747  2017-07-22.3637640  coadd_bh199027 1.53 -2.33 18.521     >18.521  99.990         -40.69        15.22   -0.133       0.050       
2457959.73973  2457959.74360  2017-07-25.2397303  coadd_bh200145 1.52 -2.33 18.567     >18.567  99.990          -7.64        14.59   -0.025       0.048       
2457964.85750  2457964.86162  2017-07-30.3575027  coadd_bd328376 1.52 -2.23 18.662     >18.662  99.990          15.96        14.66   0.048        0.044       
2457966.98943  2457966.99365  2017-08-01.4894408  coadd_bd328834 1.54 -2.23 18.920     >18.920  99.990         -11.28        11.56   -0.034       0.035       
2457968.67927  2457968.68356  2017-08-03.1792741  coadd_bh203915 1.42 -2.33 17.839     >17.839  99.990         -52.62        28.53   -0.173       0.094       
2457971.01385  2457971.01824  2017-08-05.5138575  coadd_bd329893 1.70 -2.23 17.452     >17.452  99.990         -47.88        44.69   -0.143       0.134       
2457971.89994  2457971.90436  2017-08-06.3999430  coadd_bd330168 1.58 -2.23 17.825     >17.825  99.990         -11.74        31.70   -0.035       0.095       
2457974.05811  2457974.06261  2017-08-08.5581153  coadd_bd330994 1.52 -2.23 17.829     >17.829  99.990          42.91        31.57   0.128        0.094       
2457976.80191  2457976.80650  2017-08-11.3019155  coadd_bd331513 1.57 -2.23 18.806     >18.806  99.990         -40.66        12.84   -0.122       0.038       
2457981.03570  2457981.04042  2017-08-15.5357047  coadd_bd333311 1.50 -2.23 18.640     >18.640  99.990          11.28        14.97   0.034        0.045       
2457981.94035  2457981.94508  2017-08-16.4403612  coadd_bd333595 1.50 -2.23 18.875     >18.875  99.990          29.98        12.05   0.090        0.036       
2457989.01945  2457989.02432  2017-08-23.5194493  coadd_bd335238 1.51 -2.23 18.729     >18.729  99.990          15.80        13.79   0.047        0.041       
2457991.91117  2457991.91609  2017-08-26.4111767  coadd_bd336079 1.51 -2.23 18.922     >18.922  99.990          20.21        11.54   0.060        0.035       
2457996.81472  2457996.81967  2017-08-31.3147334  coadd_bd337265 1.52 -2.23 18.613     >18.613  99.990          -6.78        15.34   -0.020       0.046       
2457999.98292  2457999.98787  2017-09-03.4829255  coadd_bd338409 1.51 -2.23 18.206     >18.206  99.990          22.05        22.32   0.066        0.067       
2458002.92717  2458002.93212  2017-09-06.4271738  coadd_bd339159 1.63 -2.23 17.588     >17.588  99.990         -41.52        39.43   -0.124       0.118       
2458004.79178  2458004.79672  2017-09-08.2917868  coadd_bd339613 1.47 -2.23 17.987     >17.987  99.990          64.15        27.30   0.192        0.082       
2458009.97985  2458009.98473  2017-09-13.4798532  coadd_bd340638 1.60 -2.23 18.202     >18.202  99.990          29.02        22.40   0.087        0.067       
2458010.97524  2458010.98010  2017-09-14.4752408  coadd_bd340914 1.45 -2.23 18.943     >18.943  99.990           3.01        11.32   0.009        0.034       
2458012.96592  2458012.97075  2017-09-16.4659297  coadd_bd341487 1.48 -2.23 18.711     >18.711  99.990          41.59        14.02   0.124        0.042       
2458015.96041  2458015.96518  2017-09-19.4604127  coadd_bd342424 2.07 -2.23 18.736     >18.736  99.990           9.77        13.70   0.029        0.041       
2458017.89782  2458017.90254  2017-09-21.3978278  coadd_bd342856 1.57 -2.23 18.668     >18.668  99.990          19.23        14.58   0.058        0.044       
2458019.94976  2458019.95443  2017-09-23.4497731  coadd_bd343604 1.56 -2.23 18.901      18.850  0.348           36.99        11.76   0.111        0.035       
2458021.93679  2458021.94139  2017-09-25.4367951  coadd_bd344343 1.59 -2.23 18.610     >18.610  99.990           7.33        15.38   0.022        0.046       
2458023.59336  2458023.59791  2017-09-27.0933577  coadd_bh219061 1.42 -2.33 18.508     >18.508  99.990          -2.63        15.40   -0.009       0.051       
2458025.82323  2458025.82771  2017-09-29.3232353  coadd_bd345451 1.76 -2.23 18.506     >18.506  99.990         -21.85        16.93   -0.065       0.051       
2458029.84454  2458029.84885  2017-10-03.3445405  coadd_bd346818 1.55 -2.23 18.090     >18.090  99.990          28.45        24.82   0.085        0.074       
2458034.91022  2458034.91431  2017-10-08.4102324  coadd_bd348125 1.57 -2.23 18.267     >18.267  99.990          16.86        21.09   0.050        0.063       
2458036.63211  2458036.63611  2017-10-10.1321204  coadd_bh223079 1.58 -2.33 18.613     >18.613  99.990           9.48        13.99   0.031        0.046       
2458037.63656  2458037.64051  2017-10-11.1365650  coadd_bh223453 1.83 -2.33 18.540     >18.540  99.990          -6.04        14.95   -0.020       0.049       
2458041.66538  2458041.66911  2017-10-15.1653900  coadd_bh224896 1.50 -2.33 18.282     >18.282  99.990         -34.91        18.97   -0.115       0.062       
2458043.64737  2458043.65100  2017-10-17.1473841  coadd_bh225455 1.45 -2.33 18.566     >18.566  99.990           6.05        14.61   0.020        0.048       
2458065.69708  2458065.69919  2017-11-08.1970793  coadd_bd354888 1.66 -2.23 17.882     >17.882  99.990         -88.00        30.09   -0.263       0.090       
2458067.59533  2458067.59729  2017-11-10.0953371  coadd_bh229568 2.14 -2.33 18.013     >18.013  99.990         -51.74        24.30   -0.170       0.080       
2458068.58178  2458068.58367  2017-11-11.0817829  coadd_bh229885 1.35 -2.33 18.420     >18.420  99.990          23.62        16.71   0.077        0.055       
2458069.57855  2458069.58035  2017-11-12.0785498  coadd_bh230221 1.47 -2.33 18.626     >18.626  99.990           1.99        13.81   0.007        0.045       
2458070.57811  2458070.57984  2017-11-13.0781322  coadd_bh230558 1.41 -2.33 18.217     >18.217  99.990         -39.52        20.14   -0.130       0.066       
2458071.50659  2458071.50824  2017-11-14.0065975  coadd_bh230837 1.59 -2.33 17.836     >17.836  99.990          39.03        28.60   0.128        0.094       
2458072.51891  2458072.52048  2017-11-15.0189149  coadd_bh231182 1.39 -2.33 18.383     >18.383  99.990         -53.73        17.28   -0.176       0.057       
2458073.54481  2458073.54630  2017-11-16.0448185  coadd_bh231483 1.42 -2.33 18.494     >18.494  99.990          21.03        15.61   0.069        0.051       
2458079.51220  2458079.51319  2017-11-22.0122074  coadd_bh232968 1.45 -2.33 17.851     >17.851  99.990          67.22        28.21   0.221        0.093       
2458083.52647  2458083.52712  2017-11-26.0264666  coadd_bh234280 1.52 -2.33 18.108     >18.108  99.990           2.16        22.27   0.007        0.073       
2458086.52460  2458086.52500  2017-11-29.0246038  coadd_bh235246 1.46 -2.33 17.626     >17.626  99.990         -57.91        34.70   -0.190       0.114       
2458091.74236  2458091.74231  2017-12-04.2423613  coadd_bd360438 1.68 -2.23 17.838     >17.838  99.990        -113.89        31.33   -0.341       0.094       
2458096.72770  2458096.72723  2017-12-09.2277031  coadd_bd361471 1.53 -2.23 18.748     >18.748  99.990           1.29        13.55   0.004        0.041       
2458101.71378  2458101.71288  2017-12-14.2137870  coadd_bd362853 1.69 -2.23 18.886     >18.886  99.990          -8.75        11.93   -0.026       0.036       
2458248.08002  2458248.07809  2018-05-09.5800217  coadd_bd390653 1.49 -2.23 18.032     >18.032  99.990          20.31        26.18   0.061        0.078       
2458249.07916  2458249.07732  2018-05-10.5791673  coadd_bd391007 1.56 -2.23 18.673     >18.673  99.990          -6.39        14.51   -0.019       0.043       
2458259.12286  2458259.12182  2018-05-20.6228748  coadd_bd393340 1.66 -2.23 17.395     >17.395  99.990          12.30        47.08   0.037        0.141       
2458267.02660  2458267.02621  2018-05-28.5266052  coadd_bd394917 1.87 -2.23 17.047     >17.047  99.990         -37.94        64.87   -0.113       0.194       
2458274.12054  2458274.12073  2018-06-04.6205386  coadd_bd396487 1.49 -2.23 17.740     >17.740  99.990          -6.33        34.27   -0.019       0.102       
2458280.04215  2458280.04284  2018-06-10.5421577  coadd_bd397804 1.54 -2.23 18.518      18.085  0.245           74.82        16.74   0.224        0.050       
2458281.97712  2458281.97796  2018-06-12.4771236  coadd_bd398366 1.52 -2.23 18.577     >18.577  99.990          38.21        15.85   0.114        0.047       
2458284.02694  2458284.02795  2018-06-14.5269394  coadd_bd398976 1.46 -2.23 18.706     >18.706  99.990           7.94        14.08   0.024        0.042       
2458287.94501  2458287.94634  2018-06-18.4450061  coadd_bd400079 1.58 -2.23 18.500     >18.500  99.990          49.57        17.01   0.148        0.051       
2458289.05361  2458289.05503  2018-06-19.5536155  coadd_bd400283 1.53 -2.23 19.175     >19.175  99.990          -2.97         9.14   -0.009       0.027       
2458291.94714  2458291.94879  2018-06-22.4471464  coadd_bd400857 1.49 -2.23 18.827      18.645  0.308           44.68        12.60   0.134        0.038       
2458292.95268  2458292.95441  2018-06-23.4526782  coadd_bd401112 1.57 -2.23 18.789     >18.789  99.990           6.77        13.05   0.020        0.039       
2458293.94964  2458293.95145  2018-06-24.4496464  coadd_bd401397 1.50 -2.23 18.262     >18.262  99.990          -0.47        21.20   -0.001       0.063       
2458296.93513  2458296.93717  2018-06-27.4351329  coadd_bd402154 1.47 -2.23 17.583     >17.583  99.990         -28.30        39.60   -0.085       0.118       
2458298.94784  2458298.95003  2018-06-29.4478537  coadd_bd402814 1.45 -2.23 17.921     >17.921  99.990           0.51        29.01   0.002        0.087       
2458312.01755  2458312.02065  2018-07-12.5175476  coadd_bd405872 1.44 -2.23 18.524     >18.524  99.990         -12.26        16.65   -0.037       0.050       
2458318.88148  2458318.88501  2018-07-19.3814853  coadd_bd407476 1.48 -2.23 18.520     >18.520  99.990          12.53        16.72   0.037        0.050       
2458319.95494  2458319.95853  2018-07-20.4549432  coadd_bd407797 1.44 -2.23 18.539     >18.539  99.990         -31.91        16.42   -0.095       0.049       
2458323.99402  2458323.99784  2018-07-24.4940222  coadd_bd409169 1.47 -2.23 17.753     >17.753  99.990          58.46        33.86   0.175        0.101       
2458324.94567  2458324.94954  2018-07-25.4456747  coadd_bd409428 2.05 -2.23 16.481     >16.481  99.990         121.81       109.25   0.364        0.327       
2458326.00589  2458326.00981  2018-07-26.5058909  coadd_bd409836 1.53 -2.23 18.330     >18.330  99.990         -43.36        19.90   -0.130       0.060       
2458330.00119  2458330.00531  2018-07-30.5011909  coadd_bd411122 1.56 -2.23 17.818     >17.818  99.990          10.80        31.91   0.032        0.095       
2458332.00064  2458332.00485  2018-08-01.5006548  coadd_bd411659 1.57 -2.23 18.240     >18.240  99.990          49.67        21.63   0.149        0.065       
2458333.89217  2458333.89646  2018-08-03.3921760  coadd_bd412120 1.47 -2.23 18.380      18.287  0.335           62.14        19.01   0.186        0.057       
2458336.87861  2458336.88301  2018-08-06.3786056  coadd_bd412994 1.68 -2.23 18.697     >18.697  99.990          19.36        14.20   0.058        0.042       
2458343.86977  2458343.87441  2018-08-13.3697693  coadd_bd414703 1.60 -2.23 19.073     >19.073  99.990         -13.18        10.04   -0.039       0.030       
2458347.63946  2458347.64420  2018-08-17.1394596  coadd_bh302779 1.38 -2.33 18.486     >18.486  99.990         -33.96        15.72   -0.111       0.052       
2458350.98740  2458350.99222  2018-08-20.4874065  coadd_bd416432 1.39 -2.23 18.364     >18.364  99.990          46.84        19.30   0.140        0.058       
2458361.99568  2458362.00063  2018-08-31.4956819  coadd_bd418155 1.49 -2.23 18.022     >18.022  99.990          24.00        26.44   0.072        0.079       
2458362.95611  2458362.96107  2018-09-01.4561182  coadd_bd418372 1.48 -2.23 18.825     >18.825  99.990          -6.27        12.61   -0.019       0.038       
2458368.72679  2458368.73174  2018-09-07.2267914  coadd_bd419387 1.67 -2.23 18.216     >18.216  99.990         -17.66        22.10   -0.053       0.066       
2458369.56476  2458369.56970  2018-09-08.0647645  coadd_bh310400 1.40 -2.33 18.565     >18.565  99.990          16.30        14.61   0.053        0.048       
2458369.72227  2458369.72721  2018-09-08.2222670  coadd_bd419489 2.20 -2.23 17.921     >17.921  99.990          -0.83        29.03   -0.002       0.087       
2458370.82654  2458370.83148  2018-09-09.3265482  coadd_bd419791 1.47 -2.23 18.856     >18.856  99.990         -17.31        12.27   -0.052       0.037       
2458371.55807  2458371.56300  2018-09-10.0580760  coadd_bh311198 1.35 -2.33 18.573     >18.573  99.990         -23.58        14.51   -0.077       0.048       
2458371.72093  2458371.72585  2018-09-10.2209326  coadd_bd420095 2.09 -2.23 18.259     >18.259  99.990         -89.35        21.26   -0.267       0.064       
2458373.55856  2458373.56347  2018-09-12.0585631  coadd_bh311979 1.57 -2.33 18.683     >18.683  99.990          10.22        13.11   0.034        0.043       
2458377.72767  2458377.73251  2018-09-16.2276734  coadd_bh313327 1.59 -2.33 18.487     >18.487  99.990         -22.12        15.71   -0.073       0.052       
2458379.76221  2458379.76701  2018-09-18.2622185  coadd_bd422039 1.53 -2.23 18.288     >18.288  99.990         -35.20        20.70   -0.105       0.062       
2458380.56598  2458380.57076  2018-09-19.0659820  coadd_bh314356 1.37 -2.33 17.784     >17.784  99.990         -34.07        30.00   -0.112       0.098       
2458383.70383  2458383.70853  2018-09-22.2038287  coadd_bh315545 1.46 -2.33 17.237     >17.237  99.990          16.74        49.68   0.055        0.163       
2458391.88587  2458391.89031  2018-09-30.3858693  coadd_bd425138 1.65 -2.23 18.880     >18.880  99.990          -8.02        12.00   -0.024       0.036       
2458408.84194  2458408.84557  2018-10-17.3419472  coadd_bd428559 1.51 -2.23 18.578     >18.578  99.990         -61.98        15.85   -0.185       0.047       
2458416.84654  2458416.84967  2018-10-25.3465435  coadd_bd430588 1.43 -2.23 17.936     >17.936  99.990          28.07        28.61   0.084        0.086       
2458423.83641  2458423.83905  2018-11-01.3364129  coadd_bd431938 1.39 -2.23 18.939     >18.939  99.990          -8.59        11.36   -0.026       0.034       
2458431.79764  2458431.79969  2018-11-09.2976445  coadd_bd433528 1.52 -2.23 18.759     >18.759  99.990          -5.07        13.41   -0.015       0.040       
2458435.80081  2458435.80253  2018-11-13.3008075  coadd_bd435128 1.55 -2.23 18.424     >18.424  99.990          53.15        18.25   0.159        0.055       
2458436.77373  2458436.77539  2018-11-14.2737358  coadd_bd435537 1.50 -2.23 18.532     >18.532  99.990           5.23        16.53   0.016        0.049       
2458441.74611  2458441.74735  2018-11-19.2461150  coadd_bd436453 1.67 -2.23 17.707     >17.707  99.990          18.62        35.33   0.056        0.106       
2458446.77009  2458446.77092  2018-11-24.2700916  coadd_bd437920 1.49 -2.23 18.027      17.969  0.346           83.28        26.32   0.249        0.079       
2458447.76505  2458447.76578  2018-11-25.2650462  coadd_bd438346 1.44 -2.23 18.369     >18.369  99.990         -20.19        19.20   -0.060       0.057       
2458449.76113  2458449.76170  2018-11-27.2611296  coadd_bd439207 1.40 -2.23 18.830     >18.830  99.990          25.79        12.56   0.077        0.038       
2458451.75375  2458451.75415  2018-11-29.2537549  coadd_bd440065 1.45 -2.23 19.035     >19.035  99.990           4.91        10.40   0.015        0.031       
