###  JD        HJD            UT_date             IMAGE          FWHM  Diff Limit      mag   mag_err       counts     count_err  flux (mJy)    flux_err
2455955.16620  2455955.16785  2012-01-28.6662020  coadd_ba004462 2.02 -1.62 18.579     >18.579  99.990          54.87        27.78   0.094        0.047       
2455963.13420  2455963.13658  2012-02-05.6342070  coadd_ba005741 2.03 -1.62 18.669     >18.669  99.990         -32.16        25.56   -0.055       0.044       
2455967.14087  2455967.14359  2012-02-09.6408722  coadd_ba006096 2.37 -1.62 18.021     >18.021  99.990         -13.06        46.43   -0.022       0.079       
2455972.10445  2455972.10759  2012-02-14.6044572  coadd_ba007341 2.07 -1.62 18.707     >18.707  99.990          21.08        24.68   0.036        0.042       
2455998.03484  2455998.03968  2012-03-11.5348430  coadd_ba010263 2.20 -1.62 17.313     >17.313  99.990         113.11        89.13   0.193        0.152       
2456003.02160  2456003.02665  2012-03-16.5216028  coadd_ba011175 1.80 -1.62 18.658     >18.658  99.990          11.78        25.81   0.020        0.044       
2456013.99020  2456013.99573  2012-03-27.4902041  coadd_bb010774 1.71 -1.51 18.792     >18.792  99.990         -89.37        25.20   -0.138       0.039       
2456018.00341  2456018.00899  2012-03-31.5034143  coadd_bb011682 1.74 -1.51 18.919      18.641  0.283           86.88        22.42   0.134        0.035       
2456318.15483  2456318.15627  2013-01-25.6548340  coadd_ba037321 1.79 -1.62 18.294      18.181  0.329          120.20        36.11   0.205        0.062       
2456326.14013  2456326.14231  2013-02-02.6401292  coadd_ba038833 2.19 -1.62 18.404     >18.404  99.990          17.79        32.62   0.030        0.056       
2456337.96716  2456337.97035  2013-02-14.4671706  coadd_ba040275 2.13 -1.62 18.978     >18.978  99.990         -13.46        19.23   -0.023       0.033       
2456345.02590  2456345.02962  2013-02-21.5259074  coadd_ba041248 1.73 -1.62 16.934     >16.934  99.990        -290.64       126.32   -0.496       0.215       
2456354.95902  2456354.96340  2013-03-03.4590321  coadd_ba042878 2.12 -1.62 18.208     >18.208  99.990          52.23        39.09   0.089        0.067       
2456357.99783  2456358.00238  2013-03-06.4978277  coadd_ba043780 1.75 -1.62 18.519     >18.519  99.990          51.05        29.35   0.087        0.050       
2456358.99456  2456358.99918  2013-03-07.4945695  coadd_ba044070 1.76 -1.62 18.236     >18.236  99.990          87.83        38.08   0.150        0.065       
2456371.88939  2456371.89459  2013-03-20.3893960  coadd_ba045529 1.81 -1.62 17.803     >17.803  99.990         -49.71        56.76   -0.085       0.097       
2456386.95952  2456386.96506  2013-04-04.4595194  coadd_ba047055 2.50 -1.62 18.295     >18.295  99.990         104.45        36.06   0.178        0.061       
2456391.88178  2456391.88736  2013-04-09.3817798  coadd_ba048402 2.16 -1.62 18.647      18.106  0.221          128.81        26.07   0.220        0.044       
2456395.92433  2456395.92992  2013-04-13.4243361  coadd_ba049211 2.27 -1.62 18.313      17.926  0.256          151.99        35.49   0.259        0.061       
2456398.94883  2456398.95440  2013-04-16.4488363  coadd_ba050090 2.22 -1.62 17.470     >17.470  99.990         214.11        77.14   0.365        0.132       
2456401.86854  2456401.87407  2013-04-19.3685409  coadd_ba050849 2.20 -1.62 18.322     >18.322  99.990         -50.21        35.19   -0.086       0.060       
2456409.89023  2456409.89561  2013-04-27.3902395  coadd_ba052581 2.18 -1.62 17.301     >17.301  99.990        -540.11        90.06   -0.921       0.154       
2456416.89081  2456416.89597  2013-05-04.3908153  coadd_ba054085 2.22 -1.62 18.094      17.935  0.315          150.80        43.38   0.257        0.074       
2456444.82421  2456444.82782  2013-06-01.3242112  coadd_ba056101 2.92 -1.62 18.423     >18.423  99.990          40.11        32.05   0.068        0.055       
2456451.81597  2456451.81905  2013-06-08.3159709  coadd_ba057630 2.10 -1.62 18.692     >18.692  99.990         -64.32        25.01   -0.110       0.043       
2456458.80985  2456458.81236  2013-06-15.3098510  coadd_ba059280 2.10 -1.62 18.226     >18.226  99.990         -62.78        38.43   -0.107       0.066       
2456463.81087  2456463.81295  2013-06-20.3108762  coadd_ba060784 1.67 -1.62 17.626     >17.626  99.990         134.95        66.78   0.230        0.114       
2456473.77573  2456473.77691  2013-06-30.2757295  coadd_ba063581 1.76 -1.62 18.485     >18.485  99.990         -72.66        30.28   -0.124       0.052       
2456479.79054  2456479.79116  2013-07-06.2905478  coadd_ba065413 1.72 -1.62 18.645     >18.645  99.990         -36.36        26.12   -0.062       0.045       
2456485.75602  2456485.75608  2013-07-12.2560270  coadd_ba067201 1.86 -1.62 18.284     >18.284  99.990         102.23        36.45   0.174        0.062       
2456492.74884  2456492.74824  2013-07-19.2488399  coadd_ba069679 2.07 -1.62 17.108     >17.108  99.990         225.27       107.65   0.384        0.184       
2456622.15516  2456622.15118  2013-11-25.6551596  coadd_bd007464 2.43 -2.25 17.673     >17.673  99.990         -56.30        35.64   -0.172       0.109       
2456625.14703  2456625.14326  2013-11-28.6470331  coadd_bd007766 1.94 -2.25 18.059     >18.059  99.990          37.58        24.97   0.115        0.076       
2456641.10284  2456641.10032  2013-12-14.6028434  coadd_bd011437 1.65 -2.25 17.432     >17.432  99.990          23.76        44.48   0.073        0.136       
2456649.07923  2456649.07741  2013-12-22.5792336  coadd_bd013161 1.95 -2.25 17.792     >17.792  99.990           8.76        31.93   0.027        0.098       
2456657.05680  2456657.05573  2013-12-30.5568074  coadd_bd014884 1.75 -2.25 18.130     >18.130  99.990         -83.38        23.39   -0.255       0.072       
2456675.05451  2456675.05501  2014-01-17.5545128  coadd_bd016802 1.60 -2.25 17.725     >17.725  99.990         -42.14        33.95   -0.129       0.104       
2456677.03890  2456677.03958  2014-01-19.5388982  coadd_bd017601 2.02 -2.25 17.669     >17.669  99.990        -114.62        35.77   -0.351       0.109       
2456700.95621  2456700.95908  2014-02-12.4562104  coadd_bd020187 1.50 -2.25 18.117     >18.117  99.990         -75.63        23.68   -0.231       0.072       
2456733.95530  2456733.96030  2014-03-17.4549001  coadd_bd021524 1.61 -2.25 17.153     >17.153  99.990         -79.19        57.49   -0.242       0.176       
2456740.84014  2456740.84540  2014-03-24.3397349  coadd_bd022930 1.74 -2.25 18.363     >18.363  99.990         -29.79        18.86   -0.091       0.058       
2456742.06898  2456742.07427  2014-03-25.5685736  coadd_bd023407 1.43 -2.25 18.271     >18.271  99.990          21.39        20.53   0.065        0.063       
2456751.93811  2456751.94362  2014-04-04.4377045  coadd_bd024188 2.23 -2.25 18.382     >18.382  99.990          40.42        18.55   0.124        0.057       
2456757.06471  2456757.07027  2014-04-09.5643048  coadd_bd025228 1.58 -2.25 18.642     >18.642  99.990         -24.77        14.59   -0.076       0.045       
2456765.00334  2456765.00890  2014-04-17.5029443  coadd_bd026393 2.03 -2.25 17.639     >17.639  99.990         -45.49        36.77   -0.139       0.113       
2456781.88550  2456781.89071  2014-05-04.3850929  coadd_bd028352 1.48 -2.25 18.136     >18.136  99.990         -31.44        23.25   -0.096       0.071       
2456782.73042  2456782.73560  2014-05-05.2300150  coadd_bd028570 2.00 -2.25 16.818     >16.818  99.990         202.69        78.33   0.620        0.240       
2456783.75239  2456783.75753  2014-05-06.2519807  coadd_bd028727 1.64 -2.25 18.124     >18.124  99.990          35.52        23.51   0.109        0.072       
2456784.88044  2456784.88554  2014-05-07.3800333  coadd_bd029156 1.82 -2.25 18.356     >18.356  99.990          21.64        18.99   0.066        0.058       
2456785.80865  2456785.81371  2014-05-08.3082443  coadd_bd029374 2.47 -2.25 18.710     >18.710  99.990          14.79        13.71   0.045        0.042       
2456787.86793  2456787.87292  2014-05-10.3675299  coadd_bd029822 1.43 -2.25 17.504     >17.504  99.990           5.43        41.63   0.017        0.127       
2456794.94490  2456794.94955  2014-05-17.4444998  coadd_bd030734 1.56 -2.25 17.604     >17.604  99.990          15.74        37.97   0.048        0.116       
2456795.94848  2456795.95308  2014-05-18.4480821  coadd_bd031019 1.46 -2.25 18.095     >18.095  99.990          44.60        24.14   0.137        0.074       
2456796.85232  2456796.85686  2014-05-19.3519167  coadd_bd031307 1.43 -2.25 18.454      18.429  0.356           53.28        17.35   0.163        0.053       
2456798.86469  2456798.86913  2014-05-21.3642917  coadd_bd031977 1.47 -2.25 18.437     >18.437  99.990          32.73        17.63   0.100        0.054       
2456801.86022  2456801.86447  2014-05-24.3598155  coadd_bd032898 1.45 -2.25 18.365     >18.365  99.990         -39.26        18.84   -0.120       0.058       
2456804.85845  2456804.86251  2014-05-27.3580471  coadd_bd033824 1.45 -2.25 18.523     >18.523  99.990         -38.74        16.28   -0.119       0.050       
2456807.85536  2456807.85922  2014-05-30.3549538  coadd_bd034592 1.54 -2.25 18.595     >18.595  99.990         -27.22        15.25   -0.083       0.047       
2456810.84325  2456810.84690  2014-06-02.3428445  coadd_bd035506 1.50 -2.25 18.577     >18.577  99.990          28.95        15.50   0.089        0.047       
2456812.83985  2456812.84336  2014-06-04.3394427  coadd_bd036136 1.42 -2.25 18.307     >18.307  99.990          23.41        19.86   0.072        0.061       
2456815.81915  2456815.82244  2014-06-07.3187494  coadd_bd037031 1.48 -2.25 18.105     >18.105  99.990         -52.95        23.93   -0.162       0.073       
2456820.82697  2456820.82986  2014-06-12.3265655  coadd_bd038588 1.49 -2.25 17.215     >17.215  99.990          34.79        54.31   0.106        0.166       
2456822.83649  2456822.83922  2014-06-14.3360859  coadd_bd039263 1.53 -2.25 17.485     >17.485  99.990         -40.73        42.35   -0.125       0.130       
2456824.83775  2456824.84032  2014-06-16.3373486  coadd_bd039863 1.52 -2.25 18.049     >18.049  99.990         -29.52        25.20   -0.090       0.077       
2456826.82891  2456826.83131  2014-06-18.3285129  coadd_bd040508 1.54 -2.25 18.503     >18.503  99.990          27.23        16.58   0.083        0.051       
2456828.82565  2456828.82788  2014-06-20.3252427  coadd_bd041181 2.07 -2.25 18.635     >18.635  99.990          17.63        14.69   0.054        0.045       
2456830.83241  2456830.83446  2014-06-22.3320094  coadd_bd041809 1.72 -2.25 18.523     >18.523  99.990         -46.69        16.28   -0.143       0.050       
2456832.81240  2456832.81428  2014-06-24.3120002  coadd_bd042124 1.47 -2.25 18.145     >18.145  99.990          31.32        23.06   0.096        0.071       
2456835.80093  2456835.80255  2014-06-27.3005287  coadd_bd042806 1.75 -2.25 18.252     >18.252  99.990          -4.38        20.91   -0.013       0.064       
2456847.78547  2456847.78598  2014-07-09.2850688  coadd_bd043432 1.59 -2.25 17.524     >17.524  99.990          26.78        40.86   0.082        0.125       
2456850.79531  2456850.79553  2014-07-12.2949086  coadd_bd044419 1.67 -2.25 17.157     >17.157  99.990        -154.46        57.30   -0.473       0.175       
2456855.77534  2456855.77509  2014-07-17.2749358  coadd_bd045606 1.55 -2.25 18.385     >18.385  99.990          19.69        18.49   0.060        0.057       
2456856.77635  2456856.77602  2014-07-18.2759478  coadd_bd045916 1.49 -2.25 18.368     >18.368  99.990          14.58        18.79   0.045        0.058       
2456857.78153  2456857.78110  2014-07-19.2811269  coadd_bd046259 1.65 -2.25 18.603     >18.603  99.990         -17.68        15.12   -0.054       0.046       
2456984.15577  2456984.15144  2014-11-22.6553660  coadd_bd068339 1.56 -2.25 17.470     >17.470  99.990          -3.40        42.94   -0.010       0.131       
2456991.15316  2456991.14930  2014-11-29.6527599  coadd_bd070413 1.62 -2.25 18.131      17.708  0.247          103.48        23.36   0.317        0.072       
2456994.14212  2456994.13847  2014-12-02.6417185  coadd_bd071487 1.74 -2.25 18.281     >18.281  99.990          50.23        20.35   0.154        0.062       
2457001.13896  2457001.13584  2014-12-09.6385545  coadd_bd073188 1.50 -2.25 17.880     >17.880  99.990          76.44        29.44   0.234        0.090       
2457003.13348  2457003.13053  2014-12-11.6330804  coadd_bd073940 1.45 -2.25 17.740     >17.740  99.990         -47.83        33.51   -0.146       0.103       
2457004.13036  2457004.12749  2014-12-12.6300126  coadd_bd074356 1.45 -2.25 17.969     >17.969  99.990         -30.84        27.12   -0.094       0.083       
2457011.11922  2457011.11695  2014-12-19.6188207  coadd_bd076830 1.46 -2.25 17.554     >17.554  99.990         106.96        39.75   0.327        0.122       
2457018.08555  2457018.08391  2014-12-26.5851487  coadd_bd078330 1.62 -2.25 18.439      17.928  0.228           84.51        17.60   0.259        0.054       
2457021.08330  2457021.08194  2014-12-29.5828966  coadd_bd079048 1.55 -2.25 18.621     >18.621  99.990          11.23        14.88   0.034        0.046       
2457031.08744  2457031.08704  2015-01-08.5870368  coadd_bd080454 1.55 -2.25 17.819     >17.819  99.990          39.76        31.15   0.122        0.095       
2457038.11056  2457038.11084  2015-01-15.6101586  coadd_bd083316 1.44 -2.25 18.089     >18.089  99.990         -22.43        24.29   -0.069       0.074       
2457040.08276  2457040.08324  2015-01-17.5823618  coadd_bd084128 1.75 -2.25 18.379     >18.379  99.990         -33.21        18.59   -0.102       0.057       
2457042.07319  2457042.07386  2015-01-19.5727903  coadd_bd084842 1.45 -2.25 18.324     >18.324  99.990         -42.61        19.57   -0.130       0.060       
2457045.06583  2457045.06679  2015-01-22.5654291  coadd_bd086079 1.45 -2.25 18.653     >18.653  99.990           9.69        14.45   0.030        0.044       
2457047.05180  2457047.05295  2015-01-24.5513967  coadd_bd086896 1.49 -2.25 18.419     >18.419  99.990         -29.93        17.92   -0.092       0.055       
2457049.06291  2457049.06424  2015-01-26.5625028  coadd_bd087679 1.55 -2.25 18.367     >18.367  99.990         -36.77        18.80   -0.113       0.058       
2457052.05769  2457052.05931  2015-01-29.5572841  coadd_bd088703 1.72 -2.25 18.128      17.837  0.279           91.84        23.42   0.281        0.072       
2457055.04795  2457055.04984  2015-02-01.5475518  coadd_bd089768 1.68 -2.25 17.773     >17.773  99.990          22.27        32.51   0.068        0.099       
2457065.06784  2457065.07061  2015-02-11.5674340  coadd_bd091432 1.78 -2.25 18.229     >18.229  99.990          25.07        21.35   0.077        0.065       
2457069.02509  2457069.02818  2015-02-15.5246766  coadd_bd092125 2.04 -2.25 18.407     >18.407  99.990          13.69        18.11   0.042        0.055       
2457072.02532  2457072.02866  2015-02-18.5249153  coadd_bd093301 1.57 -2.25 18.714     >18.714  99.990           9.18        13.66   0.028        0.042       
2457077.00793  2457077.01164  2015-02-23.5075096  coadd_bd094249 1.42 -2.25 18.474     >18.474  99.990         -10.47        17.03   -0.032       0.052       
2457078.01477  2457078.01855  2015-02-24.5143537  coadd_bd094598 1.62 -2.25 18.261     >18.261  99.990         -83.79        20.73   -0.256       0.063       
2457081.01472  2457081.01871  2015-02-27.5143133  coadd_bd095533 1.63 -2.25 18.283     >18.283  99.990          29.04        20.32   0.089        0.062       
2457083.91691  2457083.92109  2015-03-02.4165061  coadd_bd095947 1.51 -2.25 17.546     >17.546  99.990         -74.23        40.03   -0.227       0.123       
2457096.87907  2457096.88396  2015-03-15.3786606  coadd_bd097901 1.49 -2.25 18.525     >18.525  99.990          20.90        16.26   0.064        0.050       
2457098.01881  2457098.02376  2015-03-16.5184076  coadd_bd098290 1.49 -2.25 18.277     >18.277  99.990          16.24        20.43   0.050        0.063       
2457100.86665  2457100.87172  2015-03-19.3666518  coadd_bd099175 1.45 -2.25 18.083     >18.083  99.990          66.88        24.42   0.205        0.075       
2457101.98193  2457101.98705  2015-03-20.4819484  coadd_bd099581 1.43 -2.25 18.341     >18.341  99.990         -11.98        19.25   -0.037       0.059       
2457106.93238  2457106.93766  2015-03-25.4323907  coadd_bd101046 1.52 -2.25 18.132     >18.132  99.990         -37.66        23.34   -0.115       0.071       
2457109.84404  2457109.84940  2015-03-28.3440479  coadd_bd101747 1.57 -2.25 18.496     >18.496  99.990          27.62        16.70   0.085        0.051       
2457110.84303  2457110.84842  2015-03-29.3430444  coadd_bd102090 1.49 -2.25 18.385     >18.385  99.990         -17.96        18.48   -0.055       0.057       
2457112.07070  2457112.07612  2015-03-30.5707141  coadd_bd102534 1.45 -2.25 18.697     >18.697  99.990          14.89        13.87   0.046        0.042       
2457112.83578  2457112.84122  2015-03-31.3357973  coadd_bd102738 1.45 -2.25 17.578     >17.578  99.990          59.88        38.90   0.183        0.119       
2457113.89135  2457113.89680  2015-04-01.3913633  coadd_bd103125 1.45 -2.25 17.488     >17.488  99.990         101.14        42.24   0.310        0.129       
2457121.05986  2457121.06541  2015-04-08.5598707  coadd_bd104921 1.53 -2.25 17.714     >17.714  99.990          23.34        34.31   0.071        0.105       
2457121.96779  2457121.97335  2015-04-09.4677981  coadd_bd105189 1.53 -2.25 18.119     >18.119  99.990          -1.94        23.63   -0.006       0.072       
2457122.91357  2457122.91914  2015-04-10.4135832  coadd_bd105489 1.54 -2.25 18.134     >18.134  99.990          50.29        23.31   0.154        0.071       
2457126.02283  2457126.02841  2015-04-13.5228465  coadd_bd106270 1.51 -2.25 18.149     >18.149  99.990          36.14        22.99   0.111        0.070       
2457132.03383  2457132.03938  2015-04-19.5338438  coadd_bd107548 1.49 -2.25 18.337     >18.337  99.990         -41.68        19.32   -0.128       0.059       
2457135.76793  2457135.77343  2015-04-23.2679425  coadd_bd108396 1.57 -2.25 17.948     >17.948  99.990          53.94        27.66   0.165        0.085       
2457136.91358  2457136.91905  2015-04-24.4135885  coadd_bd108793 1.45 -2.25 18.392     >18.392  99.990           1.89        18.37   0.006        0.056       
2457149.97860  2457149.98371  2015-05-07.4786005  coadd_bd110932 1.52 -2.25 17.836     >17.836  99.990        -128.10        30.66   -0.392       0.094       
2457155.82806  2457155.83292  2015-05-13.3280637  coadd_bd112261 1.47 -2.25 17.754     >17.754  99.990         -97.07        33.05   -0.297       0.101       
2457156.89497  2457156.89978  2015-05-14.3949708  coadd_bd112569 1.50 -2.25 18.245     >18.245  99.990          21.36        21.03   0.065        0.064       
2457160.89268  2457160.89729  2015-05-18.3926819  coadd_bd113263 1.46 -2.25 18.564     >18.564  99.990          -9.57        15.69   -0.029       0.048       
2457162.88040  2457162.88490  2015-05-20.3804101  coadd_bd113877 1.54 -2.25 17.804      17.612  0.306          112.99        31.57   0.346        0.097       
2457163.89632  2457163.90076  2015-05-21.3963296  coadd_bd114159 1.43 -2.25 18.171     >18.171  99.990         -49.95        22.52   -0.153       0.069       
2457165.81718  2457165.82151  2015-05-23.3171959  coadd_bd114636 1.42 -2.25 18.215     >18.215  99.990         -34.14        21.63   -0.105       0.066       
2457168.79918  2457168.80332  2015-05-26.2991967  coadd_bd115239 1.63 -2.25 18.226     >18.226  99.990          17.47        21.41   0.053        0.066       
2457176.90959  2457176.91318  2015-06-03.4096041  coadd_bd116749 2.00 -2.25 17.317     >17.317  99.990          71.55        49.47   0.219        0.151       
2457177.76850  2457177.77203  2015-06-04.2685142  coadd_bd116906 1.87 -2.25 18.115     >18.115  99.990          45.31        23.71   0.139        0.073       
2457181.80276  2457181.80599  2015-06-08.3027724  coadd_bd118159 1.53 -2.25 18.494     >18.494  99.990          13.66        16.72   0.042        0.051       
2457184.81779  2457184.82079  2015-06-11.3178086  coadd_bd118878 1.44 -2.25 18.378     >18.378  99.990         -68.41        18.61   -0.209       0.057       
2457189.87459  2457189.87718  2015-06-16.3746172  coadd_bd119673 1.45 -2.25 18.384     >18.384  99.990         -20.97        18.51   -0.064       0.057       
2457191.84630  2457191.84872  2015-06-18.3463047  coadd_bd120224 1.46 -2.25 18.286     >18.286  99.990          32.00        20.25   0.098        0.062       
2457193.85684  2457193.85908  2015-06-20.3568429  coadd_bd120732 1.51 -2.25 18.340     >18.340  99.990         -96.74        19.28   -0.296       0.059       
2457194.85765  2457194.85982  2015-06-21.3576663  coadd_bd121034 1.71 -2.25 18.122     >18.122  99.990         -49.34        23.56   -0.151       0.072       
2457197.79223  2457197.79413  2015-06-24.2922402  coadd_bd121879 1.46 -2.25 18.087     >18.087  99.990          56.10        24.33   0.172        0.074       
2457202.79856  2457202.80002  2015-06-29.2985879  coadd_bd123109 1.57 -2.25 17.330     >17.330  99.990          61.51        48.87   0.188        0.150       
2457203.77582  2457203.77718  2015-06-30.2758166  coadd_bd123367 2.19 -2.25 17.659     >17.659  99.990          84.78        36.10   0.259        0.111       
2457205.82212  2457205.82330  2015-07-02.3221215  coadd_bd123924 1.47 -2.25 17.395     >17.395  99.990          33.83        46.02   0.104        0.141       
2457206.78842  2457206.78951  2015-07-03.2884234  coadd_bd124210 1.48 -2.25 18.097     >18.097  99.990          59.72        24.12   0.183        0.074       
2457209.78910  2457209.78992  2015-07-06.2891030  coadd_bd124805 1.59 -2.25 18.421      18.074  0.265           73.89        17.89   0.226        0.055       
2457215.79423  2457215.79448  2015-07-12.2942313  coadd_bd125941 1.55 -2.25 18.361     >18.361  99.990          16.76        18.91   0.051        0.058       
2457221.76936  2457221.76905  2015-07-18.2693663  coadd_bd126861 1.49 -2.25 18.434     >18.434  99.990         -27.58        17.67   -0.084       0.054       
2457233.73999  2457233.73857  2015-07-30.2399949  coadd_bd129649 1.65 -2.25 16.974     >16.974  99.990        -147.27        67.84   -0.451       0.208       
2457354.15743  2457354.15341  2015-11-27.6574355  coadd_bd156674 1.66 -2.25 17.120     >17.120  99.990           5.94        59.28   0.018        0.181       
2457357.14998  2457357.14616  2015-11-30.6499787  coadd_bd157552 1.49 -2.25 17.819     >17.819  99.990          32.50        31.13   0.099        0.095       
2457358.16562  2457358.16187  2015-12-01.6656178  coadd_bd157946 1.52 -2.25 16.393     >16.393  99.990         -32.11       115.79   -0.098       0.354       
2457359.14645  2457359.14278  2015-12-02.6464519  coadd_bd158366 1.56 -2.25 17.976     >17.976  99.990          20.38        26.95   0.062        0.082       
2457369.13190  2457369.12901  2015-12-12.6319038  coadd_bd162396 1.62 -2.25 18.358     >18.358  99.990          21.90        18.96   0.067        0.058       
2457375.11479  2457375.11240  2015-12-18.6147886  coadd_bd163970 1.83 -2.25 18.332     >18.332  99.990          33.67        19.42   0.103        0.059       
2457381.09973  2457381.09788  2015-12-24.5997273  coadd_bd165072 2.03 -2.25 17.576     >17.576  99.990          38.47        38.97   0.118        0.119       
2457382.11991  2457382.11816  2015-12-25.6199180  coadd_bd165194 2.03 -2.25 17.660     >17.660  99.990          72.95        36.06   0.223        0.110       
2457386.14507  2457386.14370  2015-12-29.6450776  coadd_bd166205 1.45 -2.25 18.164     >18.164  99.990          15.36        22.67   0.047        0.069       
2457393.17582  2457393.17511  2016-01-05.6758207  coadd_bd169025 1.79 -2.25 17.494     >17.494  99.990         -31.67        42.01   -0.097       0.129       
2457395.11092  2457395.11039  2016-01-07.6109184  coadd_bd169462 1.51 -2.25 18.753     >18.753  99.990          15.20        13.17   0.047        0.040       
2457397.06633  2457397.06600  2016-01-09.5663351  coadd_bd170300 1.48 -2.25 18.477     >18.477  99.990           1.94        16.98   0.006        0.052       
2457398.08595  2457398.08572  2016-01-10.5859535  coadd_bd170729 1.49 -2.25 18.380     >18.380  99.990         -20.72        18.57   -0.063       0.057       
2457400.05237  2457400.05233  2016-01-12.5523747  coadd_bd171572 1.53 -2.25 18.703     >18.703  99.990         -28.15        13.79   -0.086       0.042       
2457402.11030  2457402.11047  2016-01-14.6103067  coadd_bd172053 1.55 -2.25 18.704     >18.704  99.990         -30.82        13.78   -0.094       0.042       
2457404.07308  2457404.07343  2016-01-16.5730780  coadd_bd172870 1.55 -2.25 18.497     >18.497  99.990         -39.07        16.67   -0.120       0.051       
2457405.10757  2457405.10802  2016-01-17.6075700  coadd_bd173331 1.42 -2.25 18.676     >18.676  99.990          10.97        14.15   0.034        0.043       
2457408.04079  2457408.04152  2016-01-20.5407885  coadd_bd174577 1.63 -2.25 18.025     >18.025  99.990         -26.56        25.76   -0.081       0.079       
2457409.15287  2457409.15371  2016-01-21.6528725  coadd_bd175066 1.45 -2.25 18.541     >18.541  99.990          42.11        16.02   0.129        0.049       
2457410.02256  2457410.02349  2016-01-22.5225652  coadd_bd175399 1.57 -2.25 17.913     >17.913  99.990         -77.27        28.55   -0.236       0.087       
2457412.01189  2457412.01301  2016-01-24.5118930  coadd_bd176253 1.63 -2.25 17.649     >17.649  99.990          48.91        36.42   0.150        0.111       
2457413.08074  2457413.08196  2016-01-25.5807427  coadd_bd176738 1.53 -2.25 17.876     >17.876  99.990         -44.27        29.55   -0.136       0.090       
2457416.04421  2457416.04571  2016-01-28.5442099  coadd_bd178009 1.45 -2.25 18.109     >18.109  99.990          45.18        23.85   0.138        0.073       
2457423.16889  2457423.17104  2016-02-04.6688944  coadd_bd181046 1.63 -2.25 18.433     >18.433  99.990         -46.60        17.69   -0.143       0.054       
2457424.17757  2457424.17981  2016-02-05.6775773  coadd_bd181620 1.56 -2.25 17.080     >17.080  99.990          37.03        61.49   0.113        0.188       
2457425.12672  2457425.12904  2016-02-06.6267201  coadd_bd182006 1.56 -2.25 18.640     >18.640  99.990           1.73        14.62   0.005        0.045       
2457429.96561  2457429.96835  2016-02-11.4656111  coadd_bd183367 1.52 -2.25 18.654     >18.654  99.990         -22.46        14.43   -0.069       0.044       
2457430.96205  2457430.96487  2016-02-12.4620511  coadd_bd183788 1.64 -2.25 18.344     >18.344  99.990         -16.76        19.21   -0.051       0.059       
2457432.95530  2457432.95829  2016-02-14.4552980  coadd_bd184506 1.52 -2.25 18.660     >18.660  99.990          36.49        14.36   0.112        0.044       
2457433.95540  2457433.95847  2016-02-15.4554  coadd_bd184926 1.58 -2.25 18.441     >18.441  99.990          35.26        17.56   0.108        0.054       
2457434.97695  2457434.98011  2016-02-16.4769568  coadd_bd185321 1.78 -2.25 17.959     >17.959  99.990          43.02        27.37   0.132        0.084       
2457437.11549  2457437.11882  2016-02-18.6154983  coadd_bd185864 1.62 -2.25 18.658     >18.658  99.990          32.29        14.38   0.099        0.044       
2457437.94141  2457437.94480  2016-02-19.4414179  coadd_bd186140 1.67 -2.25 18.071     >18.071  99.990         -37.51        24.69   -0.115       0.076       
2457439.13237  2457439.13585  2016-02-20.6323711  coadd_bd186706 1.98 -2.25 18.470     >18.470  99.990         -14.80        17.10   -0.045       0.052       
2457439.94991  2457439.95345  2016-02-21.4499123  coadd_bd186985 1.65 -2.25 17.604     >17.604  99.990         -54.52        37.97   -0.167       0.116       
2457441.99963  2457442.00332  2016-02-23.4996274  coadd_bd187859 1.50 -2.25 17.736     >17.736  99.990          16.29        33.61   0.050        0.103       
2457450.10396  2457450.10820  2016-03-02.6039627  coadd_bd191015 1.51 -2.25 18.320     >18.320  99.990          17.62        19.63   0.054        0.060       
2457452.90367  2457452.90808  2016-03-05.4036751  coadd_bd192097 1.52 -2.25 18.753     >18.753  99.990         -38.26        13.17   -0.117       0.040       
2457454.94581  2457454.95034  2016-03-07.4458172  coadd_bd192952 1.68 -2.25 18.563     >18.563  99.990         -31.23        15.70   -0.096       0.048       
2457458.07156  2457458.07626  2016-03-10.5715640  coadd_bd193905 1.60 -2.25 18.589     >18.589  99.990          14.16        15.33   0.043        0.047       
2457460.00397  2457460.00877  2016-03-12.5039748  coadd_bd194646 1.54 -2.25 18.752     >18.752  99.990         -43.20        13.19   -0.132       0.040       
2457463.03477  2457463.03971  2016-03-15.5347739  coadd_bd195679 1.48 -2.25 18.647     >18.647  99.990         -31.47        14.53   -0.096       0.044       
2457465.87098  2457465.87603  2016-03-18.3709796  coadd_bd196498 1.66 -2.25 17.864     >17.864  99.990         -31.65        29.89   -0.097       0.091       
2457467.94099  2457467.94613  2016-03-20.4409925  coadd_bd197402 1.55 -2.25 17.971     >17.971  99.990          -7.23        27.08   -0.022       0.083       
2457475.05051  2457475.05587  2016-03-27.5505122  coadd_bd199131 1.47 -2.25 17.876     >17.876  99.990          34.99        29.54   0.107        0.090       
2457476.89267  2457476.89808  2016-03-29.3926711  coadd_bd199610 1.49 -2.25 18.364     >18.364  99.990         -36.64        18.85   -0.112       0.058       
2457478.92091  2457478.92637  2016-03-31.4209146  coadd_bd200339 1.47 -2.25 18.644     >18.644  99.990           2.02        14.56   0.006        0.045       
2457481.99343  2457481.99894  2016-04-03.4934358  coadd_bd201438 1.47 -2.25 18.468     >18.468  99.990         -42.02        17.14   -0.129       0.052       
2457482.92947  2457482.93499  2016-04-04.4294751  coadd_bd201782 1.54 -2.25 18.785     >18.785  99.990          31.06        12.79   0.095        0.039       
2457487.93841  2457487.94398  2016-04-09.4384129  coadd_bd202696 1.46 -2.25 18.692      18.293  0.252           60.37        13.93   0.185        0.043       
2457489.95376  2457489.95933  2016-04-11.4537591  coadd_bd203470 1.48 -2.25 18.909     >18.909  99.990          -2.90        11.41   -0.009       0.035       
2457493.77861  2457493.78418  2016-04-15.2786167  coadd_bd204778 1.62 -2.25 18.063     >18.063  99.990         -13.72        24.87   -0.042       0.076       
2457494.91730  2457494.92287  2016-04-16.4173046  coadd_bd205269 1.49 -2.25 18.416     >18.416  99.990           7.84        17.98   0.024        0.055       
2457502.90694  2457502.91240  2016-04-24.4069407  coadd_bd207466 1.58 -2.25 17.808     >17.808  99.990          14.41        31.45   0.044        0.096       
2457503.80046  2457503.80590  2016-04-25.3004609  coadd_bd207761 1.54 -2.25 18.300     >18.300  99.990         -34.20        20.00   -0.105       0.061       
2457506.96638  2457506.97175  2016-04-28.4663837  coadd_bd209007 1.59 -2.25 18.318     >18.318  99.990         -14.71        19.67   -0.045       0.060       
2457507.92424  2457507.92959  2016-04-29.4242394  coadd_bd209279 1.76 -2.25 18.653     >18.653  99.990          20.00        14.44   0.061        0.044       
2457508.73715  2457508.74248  2016-04-30.2371561  coadd_bd209492 2.01 -2.25 18.076     >18.076  99.990          37.89        24.58   0.116        0.075       
2457510.98289  2457510.98815  2016-05-02.4828920  coadd_bd210213 1.56 -2.25 18.393     >18.393  99.990          42.39        18.35   0.130        0.056       
2457512.97208  2457512.97727  2016-05-04.4720774  coadd_bd210946 1.52 -2.25 18.666     >18.666  99.990         -25.82        14.27   -0.079       0.044       
2457515.97324  2457515.97832  2016-05-07.4732449  coadd_bd211946 1.44 -2.25 18.436     >18.436  99.990         -33.78        17.64   -0.103       0.054       
2457521.95050  2457521.95532  2016-05-13.4505011  coadd_bd212603 1.74 -2.25 18.158     >18.158  99.990         -37.15        22.80   -0.114       0.070       
2457529.84381  2457529.84821  2016-05-21.3438091  coadd_bd214510 1.61 -2.25 17.482     >17.482  99.990         -69.41        42.48   -0.212       0.130       
2457531.83858  2457531.84287  2016-05-23.3385840  coadd_bd215102 1.75 -2.25 18.099     >18.099  99.990          14.91        24.06   0.046        0.074       
2457535.86524  2457535.86927  2016-05-27.3652387  coadd_bd215834 1.43 -2.25 18.047     >18.047  99.990         -16.75        25.24   -0.051       0.077       
2457536.83098  2457536.83495  2016-05-28.3309793  coadd_bd216165 1.45 -2.25 18.089     >18.089  99.990          66.43        24.29   0.203        0.074       
2457537.76948  2457537.77339  2016-05-29.2694833  coadd_bd216302 1.53 -2.25 18.573     >18.573  99.990         -40.75        15.55   -0.125       0.048       
2457541.90270  2457541.90632  2016-06-02.4027012  coadd_bd217339 1.48 -2.25 18.455     >18.455  99.990          45.01        17.33   0.138        0.053       
2457543.83654  2457543.84002  2016-06-04.3365466  coadd_bd217982 1.44 -2.25 18.517     >18.517  99.990          42.38        16.38   0.130        0.050       
2457548.87747  2457548.88056  2016-06-09.3774738  coadd_bd219446 1.48 -2.25 18.393     >18.393  99.990          13.41        18.35   0.041        0.056       
2457551.80496  2457551.80782  2016-06-12.3049594  coadd_bd220315 1.51 -2.25 17.846     >17.846  99.990         -45.64        30.38   -0.140       0.093       
2457557.81049  2457557.81285  2016-06-18.3104915  coadd_bd221203 1.68 -2.25 15.949     >15.949  99.990         419.35       174.32   1.283        0.534       
2457558.84874  2457558.85101  2016-06-19.3487401  coadd_bd221581 1.44 -2.25 17.964     >17.964  99.990          -9.71        27.24   -0.030       0.083       
2457560.84529  2457560.84739  2016-06-21.3452916  coadd_bd222276 1.39 -2.25 16.641     >16.641  99.990          -6.35        92.16   -0.019       0.282       
2457561.83755  2457561.83956  2016-06-22.3375518  coadd_bd222574 1.45 -2.25 17.464     >17.464  99.990         -29.88        43.18   -0.091       0.132       
2457562.83357  2457562.83550  2016-06-23.333575  coadd_bd222920 1.48 -2.25 18.196     >18.196  99.990         -30.38        22.01   -0.093       0.067       
2457567.82286  2457567.82434  2016-06-28.3228623  coadd_bd223996 1.44 -2.25 17.614     >17.614  99.990           5.66        37.62   0.017        0.115       
2457574.80348  2457574.80432  2016-07-05.3034872  coadd_bd225175 1.41 -2.25 18.322     >18.322  99.990           9.96        19.60   0.030        0.060       
2457576.79438  2457576.79502  2016-07-07.2943793  coadd_bd225810 1.47 -2.25 18.752     >18.752  99.990          18.81        13.19   0.058        0.040       
2457578.78365  2457578.78411  2016-07-09.2836494  coadd_bd226510 1.58 -2.25 18.596     >18.596  99.990         -25.15        15.23   -0.077       0.047       
2457585.75627  2457585.75608  2016-07-16.2562760  coadd_bd228004 1.50 -2.25 18.269     >18.269  99.990           0.37        20.57   0.001        0.063       
2457589.75561  2457589.75504  2016-07-20.2556216  coadd_bd228944 2.05 -2.25 17.981     >17.981  99.990         -48.26        26.83   -0.148       0.082       
2457736.12478  2457736.12203  2016-12-13.6247829  coadd_bd266662 1.72 -2.25 17.509     >17.509  99.990        -131.14        41.43   -0.401       0.127       
2457752.14560  2457752.14429  2016-12-29.6455983  coadd_bd270229 1.65 -2.25 18.737     >18.737  99.990          34.07        13.37   0.104        0.041       
2457758.06475  2457758.06400  2017-01-04.5647469  coadd_bd271588 1.56 -2.25 18.510     >18.510  99.990          34.88        16.48   0.107        0.050       
2457761.84895  2457761.84857  2017-01-08.3489506  coadd_bh138387 1.39 -2.58 18.467     >18.467  99.990          24.05        12.75   0.099        0.052       
2457763.05147  2457763.05121  2017-01-09.5514740  coadd_bd273281 1.48 -2.25 18.035     >18.035  99.990          62.43        25.54   0.191        0.078       
2457764.15433  2457764.15418  2017-01-10.6543362  coadd_bd273785 1.44 -2.25 18.641     >18.641  99.990           2.96        14.61   0.009        0.045       
2457767.04226  2457767.04239  2017-01-13.5422613  coadd_bd275025 1.59 -2.25 17.573     >17.573  99.990         -74.96        39.08   -0.229       0.120       
2457769.82189  2457769.82229  2017-01-16.3218924  coadd_bh140746 1.33 -2.58 17.780     >17.780  99.990          32.10        24.00   0.132        0.099       
2457770.81774  2457770.81823  2017-01-17.3177403  coadd_bh141063 1.38 -2.58 17.523     >17.523  99.990          59.05        30.40   0.243        0.125       
2457775.16381  2457775.16473  2017-01-21.6638150  coadd_bd278065 1.48 -2.25 18.401     >18.401  99.990          42.47        18.21   0.130        0.056       
2457777.81550  2457777.81667  2017-01-24.3155039  coadd_bh143044 1.42 -2.58 18.689     >18.689  99.990          -7.94        10.39   -0.033       0.043       
2457778.79550  2457778.79676  2017-01-25.2955059  coadd_bh143356 1.32 -2.58 18.286     >18.286  99.990           2.19        15.05   0.009        0.062       
2457780.08928  2457780.09066  2017-01-26.5892839  coadd_bd279621 1.58 -2.25 18.913     >18.913  99.990         -22.67        11.38   -0.069       0.035       
2457782.78828  2457782.78992  2017-01-29.2882877  coadd_bh144659 1.34 -2.58 18.224     >18.224  99.990          13.23        15.94   0.054        0.066       
2457784.10185  2457784.10361  2017-01-30.6018554  coadd_bd281093 1.67 -2.25 18.733     >18.733  99.990          27.75        13.42   0.085        0.041       
2457787.98600  2457787.98811  2017-02-03.4860004  coadd_bd282465 1.62 -2.25 18.643     >18.643  99.990          28.92        14.58   0.089        0.045       
2457793.97002  2457793.97265  2017-02-09.4700164  coadd_bd284104 1.72 -2.25 17.656     >17.656  99.990          24.38        36.18   0.075        0.111       
2457795.81052  2457795.81331  2017-02-11.3105254  coadd_bh148452 1.34 -2.58 17.088      16.531  0.219          227.39        45.40   0.936        0.187       
2457803.11967  2457803.12305  2017-02-18.6196714  coadd_bd287201 1.58 -2.25 18.192     >18.192  99.990          33.49        22.10   0.103        0.068       
2457806.07117  2457806.07477  2017-02-21.5711674  coadd_bd288069 2.09 -2.25 18.602     >18.602  99.990         -32.51        15.14   -0.099       0.046       
2457807.85116  2457807.85489  2017-02-23.3511629  coadd_bh152558 1.35 -2.58 18.727     >18.727  99.990          12.33        10.03   0.051        0.041       
2457813.74708  2457813.75122  2017-03-01.2470813  coadd_bh153470 1.37 -2.58 18.781     >18.781  99.990          17.05         9.55   0.070        0.039       
2457818.68538  2457818.68982  2017-03-06.1853847  coadd_bh154453 1.35 -2.58 18.414     >18.414  99.990          27.20        13.39   0.112        0.055       
2457822.96597  2457822.97065  2017-03-10.4659697  coadd_bd291445 1.42 -2.25 17.925     >17.925  99.990          -3.21        28.25   -0.010       0.086       
2457830.03915  2457830.04416  2017-03-17.5391512  coadd_bd293830 1.55 -2.25 18.341     >18.341  99.990         -14.96        19.25   -0.046       0.059       
2457832.01726  2457832.02235  2017-03-19.5172619  coadd_bd294510 1.65 -2.25 18.496     >18.496  99.990          21.32        16.70   0.065        0.051       
2457833.98670  2457833.99186  2017-03-21.4866991  coadd_bd295257 1.74 -2.25 18.744     >18.744  99.990         -36.54        13.29   -0.112       0.041       
2457836.98418  2457836.98944  2017-03-24.4841769  coadd_bd296355 1.43 -2.25 18.556     >18.556  99.990         -33.07        15.80   -0.101       0.048       
2457838.99166  2457838.99699  2017-03-26.4916614  coadd_bd297009 1.79 -2.25 18.657     >18.657  99.990         -30.74        14.40   -0.094       0.044       
2457843.99284  2457843.99829  2017-03-31.4928444  coadd_bd298579 1.63 -2.25 18.685     >18.685  99.990          23.30        14.02   0.071        0.043       
2457846.92975  2457846.93526  2017-04-03.4297547  coadd_bd299418 1.61 -2.25 18.503     >18.503  99.990         -33.37        16.59   -0.102       0.051       
2457848.02463  2457848.03015  2017-04-04.5246348  coadd_bd299876 1.47 -2.25 18.734     >18.734  99.990         -24.43        13.41   -0.075       0.041       
2457848.61143  2457848.61696  2017-04-05.1114365  coadd_bh163148 1.46 -2.58 18.187     >18.187  99.990          12.71        16.50   0.052        0.068       
2457849.84967  2457849.85521  2017-04-06.3496752  coadd_bh163502 1.34 -2.58 18.791     >18.791  99.990          -7.21         9.46   -0.030       0.039       
2457850.80409  2457850.80964  2017-04-07.3040930  coadd_bd300839 1.97 -2.25 18.001     >18.001  99.990           6.23        26.34   0.019        0.081       
2457851.85850  2457851.86406  2017-04-08.3585055  coadd_bh164298 1.80 -2.58 18.285     >18.285  99.990          42.59        15.08   0.175        0.062       
2457852.79523  2457852.80079  2017-04-09.2952258  coadd_bd301562 1.84 -2.25 17.483     >17.483  99.990          -3.93        42.44   -0.012       0.130       
2457859.01208  2457859.01764  2017-04-15.5120781  coadd_bd303181 1.55 -2.25 17.907     >17.907  99.990         -67.54        28.71   -0.207       0.088       
2457862.96948  2457862.97502  2017-04-19.4694833  coadd_bd303797 1.56 -2.25 18.688     >18.688  99.990         -32.74        13.99   -0.100       0.043       
2457866.76761  2457866.77309  2017-04-23.2676067  coadd_bh168664 1.36 -2.58 18.616     >18.616  99.990           6.35        11.11   0.026        0.046       
2457870.93216  2457870.93757  2017-04-27.4321659  coadd_bd305652 1.59 -2.25 18.471     >18.471  99.990          -7.61        17.09   -0.023       0.052       
2457872.66211  2457872.66747  2017-04-29.1621071  coadd_bh170874 1.36 -2.58 18.735     >18.735  99.990          15.63         9.96   0.064        0.041       
2457875.66044  2457875.66572  2017-05-02.1604478  coadd_bh172146 1.44 -2.58 17.957     >17.957  99.990          13.64        20.39   0.056        0.084       
2457876.67153  2457876.67677  2017-05-03.1715335  coadd_bh172411 1.36 -2.58 18.654     >18.654  99.990          20.26        10.73   0.083        0.044       
2457878.88545  2457878.89061  2017-05-05.3854476  coadd_bd306937 1.52 -2.25 18.241     >18.241  99.990         -11.27        21.11   -0.034       0.065       
2457879.86275  2457879.86788  2017-05-06.3627525  coadd_bd307282 1.55 -2.25 17.933     >17.933  99.990         -65.45        28.03   -0.200       0.086       
2457885.92180  2457885.92668  2017-05-12.4218043  coadd_bd309113 1.51 -2.25 17.984     >17.984  99.990          33.51        26.76   0.103        0.082       
2457887.80421  2457887.80901  2017-05-14.3042174  coadd_bd309311 1.55 -2.25 18.769     >18.769  99.990          14.88        12.99   0.046        0.040       
2457891.75870  2457891.76329  2017-05-18.2586973  coadd_bd310258 1.45 -2.25 18.398     >18.398  99.990          45.20        18.28   0.138        0.056       
2457894.59914  2457894.60358  2017-05-21.0991481  coadd_bh177335 1.38 -2.58 18.209     >18.209  99.990         -32.59        16.16   -0.134       0.067       
2457894.93650  2457894.94091  2017-05-21.4365004  coadd_bd311393 1.46 -2.25 18.316     >18.316  99.990         -52.00        19.71   -0.159       0.060       
2457896.83406  2457896.83836  2017-05-23.3340578  coadd_bd312013 1.58 -2.25 18.292     >18.292  99.990         -30.11        20.15   -0.092       0.062       
2457897.84266  2457897.84690  2017-05-24.3426616  coadd_bd312226 1.65 -2.25 18.512     >18.512  99.990          11.88        16.45   0.036        0.050       
2457900.90456  2457900.90861  2017-05-27.4045688  coadd_bd313286 1.50 -2.25 18.870     >18.870  99.990           2.06        11.83   0.006        0.036       
2457904.87187  2457904.87565  2017-05-31.3718738  coadd_bd314232 1.46 -2.25 18.784     >18.784  99.990           2.34        12.80   0.007        0.039       
2457905.71435  2457905.71807  2017-06-01.2143527  coadd_bh180307 1.52 -2.58 18.712     >18.712  99.990          19.48        10.17   0.080        0.042       
2457911.91608  2457911.91935  2017-06-07.4160850  coadd_bd316256 1.72 -2.25 17.071     >17.071  99.990         104.39        62.03   0.319        0.190       
2457913.83580  2457913.83892  2017-06-09.3358018  coadd_bd316869 1.65 -2.25 17.724     >17.724  99.990          26.12        33.99   0.080        0.104       
2457917.87569  2457917.87849  2017-06-13.3756983  coadd_bd317767 1.49 -2.25 17.969     >17.969  99.990          40.89        27.12   0.125        0.083       
2457922.86135  2457922.86373  2017-06-18.3613585  coadd_bd318453 2.18 -2.25 17.779     >17.779  99.990          21.07        32.33   0.064        0.099       
2457924.81546  2457924.81767  2017-06-20.3154612  coadd_bd318739 1.86 -2.25 18.851     >18.851  99.990           2.51        12.04   0.008        0.037       
2457926.84383  2457926.84586  2017-06-22.3438313  coadd_bd319403 1.73 -2.25 18.583     >18.583  99.990         -24.81        15.41   -0.076       0.047       
2457928.83074  2457928.83260  2017-06-24.3307458  coadd_bd320033 1.50 -2.25 18.757     >18.757  99.990          -2.21        13.12   -0.007       0.040       
2457934.75013  2457934.75145  2017-06-30.2501339  coadd_bd321555 2.44 -2.25 17.778     >17.778  99.990           8.44        32.36   0.026        0.099       
2457939.76163  2457939.76250  2017-07-05.2616398  coadd_bd322720 1.86 -2.25 18.019     >18.019  99.990           9.61        25.92   0.029        0.079       
2457942.77300  2457942.77358  2017-07-08.2730106  coadd_bd323727 1.50 -2.25 18.042     >18.042  99.990          -6.90        25.36   -0.021       0.078       
2457945.60503  2457945.60535  2017-07-11.1050381  coadd_bh194811 1.46 -2.58 17.726     >17.726  99.990         -47.61        25.21   -0.196       0.104       
2457947.54179  2457947.54192  2017-07-13.0417876  coadd_bh195645 1.37 -2.58 18.620     >18.620  99.990         -24.87        11.07   -0.102       0.046       
2457952.58068  2457952.58034  2017-07-18.0806791  coadd_bh197437 1.41 -2.58 18.730     >18.730  99.990         -10.02        10.01   -0.041       0.041       
2457955.53213  2457955.53151  2017-07-21.0321384  coadd_bh198616 1.62 -2.58 18.340     >18.340  99.990          30.75        14.33   0.127        0.059       
2457959.55763  2457959.55664  2017-07-25.0576353  coadd_bh200005 1.48 -2.58 18.700     >18.700  99.990         -10.99        10.29   -0.045       0.042       
2457968.52935  2457968.52754  2017-08-03.0293480  coadd_bh203800 1.42 -2.58 18.049     >18.049  99.990          35.93        18.74   0.148        0.077       
2457970.49122  2457970.48923  2017-08-04.9912185  coadd_bh204629 1.47 -2.58 17.886     >17.886  99.990           2.36        21.78   0.010        0.090       
2457972.52282  2457972.52066  2017-08-07.0228229  coadd_bh205501 1.35 -2.58 17.459     >17.459  99.990         -17.60        32.26   -0.072       0.133       
2457979.49772  2457979.49497  2017-08-13.9977204  coadd_bh207198 1.37 -2.58 18.553     >18.553  99.990         -27.48        11.78   -0.113       0.048       
2457981.48361  2457981.48070  2017-08-15.9836144  coadd_bh208033 1.59 -2.58 18.582     >18.582  99.990          -0.75        11.47   -0.003       0.047       
2457986.47770  2457986.47440  2017-08-20.9777103  coadd_bh209662 1.48 -2.58 18.453     >18.453  99.990         -11.66        12.91   -0.048       0.053       
2458111.10533  2458111.10343  2017-12-23.6053254  coadd_bd363858 1.72 -2.25 18.577     >18.577  99.990          17.85        15.49   0.055        0.047       
2458123.09121  2458123.09044  2018-01-04.5912128  coadd_bd367552 1.64 -2.25 17.426     >17.426  99.990         -47.13        44.72   -0.144       0.137       
2458124.09142  2458124.09075  2018-01-05.5914218  coadd_bd367954 1.56 -2.25 17.772     >17.772  99.990         -23.84        32.51   -0.073       0.099       
2458125.09970  2458125.09913  2018-01-06.5997075  coadd_bd368374 1.53 -2.25 18.132     >18.132  99.990          -4.36        23.34   -0.013       0.071       
2458125.84477  2458125.84427  2018-01-07.3447648  coadd_bh244123 1.43 -2.58 17.775     >17.775  99.990          10.07        24.12   0.041        0.099       
2458131.08755  2458131.08756  2018-01-12.5875569  coadd_bd370766 1.58 -2.25 18.372     >18.372  99.990          51.32        18.71   0.157        0.057       
2458132.09094  2458132.09105  2018-01-13.5909464  coadd_bd371170 1.61 -2.25 18.652     >18.652  99.990          -2.04        14.45   -0.006       0.044       
2458133.06905  2458133.06925  2018-01-14.5690538  coadd_bd371565 1.47 -2.25 18.524     >18.524  99.990         -69.05        16.27   -0.211       0.050       
2458134.06562  2458134.06592  2018-01-15.5656261  coadd_bd371968 1.48 -2.25 18.647     >18.647  99.990         -10.76        14.52   -0.033       0.044       
2458135.06606  2458135.06646  2018-01-16.5660623  coadd_bd372304 1.53 -2.25 18.695     >18.695  99.990         -32.45        13.90   -0.099       0.043       
2458136.06247  2458136.06297  2018-01-17.5624783  coadd_bd372715 1.70 -2.25 18.507     >18.507  99.990         -39.06        16.53   -0.120       0.051       
2458137.05519  2458137.05578  2018-01-18.5551934  coadd_bd373122 2.20 -2.25 18.835     >18.835  99.990          -6.09        12.22   -0.019       0.037       
2458139.05220  2458139.05298  2018-01-20.5522046  coadd_bd373749 1.72 -2.25 18.604     >18.604  99.990          31.22        15.11   0.096        0.046       
2458140.05258  2458140.05346  2018-01-21.5525863  coadd_bd373896 1.48 -2.25 18.645     >18.645  99.990          21.50        14.55   0.066        0.045       
2458147.99976  2458148.00139  2018-01-29.4997569  coadd_bd375134 1.75 -2.25 18.036     >18.036  99.990          18.78        25.51   0.057        0.078       
2458148.99605  2458148.99777  2018-01-30.4960553  coadd_bd375554 1.50 -2.25 17.757     >17.757  99.990         -13.40        32.99   -0.041       0.101       
2458158.15043  2458158.15297  2018-02-08.6504326  coadd_bd376732 1.55 -2.25 18.541     >18.541  99.990         -10.73        16.02   -0.033       0.049       
2458179.95645  2458179.96064  2018-03-02.4564546  coadd_bd379440 1.79 -2.25 17.640     >17.640  99.990           8.45        36.72   0.026        0.112       
2458187.97480  2458187.97946  2018-03-10.4748009  coadd_bd381400 1.58 -2.25 18.529     >18.529  99.990         -29.79        16.19   -0.091       0.050       
2458194.98202  2458194.98701  2018-03-17.4820184  coadd_bd382281 1.50 -2.25 18.756     >18.756  99.990         -26.55        13.14   -0.081       0.040       
2458195.90415  2458195.90919  2018-03-18.4041538  coadd_bd382588 1.44 -2.25 18.471     >18.471  99.990          29.89        17.09   0.091        0.052       
2458207.90190  2458207.90732  2018-03-30.4019019  coadd_bd383849 1.41 -2.25 17.645     >17.645  99.990          27.40        36.57   0.084        0.112       
2458217.67937  2458217.68493  2018-04-09.1793697  coadd_bh274041 1.37 -2.58 18.529     >18.529  99.990         -14.57        12.04   -0.060       0.050       
2458218.68970  2458218.69527  2018-04-10.1897001  coadd_bh274456 1.33 -2.58 17.825     >17.825  99.990         -46.65        23.03   -0.192       0.095       
2458220.82153  2458220.82711  2018-04-12.3215359  coadd_bd385220 1.44 -2.25 18.555     >18.555  99.990         -14.70        15.82   -0.045       0.048       
2458227.94843  2458227.95397  2018-04-19.4484380  coadd_bd387017 1.45 -2.25 17.970     >17.970  99.990        -124.17        27.09   -0.380       0.083       
2458231.91030  2458231.91579  2018-04-23.4103116  coadd_bd388063 1.46 -2.25 18.334     >18.334  99.990          15.02        19.38   0.046        0.059       
2458232.92669  2458232.93216  2018-04-24.4266952  coadd_bd388414 1.48 -2.25 17.779     >17.779  99.990         -54.41        32.33   -0.167       0.099       
2458241.76322  2458241.76847  2018-05-03.2632218  coadd_bh282714 1.36 -2.58 17.513     >17.513  99.990          70.94        30.70   0.292        0.126       
2458243.66619  2458243.67137  2018-05-05.1661927  coadd_bh283128 1.38 -2.58 18.057     >18.057  99.990         -63.25        18.59   -0.260       0.077       
2458244.60063  2458244.60578  2018-05-06.1006268  coadd_bh283506 1.50 -2.58 18.781     >18.781  99.990           9.47         9.55   0.039        0.039       
2458250.82676  2458250.83166  2018-05-12.3267651  coadd_bd391157 1.48 -2.25 17.917      17.595  0.271          114.80        28.45   0.351        0.087       
2458252.90160  2458252.90640  2018-05-14.4016092  coadd_bd391750 1.81 -2.25 18.498     >18.498  99.990           5.74        16.66   0.018        0.051       
2458257.86398  2458257.86853  2018-05-19.3639866  coadd_bd392792 1.66 -2.25 18.848     >18.848  99.990          11.60        12.07   0.035        0.037       
2458258.90630  2458258.91079  2018-05-20.4063047  coadd_bd393173 1.69 -2.25 18.244     >18.244  99.990          20.40        21.06   0.062        0.064       
2458260.86504  2458260.86942  2018-05-22.3650460  coadd_bd393742 1.54 -2.25 18.055     >18.055  99.990          -6.31        25.06   -0.019       0.077       
2458279.86199  2458279.86505  2018-06-10.3619947  coadd_bd397676 1.65 -2.25 18.342     >18.342  99.990          13.05        19.23   0.040        0.059       
2458280.84908  2458280.85206  2018-06-11.3490817  coadd_bd397974 1.43 -2.25 18.358     >18.358  99.990         -18.14        18.97   -0.056       0.058       
2458283.86592  2458283.86866  2018-06-14.3659231  coadd_bd398858 1.45 -2.25 18.703     >18.703  99.990          -3.48        13.79   -0.011       0.042       
2458284.82446  2458284.82711  2018-06-15.3244621  coadd_bd399149 1.50 -2.25 18.656     >18.656  99.990         -48.24        14.41   -0.148       0.044       
2458285.81516  2458285.81774  2018-06-16.3151660  coadd_bd399463 1.47 -2.25 18.469     >18.469  99.990         -53.36        17.11   -0.163       0.052       
2458294.77979  2458294.78158  2018-06-25.2797907  coadd_bd401510 1.45 -2.25 17.883     >17.883  99.990           5.37        29.37   0.016        0.090       
2458297.82437  2458297.82589  2018-06-28.3243684  coadd_bd402405 1.77 -2.25 17.763     >17.763  99.990          57.92        32.80   0.177        0.100       
2458299.79848  2458299.79982  2018-06-30.2984856  coadd_bd403024 2.21 -2.25 18.411     >18.411  99.990         -55.22        18.06   -0.169       0.055       
2458301.63679  2458301.63797  2018-07-02.1367984  coadd_bh285916 1.83 -2.58 17.898     >17.898  99.990          33.19        21.53   0.137        0.089       
2458306.61742  2458306.61813  2018-07-07.1174243  coadd_bh287573 1.62 -2.58 18.775     >18.775  99.990          17.66         9.60   0.073        0.040       
2458309.78464  2458309.78505  2018-07-10.2846413  coadd_bd405021 1.45 -2.25 18.756     >18.756  99.990         -20.27        13.14   -0.062       0.040       
2458312.79071  2458312.79084  2018-07-13.2907097  coadd_bd406040 1.45 -2.25 18.034     >18.034  99.990          23.38        25.54   0.072        0.078       
2458315.76827  2458315.76812  2018-07-16.2682778  coadd_bd406597 1.47 -2.25 18.655     >18.655  99.990          21.86        14.43   0.067        0.044       
2458316.58317  2458316.58295  2018-07-17.0831774  coadd_bh291299 1.42 -2.58 17.464     >17.464  99.990         -49.69        32.11   -0.205       0.132       
2458321.74743  2458321.74672  2018-07-22.2474327  coadd_bd408320 1.91 -2.25 17.640     >17.640  99.990         -83.69        36.72   -0.256       0.112       
2458322.75795  2458322.75714  2018-07-23.2579572  coadd_bd408667 1.59 -2.25 16.631      16.552  0.340          300.09        93.03   0.918        0.285       
2458323.56002  2458323.55915  2018-07-24.0600245  coadd_bh293621 1.39 -2.58 17.877     >17.877  99.990          27.20        21.94   0.112        0.090       
2458325.56364  2458325.56257  2018-07-26.0636422  coadd_bh294496 1.49 -2.58 16.739     >16.739  99.990        -103.46        62.61   -0.426       0.258       
2458328.55042  2458328.54908  2018-07-29.0504241  coadd_bh295237 1.74 -2.58 17.603     >17.603  99.990         -37.72        28.26   -0.155       0.116       
2458332.52924  2458332.52754  2018-08-02.0292453  coadd_bh296927 1.34 -2.58 18.517     >18.517  99.990         -22.80        12.18   -0.094       0.050       
2458335.52206  2458335.52009  2018-08-05.0220578  coadd_bh298181 1.58 -2.58 18.552     >18.552  99.990         -11.82        11.78   -0.049       0.049       
2458338.51955  2458338.51733  2018-08-08.0195509  coadd_bh299230 1.43 -2.58 18.430     >18.430  99.990          11.20        13.18   0.046        0.054       
2458340.51224  2458340.50984  2018-08-10.0122466  coadd_bh300079 2.14 -2.58 18.448     >18.448  99.990         -22.21        12.98   -0.091       0.053       
2458342.50524  2458342.50267  2018-08-12.0052363  coadd_bh300929 1.38 -2.58 18.648     >18.648  99.990         -16.96        10.79   -0.070       0.044       
2458344.49837  2458344.49564  2018-08-13.9983751  coadd_bh301778 1.40 -2.58 18.393     >18.393  99.990         -18.02        13.65   -0.074       0.056       
2458351.47758  2458351.47430  2018-08-20.9775802  coadd_bh303773 1.38 -2.58 18.072     >18.072  99.990          15.04        18.34   0.062        0.075       
2458352.47784  2458352.47449  2018-08-21.9778451  coadd_bh304190 1.41 -2.58 17.740     >17.740  99.990          18.70        24.89   0.077        0.102       
2458449.15763  2458449.15355  2018-11-26.6576300  coadd_bd439082 1.52 -2.25 17.270     >17.270  99.990          61.54        51.65   0.188        0.158       
2458450.15376  2458450.14976  2018-11-27.6537644  coadd_bd439511 1.43 -2.25 17.755     >17.755  99.990         -74.23        33.02   -0.227       0.101       
