###  JD        HJD            UT_date             IMAGE          FWHM  Diff Limit      mag   mag_err       counts     count_err  flux (mJy)    flux_err
2456337.05754  2456337.05667  2013-02-13.5575490  coadd_bb036317 2.30 -1.92 18.698     >18.698  99.990          13.02        18.95   0.029        0.042       
2456349.07754  2456349.07769  2013-02-25.5775497  coadd_bb037822 3.03 -1.92 17.421      17.153  0.286          235.62        61.41   0.528        0.138       
2456371.09037  2456371.09235  2013-03-19.5903793  coadd_bb041540 2.44 -1.92 18.247     >18.247  99.990          67.63        28.71   0.151        0.064       
2456386.99756  2456387.00069  2013-04-04.4975652  coadd_bb043092 1.79 -1.92 18.340     >18.340  99.990         -38.69        26.34   -0.087       0.059       
2456391.98686  2456391.99030  2013-04-09.4868604  coadd_bb044465 2.09 -1.92 18.379     >18.379  99.990         -42.45        25.41   -0.095       0.057       
2456396.02642  2456396.03011  2013-04-13.5264260  coadd_bb045056 2.03 -1.92 18.614     >18.614  99.990         -46.58        20.46   -0.104       0.046       
2456399.02723  2456399.03109  2013-04-16.5272390  coadd_bb045919 1.71 -1.92 18.560     >18.560  99.990           5.58        21.50   0.012        0.048       
2456401.05893  2456401.06289  2013-04-18.5589282  coadd_bb046471 2.03 -1.92 18.329     >18.329  99.990          60.68        26.61   0.136        0.060       
2456404.94463  2456404.94878  2013-04-22.4446421  coadd_bb047323 2.00 -1.92 17.625     >17.625  99.990         -79.65        50.89   -0.178       0.114       
2456412.00929  2456412.01374  2013-04-29.5092936  coadd_bb048961 2.00 -1.92 17.785     >17.785  99.990          11.90        43.91   0.027        0.098       
2456434.93190  2456434.93687  2013-05-22.4319093  coadd_bb050553 1.74 -1.92 17.774     >17.774  99.990          85.11        44.38   0.191        0.099       
2456443.92471  2456443.92968  2013-05-31.4247092  coadd_bb051688 1.68 -1.92 18.549     >18.549  99.990         -47.53        21.73   -0.106       0.049       
2456449.90846  2456449.91336  2013-06-06.4084638  coadd_bb052896 2.02 -1.92 18.294      17.863  0.245          122.58        27.48   0.275        0.062       
2456453.89487  2456453.89971  2013-06-10.3948701  coadd_bb054121 1.73 -1.92 17.871     >17.871  99.990         -43.80        40.56   -0.098       0.091       
2456458.88557  2456458.89029  2013-06-15.3855699  coadd_bb055110 1.72 -1.92 18.194     >18.194  99.990         -31.11        30.13   -0.070       0.067       
2456461.89234  2456461.89697  2013-06-18.3923377  coadd_bb055951 2.00 -1.92 17.970     >17.970  99.990          34.37        37.04   0.077        0.083       
2456468.85998  2456468.86437  2013-06-25.3599777  coadd_bb058079 1.77 -1.92 17.383     >17.383  99.990        -175.32        63.60   -0.393       0.142       
2456471.93254  2456471.93680  2013-06-28.4325416  coadd_bb059006 1.73 -1.92 18.066     >18.066  99.990         -77.43        33.91   -0.173       0.076       
2456475.87618  2456475.88026  2013-07-02.3761821  coadd_bb059994 2.02 -1.92 18.367     >18.367  99.990          33.79        25.69   0.076        0.058       
2456478.87620  2456478.88013  2013-07-05.3762017  coadd_bb060923 1.77 -1.92 18.301     >18.301  99.990          -6.60        27.31   -0.015       0.061       
2456479.87567  2456479.87955  2013-07-06.3756738  coadd_bb061247 1.80 -1.92 18.280     >18.280  99.990         -33.27        27.84   -0.075       0.062       
2456483.89528  2456483.89894  2013-07-10.3952792  coadd_bb062575 2.13 -1.92 18.262     >18.262  99.990          -3.60        28.30   -0.008       0.063       
2456487.80555  2456487.80899  2013-07-14.3055601  coadd_bb063718 1.78 -1.92 18.425     >18.425  99.990          58.60        24.37   0.131        0.055       
2456491.84340  2456491.84658  2013-07-18.3433991  coadd_bb065167 2.01 -1.92 17.844     >17.844  99.990          55.75        41.61   0.125        0.093       
2456496.82684  2456496.82969  2013-07-23.3268401  coadd_bb066472 2.21 -1.92 17.267     >17.267  99.990         -48.84        70.75   -0.109       0.158       
2456509.84364  2456509.84553  2013-08-05.3436422  coadd_bb068694 1.74 -1.92 18.440     >18.440  99.990           9.75        24.03   0.022        0.054       
2456516.79505  2456516.79639  2013-08-12.2950520  coadd_bb070124 2.21 -1.92 18.226     >18.226  99.990         -10.57        29.25   -0.024       0.065       
2456521.78159  2456521.78252  2013-08-17.2815862  coadd_bb071725 2.04 -1.92 17.797     >17.797  99.990          68.19        43.44   0.153        0.097       
2456525.79003  2456525.79063  2013-08-21.2900273  coadd_bb072859 2.33 -1.92 17.552     >17.552  99.990          34.19        54.43   0.077        0.122       
2456532.75547  2456532.75549  2013-08-28.2554678  coadd_bb074322 2.49 -1.92 18.720     >18.720  99.990          -8.08        18.57   -0.018       0.042       
2456535.76259  2456535.76236  2013-08-31.2625959  coadd_bb075419 2.05 -1.92 18.241     >18.241  99.990         -72.19        28.86   -0.162       0.065       
2456539.74840  2456539.74784  2013-09-04.2484069  coadd_bb076922 2.01 -1.92 18.313     >18.313  99.990          -0.13        27.01   -0.000       0.060       
2456554.71578  2456554.71400  2013-09-19.2157784  coadd_bb078944 2.68 -1.92 17.016     >17.016  99.990        -183.25        89.21   -0.410       0.200       
2456658.16898  2456658.16516  2013-12-31.6689799  coadd_bb100156 1.81 -1.92 17.315     >17.315  99.990         -65.59        67.72   -0.147       0.152       
2456659.16421  2456659.16044  2014-01-01.6642134  coadd_bb100524 2.56 -1.92 17.639      16.011  0.081          674.61        50.23   1.511        0.113       
2456701.08770  2456701.08672  2014-02-12.5877020  coadd_bb102698 1.73 -1.92 17.412     >17.412  99.990         119.36        61.93   0.267        0.139       
2456731.09633  2456731.09789  2014-03-14.5959262  coadd_bb103552 2.04 -1.92 17.532     >17.532  99.990         100.35        55.43   0.225        0.124       
2456734.14275  2456734.14454  2014-03-17.6423438  coadd_bb104056 1.75 -1.92 17.346     >17.346  99.990          27.24        65.78   0.061        0.147       
2456737.01795  2456737.01997  2014-03-20.5175429  coadd_bb104951 1.98 -1.92 17.347     >17.347  99.990         153.80        65.72   0.344        0.147       
2456741.96947  2456741.97187  2014-03-25.4690622  coadd_bb105762 1.72 -1.92 18.248     >18.248  99.990          14.00        28.67   0.031        0.064       
2456755.92260  2456755.92597  2014-04-08.4221978  coadd_bb107351 2.10 -1.92 16.402     >16.402  99.990        -336.03       156.98   -0.752       0.352       
2456756.93584  2456756.93926  2014-04-09.4354334  coadd_bb107683 1.67 -1.92 17.731     >17.731  99.990         -25.38        46.15   -0.057       0.103       
2456757.95833  2456757.96182  2014-04-10.4579312  coadd_bb108079 1.74 -1.92 17.835     >17.835  99.990        -165.18        41.95   -0.370       0.094       
2456758.98734  2456758.99089  2014-04-11.4869322  coadd_bb108399 1.99 -1.92 17.945     >17.945  99.990         -37.33        37.90   -0.084       0.085       
2456759.99302  2456759.99663  2014-04-12.4926192  coadd_bb108623 2.24 -1.92 17.435     >17.435  99.990        -270.60        60.64   -0.606       0.136       
2456771.11346  2456771.11766  2014-04-23.6130601  coadd_bb110098 2.37 -1.92 18.049     >18.049  99.990        -116.97        34.45   -0.262       0.077       
2456784.83096  2456784.83566  2014-05-07.3305559  coadd_bb111813 1.71 -1.92 17.658     >17.658  99.990          19.13        49.38   0.043        0.111       
2456787.93697  2456787.94175  2014-05-10.4365619  coadd_bb112620 1.74 -1.92 17.968     >17.968  99.990         -36.06        37.11   -0.081       0.083       
2456788.82385  2456788.82865  2014-05-11.3234501  coadd_bb112875 1.74 -1.92 17.081     >17.081  99.990        -183.36        84.00   -0.411       0.188       
2456795.97606  2456795.98098  2014-05-18.4756517  coadd_bb113788 1.70 -1.92 17.396     >17.396  99.990        -147.05        62.86   -0.329       0.141       
2456796.94299  2456796.94793  2014-05-19.4425906  coadd_bb114121 1.64 -1.92 17.749     >17.749  99.990         -40.66        45.40   -0.091       0.102       
2456799.04466  2456799.04962  2014-05-21.5442567  coadd_bb114914 1.64 -1.92 18.122     >18.122  99.990          30.70        32.20   0.069        0.072       
2456800.93043  2456800.93540  2014-05-23.4300270  coadd_bb115397 1.67 -1.92 18.057     >18.057  99.990         -33.27        34.20   -0.074       0.077       
2456802.92192  2456802.92690  2014-05-25.4215172  coadd_bb116114 1.73 -1.92 18.250     >18.250  99.990         -71.24        28.63   -0.160       0.064       
2456804.92967  2456804.93465  2014-05-27.4292638  coadd_bb116681 1.69 -1.92 18.178     >18.178  99.990           1.87        30.57   0.004        0.068       
2456807.92785  2456807.93282  2014-05-30.4274478  coadd_bb117451 2.05 -1.92 18.502     >18.502  99.990          18.02        22.70   0.040        0.051       
2456810.90821  2456810.91317  2014-06-02.4078119  coadd_bb118360 2.15 -1.92 18.376     >18.376  99.990          14.40        25.49   0.032        0.057       
2456812.90928  2456812.91421  2014-06-04.4088769  coadd_bb118993 1.81 -1.92 18.199     >18.199  99.990         -95.88        29.98   -0.215       0.067       
2456813.91330  2456813.91823  2014-06-05.4129033  coadd_bb119261 1.80 -1.92 17.748     >17.748  99.990         -10.47        45.43   -0.023       0.102       
2456814.81021  2456814.81512  2014-06-06.3098012  coadd_bb119511 1.78 -1.92 17.668     >17.668  99.990         -32.66        48.94   -0.073       0.110       
2456816.90233  2456816.90721  2014-06-08.4019311  coadd_bb120250 1.84 -1.92 17.726     >17.726  99.990        -137.44        46.36   -0.308       0.104       
2456821.98791  2456821.99268  2014-06-13.4875038  coadd_bb121830 2.13 -1.92 16.851     >16.851  99.990        -349.31       103.84   -0.782       0.233       
2456823.91632  2456823.92105  2014-06-15.4159223  coadd_bb122429 2.12 -1.92 16.863     >16.863  99.990         192.63       102.66   0.431        0.230       
2456824.99035  2456824.99505  2014-06-16.4899478  coadd_bb122770 2.00 -1.92 17.543     >17.543  99.990        -169.50        54.87   -0.380       0.123       
2456826.96178  2456826.96643  2014-06-18.4613822  coadd_bb123406 2.21 -1.92 18.004     >18.004  99.990          87.64        35.91   0.196        0.080       
2456827.97965  2456827.98426  2014-06-19.4792481  coadd_bb123762 2.17 -1.92 18.106     >18.106  99.990        -102.90        32.69   -0.230       0.073       
2456829.93686  2456829.94140  2014-06-21.4364556  coadd_bb124358 2.21 -1.92 18.227     >18.227  99.990         -42.05        29.23   -0.094       0.065       
2456832.82382  2456832.82827  2014-06-24.3234247  coadd_bb124940 1.70 -1.92 18.027     >18.027  99.990          21.46        35.14   0.048        0.079       
2456835.87272  2456835.87704  2014-06-27.3723184  coadd_bb125664 1.71 -1.92 18.147     >18.147  99.990         -82.22        31.47   -0.184       0.070       
2456847.88560  2456847.88933  2014-07-09.3851972  coadd_bb126310 1.70 -1.92 17.643     >17.643  99.990         -27.96        50.08   -0.063       0.112       
2456851.85597  2456851.85947  2014-07-13.3555603  coadd_bb127619 1.85 -1.92 17.220     >17.220  99.990          82.36        73.91   0.184        0.166       
2456855.89767  2456855.90092  2014-07-17.3972663  coadd_bb128499 1.75 -1.92 18.050     >18.050  99.990        -133.35        34.41   -0.299       0.077       
2456856.85078  2456856.85398  2014-07-18.3503809  coadd_bb128775 1.75 -1.92 18.443     >18.443  99.990          44.80        23.97   0.100        0.054       
2456857.80923  2456857.81236  2014-07-19.3088274  coadd_bb129086 1.68 -1.92 18.706     >18.706  99.990          33.60        18.80   0.075        0.042       
2456862.84856  2456862.85135  2014-07-24.3481502  coadd_bb129858 1.72 -1.92 18.232     >18.232  99.990         -19.06        29.09   -0.043       0.065       
2456863.84154  2456863.84426  2014-07-25.3411346  coadd_bb130195 1.68 -1.92 18.180     >18.180  99.990          52.65        30.52   0.118        0.068       
2456864.84028  2456864.84293  2014-07-26.3398747  coadd_bb130549 1.64 -1.92 18.527     >18.527  99.990         -36.83        22.18   -0.082       0.050       
2456865.84143  2456865.84402  2014-07-27.3410321  coadd_bb130818 1.70 -1.92 18.559     >18.559  99.990         -25.79        21.53   -0.058       0.048       
2456866.84006  2456866.84257  2014-07-28.3396523  coadd_bb131155 1.99 -1.92 18.240     >18.240  99.990        -104.49        28.89   -0.234       0.065       
2456868.82889  2456868.83126  2014-07-30.3284907  coadd_bb131761 1.76 -1.92 18.261     >18.261  99.990           1.40        28.32   0.003        0.063       
2456881.80662  2456881.80798  2014-08-12.3062178  coadd_bb133891 1.66 -1.92 17.600     >17.600  99.990        -141.25        52.10   -0.316       0.117       
2456882.80078  2456882.80207  2014-08-13.3003754  coadd_bb134309 1.66 -1.92 17.979      17.527  0.241          167.09        36.73   0.374        0.082       
2456884.80347  2456884.80459  2014-08-15.3030633  coadd_bb134760 1.67 -1.92 18.339     >18.339  99.990          70.01        26.36   0.157        0.059       
2456886.80743  2456886.80838  2014-08-17.3070206  coadd_bb135460 2.02 -1.92 17.977     >17.977  99.990          26.06        36.81   0.058        0.082       
2456888.78378  2456888.78458  2014-08-19.2833766  coadd_bb136555 1.70 -1.92 18.330     >18.330  99.990         -28.10        26.58   -0.063       0.060       
2456889.78315  2456889.78387  2014-08-20.2827488  coadd_bb136186 1.60 -1.92 18.099      18.026  0.341          105.49        32.89   0.236        0.074       
2456890.78915  2456890.78978  2014-08-21.2887464  coadd_bb136003 1.69 -1.92 18.174     >18.174  99.990         -47.74        30.70   -0.107       0.069       
2456892.78830  2456892.78876  2014-08-23.2878940  coadd_bb137324 1.80 -1.92 18.391     >18.391  99.990          -3.47        25.12   -0.008       0.056       
2456896.77999  2456896.78012  2014-08-27.2795855  coadd_bb138478 1.65 -1.92 18.381     >18.381  99.990         -53.03        25.37   -0.119       0.057       
2456898.80055  2456898.80051  2014-08-29.3001452  coadd_bb139177 2.04 -1.92 18.163     >18.163  99.990          18.85        31.00   0.042        0.069       
2456904.75635  2456904.75581  2014-09-04.2559446  coadd_bb140666 1.77 -1.92 17.595     >17.595  99.990        -287.98        52.32   -0.645       0.117       
2456907.74905  2456907.74826  2014-09-07.2486431  coadd_bb141289 1.68 -1.92 17.232     >17.232  99.990          71.28        73.07   0.160        0.164       
2456909.74330  2456909.74235  2014-09-09.2428966  coadd_bb141873 1.73 -1.92 17.230     >17.230  99.990         -72.23        73.23   -0.162       0.164       
2456911.74855  2456911.74744  2014-09-11.2481458  coadd_bb142550 1.75 -1.92 18.269     >18.269  99.990         -58.69        28.12   -0.131       0.063       
2456912.74265  2456912.74146  2014-09-12.2422519  coadd_bb142920 1.76 -1.92 18.133     >18.133  99.990          -2.29        31.88   -0.005       0.071       
2456913.73791  2456913.73664  2014-09-13.2375108  coadd_bb143168 1.73 -1.92 18.039     >18.039  99.990         -92.69        34.75   -0.208       0.078       
2456914.73789  2456914.73653  2014-09-14.2374849  coadd_bb143542 1.73 -1.92 18.121     >18.121  99.990          39.17        32.25   0.088        0.072       
2456918.73864  2456918.73697  2014-09-18.2382438  coadd_bb144791 1.78 -1.92 18.329     >18.329  99.990          -4.65        26.62   -0.010       0.060       
2457030.15985  2457030.15623  2015-01-07.6594436  coadd_bb168077 1.79 -1.92 17.145     >17.145  99.990          14.94        79.20   0.033        0.177       
2457037.14976  2457037.14657  2015-01-14.6493590  coadd_bb170441 1.98 -1.92 17.861     >17.861  99.990         -73.99        40.95   -0.166       0.092       
2457040.14280  2457040.13981  2015-01-17.6423952  coadd_bb171793 1.67 -1.92 18.123     >18.123  99.990         -58.50        32.16   -0.131       0.072       
2457041.14911  2457041.14619  2015-01-18.6487086  coadd_bb172215 1.68 -1.92 18.188     >18.188  99.990         -81.37        30.29   -0.182       0.068       
2457043.13637  2457043.13359  2015-01-20.6359682  coadd_bb172923 2.62 -1.92 18.069     >18.069  99.990         -49.82        33.82   -0.112       0.076       
2457045.13897  2457045.13632  2015-01-22.6385629  coadd_bb173752 1.90 -1.92 18.049      18.004  0.351          107.62        34.44   0.241        0.077       
2457047.13481  2457047.13231  2015-01-24.6344064  coadd_bb174574 2.02 -1.92 18.188     >18.188  99.990         -61.83        30.30   -0.138       0.068       
2457049.13665  2457049.13429  2015-01-26.6362435  coadd_bb175346 1.99 -1.92 18.199     >18.199  99.990           4.37        30.00   0.010        0.067       
2457051.13059  2457051.12839  2015-01-28.6301878  coadd_bb175833 1.89 -1.92 18.290     >18.290  99.990          15.95        27.57   0.036        0.062       
2457054.12702  2457054.12505  2015-01-31.6266127  coadd_bb176885 2.34 -1.92 17.976     >17.976  99.990          39.59        36.82   0.089        0.082       
2457056.12122  2457056.11941  2015-02-02.6208174  coadd_bb177693 1.71 -1.92 17.179     >17.179  99.990           0.03        76.74   0.000        0.172       
2457062.10550  2457062.10417  2015-02-08.6051020  coadd_bb178485 1.77 -1.92 17.561     >17.561  99.990         -27.35        53.98   -0.061       0.121       
2457065.10889  2457065.10781  2015-02-11.6084848  coadd_bb178941 2.03 -1.92 17.724      17.557  0.314          162.44        46.47   0.364        0.104       
2457071.09839  2457071.09781  2015-02-17.5979541  coadd_bb180432 1.66 -1.92 18.180     >18.180  99.990         -55.42        30.53   -0.124       0.068       
2457074.08702  2457074.08670  2015-02-20.5866056  coadd_bb181307 1.68 -1.92 18.196     >18.196  99.990          70.47        30.07   0.158        0.067       
2457079.07551  2457079.07562  2015-02-25.5750800  coadd_bb182502 1.72 -1.92 17.923     >17.923  99.990         -68.41        38.69   -0.153       0.087       
2457080.15518  2457080.15538  2015-02-26.654775  coadd_bb182748 1.70 -1.92 18.245     >18.245  99.990          44.29        28.74   0.099        0.064       
2457084.07617  2457084.07669  2015-03-02.5757608  coadd_bb183535 2.00 -1.92 17.812     >17.812  99.990          95.64        42.84   0.214        0.096       
2457092.02179  2457092.02299  2015-03-10.5213849  coadd_bb184528 2.04 -1.92 16.637     >16.637  99.990        -198.37       126.48   -0.444       0.283       
2457098.14734  2457098.14903  2015-03-16.6469310  coadd_bb185811 1.80 -1.92 17.826     >17.826  99.990          60.35        42.31   0.135        0.095       
2457099.09099  2457099.09277  2015-03-17.5905871  coadd_bb186126 1.75 -1.92 18.059     >18.059  99.990          35.68        34.13   0.080        0.076       
2457100.97802  2457100.97994  2015-03-19.4780283  coadd_bb186725 1.71 -1.92 18.161     >18.161  99.990          21.84        31.06   0.049        0.070       
2457103.05605  2457103.05814  2015-03-21.5560653  coadd_bb187347 1.70 -1.92 18.479     >18.479  99.990           6.16        23.17   0.014        0.052       
2457109.02304  2457109.02558  2015-03-27.5230561  coadd_bb189002 1.82 -1.92 18.072     >18.072  99.990        -111.27        33.71   -0.249       0.075       
2457109.97145  2457109.97405  2015-03-28.4714600  coadd_bb189313 1.74 -1.92 18.738     >18.738  99.990          19.31        18.25   0.043        0.041       
2457110.95498  2457110.95766  2015-03-29.4549913  coadd_bb189637 1.76 -1.92 17.938     >17.938  99.990         -18.29        38.15   -0.041       0.085       
2457113.94618  2457113.94907  2015-04-01.4461998  coadd_bb190629 1.72 -1.92 17.216     >17.216  99.990        -186.83        74.19   -0.418       0.166       
2457116.98848  2457116.99157  2015-04-04.4884952  coadd_bb191500 1.67 -1.92 17.969     >17.969  99.990          82.26        37.07   0.184        0.083       
2457120.94447  2457120.94782  2015-04-08.4444862  coadd_bb192300 1.75 -1.92 16.310     >16.310  99.990         467.99       170.89   1.048        0.383       
2457123.13754  2457123.14102  2015-04-10.6375513  coadd_bb193080 1.71 -1.92 17.151     >17.151  99.990        -358.92        78.78   -0.804       0.176       
2457125.13808  2457125.14169  2015-04-12.6380966  coadd_bb193448 2.09 -1.92 17.063     >17.063  99.990         178.50        85.39   0.400        0.191       
2457126.12220  2457126.12586  2015-04-13.6222140  coadd_bb193772 1.81 -1.92 18.110     >18.110  99.990          20.80        32.56   0.047        0.073       
2457127.99746  2457128.00122  2015-04-15.4974687  coadd_bb194058 1.75 -1.92 18.205     >18.205  99.990         -32.99        29.84   -0.074       0.067       
2457132.01850  2457132.02249  2015-04-19.5185159  coadd_bb194967 1.70 -1.92 18.237     >18.237  99.990          24.63        28.96   0.055        0.065       
2457135.91630  2457135.92047  2015-04-23.4163137  coadd_bb195913 1.65 -1.92 18.213     >18.213  99.990          26.96        29.60   0.060        0.066       
2457138.92686  2457138.93116  2015-04-26.4268560  coadd_bb196877 1.65 -1.92 17.906     >17.906  99.990        -139.84        39.28   -0.313       0.088       
2457149.04564  2457149.05031  2015-05-06.5456450  coadd_bb198047 1.72 -1.92 16.962     >16.962  99.990         -35.79        93.76   -0.080       0.210       
2457151.02175  2457151.02647  2015-05-08.5217525  coadd_bb198642 1.84 -1.92 17.183     >17.183  99.990         -55.16        76.48   -0.124       0.171       
2457154.01490  2457154.01970  2015-05-11.5149057  coadd_bb199208 1.71 -1.92 17.831     >17.831  99.990         -90.26        42.10   -0.202       0.094       
2457155.95158  2457155.95642  2015-05-13.4515835  coadd_bb199738 1.76 -1.92 18.043     >18.043  99.990         -26.89        34.63   -0.060       0.078       
2457157.92994  2457157.93482  2015-05-15.4299704  coadd_bb200214 1.66 -1.92 17.696     >17.696  99.990        -134.63        47.67   -0.301       0.107       
2457161.91852  2457161.92345  2015-05-19.4185224  coadd_bb200981 1.68 -1.92 17.840     >17.840  99.990          56.10        41.77   0.126        0.094       
2457163.01220  2457163.01714  2015-05-20.5122045  coadd_bb201364 1.76 -1.92 18.378     >18.378  99.990          63.68        25.43   0.143        0.057       
2457166.79748  2457166.80245  2015-05-24.2974935  coadd_bb202182 1.85 -1.92 17.997     >17.997  99.990         -50.08        36.12   -0.112       0.081       
2457168.81849  2457168.82348  2015-05-26.3185193  coadd_bb202667 1.73 -1.92 17.757     >17.757  99.990         118.52        45.07   0.265        0.101       
2457172.87729  2457172.88227  2015-05-30.3773033  coadd_bb203472 1.64 -1.92 17.407     >17.407  99.990        -157.25        62.21   -0.352       0.139       
2457174.91960  2457174.92456  2015-06-01.4196152  coadd_bb203835 1.74 -1.92 17.358     >17.358  99.990          37.95        65.10   0.085        0.146       
2457176.95545  2457176.96040  2015-06-03.4554675  coadd_bb204173 1.77 -1.92 17.300     >17.300  99.990         131.73        68.65   0.295        0.154       
2457179.00738  2457179.01231  2015-06-05.5074041  coadd_bb204766 1.73 -1.92 17.443     >17.443  99.990          71.38        60.19   0.160        0.135       
2457179.89651  2457179.90142  2015-06-06.3965103  coadd_bb205015 1.78 -1.92 17.558     >17.558  99.990          22.14        54.16   0.050        0.121       
2457180.84116  2457180.84607  2015-06-07.3411737  coadd_bb205297 1.66 -1.92 18.180     >18.180  99.990         -78.37        30.54   -0.175       0.068       
2457184.74513  2457184.74996  2015-06-11.2451445  coadd_bb206222 1.81 -1.92 18.397     >18.397  99.990         -47.10        24.99   -0.105       0.056       
2457189.91916  2457189.92387  2015-06-16.4191836  coadd_bb207092 1.73 -1.92 18.101     >18.101  99.990          31.55        32.82   0.071        0.073       
2457191.90714  2457191.91179  2015-06-18.4071431  coadd_bb207651 1.66 -1.92 18.018     >18.018  99.990          52.93        35.44   0.119        0.079       
2457193.90162  2457193.90620  2015-06-20.4016236  coadd_bb208143 1.74 -1.92 18.189     >18.189  99.990          40.69        30.26   0.091        0.068       
2457196.79584  2457196.80033  2015-06-23.2958538  coadd_bb208961 1.78 -1.92 18.158     >18.158  99.990          17.70        31.15   0.040        0.070       
2457197.95406  2457197.95851  2015-06-24.4540784  coadd_bb209331 2.03 -1.92 18.129     >18.129  99.990         -12.35        32.01   -0.028       0.072       
2457200.87335  2457200.87768  2015-06-27.3733714  coadd_bb209930 1.75 -1.92 17.663     >17.663  99.990         -79.43        49.16   -0.178       0.110       
2457203.92828  2457203.93248  2015-06-30.4282837  coadd_bb210850 1.71 -1.92 16.906     >16.906  99.990        -198.73        98.72   -0.445       0.221       
2457205.86253  2457205.86664  2015-07-02.3625344  coadd_bb211331 1.66 -1.92 16.969     >16.969  99.990         -25.81        93.13   -0.058       0.209       
2457206.80100  2457206.80507  2015-07-03.3010023  coadd_bb211599 1.76 -1.92 17.271     >17.271  99.990         153.47        70.52   0.344        0.158       
2457209.93558  2457209.93949  2015-07-06.4355831  coadd_bb212274 1.82 -1.92 17.887     >17.887  99.990         -55.11        39.98   -0.123       0.090       
2457210.85811  2457210.86197  2015-07-07.3581096  coadd_bb212520 1.72 -1.92 18.306     >18.306  99.990         -60.70        27.17   -0.136       0.061       
2457215.91145  2457215.91502  2015-07-12.4114476  coadd_bb213395 2.18 -1.92 17.993     >17.993  99.990           2.52        36.26   0.006        0.081       
2457221.83584  2457221.83905  2015-07-18.3358406  coadd_bb214293 1.73 -1.92 18.289     >18.289  99.990          43.35        27.61   0.097        0.062       
2457226.84847  2457226.85135  2015-07-23.3484726  coadd_bb215065 1.71 -1.92 17.999     >17.999  99.990         102.71        36.08   0.230        0.081       
2457229.83498  2457229.83766  2015-07-26.3349835  coadd_bb215944 1.81 -1.92 17.745     >17.745  99.990          91.68        45.55   0.205        0.102       
2457232.87142  2457232.87388  2015-07-29.3714170  coadd_bb216799 1.74 -1.92 16.440     >16.440  99.990         172.66       151.53   0.387        0.339       
2457233.85358  2457233.85597  2015-07-30.3535842  coadd_bb217117 2.10 -1.92 17.129     >17.129  99.990         -42.43        80.35   -0.095       0.180       
2457237.85668  2457237.85877  2015-08-03.3566812  coadd_bb217856 1.65 -1.92 17.322     >17.322  99.990         -54.47        67.26   -0.122       0.151       
2457240.84612  2457240.84798  2015-08-06.3461230  coadd_bb218368 1.79 -1.92 18.371     >18.371  99.990          69.96        25.59   0.157        0.057       
2457242.83450  2457242.83620  2015-08-08.3344980  coadd_bb218940 1.77 -1.92 18.284      18.203  0.339           89.63        27.74   0.201        0.062       
2457244.84026  2457244.84181  2015-08-10.3402679  coadd_bb219634 1.92 -1.92 17.935     >17.935  99.990         -68.70        38.24   -0.154       0.086       
2457246.82120  2457246.82258  2015-08-12.3212031  coadd_bb220305 1.79 -1.92 18.231     >18.231  99.990          77.36        29.13   0.173        0.065       
2457248.82250  2457248.82372  2015-08-14.3225008  coadd_bb220828 2.03 -1.92 18.419     >18.419  99.990          46.31        24.50   0.104        0.055       
2457250.76647  2457250.76754  2015-08-16.2664745  coadd_bb221108 2.21 -1.92 17.813     >17.813  99.990         -23.78        42.81   -0.053       0.096       
2457255.81119  2457255.81184  2015-08-21.3111928  coadd_bb221654 1.78 -1.92 18.209     >18.209  99.990        -116.83        29.72   -0.262       0.067       
2457262.76382  2457262.76388  2015-08-28.2638182  coadd_bb222566 2.12 -1.92 17.696     >17.696  99.990        -200.83        47.69   -0.450       0.107       
2457268.75368  2457268.75325  2015-09-03.2536851  coadd_bb224124 1.74 -1.92 18.092     >18.092  99.990        -106.12        33.11   -0.238       0.074       
2457272.76531  2457272.76455  2015-09-07.2653113  coadd_bb225213 2.34 -1.92 18.397     >18.397  99.990         -30.87        24.99   -0.069       0.056       
2457274.73711  2457274.73618  2015-09-09.2371084  coadd_bb225720 2.17 -1.92 18.240     >18.240  99.990         -42.43        28.88   -0.095       0.065       
2457277.73521  2457277.73403  2015-09-12.2352098  coadd_bb226750 2.21 -1.92 18.446     >18.446  99.990         -36.63        23.88   -0.082       0.053       
2457283.71847  2457283.71681  2015-09-18.2184651  coadd_bb227442 1.79 -1.92 17.655     >17.655  99.990          -0.67        49.52   -0.002       0.111       
2457397.15836  2457397.15485  2016-01-09.6583671  coadd_bb257729 1.78 -1.92 18.191     >18.191  99.990          75.24        30.21   0.168        0.068       
2457404.15259  2457404.14951  2016-01-16.6525888  coadd_bb260282 1.81 -1.92 18.156      17.628  0.225          152.20        31.20   0.341        0.070       
2457407.14629  2457407.14342  2016-01-19.6462921  coadd_bb261576 1.71 -1.92 18.232     >18.232  99.990         -71.45        29.10   -0.160       0.065       
2457411.13646  2457411.13387  2016-01-23.6364648  coadd_bb263269 1.75 -1.92 17.292     >17.292  99.990        -164.86        69.17   -0.369       0.155       
2457413.13731  2457413.13486  2016-01-25.6373122  coadd_bb264132 1.89 -1.92 17.535     >17.535  99.990          19.45        55.28   0.044        0.124       
2457415.14956  2457415.14726  2016-01-27.6495586  coadd_bb265009 1.94 -1.92 17.785     >17.785  99.990          67.83        43.93   0.152        0.098       
2457419.12594  2457419.12396  2016-01-31.6259472  coadd_bb266681 1.69 -1.92 17.716     >17.716  99.990          79.35        46.81   0.178        0.105       
2457422.12588  2457422.12413  2016-02-03.6258859  coadd_bb267939 1.78 -1.92 18.006     >18.006  99.990           5.95        35.82   0.013        0.080       
2457424.13053  2457424.12893  2016-02-05.6305282  coadd_bb268923 1.78 -1.92 18.051     >18.051  99.990         -58.60        34.38   -0.131       0.077       
2457427.09832  2457427.09697  2016-02-08.5983240  coadd_bb269559 2.28 -1.92 17.797     >17.797  99.990         -45.24        43.43   -0.101       0.097       
2457429.11295  2457429.11176  2016-02-10.6129482  coadd_bb270399 1.82 -1.92 18.326     >18.326  99.990         -72.85        26.69   -0.163       0.060       
2457438.05917  2457438.05873  2016-02-19.5591689  coadd_bb273590 2.13 -1.92 17.218     >17.218  99.990         -75.73        74.02   -0.170       0.166       
2457439.06288  2457439.06253  2016-02-20.5628787  coadd_bb274012 2.43 -1.92 17.223     >17.223  99.990         -55.79        73.69   -0.125       0.165       
2457441.07863  2457441.07845  2016-02-22.5786295  coadd_bb274852 1.82 -1.92 17.370     >17.370  99.990          67.02        64.37   0.150        0.144       
2457442.12431  2457442.12422  2016-02-23.6243083  coadd_bb275276 1.63 -1.92 17.566     >17.566  99.990          25.69        53.75   0.058        0.120       
2457445.04565  2457445.04581  2016-02-26.5456480  coadd_bb276398 1.81 -1.92 17.452     >17.452  99.990         -38.11        59.69   -0.085       0.134       
2457447.08794  2457447.08828  2016-02-28.5879434  coadd_bb277201 1.79 -1.92 17.666     >17.666  99.990          50.05        49.02   0.112        0.110       
2457450.05467  2457450.05526  2016-03-02.5546697  coadd_bb278327 1.71 -1.92 18.049     >18.049  99.990         -44.23        34.42   -0.099       0.077       
2457452.12311  2457452.12388  2016-03-04.6231112  coadd_bb279204 1.62 -1.92 18.174     >18.174  99.990         -31.40        30.69   -0.070       0.069       
2457454.02151  2457454.02243  2016-03-06.5215109  coadd_bb279950 1.69 -1.92 18.181      18.132  0.349           95.68        30.48   0.214        0.068       
2457455.02178  2457455.02279  2016-03-07.5217824  coadd_bb280361 1.98 -1.92 18.100     >18.100  99.990           3.09        32.86   0.007        0.074       
2457458.02259  2457458.02385  2016-03-10.5225894  coadd_bb281218 1.89 -1.92 18.327     >18.327  99.990         -16.65        26.66   -0.037       0.060       
2457459.09830  2457459.09964  2016-03-11.5982966  coadd_bb281663 1.80 -1.92 18.301     >18.301  99.990         -78.29        27.31   -0.175       0.061       
2457463.98956  2457463.99131  2016-03-16.4895670  coadd_bb283327 1.66 -1.92 18.255     >18.255  99.990         -41.45        28.48   -0.093       0.064       
2457466.98100  2457466.98298  2016-03-19.4809956  coadd_bb284400 1.67 -1.92 17.272     >17.272  99.990           6.09        70.46   0.014        0.158       
2457468.12304  2457468.12511  2016-03-20.6230438  coadd_bb284893 1.78 -1.92 18.252     >18.252  99.990          27.54        28.58   0.062        0.064       
2457469.97216  2457469.97437  2016-03-22.4721592  coadd_bb285270 1.78 -1.92 17.027     >17.027  99.990         107.67        88.31   0.241        0.198       
2457472.96506  2457472.96750  2016-03-25.4650672  coadd_bb286269 2.02 -1.92 17.041     >17.041  99.990        -171.22        87.11   -0.383       0.195       
2457475.07138  2457475.07397  2016-03-27.5713833  coadd_bb286488 1.92 -1.92 17.458     >17.458  99.990        -157.63        59.35   -0.353       0.133       
2457477.95848  2457477.96128  2016-03-30.4584854  coadd_bb287314 1.82 -1.92 18.033     >18.033  99.990          28.03        34.94   0.063        0.078       
2457479.02700  2457479.02987  2016-03-31.5270032  coadd_bb287762 1.75 -1.92 17.779     >17.779  99.990         -55.84        44.17   -0.125       0.099       
2457480.06133  2457480.06427  2016-04-01.5613285  coadd_bb288081 1.65 -1.92 18.021     >18.021  99.990          25.73        35.35   0.058        0.079       
2457483.09242  2457483.09556  2016-04-04.5924181  coadd_bb289248 1.83 -1.92 18.293     >18.293  99.990           8.38        27.51   0.019        0.062       
2457488.04433  2457488.04779  2016-04-09.5443285  coadd_bb290118 2.00 -1.92 18.353     >18.353  99.990          29.50        26.02   0.066        0.058       
2457490.02990  2457490.03348  2016-04-11.5299004  coadd_bb290880 1.66 -1.92 18.223     >18.223  99.990           1.21        29.33   0.003        0.066       
2457491.99217  2457491.99587  2016-04-13.4921728  coadd_bb291615 2.10 -1.92 18.131     >18.131  99.990        -112.80        31.93   -0.253       0.072       
2457492.96999  2457492.97374  2016-04-14.4699906  coadd_bb291896 1.65 -1.92 18.430     >18.430  99.990         -16.47        24.25   -0.037       0.054       
2457495.90131  2457495.90522  2016-04-17.4013107  coadd_bb292926 1.88 -1.92 17.765     >17.765  99.990         -61.01        44.72   -0.137       0.100       
2457499.10913  2457499.11320  2016-04-20.6091326  coadd_bb293613 1.84 -1.92 17.856     >17.856  99.990          -2.09        41.16   -0.005       0.092       
2457503.98062  2457503.98492  2016-04-25.4806254  coadd_bb295254 1.67 -1.92 17.584     >17.584  99.990          -5.56        52.85   -0.012       0.118       
2457506.00790  2457506.01228  2016-04-27.5079075  coadd_bb296015 1.79 -1.92 17.682     >17.682  99.990          41.97        48.29   0.094        0.108       
2457509.09577  2457509.10027  2016-04-30.5957699  coadd_bb297121 1.77 -1.92 18.145     >18.145  99.990        -111.41        31.52   -0.249       0.071       
2457510.99436  2457510.99893  2016-05-02.4943628  coadd_bb297573 1.73 -1.92 18.191     >18.191  99.990          38.56        30.23   0.086        0.068       
2457514.06756  2457514.07222  2016-05-05.5675598  coadd_bb298740 1.69 -1.92 18.437     >18.437  99.990         -26.17        24.09   -0.059       0.054       
2457520.94475  2457520.94958  2016-05-12.4447478  coadd_bb299680 1.80 -1.92 18.336     >18.336  99.990         -19.33        26.44   -0.043       0.059       
2457527.80497  2457527.80992  2016-05-19.3049775  coadd_bb301151 1.73 -1.92 17.335     >17.335  99.990         -27.37        66.49   -0.061       0.149       
2457530.90628  2457530.91125  2016-05-22.4062821  coadd_bb302261 2.04 -1.92 16.649     >16.649  99.990          68.49       125.07   0.153        0.280       
2457531.97138  2457531.97635  2016-05-23.4713803  coadd_bb302546 1.79 -1.92 17.252     >17.252  99.990        -118.30        71.75   -0.265       0.161       
2457536.02575  2457536.03073  2016-05-27.5257523  coadd_bb303310 1.67 -1.92 18.199     >18.199  99.990          67.01        29.99   0.150        0.067       
2457538.98901  2457538.99398  2016-05-30.4890136  coadd_bb304177 1.70 -1.92 18.335     >18.335  99.990          46.23        26.45   0.104        0.059       
2457542.97495  2457542.97989  2016-06-03.4749508  coadd_bb305100 1.83 -1.92 18.368     >18.368  99.990          30.85        25.67   0.069        0.057       
2457546.96501  2457546.96989  2016-06-07.4650105  coadd_bb306180 1.76 -1.92 18.468     >18.468  99.990         -16.29        23.41   -0.036       0.052       
2457547.98028  2457547.98515  2016-06-08.4802791  coadd_bb306525 1.69 -1.92 18.436     >18.436  99.990          50.09        24.12   0.112        0.054       
2457549.92757  2457549.93241  2016-06-10.4275760  coadd_bb307156 1.75 -1.92 18.325     >18.325  99.990         -49.83        26.70   -0.112       0.060       
2457555.84824  2457555.85293  2016-06-16.3482420  coadd_bb308153 1.75 -1.92 17.402     >17.402  99.990        -118.35        62.51   -0.265       0.140       
2457559.91777  2457559.92233  2016-06-20.4177752  coadd_bb309327 1.72 -1.92 17.114     >17.114  99.990          -4.62        81.48   -0.010       0.182       
2457561.93383  2457561.93832  2016-06-22.4338275  coadd_bb309983 1.74 -1.92 17.558     >17.558  99.990          84.68        54.13   0.190        0.121       
2457562.80292  2457562.80738  2016-06-23.3029281  coadd_bb310230 1.73 -1.92 18.065     >18.065  99.990         -47.75        33.94   -0.107       0.076       
2457568.87237  2457568.87659  2016-06-29.3723767  coadd_bb311711 1.65 -1.92 18.476     >18.476  99.990          -9.74        23.23   -0.022       0.052       
2457572.88753  2457572.89155  2016-07-03.3875314  coadd_bb312384 1.75 -1.92 18.160     >18.160  99.990           0.91        31.10   0.002        0.070       
2457574.93454  2457574.93846  2016-07-05.4345461  coadd_bb312862 1.64 -1.92 18.408     >18.408  99.990           2.97        24.74   0.007        0.055       
2457576.93053  2457576.93435  2016-07-07.4305377  coadd_bb313501 1.82 -1.92 18.064     >18.064  99.990          41.28        33.98   0.092        0.076       
2457577.91309  2457577.91685  2016-07-08.4130949  coadd_bb313843 1.78 -1.92 18.478     >18.478  99.990           6.04        23.20   0.014        0.052       
2457580.92406  2457580.92765  2016-07-11.4240666  coadd_bb314477 1.74 -1.92 18.371     >18.371  99.990          26.47        25.61   0.059        0.057       
2457585.79446  2457585.79776  2016-07-16.2944627  coadd_bb315618 1.68 -1.92 17.480     >17.480  99.990          70.76        58.16   0.158        0.130       
2457591.88619  2457591.88909  2016-07-22.3861943  coadd_bb316872 1.74 -1.92 17.741     >17.741  99.990         -43.71        45.73   -0.098       0.102       
2457595.84067  2457595.84329  2016-07-26.3406747  coadd_bb317526 1.69 -1.92 18.291      17.698  0.211          142.69        27.56   0.320        0.062       
2457598.86912  2457598.87152  2016-07-29.3691157  coadd_bb318501 2.27 -1.92 18.278     >18.278  99.990           6.40        27.89   0.014        0.062       
2457601.85492  2457601.85710  2016-08-01.3549206  coadd_bb319274 1.63 -1.92 18.265     >18.265  99.990           8.51        28.24   0.019        0.063       
2457603.85045  2457603.85248  2016-08-03.3504493  coadd_bb319995 1.73 -1.92 18.249     >18.249  99.990         -81.40        28.64   -0.182       0.064       
2457605.84162  2457605.84349  2016-08-05.3416200  coadd_bb320536 2.04 -1.92 18.382     >18.382  99.990          33.94        25.34   0.076        0.057       
2457607.84063  2457607.84235  2016-08-07.3406304  coadd_bb321231 1.74 -1.92 18.402     >18.402  99.990         -53.45        24.88   -0.120       0.056       
2457609.77443  2457609.77600  2016-08-09.2744296  coadd_bb321875 2.02 -1.92 18.315      17.986  0.270          109.48        26.96   0.245        0.060       
2457612.82089  2457612.82221  2016-08-12.3208940  coadd_bb322867 2.02 -1.92 17.690     >17.690  99.990          46.21        47.94   0.103        0.107       
2457616.81075  2457616.81175  2016-08-16.3107545  coadd_bb323889 1.82 -1.92 17.502     >17.502  99.990        -125.81        56.97   -0.282       0.128       
2457618.80433  2457618.80516  2016-08-18.3043329  coadd_bb324549 2.07 -1.92 17.253     >17.253  99.990        -146.26        71.66   -0.328       0.160       
2457619.80340  2457619.80415  2016-08-19.3034015  coadd_bb324921 2.09 -1.92 17.585     >17.585  99.990         -78.85        52.80   -0.177       0.118       
2457621.77808  2457621.77866  2016-08-21.2780789  coadd_bb325398 1.76 -1.92 18.185     >18.185  99.990         -87.54        30.40   -0.196       0.068       
2457625.77964  2457625.77990  2016-08-25.2796461  coadd_bb325928 2.47 -1.92 18.363     >18.363  99.990          10.52        25.79   0.024        0.058       
2457630.76985  2457630.76969  2016-08-30.2698543  coadd_bb327101 1.63 -1.92 18.377     >18.377  99.990         -62.51        25.45   -0.140       0.057       
2457634.53765  2457634.53717  2016-09-03.0376554  coadd_bf229865 1.57 -2.34 18.146     >18.146  99.990          -0.66        21.23   -0.002       0.071       
2457634.53765  2457634.53732  2016-09-03.0376550  coadd_bh102755 1.47 -2.34 18.155      18.127  0.356           64.79        21.06   0.215        0.070       
2457635.55628  2457635.55572  2016-09-04.0562871  coadd_bf230276 1.54 -2.34 18.167     >18.167  99.990          44.08        20.83   0.146        0.069       
2457635.55628  2457635.55587  2016-09-04.0562875  coadd_bh103166 1.44 -2.34 18.064     >18.064  99.990          43.43        22.90   0.144        0.076       
2457637.75020  2457637.74945  2016-09-06.2501982  coadd_bb328073 1.72 -1.92 18.117      17.937  0.309          114.55        32.36   0.257        0.072       
2457642.73944  2457642.73829  2016-09-11.2394488  coadd_bb329297 2.44 -1.92 17.100     >17.100  99.990         193.95        82.56   0.434        0.185       
2457647.50279  2457647.50144  2016-09-16.0027863  coadd_bh107270 1.44 -2.34 17.294     >17.294  99.990          22.83        46.52   0.076        0.155       
2457647.50279  2457647.50125  2016-09-16.0027879  coadd_bf234391 1.70 -2.34 17.212     >17.212  99.990         112.12        50.22   0.372        0.167       
2457651.48857  2457651.48672  2016-09-19.9885737  coadd_bf235436 1.69 -2.34 18.007      17.892  0.329           80.53        24.15   0.267        0.080       
2457651.48857  2457651.48692  2016-09-19.9885738  coadd_bh108725 1.87 -2.34 18.027     >18.027  99.990          47.83        23.70   0.159        0.079       
2457655.50582  2457655.50366  2016-09-24.0058193  coadd_bf236975 1.50 -2.34 18.081      17.870  0.300           82.21        22.55   0.273        0.075       
2457655.50582  2457655.50387  2016-09-24.0058193  coadd_bh110264 1.35 -2.34 18.054     >18.054  99.990          52.07        23.11   0.173        0.077       
2457658.49168  2457658.48953  2016-09-26.9916827  coadd_bh111393 1.57 -2.34 18.102     >18.102  99.990         -23.65        22.11   -0.079       0.073       
2457658.49168  2457658.48930  2016-09-26.9916826  coadd_bf238104 1.77 -2.34 17.918     >17.918  99.990         -25.19        26.19   -0.084       0.087       
2457768.15614  2457768.15298  2017-01-14.6561362  coadd_bb363274 1.90 -1.92 17.469     >17.469  99.990          26.40        58.77   0.059        0.132       
2457773.16300  2457773.16018  2017-01-19.6630016  coadd_bb364947 2.14 -1.92 17.950     >17.950  99.990         -34.24        37.72   -0.077       0.084       
2457778.13020  2457778.12774  2017-01-24.6302062  coadd_bb366634 2.06 -1.92 18.328     >18.328  99.990          48.12        26.63   0.108        0.060       
2457782.12739  2457782.12522  2017-01-28.6273908  coadd_bb368250 1.78 -1.92 18.372     >18.372  99.990          71.91        25.59   0.161        0.057       
2457787.10294  2457787.10117  2017-02-02.6029437  coadd_bb370172 1.97 -1.92 17.994     >17.994  99.990         -74.20        36.24   -0.166       0.081       
2457789.09973  2457789.09811  2017-02-04.5997292  coadd_bb370891 2.02 -1.92 18.317     >18.317  99.990         -74.72        26.90   -0.167       0.060       
2457794.08698  2457794.08577  2017-02-09.5869800  coadd_bb372122 1.88 -1.92 17.434     >17.434  99.990          15.08        60.68   0.034        0.136       
2457797.10412  2457797.10316  2017-02-12.6041185  coadd_bb372798 2.02 -1.92 17.496     >17.496  99.990          23.55        57.32   0.053        0.128       
2457802.12724  2457802.12670  2017-02-17.6272347  coadd_bb374790 2.09 -1.92 17.708     >17.708  99.990           1.24        47.13   0.003        0.106       
2457805.10892  2457805.10864  2017-02-20.6089224  coadd_bb375628 1.67 -1.92 17.990     >17.990  99.990        -113.06        36.35   -0.253       0.081       
2457808.08726  2457808.08724  2017-02-23.5872625  coadd_bb376798 1.61 -1.92 18.129     >18.129  99.990          21.95        31.99   0.049        0.072       
2457817.06618  2457817.06692  2017-03-04.5661784  coadd_bb378077 2.08 -1.92 18.236     >18.236  99.990         -30.35        28.99   -0.068       0.065       
2457818.03262  2457818.03344  2017-03-05.5326182  coadd_bb378440 2.03 -1.92 17.745     >17.745  99.990         -66.97        45.57   -0.150       0.102       
2457819.02220  2457819.02311  2017-03-06.5222038  coadd_bb378751 1.85 -1.92 18.444     >18.444  99.990          17.72        23.93   0.040        0.054       
2457820.06022  2457820.06121  2017-03-07.5602223  coadd_bb379122 1.78 -1.92 18.458     >18.458  99.990          -2.00        23.64   -0.004       0.053       
2457822.82718  2457822.82822  2017-03-10.3271797  coadd_bh155525 1.40 -2.34 17.541     >17.541  99.990          99.44        37.07   0.330        0.123       
2457822.82718  2457822.82840  2017-03-10.3271791  coadd_bf282359 1.63 -2.34 17.636     >17.636  99.990          24.10        33.98   0.080        0.113       
2457825.04988  2457825.05129  2017-03-12.5498822  coadd_bb379857 2.07 -1.92 17.336     >17.336  99.990        -131.57        66.40   -0.295       0.149       
2457826.84109  2457826.84264  2017-03-14.3410901  coadd_bf283820 1.48 -2.34 17.354     >17.354  99.990         -21.62        44.05   -0.072       0.146       
2457826.84109  2457826.84244  2017-03-14.3410891  coadd_bh156985 1.36 -2.34 19.581      18.892  0.192           32.03         5.66   0.106        0.019       
2457828.87014  2457828.87166  2017-03-16.3701445  coadd_bh157764 1.36 -2.34 17.908     >17.908  99.990          -8.07        26.44   -0.027       0.088       
2457828.87014  2457828.87186  2017-03-16.3701443  coadd_bf284597 1.56 -2.34 17.285     >17.285  99.990          46.98        46.94   0.156        0.156       
2457832.06313  2457832.06510  2017-03-19.5631363  coadd_bb382496 1.79 -1.92 17.703     >17.703  99.990         -41.10        47.36   -0.092       0.106       
2457834.00605  2457834.00817  2017-03-21.5060483  coadd_bb383225 1.78 -1.92 18.302     >18.302  99.990         -46.72        27.28   -0.105       0.061       
2457836.02189  2457836.02417  2017-03-23.5218958  coadd_bb383998 1.79 -1.92 18.243     >18.243  99.990          40.74        28.80   0.091        0.064       
2457840.06453  2457840.06710  2017-03-27.5645310  coadd_bb385400 1.79 -1.92 18.390     >18.390  99.990          67.60        25.15   0.151        0.056       
2457845.95169  2457845.95468  2017-04-02.4516961  coadd_bb387083 2.05 -1.92 18.391     >18.391  99.990          43.87        25.13   0.098        0.056       
2457848.09255  2457848.09568  2017-04-04.5925486  coadd_bb387881 1.74 -1.92 18.310      18.164  0.319           92.90        27.09   0.208        0.061       
2457849.93411  2457849.93736  2017-04-06.4341057  coadd_bb388508 1.83 -1.92 17.786     >17.786  99.990        -129.66        43.89   -0.290       0.098       
2457851.08744  2457851.09077  2017-04-07.5874413  coadd_bb388985 1.74 -1.92 18.363     >18.363  99.990          23.43        25.80   0.052        0.058       
2457851.92696  2457851.93034  2017-04-08.4269589  coadd_bb389247 2.01 -1.92 17.457     >17.457  99.990         -97.10        59.43   -0.217       0.133       
2457853.13128  2457853.13473  2017-04-09.6312817  coadd_bb389729 1.64 -1.92 17.895     >17.895  99.990        -206.92        39.69   -0.463       0.089       
2457853.94962  2457853.95312  2017-04-10.4496207  coadd_bb389923 1.86 -1.92 16.850     >16.850  99.990          72.79       103.87   0.163        0.233       
2457855.96083  2457855.96445  2017-04-12.4608295  coadd_bb390585 1.84 -1.92 17.148     >17.148  99.990        -195.84        79.00   -0.439       0.177       
2457858.82637  2457858.83016  2017-04-15.3263760  coadd_bf294915 1.54 -2.34 17.548     >17.548  99.990         -13.51        36.84   -0.045       0.122       
2457858.82637  2457858.82989  2017-04-15.3263759  coadd_bh167084 1.40 -2.34 17.587     >17.587  99.990          75.73        35.52   0.252        0.118       
2457864.05129  2457864.05535  2017-04-20.5512942  coadd_bb392175 1.69 -1.92 18.208     >18.208  99.990         -47.35        29.76   -0.106       0.067       
2457866.77527  2457866.77946  2017-04-23.2752758  coadd_bf296499 1.45 -2.34 17.966     >17.966  99.990          42.26        25.07   0.140        0.083       
2457866.77527  2457866.77919  2017-04-23.2752761  coadd_bh168670 1.40 -2.34 18.057     >18.057  99.990         -12.86        23.03   -0.043       0.077       
2457870.95456  2457870.95892  2017-04-27.4545585  coadd_bb393612 1.78 -1.92 18.277     >18.277  99.990         -92.76        27.91   -0.208       0.063       
2457873.68793  2457873.69240  2017-04-30.1879346  coadd_bf299146 1.40 -2.34 18.072     >18.072  99.990          -6.95        22.73   -0.023       0.075       
2457873.68793  2457873.69213  2017-04-30.1879354  coadd_bh171318 1.42 -2.34 18.139     >18.139  99.990         -46.00        21.38   -0.153       0.071       
2457877.67106  2457877.67568  2017-05-04.1710671  coadd_bf300667 1.49 -2.34 17.805     >17.805  99.990         -70.62        29.08   -0.235       0.097       
2457877.67106  2457877.67540  2017-05-04.1710681  coadd_bh172837 1.35 -2.34 18.116     >18.116  99.990          21.21        21.82   0.070        0.073       
2457879.09767  2457879.10232  2017-05-05.5976692  coadd_bb395033 1.72 -1.92 18.285     >18.285  99.990         -14.25        27.72   -0.032       0.062       
2457879.66610  2457879.67050  2017-05-06.1660993  coadd_bh173687 1.43 -2.34 17.689     >17.689  99.990         -54.97        32.34   -0.183       0.107       
2457879.66610  2457879.67077  2017-05-06.1660987  coadd_bf301517 1.49 -2.34 17.239     >17.239  99.990         -92.01        48.98   -0.306       0.163       
2457882.93618  2457882.94095  2017-05-09.4361865  coadd_bb396140 1.79 -1.92 17.261      17.183  0.341          229.25        71.17   0.513        0.159       
2457891.06801  2457891.07292  2017-05-17.5680068  coadd_bb398079 2.07 -1.92 18.058     >18.058  99.990         -32.51        34.17   -0.073       0.077       
2457892.95522  2457892.96016  2017-05-19.4552168  coadd_bb398647 1.96 -1.92 18.149     >18.149  99.990          85.70        31.42   0.192        0.070       
2457895.87435  2457895.87931  2017-05-22.3743479  coadd_bb399620 1.77 -1.92 18.318     >18.318  99.990          21.59        26.88   0.048        0.060       
2457899.98001  2457899.98500  2017-05-26.4800166  coadd_bb400940 1.71 -1.92 18.571     >18.571  99.990          -1.32        21.29   -0.003       0.048       
2457904.80980  2457904.81477  2017-05-31.3098010  coadd_bb402125 1.70 -1.92 17.493     >17.493  99.990        -203.48        57.47   -0.456       0.129       
2457907.76913  2457907.77408  2017-06-03.2691351  coadd_bb402992 1.83 -1.92 17.616     >17.616  99.990          30.39        51.34   0.068        0.115       
2457909.02083  2457909.02576  2017-06-04.5208333  coadd_bb403484 1.77 -1.92 18.111     >18.111  99.990         -52.16        32.53   -0.117       0.073       
2457913.95843  2457913.96329  2017-06-09.4584362  coadd_bb404907 1.85 -1.92 17.065     >17.065  99.990        -186.47        85.27   -0.418       0.191       
2457915.77748  2457915.78230  2017-06-11.2774770  coadd_bb405427 2.13 -1.92 17.752     >17.752  99.990         -38.58        45.29   -0.086       0.101       
2457924.97134  2457924.97590  2017-06-20.4713363  coadd_bb406801 2.17 -1.92 18.478     >18.478  99.990         -40.19        23.19   -0.090       0.052       
2457926.84770  2457926.85220  2017-06-22.3477055  coadd_bb407349 2.05 -1.92 18.431     >18.431  99.990         -22.31        24.23   -0.050       0.054       
2457929.96485  2457929.96924  2017-06-25.4648510  coadd_bb408342 1.71 -1.92 18.293      18.062  0.295          102.01        27.52   0.228        0.062       
2457935.80018  2457935.80432  2017-07-01.3001870  coadd_bb409768 1.88 -1.92 18.181     >18.181  99.990         -35.03        30.49   -0.078       0.068       
2457939.80786  2457939.81180  2017-07-05.3078688  coadd_bb410695 2.04 -1.92 17.372     >17.372  99.990         179.88        64.27   0.403        0.144       
2457951.46155  2457951.46475  2017-07-16.9615546  coadd_bh196904 1.56 -2.34 17.971     >17.971  99.990          24.71        24.95   0.082        0.083       
2457951.46155  2457951.46482  2017-07-16.9615550  coadd_bf324765 1.54 -2.34 17.856     >17.856  99.990          45.73        27.73   0.152        0.092       
2457953.69589  2457953.69896  2017-07-19.1958962  coadd_bh197965 1.56 -2.34 17.906     >17.906  99.990           0.21        26.48   0.001        0.088       
2457953.69590  2457953.69902  2017-07-19.1958965  coadd_bf325827 1.50 -2.34 17.822     >17.822  99.990          33.18        28.62   0.110        0.095       
2457959.87822  2457959.88093  2017-07-25.3782234  coadd_bb412248 1.70 -1.92 18.395     >18.395  99.990         -27.75        25.04   -0.062       0.056       
2457961.87766  2457961.88022  2017-07-27.3776612  coadd_bb412922 1.68 -1.92 18.283     >18.283  99.990          24.19        27.78   0.054        0.062       
2457968.77883  2457968.78089  2017-08-03.2788332  coadd_bb414193 1.69 -1.92 17.689     >17.689  99.990          -5.57        47.99   -0.012       0.107       
2457971.64918  2457971.65101  2017-08-06.1491885  coadd_bf333051 1.45 -2.34 16.994     >16.994  99.990         -39.22        61.38   -0.130       0.204       
2457971.64918  2457971.65105  2017-08-06.1491876  coadd_bh205184 1.43 -2.34 17.349     >17.349  99.990         -83.01        44.24   -0.276       0.147       
2457973.83794  2457973.83961  2017-08-08.3379542  coadd_bb415851 1.64 -1.92 17.350     >17.350  99.990         -79.10        65.59   -0.177       0.147       
2457975.83376  2457975.83526  2017-08-10.3337672  coadd_bb416661 1.77 -1.92 17.793     >17.793  99.990        -214.63        43.58   -0.481       0.098       
2457976.82882  2457976.83025  2017-08-11.3288223  coadd_bb416560 1.72 -1.92 17.962     >17.962  99.990          18.71        37.30   0.042        0.084       
2457978.77303  2457978.77430  2017-08-13.2730333  coadd_bb417427 1.78 -1.92 18.290     >18.290  99.990        -101.40        27.59   -0.227       0.062       
2457981.81621  2457981.81723  2017-08-16.3162197  coadd_bb418529 1.72 -1.92 18.187     >18.187  99.990         -33.81        30.32   -0.076       0.068       
2457984.80357  2457984.80434  2017-08-19.3035710  coadd_bb419590 1.77 -1.92 18.522     >18.522  99.990         -78.72        22.29   -0.176       0.050       
2457989.78822  2457989.78859  2017-08-24.2882300  coadd_bb420461 1.63 -1.92 18.377     >18.377  99.990          38.86        25.47   0.087        0.057       
2457996.73121  2457996.73099  2017-08-31.2312187  coadd_bb422229 1.73 -1.92 17.631     >17.631  99.990         -17.79        50.62   -0.040       0.113       
2458001.73971  2458001.73907  2017-09-05.2397091  coadd_bb423732 1.76 -1.92 17.648     >17.648  99.990         -75.04        49.83   -0.168       0.112       
2458002.74987  2458002.74914  2017-09-06.2498711  coadd_bb424058 1.81 -1.92 16.712     >16.712  99.990         -40.78       118.00   -0.091       0.264       
2458003.74436  2458003.74356  2017-09-07.2443640  coadd_bb424375 1.92 -1.92 17.669     >17.669  99.990         -39.60        48.88   -0.089       0.109       
2458008.51027  2458008.50908  2017-09-12.0102815  coadd_bf341850 1.45 -2.34 18.170     >18.170  99.990         -20.52        20.78   -0.068       0.069       
2458008.51027  2458008.50926  2017-09-12.0102817  coadd_bh213995 1.43 -2.34 18.219     >18.219  99.990         -15.04        19.85   -0.050       0.066       
2458013.71988  2458013.71827  2017-09-17.2198894  coadd_bb426682 2.32 -1.92 17.969     >17.969  99.990         -33.94        37.08   -0.076       0.083       
2458014.52355  2458014.52207  2017-09-18.0235577  coadd_bh215949 2.38 -2.34 18.015     >18.015  99.990          32.77        23.95   0.109        0.080       
2458018.49046  2458018.48847  2017-09-21.9904585  coadd_bf345136 1.47 -2.34 18.141     >18.141  99.990           3.14        21.34   0.010        0.071       
2458018.49046  2458018.48868  2017-09-21.9904583  coadd_bh217287 1.41 -2.34 18.293     >18.293  99.990          33.21        18.54   0.110        0.062       
2458023.47977  2458023.47763  2017-09-26.9797734  coadd_bh218978 1.74 -2.34 17.286     >17.286  99.990          73.82        46.87   0.245        0.156       
2458023.47977  2458023.47741  2017-09-26.9797771  coadd_bf346817 1.68 -2.34 17.198     >17.198  99.990         -14.70        50.87   -0.049       0.169       
2458025.48850  2458025.48600  2017-09-28.9885072  coadd_bf347391 1.46 -2.34 17.472     >17.472  99.990          43.22        39.50   0.144        0.131       
2458025.48851  2458025.48623  2017-09-28.9885072  coadd_bh219551 1.41 -2.34 17.548      17.227  0.272          148.45        36.84   0.493        0.122       
2458125.17094  2458125.16728  2018-01-06.6709473  coadd_bb452931 1.87 -1.92 17.008     >17.008  99.990          97.31        89.84   0.218        0.201       
2458126.16165  2458126.15805  2018-01-07.6616497  coadd_bb453339 1.81 -1.92 17.406     >17.406  99.990         127.29        62.29   0.285        0.139       
2458127.15820  2458127.15466  2018-01-08.6582060  coadd_bb453761 2.07 -1.92 17.792     >17.792  99.990          -0.00        43.66   -0.000       0.098       
2458135.15333  2458135.15029  2018-01-16.6533399  coadd_bb456880 1.79 -1.92 18.313     >18.313  99.990        -150.09        27.00   -0.336       0.060       
2458136.14978  2458136.14681  2018-01-17.6497858  coadd_bb457291 2.00 -1.92 18.437     >18.437  99.990         -25.98        24.08   -0.058       0.054       
2458137.14638  2458137.14347  2018-01-18.6463921  coadd_bb457668 2.09 -1.92 18.390     >18.390  99.990          27.84        25.17   0.062        0.056       
2458139.14325  2458139.14048  2018-01-20.6432555  coadd_bb458329 1.69 -1.92 18.388     >18.388  99.990         -60.06        25.20   -0.134       0.056       
2458140.15741  2458140.15471  2018-01-21.6574131  coadd_bb458459 1.72 -1.92 18.024     >18.024  99.990          44.71        35.25   0.100        0.079       
2458148.17477  2458148.17267  2018-01-29.6747717  coadd_bb459781 1.86 -1.92 17.367     >17.367  99.990           2.69        64.54   0.006        0.145       
2458149.12116  2458149.11913  2018-01-30.6211600  coadd_bb460163 1.76 -1.92 17.330     >17.330  99.990          42.69        66.77   0.096        0.150       
2458161.12142  2458161.12036  2018-02-11.6214231  coadd_bb462126 2.02 -1.92 18.169     >18.169  99.990          -8.55        30.83   -0.019       0.069       
2458162.11791  2458162.11693  2018-02-12.6179127  coadd_bb462539 1.64 -1.92 18.105      18.057  0.349          102.54        32.70   0.230        0.073       
2458165.88173  2458165.88107  2018-02-16.3817285  coadd_bf383166 1.53 -2.34 17.946      17.743  0.303           92.39        25.53   0.307        0.085       
2458165.88173  2458165.88098  2018-02-16.3817368  coadd_bh255610 1.39 -2.34 17.828     >17.828  99.990         -20.96        28.46   -0.070       0.095       
2458167.89258  2458167.89209  2018-02-18.3925894  coadd_bf383717 1.47 -2.34 17.648     >17.648  99.990         -97.55        33.61   -0.324       0.112       
2458167.89259  2458167.89200  2018-02-18.3925894  coadd_bh256161 1.33 -2.34 17.400     >17.400  99.990         -26.95        42.21   -0.090       0.140       
2458179.86318  2458179.86371  2018-03-02.3631769  coadd_bf387493 1.49 -2.34 16.841     >16.841  99.990        -119.82        70.66   -0.398       0.235       
2458179.86318  2458179.86356  2018-03-02.3631774  coadd_bh259936 1.45 -2.34 17.033     >17.033  99.990         148.49        59.16   0.493        0.197       
2458181.84295  2458181.84365  2018-03-04.3429538  coadd_bf388217 1.43 -2.34 17.340     >17.340  99.990         -32.77        44.64   -0.109       0.148       
2458181.84295  2458181.84349  2018-03-04.3429493  coadd_bh260660 1.36 -2.34 17.332     >17.332  99.990          12.63        44.92   0.042        0.149       
2458182.86445  2458182.86508  2018-03-05.3644545  coadd_bh261047 1.33 -2.34 17.390     >17.390  99.990         -54.44        42.60   -0.181       0.142       
2458182.86445  2458182.86524  2018-03-05.3644545  coadd_bf388605 1.46 -2.34 17.229     >17.229  99.990         -43.03        49.42   -0.143       0.164       
2458183.83356  2458183.83442  2018-03-06.3335643  coadd_bf388954 1.41 -2.34 17.158      17.068  0.336          171.98        52.76   0.571        0.175       
2458183.83356  2458183.83426  2018-03-06.3335643  coadd_bh261396 1.43 -2.34 17.239     >17.239  99.990         -95.86        48.95   -0.319       0.163       
2458188.08384  2458188.08506  2018-03-10.5838410  coadd_bb465997 1.62 -1.92 17.927     >17.927  99.990         -36.52        38.54   -0.082       0.086       
2458189.03692  2458189.03822  2018-03-11.5369230  coadd_bb466281 1.99 -1.92 17.714     >17.714  99.990        -122.62        46.88   -0.275       0.105       
2458221.12706  2458221.13068  2018-04-12.6270699  coadd_bb469940 1.71 -1.92 18.186     >18.186  99.990         -72.17        30.35   -0.162       0.068       
2458231.72743  2458231.73133  2018-04-23.2274255  coadd_bh279005 1.48 -2.34 17.287     >17.287  99.990         -24.34        46.85   -0.081       0.156       
2458231.72743  2458231.73160  2018-04-23.2274259  coadd_bf406566 1.54 -2.34 17.359     >17.359  99.990        -118.67        43.84   -0.394       0.146       
2458231.89094  2458231.89512  2018-04-23.3909398  coadd_bb472555 1.70 -1.92 17.177      16.705  0.237          356.08        76.90   0.797        0.172       
2458236.69212  2458236.69623  2018-04-28.1921228  coadd_bh280703 1.38 -2.34 16.829     >16.829  99.990          21.15        71.41   0.070        0.237       
2458236.69467  2458236.69906  2018-04-28.1946728  coadd_bf408268 1.51 -2.34 16.446      16.137  0.275          405.68       101.66   1.347        0.338       
2458238.73652  2458238.74099  2018-04-30.236525  coadd_bf409154 1.62 -2.34 16.918     >16.918  99.990          19.80        65.84   0.066        0.219       
2458238.73652  2458238.74071  2018-04-30.236525  coadd_bh281590 1.55 -2.34 16.841     >16.841  99.990         -72.66        70.65   -0.241       0.235       
2458240.06843  2458240.07294  2018-05-01.5684310  coadd_bb473906 1.92 -1.92 16.114     >16.114  99.990         424.74       204.63   0.951        0.458       
2458245.97241  2458245.97712  2018-05-07.4724175  coadd_bb474694 1.60 -1.92 17.774     >17.774  99.990         -92.83        44.39   -0.208       0.099       
2458246.95723  2458246.96196  2018-05-08.4572341  coadd_bb474906 2.12 -1.92 16.687     >16.687  99.990         143.98       120.71   0.322        0.270       
2458251.89091  2458251.89575  2018-05-13.3909158  coadd_bb475894 1.99 -1.92 18.210     >18.210  99.990         -73.22        29.70   -0.164       0.067       
2458252.94055  2458252.94541  2018-05-14.4405591  coadd_bb476286 2.19 -1.92 18.454     >18.454  99.990         -62.01        23.71   -0.139       0.053       
2458269.96843  2458269.97340  2018-05-31.4684320  coadd_bb479863 2.03 -1.92 17.637     >17.637  99.990          74.06        50.32   0.166        0.113       
2458270.94252  2458270.94749  2018-06-01.442525  coadd_bb480163 1.68 -1.92 17.358     >17.358  99.990          60.91        65.11   0.136        0.146       
2458271.79496  2458271.79991  2018-06-02.2949611  coadd_bb480398 1.73 -1.92 18.289     >18.289  99.990          -4.62        27.61   -0.010       0.062       
2458274.00744  2458274.01237  2018-06-04.5074347  coadd_bb480922 1.99 -1.92 17.011     >17.011  99.990        -147.94        89.56   -0.331       0.201       
2458274.95391  2458274.95884  2018-06-05.4539239  coadd_bb481124 2.02 -1.92 18.176     >18.176  99.990         -76.70        30.64   -0.172       0.069       
2458279.91510  2458279.91994  2018-06-10.4151015  coadd_bb482198 1.75 -1.92 17.242     >17.242  99.990         -43.27        72.44   -0.097       0.162       
2458283.75001  2458283.75477  2018-06-14.2500098  coadd_bb483257 1.66 -1.92 18.312     >18.312  99.990         -42.28        27.02   -0.095       0.061       
2458284.98686  2458284.99158  2018-06-15.4868569  coadd_bb483751 1.67 -1.92 18.345     >18.345  99.990          -5.31        26.21   -0.012       0.059       
2458287.76920  2458287.77384  2018-06-18.2692021  coadd_bb484450 1.72 -1.92 17.020     >17.020  99.990         149.93        88.86   0.336        0.199       
2458290.77578  2458290.78033  2018-06-21.2757781  coadd_bb484897 1.70 -1.92 18.071     >18.071  99.990         -41.62        33.76   -0.093       0.076       
2458295.87687  2458295.88123  2018-06-26.3768668  coadd_bb486366 2.32 -1.92 17.172     >17.172  99.990          -5.37        77.28   -0.012       0.173       
2458297.89785  2458297.90213  2018-06-28.3978509  coadd_bb486940 2.16 -1.92 17.301     >17.301  99.990        -333.79        68.58   -0.747       0.154       
2458299.93943  2458299.94361  2018-06-30.4394282  coadd_bb487555 2.34 -1.92 17.578     >17.578  99.990         -14.73        53.14   -0.033       0.119       
2458300.83991  2458300.84405  2018-07-01.3399081  coadd_bb487669 1.72 -1.92 17.264     >17.264  99.990         -87.73        71.00   -0.196       0.159       
2458303.77713  2458303.78113  2018-07-04.2771302  coadd_bb488095 1.66 -1.92 18.552     >18.552  99.990          35.15        21.68   0.079        0.049       
2458306.73716  2458306.74101  2018-07-07.2371623  coadd_bf415232 1.41 -2.34 18.156     >18.156  99.990         -34.71        21.05   -0.115       0.070       
2458306.73716  2458306.74090  2018-07-07.2371621  coadd_bh287664 1.53 -2.34 18.100     >18.100  99.990          42.10        22.14   0.140        0.074       
2458309.91709  2458309.92076  2018-07-10.4170936  coadd_bb489605 1.71 -1.92 18.548     >18.548  99.990         -30.17        21.75   -0.068       0.049       
2458319.85989  2458319.86295  2018-07-20.3598931  coadd_bb492205 2.02 -1.92 17.861     >17.861  99.990          19.45        40.94   0.044        0.092       
2458321.79018  2458321.79312  2018-07-22.2901920  coadd_bb492833 2.00 -1.92 17.547     >17.547  99.990         143.54        54.71   0.321        0.123       
2458324.81814  2458324.82087  2018-07-25.3181430  coadd_bb493817 2.17 -1.92 17.398     >17.398  99.990         -20.20        62.73   -0.045       0.140       
2458331.80238  2458331.80460  2018-08-01.3023804  coadd_bb495983 1.73 -1.92 17.538     >17.538  99.990        -125.84        55.15   -0.282       0.123       
2458332.66458  2458332.66674  2018-08-02.1645923  coadd_bf424612 1.50 -2.34 17.538     >17.538  99.990          47.56        37.19   0.158        0.124       
2458332.66459  2458332.66676  2018-08-02.1645934  coadd_bh297032 1.38 -2.34 17.547     >17.547  99.990        -119.63        36.84   -0.397       0.122       
2458333.75475  2458333.75683  2018-08-03.2547538  coadd_bb496491 2.12 -1.92 18.334     >18.334  99.990         -59.03        26.48   -0.132       0.059       
2458335.64178  2458335.64374  2018-08-05.1417853  coadd_bh298274 1.43 -2.34 18.067     >18.067  99.990          23.40        22.83   0.078        0.076       
2458335.64179  2458335.64372  2018-08-05.1417858  coadd_bf425853 1.43 -2.34 18.066     >18.066  99.990        -112.82        22.86   -0.375       0.076       
2458337.83313  2458337.83489  2018-08-07.3331410  coadd_bb497789 2.34 -1.92 18.401     >18.401  99.990          -1.57        24.91   -0.004       0.056       
2458343.83912  2458343.84041  2018-08-13.3391275  coadd_bb499155 1.70 -1.92 18.437     >18.437  99.990          48.27        24.10   0.108        0.054       
2458347.82207  2458347.82303  2018-08-17.3220753  coadd_bb500058 1.67 -1.92 18.070     >18.070  99.990          29.20        33.78   0.065        0.076       
2458350.60895  2458350.60977  2018-08-20.1089541  coadd_bh303450 1.69 -2.34 17.591     >17.591  99.990           5.54        35.38   0.018        0.118       
2458350.60895  2458350.60968  2018-08-20.1089546  coadd_bf431031 1.52 -2.34 17.295     >17.295  99.990          45.19        46.52   0.150        0.154       
2458359.58127  2458359.58137  2018-08-29.0812690  coadd_bh306653 1.37 -2.34 17.624     >17.624  99.990          13.01        34.32   0.043        0.114       
2458359.58127  2458359.58124  2018-08-29.0812687  coadd_bf434238 1.63 -2.34 17.206     >17.206  99.990          -1.05        50.49   -0.003       0.168       
2458360.55039  2458360.55029  2018-08-30.0503953  coadd_bf434625 1.57 -2.34 18.160     >18.160  99.990         -59.46        20.96   -0.197       0.070       
2458360.55039  2458360.55042  2018-08-30.0503956  coadd_bh307042 1.37 -2.34 18.070     >18.070  99.990          15.93        22.77   0.053        0.076       
2458369.74580  2458369.74493  2018-09-08.2457996  coadd_bb504018 1.64 -1.92 18.329     >18.329  99.990          35.10        26.61   0.079        0.060       
2458371.74045  2458371.73942  2018-09-10.2404553  coadd_bb504621 1.64 -1.92 18.234     >18.234  99.990         -36.05        29.06   -0.081       0.065       
2458375.75775  2458375.75639  2018-09-14.2577516  coadd_bb505429 1.73 -1.92 17.283     >17.283  99.990         106.17        69.75   0.238        0.156       
2458376.72540  2458376.72396  2018-09-15.2254019  coadd_bb505502 1.70 -1.92 17.880     >17.880  99.990          18.79        40.25   0.042        0.090       
2458378.72008  2458378.71848  2018-09-17.2200761  coadd_bb506147 1.69 -1.92 17.806     >17.806  99.990           3.65        43.08   0.008        0.096       
