###  JD        HJD            UT_date             IMAGE          FWHM  Diff Limit      mag   mag_err       counts     count_err  flux (mJy)    flux_err
2456337.05754  2456337.05630  2013-02-13.5575481  coadd_ba040032 2.16 -1.87 18.080     >18.080  99.990        -814.29        34.80   -1.754       0.075       
2456349.07754  2456349.07731  2013-02-25.5775501  coadd_ba041599 2.00 -1.87 17.564     >17.564  99.990        -583.44        56.00   -1.257       0.121       
2456356.09239  2456356.09276  2013-03-04.5923998  coadd_ba043244 2.04 -1.87 17.893     >17.893  99.990        -320.39        41.36   -0.690       0.089       
2456360.10614  2456360.10684  2013-03-08.6061469  coadd_ba044417 2.07 -1.87 18.310     >18.310  99.990          68.40        28.17   0.147        0.061       
2456371.09037  2456371.09198  2013-03-19.5903795  coadd_ba045394 1.75 -1.87 18.489     >18.489  99.990        -256.73        23.88   -0.553       0.051       
2456386.99756  2456387.00036  2013-04-04.4975662  coadd_ba047075 2.51 -1.87 18.554     >18.554  99.990          62.26        22.49   0.134        0.048       
2456391.98686  2456391.99000  2013-04-09.4868593  coadd_ba048464 2.11 -1.87 18.003      16.303  0.076          536.62        37.34   1.156        0.081       
2456396.02642  2456396.02982  2013-04-13.5264258  coadd_ba049272 2.20 -1.87 18.280     >18.280  99.990        -333.86        28.95   -0.719       0.062       
2456399.02724  2456399.03082  2013-04-16.5272442  coadd_ba050135 2.22 -1.87 18.474      17.100  0.103          257.62        24.20   0.555        0.052       
2456401.05892  2456401.06261  2013-04-18.5589267  coadd_ba050687 2.29 -1.87 18.450      17.657  0.176          154.10        24.74   0.332        0.053       
2456404.94463  2456404.94853  2013-04-22.4446288  coadd_ba051538 2.18 -1.87 17.252     >17.252  99.990        -322.13        74.59   -0.694       0.161       
2456412.00929  2456412.01352  2013-04-29.5092937  coadd_ba053174 2.07 -1.87 17.791     >17.791  99.990         -12.24        45.43   -0.026       0.098       
2456434.93190  2456434.93680  2013-05-22.4319093  coadd_ba054765 2.37 -1.87 17.738     >17.738  99.990        -583.37        47.67   -1.256       0.103       
2456443.92471  2456443.92966  2013-05-31.4247098  coadd_ba055900 2.50 -1.87 18.518     >18.518  99.990        -209.75        23.26   -0.452       0.050       
2456449.90846  2456449.91339  2013-06-06.4084585  coadd_ba057103 2.65 -1.87 18.129      17.191  0.154          236.72        33.26   0.510        0.072       
2456453.89487  2456453.89976  2013-06-10.3948704  coadd_ba058327 1.71 -1.87 18.038     >18.038  99.990        -234.86        36.16   -0.506       0.078       
2456458.88557  2456458.89037  2013-06-15.3855700  coadd_ba059334 2.14 -1.87 18.355      17.876  0.235          125.97        27.01   0.271        0.058       
2456461.89234  2456461.89707  2013-06-18.3923384  coadd_ba060175 1.75 -1.87 18.028      17.537  0.232          172.26        36.50   0.371        0.079       
2456468.85998  2456468.86451  2013-06-25.3599776  coadd_ba062306 1.70 -1.87 17.051     >17.051  99.990        -901.84        89.81   -1.942       0.194       
2456471.93254  2456471.93697  2013-06-28.4325410  coadd_ba063233 2.57 -1.87 17.966     >17.966  99.990        -186.81        38.64   -0.402       0.083       
2456475.87618  2456475.88045  2013-07-02.3761835  coadd_ba064220 1.75 -1.87 18.382     >18.382  99.990        -158.80        26.35   -0.342       0.057       
2456478.87620  2456478.88034  2013-07-05.3762016  coadd_ba065149 1.99 -1.87 18.382      17.370  0.144          200.75        26.34   0.432        0.057       
2456479.87567  2456479.87976  2013-07-06.3756734  coadd_ba065473 1.72 -1.87 18.695     >18.695  99.990          -1.59        19.75   -0.003       0.043       
2456483.89528  2456483.89917  2013-07-10.3952788  coadd_ba066801 2.35 -1.87 18.394     >18.394  99.990        -262.30        26.05   -0.565       0.056       
2456487.80556  2456487.80924  2013-07-14.3055638  coadd_ba067944 1.74 -1.87 18.251     >18.251  99.990        -281.20        29.74   -0.606       0.064       
2456491.84340  2456491.84685  2013-07-18.3434064  coadd_ba069393 1.79 -1.87 17.633      16.739  0.160          359.18        52.52   0.774        0.113       
2456496.82547  2456496.82861  2013-07-23.3254711  coadd_ba070697 1.71 -1.87 17.164     >17.164  99.990         145.19        80.90   0.313        0.174       
2456509.84358  2456509.84582  2013-08-05.3436017  coadd_ba072920 2.09 -1.87 18.386     >18.386  99.990        -285.48        26.26   -0.615       0.057       
2456516.79505  2456516.79676  2013-08-12.2950517  coadd_ba074350 1.73 -1.87 17.865      15.862  0.057          805.73        42.43   1.735        0.092       
2456521.78159  2456521.78290  2013-08-17.2815870  coadd_ba075950 1.66 -1.87 17.796     >17.796  99.990        -195.15        45.19   -0.420       0.097       
2456525.79003  2456525.79101  2013-08-21.2900271  coadd_ba077083 1.67 -1.87 17.433     >17.433  99.990        -189.38        63.15   -0.408       0.136       
2456532.75547  2456532.75588  2013-08-28.2554675  coadd_ba078545 1.74 -1.87 18.353     >18.353  99.990         -67.17        27.06   -0.145       0.058       
2456535.76259  2456535.76275  2013-08-31.2625953  coadd_ba079641 1.69 -1.87 18.101     >18.101  99.990        -674.24        34.13   -1.452       0.074       
2456539.74840  2456539.74824  2013-09-04.2484057  coadd_ba081144 2.04 -1.87 18.432     >18.432  99.990        -223.97        25.16   -0.482       0.054       
2456554.71578  2456554.71438  2013-09-19.2157782  coadd_ba083169 1.78 -1.87 16.720     >16.720  99.990         204.87       121.74   0.441        0.262       
2456658.16898  2456658.16498  2013-12-31.6689813  coadd_ba104386 2.11 -1.87 17.578     >17.578  99.990          18.42        55.23   0.040        0.119       
2456659.16421  2456659.16025  2014-01-01.6642136  coadd_ba104754 2.39 -1.87 17.634     >17.634  99.990         -31.62        52.47   -0.068       0.113       
2456677.12485  2456677.12173  2014-01-19.6248542  coadd_ba107223 1.70 -1.87 17.703     >17.703  99.990        -254.18        49.26   -0.547       0.106       
2456701.08770  2456701.08636  2014-02-12.5877024  coadd_ba109874 1.73 -1.87 17.420     >17.420  99.990         121.57        63.93   0.262        0.138       
2456731.09633  2456731.09751  2014-03-14.5959267  coadd_ba110728 1.67 -1.87 17.771      17.035  0.185          273.36        46.26   0.589        0.100       
2456734.14275  2456734.14417  2014-03-17.6423439  coadd_ba111233 2.77 -1.87 17.174     >17.174  99.990        -162.25        80.13   -0.349       0.173       
2456737.01795  2456737.01960  2014-03-20.5175438  coadd_ba112127 1.78 -1.87 17.237     >17.237  99.990          80.83        75.64   0.174        0.163       
2456741.96947  2456741.97151  2014-03-25.4690619  coadd_ba113060 1.79 -1.87 18.525     >18.525  99.990         -38.30        23.10   -0.082       0.050       
2456752.00513  2456752.00792  2014-04-04.5047290  coadd_ba114076 1.79 -1.87 18.594      18.586  0.362           65.51        21.68   0.141        0.047       
2456757.95833  2456757.96152  2014-04-10.4579306  coadd_ba115358 1.67 -1.87 17.908     >17.908  99.990        -164.81        40.79   -0.355       0.088       
2456758.98734  2456758.99059  2014-04-11.4869325  coadd_ba115688 2.17 -1.87 17.922     >17.922  99.990          11.12        40.26   0.024        0.087       
2456759.99302  2456759.99633  2014-04-12.4926188  coadd_ba115912 2.19 -1.87 17.423     >17.423  99.990        -241.83        63.74   -0.521       0.137       
2456771.11346  2456771.11741  2014-04-23.6130600  coadd_ba117380 2.61 -1.87 18.603     >18.603  99.990         -51.09        21.49   -0.110       0.046       
2456784.83096  2456784.83549  2014-05-07.3305574  coadd_ba119094 2.73 -1.87 18.049     >18.049  99.990        -166.87        35.82   -0.359       0.077       
2456787.93697  2456787.94159  2014-05-10.4365620  coadd_ba119898 1.77 -1.87 17.951     >17.951  99.990         -40.42        39.18   -0.087       0.084       
2456788.82385  2456788.82851  2014-05-11.3234501  coadd_ba120153 2.16 -1.87 17.546     >17.546  99.990          65.64        56.89   0.141        0.123       
2456795.97605  2456795.98087  2014-05-18.4756509  coadd_ba121065 2.96 -1.87 17.751     >17.751  99.990          54.94        47.10   0.118        0.101       
2456796.94299  2456796.94784  2014-05-19.4425903  coadd_ba121398 2.05 -1.87 18.033     >18.033  99.990        -122.87        36.35   -0.265       0.078       
2456799.04466  2456799.04954  2014-05-21.5442565  coadd_ba122190 2.02 -1.87 18.153      18.065  0.337          105.84        32.55   0.228        0.070       
2456800.93043  2456800.93533  2014-05-23.4300275  coadd_ba122673 1.70 -1.87 18.488      17.893  0.211          124.09        23.91   0.267        0.052       
2456802.92192  2456802.92684  2014-05-25.4215162  coadd_ba123390 2.12 -1.87 18.649     >18.649  99.990        -121.65        20.60   -0.262       0.044       
2456804.92967  2456804.93460  2014-05-27.4292634  coadd_ba123957 2.05 -1.87 18.428      18.312  0.328           84.30        25.25   0.182        0.054       
2456807.92785  2456807.93280  2014-05-30.4274466  coadd_ba124727 2.48 -1.87 18.599     >18.599  99.990        -229.26        21.57   -0.494       0.046       
2456810.90821  2456810.91317  2014-06-02.4078119  coadd_ba125636 2.50 -1.87 18.593     >18.593  99.990          33.67        21.69   0.073        0.047       
2456812.90928  2456812.91422  2014-06-04.4088776  coadd_ba126269 1.66 -1.87 18.448      17.903  0.221          122.89        24.79   0.265        0.053       
2456813.91330  2456813.91824  2014-06-05.4129037  coadd_ba126536 1.73 -1.87 17.950     >17.950  99.990           3.95        39.23   0.009        0.084       
2456814.81021  2456814.81514  2014-06-06.3098027  coadd_ba126786 1.74 -1.87 17.890     >17.890  99.990         -59.23        41.46   -0.128       0.089       
2456816.90233  2456816.90725  2014-06-08.4019320  coadd_ba127525 1.71 -1.87 18.080     >18.080  99.990          98.02        34.82   0.211        0.075       
2456821.98791  2456821.99275  2014-06-13.4875039  coadd_ba129135 1.68 -1.87 17.096     >17.096  99.990          47.76        86.12   0.103        0.185       
2456823.91632  2456823.92113  2014-06-15.4159217  coadd_ba129734 2.11 -1.87 17.456     >17.456  99.990         154.48        61.81   0.333        0.133       
2456824.99035  2456824.99514  2014-06-16.4899479  coadd_ba130075 1.73 -1.87 17.786     >17.786  99.990         128.22        45.61   0.276        0.098       
2456826.96178  2456826.96653  2014-06-18.4613822  coadd_ba130711 1.70 -1.87 18.073     >18.073  99.990         -67.66        35.03   -0.146       0.075       
2456827.97965  2456827.98437  2014-06-19.4792490  coadd_ba131067 1.73 -1.87 17.864     >17.864  99.990         -18.76        42.46   -0.040       0.091       
2456829.93686  2456829.94152  2014-06-21.4364550  coadd_ba131663 1.69 -1.87 18.285      17.527  0.181          173.82        28.81   0.374        0.062       
2456832.82383  2456832.82841  2014-06-24.3234251  coadd_ba132245 1.75 -1.87 18.882     >18.882  99.990          44.08        16.63   0.095        0.036       
2456835.87272  2456835.87719  2014-06-27.3723186  coadd_ba132969 2.12 -1.87 18.811     >18.811  99.990          50.41        17.75   0.109        0.038       
2456847.88560  2456847.88956  2014-07-09.3851981  coadd_ba133613 2.06 -1.87 17.332      17.143  0.307          247.44        69.32   0.533        0.149       
2456851.85596  2456851.85971  2014-07-13.3555598  coadd_ba134922 1.80 -1.87 17.203     >17.203  99.990         100.16        78.05   0.216        0.168       
2456855.89767  2456855.90119  2014-07-17.3972662  coadd_ba135802 1.75 -1.87 18.387     >18.387  99.990         -54.52        26.22   -0.117       0.056       
2456856.85078  2456856.85425  2014-07-18.3503807  coadd_ba136078 1.65 -1.87 18.393      17.537  0.166          172.21        26.08   0.371        0.056       
2456857.80923  2456857.81264  2014-07-19.3088275  coadd_ba136389 1.83 -1.87 18.799      17.943  0.166          118.43        17.95   0.255        0.039       
2456862.84856  2456862.85165  2014-07-24.3481504  coadd_ba137161 2.08 -1.87 18.682      17.651  0.141          154.98        19.98   0.334        0.043       
2456863.84154  2456863.84456  2014-07-25.3411361  coadd_ba137498 1.81 -1.87 18.681     >18.681  99.990          19.06        20.00   0.041        0.043       
2456864.84028  2456864.84324  2014-07-26.3398767  coadd_ba137852 1.81 -1.87 18.952     >18.952  99.990          42.03        15.59   0.091        0.034       
2456865.84144  2456865.84433  2014-07-27.3410364  coadd_ba138121 1.76 -1.87 18.681      18.066  0.207          105.79        20.00   0.228        0.043       
2456866.84006  2456866.84289  2014-07-28.3396576  coadd_ba138458 1.81 -1.87 18.656     >18.656  99.990          54.05        20.47   0.116        0.044       
2456868.82889  2456868.83158  2014-07-30.3284906  coadd_ba139064 1.69 -1.87 18.726     >18.726  99.990          51.74        19.20   0.111        0.041       
2456881.80662  2456881.80835  2014-08-12.3062180  coadd_ba141260 2.07 -1.87 17.593      17.023  0.216          276.51        54.52   0.596        0.117       
2456882.80078  2456882.80243  2014-08-13.3003759  coadd_ba141153 1.80 -1.87 17.846     >17.846  99.990         126.52        43.15   0.272        0.093       
2456884.80347  2456884.80496  2014-08-15.3030642  coadd_ba142066 2.15 -1.87 18.386      17.579  0.173          165.64        26.25   0.357        0.057       
2456886.80743  2456886.80876  2014-08-17.3070222  coadd_ba142766 2.13 -1.87 18.613      17.613  0.145          160.61        21.30   0.346        0.046       
2456888.78378  2456888.78495  2014-08-19.2833763  coadd_ba143850 1.66 -1.87 18.440      18.017  0.247          110.69        24.98   0.238        0.054       
2456889.78315  2456889.78424  2014-08-20.2827491  coadd_ba143496 1.79 -1.87 18.685     >18.685  99.990          10.01        19.94   0.022        0.043       
2456890.78915  2456890.79016  2014-08-21.2887464  coadd_ba143316 2.02 -1.87 18.650     >18.650  99.990         -57.63        20.58   -0.124       0.044       
2456892.78830  2456892.78915  2014-08-23.2878945  coadd_ba144628 1.69 -1.87 18.704     >18.704  99.990         -82.99        19.59   -0.179       0.042       
2456896.77999  2456896.78050  2014-08-27.2795858  coadd_ba145782 1.80 -1.87 18.774     >18.774  99.990          41.01        18.37   0.088        0.040       
2456898.80055  2456898.80090  2014-08-29.3001454  coadd_ba146481 2.03 -1.87 18.605      17.718  0.161          145.81        21.45   0.314        0.046       
2456904.75635  2456904.75620  2014-09-04.2559437  coadd_ba147970 2.11 -1.87 17.812     >17.812  99.990        -108.41        44.54   -0.233       0.096       
2456907.74905  2456907.74865  2014-09-07.2486430  coadd_ba148593 2.04 -1.87 17.778     >17.778  99.990          61.15        45.97   0.132        0.099       
2456909.74330  2456909.74274  2014-09-09.2428961  coadd_ba149177 2.22 -1.87 17.628     >17.628  99.990         124.32        52.78   0.268        0.114       
2456911.74855  2456911.74782  2014-09-11.2481456  coadd_ba149854 2.38 -1.87 18.304     >18.304  99.990         -24.52        28.31   -0.053       0.061       
2456912.74265  2456912.74185  2014-09-12.2422524  coadd_ba150224 2.02 -1.87 18.578     >18.578  99.990         -98.93        21.99   -0.213       0.047       
2456913.73791  2456913.73702  2014-09-13.2375101  coadd_ba150472 2.02 -1.87 18.404     >18.404  99.990          11.96        25.83   0.026        0.056       
2456914.73789  2456914.73692  2014-09-14.2374855  coadd_ba150846 2.08 -1.87 18.742     >18.742  99.990           8.18        18.91   0.018        0.041       
2456918.73864  2456918.73735  2014-09-18.2382436  coadd_ba152105 2.14 -1.87 18.540      18.022  0.226          110.16        22.79   0.237        0.049       
2457030.15985  2457030.15602  2015-01-07.6594443  coadd_ba175512 2.10 -1.87 17.429     >17.429  99.990          -8.43        63.36   -0.018       0.136       
2457037.14976  2457037.14632  2015-01-14.6493590  coadd_ba177949 1.66 -1.87 18.338      18.186  0.317           94.71        27.45   0.204        0.059       
2457040.14279  2457040.13953  2015-01-17.6423947  coadd_ba179265 1.67 -1.87 18.435     >18.435  99.990         -30.70        25.10   -0.066       0.054       
2457041.14911  2457041.14591  2015-01-18.6487082  coadd_ba179687 1.73 -1.87 18.343     >18.343  99.990          12.16        27.32   0.026        0.059       
2457043.13637  2457043.13330  2015-01-20.6359677  coadd_ba180396 1.64 -1.87 18.296      17.663  0.204          153.30        28.52   0.330        0.061       
2457045.13897  2457045.13603  2015-01-22.6385630  coadd_ba181225 1.73 -1.87 17.799      15.478  0.043         1147.25        45.09   2.471        0.098       
2457047.13481  2457047.13201  2015-01-24.6344068  coadd_ba182048 1.66 -1.87 18.312      17.594  0.188          163.37        28.10   0.352        0.061       
2457049.13665  2457049.13398  2015-01-26.6362443  coadd_ba182821 2.00 -1.87 18.196      17.284  0.157          217.40        31.28   0.468        0.067       
2457051.13059  2457051.12808  2015-01-28.6301877  coadd_ba183456 1.65 -1.87 18.275      17.511  0.181          176.37        29.09   0.380        0.063       
2457054.12702  2457054.12472  2015-01-31.6266128  coadd_ba184509 1.66 -1.87 18.649     >18.649  99.990         -46.68        20.61   -0.101       0.044       
2457056.12122  2457056.11907  2015-02-02.6208177  coadd_ba185317 1.73 -1.87 17.643     >17.643  99.990        -233.43        52.04   -0.503       0.112       
2457062.10550  2457062.10382  2015-02-08.6051015  coadd_ba186109 1.79 -1.87 17.624     >17.624  99.990          53.03        52.95   0.114        0.114       
2457065.10889  2457065.10745  2015-02-11.6084851  coadd_ba186565 2.09 -1.87 17.935     >17.935  99.990        -129.19        39.76   -0.278       0.086       
2457071.09839  2457071.09744  2015-02-17.5979865  coadd_ba188056 1.63 -1.87 18.431     >18.431  99.990        -100.76        25.19   -0.217       0.054       
2457074.08702  2457074.08633  2015-02-20.5866160  coadd_ba188931 1.70 -1.87 18.584     >18.584  99.990         -17.66        21.88   -0.038       0.047       
2457079.07551  2457079.07523  2015-02-25.5750998  coadd_ba190136 1.66 -1.87 18.260      17.286  0.149          216.91        29.48   0.467        0.064       
2457080.15518  2457080.15499  2015-02-26.6547752  coadd_ba190382 1.64 -1.87 18.426     >18.426  99.990        -153.44        25.31   -0.330       0.055       
2457084.07617  2457084.07631  2015-03-02.5757600  coadd_ba191169 1.75 -1.87 17.872     >17.872  99.990           1.17        42.14   0.003        0.091       
2457092.02179  2457092.02260  2015-03-10.5213849  coadd_ba192162 2.02 -1.87 15.890     >15.890  99.990         334.41       261.56   0.720        0.563       
2457098.14734  2457098.14866  2015-03-16.6469312  coadd_ba193455 1.73 -1.87 18.571     >18.571  99.990          19.49        22.14   0.042        0.048       
2457099.09099  2457099.09239  2015-03-17.5905873  coadd_ba193772 1.68 -1.87 18.718     >18.718  99.990          17.80        19.33   0.038        0.042       
2457100.97802  2457100.97957  2015-03-19.4780292  coadd_ba194371 1.70 -1.87 18.479     >18.479  99.990          15.96        24.09   0.034        0.052       
2457103.05605  2457103.05777  2015-03-21.5560645  coadd_ba194994 1.61 -1.87 18.595     >18.595  99.990         -41.07        21.66   -0.088       0.047       
2457109.02304  2457109.02523  2015-03-27.5230546  coadd_ba196660 1.99 -1.87 18.194     >18.194  99.990          31.18        31.33   0.067        0.067       
2457109.97145  2457109.97370  2015-03-28.4714584  coadd_ba196971 1.65 -1.87 18.400      17.553  0.167          169.72        25.92   0.366        0.056       
2457110.95498  2457110.95731  2015-03-29.4549929  coadd_ba197306 1.66 -1.87 18.210      17.684  0.225          150.45        30.88   0.324        0.067       
2457113.94619  2457113.94873  2015-04-01.4461989  coadd_ba198308 1.75 -1.87 17.250     >17.250  99.990        -234.24        74.78   -0.504       0.161       
2457116.98848  2457116.99125  2015-04-04.4884946  coadd_ba199189 1.68 -1.87 18.126     >18.126  99.990        -106.27        33.35   -0.229       0.072       
2457120.94447  2457120.94751  2015-04-08.4444858  coadd_ba200000 1.70 -1.87 16.837     >16.837  99.990         145.08       109.36   0.312        0.236       
2457123.13754  2457123.14072  2015-04-10.6375512  coadd_ba200780 1.76 -1.87 17.284     >17.284  99.990        -454.25        72.41   -0.978       0.156       
2457125.13808  2457125.14139  2015-04-12.6380954  coadd_ba201149 2.27 -1.87 17.044     >17.044  99.990         -62.58        90.34   -0.135       0.195       
2457126.12220  2457126.12557  2015-04-13.6222128  coadd_ba201483 1.82 -1.87 18.716     >18.716  99.990         -42.57        19.37   -0.092       0.042       
2457127.99746  2457128.00094  2015-04-15.4974692  coadd_ba201770 1.75 -1.87 18.454     >18.454  99.990        -135.50        24.67   -0.292       0.053       
2457132.01850  2457132.02221  2015-04-19.5185153  coadd_ba202690 1.71 -1.87 18.676      18.487  0.307           71.79        20.10   0.155        0.043       
2457135.91630  2457135.92023  2015-04-23.4163162  coadd_ba203636 1.62 -1.87 17.823      16.312  0.091          532.08        44.11   1.146        0.095       
2457138.92686  2457138.93093  2015-04-26.4268563  coadd_ba204630 1.63 -1.87 18.192      17.260  0.155          222.29        31.39   0.479        0.068       
2457149.04564  2457149.05014  2015-05-06.5456425  coadd_ba205800 1.64 -1.87 17.280     >17.280  99.990          82.42        72.71   0.178        0.157       
2457151.02175  2457151.02631  2015-05-08.5217506  coadd_ba206395 2.00 -1.87 17.916     >17.916  99.990        -273.44        40.47   -0.589       0.087       
2457154.01490  2457154.01956  2015-05-11.5149042  coadd_ba206961 1.72 -1.87 18.440     >18.440  99.990          -0.80        24.98   -0.002       0.054       
2457155.95158  2457155.95629  2015-05-13.4515833  coadd_ba207491 2.03 -1.87 18.599     >18.599  99.990          23.17        21.57   0.050        0.046       
2457157.92994  2457157.93470  2015-05-15.4299699  coadd_ba207967 2.01 -1.87 18.377      18.270  0.331           87.70        26.48   0.189        0.057       
2457161.91851  2457161.92335  2015-05-19.4185177  coadd_ba208734 1.62 -1.87 18.120      17.036  0.134          273.05        33.53   0.588        0.072       
2457163.01220  2457163.01705  2015-05-20.5122045  coadd_ba209117 1.81 -1.87 18.592     >18.592  99.990         -70.09        21.73   -0.151       0.047       
2457166.79747  2457166.80238  2015-05-24.2974928  coadd_ba209935 1.66 -1.87 18.090     >18.090  99.990        -171.24        34.48   -0.369       0.074       
2457168.81849  2457168.82342  2015-05-26.3185163  coadd_ba210420 1.63 -1.87 18.316     >18.316  99.990          33.89        28.01   0.073        0.060       
2457172.87729  2457172.88225  2015-05-30.3773033  coadd_ba211236 1.66 -1.87 17.683      17.423  0.288          191.20        50.18   0.412        0.108       
2457174.91960  2457174.92456  2015-06-01.4196145  coadd_ba211609 1.62 -1.87 17.307     >17.307  99.990         169.59        70.92   0.365        0.153       
2457176.95545  2457176.96040  2015-06-03.4554674  coadd_ba211947 1.67 -1.87 17.033     >17.033  99.990         -61.20        91.30   -0.132       0.197       
2457179.00738  2457179.01232  2015-06-05.5074041  coadd_ba212541 1.70 -1.87 17.489     >17.489  99.990          48.50        59.96   0.104        0.129       
2457179.89651  2457179.90144  2015-06-06.3965099  coadd_ba212790 1.67 -1.87 17.932     >17.932  99.990        -215.78        39.87   -0.465       0.086       
2457180.84116  2457180.84609  2015-06-07.3411737  coadd_ba213072 1.71 -1.87 18.816     >18.816  99.990         -93.87        17.67   -0.202       0.038       
2457184.74667  2457184.75155  2015-06-11.2466868  coadd_ba214008 1.70 -1.87 18.775     >18.775  99.990         -84.37        18.35   -0.182       0.040       
2457189.91916  2457189.92395  2015-06-16.4191840  coadd_ba215113 1.78 -1.87 18.450      18.104  0.265          102.13        24.75   0.220        0.053       
2457191.90714  2457191.91189  2015-06-18.4071423  coadd_ba215672 1.70 -1.87 18.400     >18.400  99.990        -227.79        25.93   -0.491       0.056       
2457193.90162  2457193.90631  2015-06-20.4016239  coadd_ba216164 1.74 -1.87 18.435     >18.435  99.990        -304.09        25.10   -0.655       0.054       
2457196.79584  2457196.80046  2015-06-23.2958528  coadd_ba216982 1.66 -1.87 18.242      17.777  0.238          138.05        29.98   0.297        0.065       
2457197.95406  2457197.95864  2015-06-24.4540775  coadd_ba217352 1.75 -1.87 18.567      18.511  0.347           70.23        22.23   0.151        0.048       
2457200.87335  2457200.87783  2015-06-27.3733716  coadd_ba217951 1.67 -1.87 17.813     >17.813  99.990         -60.26        44.50   -0.130       0.096       
2457203.92828  2457203.93265  2015-06-30.4282826  coadd_ba218871 1.68 -1.87 17.247     >17.247  99.990         -68.31        74.98   -0.147       0.161       
2457205.86253  2457205.86682  2015-07-02.3625337  coadd_ba219362 1.64 -1.87 17.377     >17.377  99.990        -108.95        66.49   -0.235       0.143       
2457206.80100  2457206.80526  2015-07-03.3010016  coadd_ba219630 1.68 -1.87 17.622     >17.622  99.990        -118.32        53.06   -0.255       0.114       
2457209.93558  2457209.93970  2015-07-06.4355828  coadd_ba220316 1.73 -1.87 17.897      17.605  0.279          161.66        41.20   0.348        0.089       
2457210.85811  2457210.86218  2015-07-07.3581091  coadd_ba220562 1.69 -1.87 18.620     >18.620  99.990        -212.32        21.17   -0.457       0.046       
2457215.91145  2457215.91526  2015-07-12.4114461  coadd_ba221437 2.03 -1.87 18.520      18.391  0.324           78.43        23.20   0.169        0.050       
2457221.83584  2457221.83932  2015-07-18.3358394  coadd_ba222335 1.65 -1.87 18.596      17.638  0.151          156.85        21.63   0.338        0.047       
2457226.84848  2457226.85165  2015-07-23.3484844  coadd_ba223107 1.65 -1.87 18.530     >18.530  99.990         -66.72        22.99   -0.144       0.050       
2457229.83498  2457229.83796  2015-07-26.3349831  coadd_ba223996 1.80 -1.87 17.820     >17.820  99.990         104.90        44.21   0.226        0.095       
2457232.87142  2457232.87419  2015-07-29.3714166  coadd_ba224851 1.72 -1.87 16.592     >16.592  99.990         126.20       136.97   0.272        0.295       
2457233.85358  2457233.85629  2015-07-30.3535833  coadd_ba225170 2.00 -1.87 17.648      16.931  0.189          300.75        51.80   0.648        0.112       
2457237.85668  2457237.85910  2015-08-03.3566805  coadd_ba225909 1.63 -1.87 18.047     >18.047  99.990          73.10        35.87   0.157        0.077       
2457240.84612  2457240.84832  2015-08-06.3461225  coadd_ba226421 1.68 -1.87 18.641     >18.641  99.990        -142.63        20.76   -0.307       0.045       
2457242.83450  2457242.83655  2015-08-08.3344980  coadd_ba226993 1.66 -1.87 18.411      16.744  0.078          357.53        25.65   0.770        0.055       
2457244.84027  2457244.84217  2015-08-10.3402682  coadd_ba227687 1.67 -1.87 18.598     >18.598  99.990          -1.99        21.60   -0.004       0.047       
2457246.82120  2457246.82294  2015-08-12.3212028  coadd_ba228358 1.60 -1.87 18.828     >18.828  99.990           1.41        17.47   0.003        0.038       
2457248.82250  2457248.82409  2015-08-14.3225004  coadd_ba228881 1.81 -1.87 18.426      17.141  0.111          247.95        25.30   0.534        0.055       
2457250.76647  2457250.76791  2015-08-16.2664751  coadd_ba229161 1.81 -1.87 18.529     >18.529  99.990          16.38        23.01   0.035        0.050       
2457255.81118  2457255.81221  2015-08-21.3111898  coadd_ba229709 1.68 -1.87 18.292     >18.292  99.990         -82.03        28.63   -0.177       0.062       
2457262.76382  2457262.76427  2015-08-28.2638179  coadd_ba230632 1.77 -1.87 17.502     >17.502  99.990          77.55        59.26   0.167        0.128       
2457268.75368  2457268.75364  2015-09-03.2536848  coadd_ba232190 1.65 -1.87 18.427     >18.427  99.990        -120.19        25.27   -0.259       0.054       
2457272.76531  2457272.76494  2015-09-07.2653114  coadd_ba233280 2.08 -1.87 18.647      18.422  0.296           76.20        20.65   0.164        0.044       
2457274.73711  2457274.73657  2015-09-09.2371077  coadd_ba233787 1.73 -1.87 18.809     >18.809  99.990          32.49        17.78   0.070        0.038       
2457277.73521  2457277.73442  2015-09-12.2352091  coadd_ba234817 1.88 -1.87 18.484      17.089  0.101          260.07        23.98   0.560        0.052       
2457283.71847  2457283.71719  2015-09-18.2184655  coadd_ba235509 1.70 -1.87 17.846     >17.846  99.990          69.66        43.17   0.150        0.093       
2457397.15836  2457397.15462  2016-01-09.6583670  coadd_ba265876 1.68 -1.87 18.418     >18.418  99.990         -35.11        25.50   -0.076       0.055       
2457404.15259  2457404.14925  2016-01-16.6525887  coadd_ba268439 1.67 -1.87 18.627     >18.627  99.990         -13.42        21.03   -0.029       0.045       
2457407.14629  2457407.14314  2016-01-19.6462913  coadd_ba269733 1.66 -1.87 18.548     >18.548  99.990        -128.28        22.62   -0.276       0.049       
2457411.13646  2457411.13358  2016-01-23.6364652  coadd_ba271426 1.70 -1.87 17.367     >17.367  99.990        -189.84        67.14   -0.409       0.145       
2457413.13731  2457413.13456  2016-01-25.6373118  coadd_ba272289 1.70 -1.87 17.515      17.087  0.246          260.59        58.56   0.561        0.126       
2457415.14956  2457415.14695  2016-01-27.6495582  coadd_ba273166 1.66 -1.87 18.069     >18.069  99.990           2.73        35.16   0.006        0.076       
2457419.12594  2457419.12363  2016-01-31.6259475  coadd_ba274838 1.63 -1.87 17.722      17.231  0.232          228.25        48.41   0.492        0.104       
2457422.12588  2457422.12379  2016-02-03.6258851  coadd_ba276096 1.70 -1.87 18.282      17.985  0.278          113.95        28.89   0.245        0.062       
2457424.13053  2457424.12859  2016-02-05.6305280  coadd_ba277080 1.69 -1.87 18.346     >18.346  99.990        -116.53        27.23   -0.251       0.059       
2457427.09832  2457427.09662  2016-02-08.5983240  coadd_ba277726 2.27 -1.87 18.220     >18.220  99.990          21.33        30.60   0.046        0.066       
2457429.11295  2457429.11141  2016-02-10.6129482  coadd_ba278566 1.73 -1.87 18.661     >18.661  99.990          49.45        20.37   0.107        0.044       
2457438.05917  2457438.05836  2016-02-19.5591682  coadd_ba281749 2.56 -1.87 17.553     >17.553  99.990        -147.81        56.55   -0.318       0.122       
2457439.06288  2457439.06215  2016-02-20.5628787  coadd_ba282171 2.91 -1.87 17.749     >17.749  99.990        -173.24        47.23   -0.373       0.102       
2457441.07863  2457441.07808  2016-02-22.5786297  coadd_ba283021 1.76 -1.87 17.416     >17.416  99.990        -118.40        64.16   -0.255       0.138       
2457442.12431  2457442.12384  2016-02-23.6243081  coadd_ba283445 1.68 -1.87 17.773      17.505  0.285          177.35        46.15   0.382        0.099       
2457445.04565  2457445.04543  2016-02-26.5456465  coadd_ba284567 2.07 -1.87 17.592      17.223  0.260          229.89        54.57   0.495        0.118       
2457447.08794  2457447.08790  2016-02-28.5879432  coadd_ba285370 1.77 -1.87 18.122      17.873  0.290          126.36        33.49   0.272        0.072       
2457450.05467  2457450.05488  2016-03-02.5546685  coadd_ba286496 1.72 -1.87 18.156      17.336  0.171          207.25        32.44   0.446        0.070       
2457452.12311  2457452.12349  2016-03-04.6231101  coadd_ba287373 1.67 -1.87 18.472      16.951  0.090          295.28        24.26   0.636        0.052       
2457454.02151  2457454.02205  2016-03-06.5215107  coadd_ba288119 1.84 -1.87 18.507     >18.507  99.990         -50.39        23.49   -0.109       0.051       
2457455.02178  2457455.02241  2016-03-07.5217813  coadd_ba288530 2.10 -1.87 18.383     >18.383  99.990        -109.53        26.33   -0.236       0.057       
2457458.02259  2457458.02347  2016-03-10.5225884  coadd_ba289387 2.08 -1.87 18.147      16.375  0.071          502.30        32.72   1.082        0.071       
2457459.09830  2457459.09926  2016-03-11.5982968  coadd_ba289832 2.04 -1.87 18.707     >18.707  99.990        -125.18        19.53   -0.270       0.042       
2457463.98956  2457463.99093  2016-03-16.4895689  coadd_ba291496 1.76 -1.87 18.417      17.367  0.139          201.34        25.53   0.434        0.055       
2457466.98100  2457466.98261  2016-03-19.4809956  coadd_ba292569 1.86 -1.87 17.536     >17.536  99.990          90.24        57.45   0.194        0.124       
2457468.12304  2457468.12474  2016-03-20.6230432  coadd_ba293062 2.01 -1.87 18.725     >18.725  99.990         -19.29        19.21   -0.042       0.041       
2457469.97216  2457469.97400  2016-03-22.4721591  coadd_ba293439 2.09 -1.87 16.724      16.666  0.346          384.04       121.31   0.827        0.261       
2457472.96506  2457472.96714  2016-03-25.4650649  coadd_ba294438 2.29 -1.87 17.247     >17.247  99.990          26.30        74.96   0.057        0.161       
2457475.07138  2457475.07362  2016-03-27.5713832  coadd_ba294667 2.11 -1.87 17.632     >17.632  99.990           0.35        52.56   0.001        0.113       
2457477.95848  2457477.96094  2016-03-30.4584825  coadd_ba295493 1.83 -1.87 17.953     >17.953  99.990          44.65        39.13   0.096        0.084       
2457479.02700  2457479.02953  2016-03-31.5270031  coadd_ba295941 2.01 -1.87 18.069     >18.069  99.990          44.91        35.17   0.097        0.076       
2457480.06133  2457480.06394  2016-04-01.5613270  coadd_ba296260 1.69 -1.87 18.502     >18.502  99.990          22.49        23.60   0.048        0.051       
2457483.09242  2457483.09524  2016-04-04.5924177  coadd_ba297427 1.79 -1.87 18.701     >18.701  99.990          47.75        19.64   0.103        0.042       
2457488.04433  2457488.04748  2016-04-09.5443275  coadd_ba298297 2.11 -1.87 18.668     >18.668  99.990           2.06        20.25   0.004        0.044       
2457490.02990  2457490.03318  2016-04-11.5298998  coadd_ba299059 1.76 -1.87 18.332     >18.332  99.990          21.37        27.60   0.046        0.059       
2457491.99217  2457491.99558  2016-04-13.4921724  coadd_ba299794 2.33 -1.87 18.073     >18.073  99.990        -144.47        35.03   -0.311       0.075       
2457492.96999  2457492.97346  2016-04-14.4699907  coadd_ba300075 1.63 -1.87 18.356     >18.356  99.990        -370.77        26.99   -0.799       0.058       
2457495.90131  2457495.90495  2016-04-17.4013107  coadd_ba301105 2.05 -1.87 17.929     >17.929  99.990          86.35        39.98   0.186        0.086       
2457499.10913  2457499.11295  2016-04-20.6091324  coadd_ba301802 2.06 -1.87 17.739     >17.739  99.990         124.99        47.63   0.269        0.103       
2457503.98062  2457503.98468  2016-04-25.4806269  coadd_ba303443 1.70 -1.87 17.532     >17.532  99.990         101.05        57.64   0.218        0.124       
2457506.00790  2457506.01206  2016-04-27.5079077  coadd_ba304204 1.69 -1.87 17.835      17.142  0.193          247.82        43.62   0.534        0.094       
2457509.09577  2457509.10006  2016-04-30.5957694  coadd_ba305311 1.75 -1.87 18.196      17.689  0.229          149.72        31.28   0.322        0.067       
2457510.99436  2457510.99873  2016-05-02.4943630  coadd_ba305763 1.80 -1.87 18.605      17.923  0.195          120.62        21.46   0.260        0.046       
2457514.06756  2457514.07204  2016-05-05.5675593  coadd_ba306930 1.71 -1.87 18.591     >18.591  99.990         -43.00        21.74   -0.093       0.047       
2457520.94475  2457520.94945  2016-05-12.4447481  coadd_ba307870 1.82 -1.87 18.889     >18.889  99.990         -34.67        16.52   -0.075       0.036       
2457527.80497  2457527.80982  2016-05-19.3049765  coadd_ba309351 1.77 -1.87 17.355     >17.355  99.990        -541.83        67.87   -1.167       0.146       
2457530.90628  2457530.91117  2016-05-22.4062819  coadd_ba310461 2.16 -1.87 17.045     >17.045  99.990         -42.07        90.25   -0.091       0.194       
2457531.97138  2457531.97629  2016-05-23.4713798  coadd_ba310746 1.75 -1.87 17.188     >17.188  99.990         214.93        79.17   0.463        0.171       
2457536.02575  2457536.03069  2016-05-27.5257521  coadd_ba311510 1.70 -1.87 18.239      17.434  0.174          189.30        30.07   0.408        0.065       
2457538.98901  2457538.99396  2016-05-30.4890126  coadd_ba312377 1.64 -1.87 18.427     >18.427  99.990        -275.15        25.29   -0.593       0.055       
2457542.97495  2457542.97990  2016-06-03.4749513  coadd_ba313300 1.70 -1.87 18.416      16.998  0.099          282.97        25.54   0.609        0.055       
2457546.96501  2457546.96993  2016-06-07.4650094  coadd_ba314380 1.68 -1.87 18.315      17.391  0.156          197.06        28.03   0.424        0.060       
2457547.98028  2457547.98519  2016-06-08.4802784  coadd_ba314725 1.67 -1.87 18.655     >18.655  99.990        -118.18        20.50   -0.255       0.044       
2457549.92757  2457549.93246  2016-06-10.4275745  coadd_ba315356 1.79 -1.87 18.505     >18.505  99.990        -194.33        23.52   -0.419       0.051       
2457555.84824  2457555.85302  2016-06-16.3482409  coadd_ba316363 1.68 -1.87 17.696     >17.696  99.990        -371.82        49.55   -0.801       0.107       
2457559.91777  2457559.92245  2016-06-20.4177738  coadd_ba317538 1.74 -1.87 17.106      16.691  0.249          375.37        85.35   0.808        0.184       
2457561.93383  2457561.93845  2016-06-22.4338277  coadd_ba318204 1.65 -1.87 17.449     >17.449  99.990         155.78        62.23   0.336        0.134       
2457562.80292  2457562.80752  2016-06-23.3029266  coadd_ba318451 1.67 -1.87 18.515      18.257  0.288           88.71        23.31   0.191        0.050       
2457568.87237  2457568.87676  2016-06-29.3723771  coadd_ba319942 1.65 -1.87 18.792     >18.792  99.990          -5.08        18.06   -0.011       0.039       
2457572.88753  2457572.89174  2016-07-03.3875311  coadd_ba320615 1.83 -1.87 18.294     >18.294  99.990        -267.42        28.57   -0.576       0.062       
2457574.93454  2457574.93867  2016-07-05.4345459  coadd_ba321093 1.63 -1.87 18.648      18.044  0.209          107.94        20.63   0.232        0.044       
2457576.93053  2457576.93457  2016-07-07.4305358  coadd_ba321732 1.78 -1.87 18.457     >18.457  99.990        -164.27        24.60   -0.354       0.053       
2457577.91309  2457577.91707  2016-07-08.4130944  coadd_ba322074 1.68 -1.87 18.748      18.305  0.242           84.91        18.82   0.183        0.041       
2457580.92406  2457580.92789  2016-07-11.4240649  coadd_ba322708 1.78 -1.87 18.666      17.686  0.148          150.14        20.29   0.323        0.044       
2457585.79446  2457585.79802  2016-07-16.2944625  coadd_ba323850 1.64 -1.87 17.724     >17.724  99.990          44.34        48.29   0.096        0.104       
2457591.88619  2457591.88938  2016-07-22.3861936  coadd_ba325103 1.67 -1.87 18.079     >18.079  99.990           4.07        34.85   0.009        0.075       
2457595.84067  2457595.84360  2016-07-26.3406745  coadd_ba325757 1.69 -1.87 18.521     >18.521  99.990        -248.28        23.18   -0.535       0.050       
2457601.85492  2457601.85743  2016-08-01.3549195  coadd_ba327505 1.61 -1.87 18.679      18.666  0.360           60.90        20.04   0.131        0.043       
2457603.85045  2457603.85281  2016-08-03.3504488  coadd_ba328226 1.65 -1.87 18.900     >18.900  99.990         -19.78        16.35   -0.043       0.035       
2457605.84162  2457605.84384  2016-08-05.3416199  coadd_ba328777 2.09 -1.87 18.844     >18.844  99.990          44.07        17.21   0.095        0.037       
2457607.84063  2457607.84270  2016-08-07.3406304  coadd_ba329472 1.66 -1.87 18.740      18.467  0.283           73.13        18.94   0.157        0.041       
2457609.77443  2457609.77635  2016-08-09.2744298  coadd_ba330116 1.79 -1.87 18.371      17.113  0.114          254.54        26.61   0.548        0.057       
2457612.82089  2457612.82258  2016-08-12.3208935  coadd_ba331109 2.13 -1.87 17.937      17.654  0.281          154.59        39.69   0.333        0.086       
2457616.81075  2457616.81212  2016-08-16.3107541  coadd_ba332131 1.67 -1.87 17.531     >17.531  99.990       -1193.35        57.72   -2.570       0.125       
2457618.80433  2457618.80554  2016-08-18.3043321  coadd_ba332791 1.65 -1.87 17.476     >17.476  99.990        -120.03        60.68   -0.259       0.131       
2457619.80340  2457619.80453  2016-08-19.3034006  coadd_ba333163 1.67 -1.87 17.561      16.245  0.109          565.96        56.14   1.219        0.121       
2457621.77808  2457621.77905  2016-08-21.2780774  coadd_ba333640 1.82 -1.87 18.471     >18.471  99.990          -0.81        24.28   -0.002       0.052       
2457625.77964  2457625.78028  2016-08-25.2796465  coadd_ba334180 2.03 -1.87 18.524      17.037  0.092          272.88        23.12   0.588        0.050       
2457630.76985  2457630.77008  2016-08-30.2698545  coadd_ba335353 1.71 -1.87 18.670     >18.670  99.990         -58.56        20.21   -0.126       0.044       
2457634.53765  2457634.53756  2016-09-03.0376555  coadd_be231682 1.58 -2.40 17.702      15.711  0.058          569.42        30.36   1.992        0.106       
2457635.55628  2457635.55611  2016-09-04.0562868  coadd_be232093 1.45 -2.40 18.130     >18.130  99.990        -157.85        20.47   -0.552       0.072       
2457637.75020  2457637.74984  2016-09-06.2501983  coadd_ba336325 1.67 -1.87 18.378     >18.378  99.990        -197.05        26.45   -0.424       0.057       
2457642.73694  2457642.73617  2016-09-11.2369410  coadd_ba337558 2.42 -1.87 17.923     >17.923  99.990        -282.92        40.23   -0.609       0.087       
2457647.50279  2457647.50163  2016-09-16.0027856  coadd_be236208 1.50 -2.40 17.299      16.311  0.147          327.69        44.00   1.146        0.154       
2457651.48857  2457651.48709  2016-09-19.9885744  coadd_be237663 1.87 -2.40 17.960     >17.960  99.990        -125.47        23.94   -0.439       0.084       
2457655.50582  2457655.50402  2016-09-24.0058197  coadd_be239202 1.47 -2.40 17.553      15.348  0.048          796.12        34.80   2.785        0.122       
2457658.49168  2457658.48966  2016-09-26.9916834  coadd_be240331 1.80 -2.40 18.094      17.849  0.291           79.53        21.16   0.278        0.074       
2457768.15614  2457768.15272  2017-01-14.6561362  coadd_ba371567 1.69 -1.87 17.541     >17.541  99.990        -293.19        57.18   -0.631       0.123       
2457773.16300  2457773.15990  2017-01-19.6630017  coadd_ba373241 2.07 -1.87 18.057     >18.057  99.990         -13.10        35.56   -0.028       0.077       
2457778.13020  2457778.12744  2017-01-24.6302063  coadd_ba374928 1.81 -1.87 18.724     >18.724  99.990         -32.98        19.23   -0.071       0.041       
2457782.12739  2457782.12490  2017-01-28.6273917  coadd_ba376545 1.67 -1.87 18.589     >18.589  99.990          -5.57        21.77   -0.012       0.047       
2457787.10294  2457787.10083  2017-02-02.6029447  coadd_ba378468 1.86 -1.87 18.262     >18.262  99.990        -395.47        29.42   -0.852       0.063       
2457789.09973  2457789.09777  2017-02-04.5997288  coadd_ba379187 1.80 -1.87 18.612     >18.612  99.990        -160.51        21.32   -0.346       0.046       
2457794.08698  2457794.08541  2017-02-09.5869803  coadd_ba380418 1.78 -1.87 17.269     >17.269  99.990        -688.35        73.47   -1.483       0.158       
2457797.10412  2457797.10280  2017-02-12.6041178  coadd_ba381094 1.69 -1.87 17.750      17.024  0.187          276.10        47.16   0.595        0.102       
2457802.12724  2457802.12633  2017-02-17.6272359  coadd_ba383089 1.65 -1.87 17.907     >17.907  99.990        -441.08        40.83   -0.950       0.088       
2457805.10892  2457805.10826  2017-02-20.6089224  coadd_ba383929 1.69 -1.87 18.256     >18.256  99.990         -22.85        29.58   -0.049       0.064       
2457808.08726  2457808.08686  2017-02-23.5872627  coadd_ba385099 1.73 -1.87 18.655     >18.655  99.990          59.64        20.48   0.128        0.044       
2457817.06618  2457817.06653  2017-03-04.5661797  coadd_ba386604 1.67 -1.87 18.636      17.452  0.122          186.19        20.86   0.401        0.045       
2457818.03262  2457818.03306  2017-03-05.5326182  coadd_ba386967 1.66 -1.87 17.585     >17.585  99.990       -1391.83        54.89   -2.998       0.119       
2457819.02220  2457819.02272  2017-03-06.5222038  coadd_ba387198 1.68 -1.87 18.338      17.544  0.175          171.03        27.43   0.368        0.059       
2457820.06022  2457820.06083  2017-03-07.5602217  coadd_ba387424 1.63 -1.87 18.491     >18.491  99.990         -97.97        23.84   -0.211       0.051       
2457822.82718  2457822.82802  2017-03-10.3271791  coadd_be285412 1.44 -2.40 17.495     >17.495  99.990        -107.61        36.72   -0.376       0.128       
2457825.04988  2457825.05091  2017-03-12.5498824  coadd_ba388159 1.77 -1.87 17.769     >17.769  99.990        -176.54        46.35   -0.380       0.100       
2457826.84109  2457826.84226  2017-03-14.3410888  coadd_be286873 1.46 -2.40 17.439      16.643  0.175          241.53        38.69   0.845        0.135       
2457828.87014  2457828.87148  2017-03-16.3701435  coadd_be287651 1.47 -2.40 17.650     >17.650  99.990         -29.73        31.83   -0.104       0.111       
2457832.06313  2457832.06473  2017-03-19.5631357  coadd_ba390801 1.78 -1.87 18.001      16.281  0.075          547.64        37.44   1.179        0.081       
2457834.00605  2457834.00780  2017-03-21.5060490  coadd_ba391530 1.69 -1.87 18.363      17.200  0.125          234.82        26.82   0.506        0.058       
2457836.02189  2457836.02381  2017-03-23.5218956  coadd_ba392303 1.66 -1.87 18.470     >18.470  99.990        -275.69        24.31   -0.594       0.052       
2457840.06453  2457840.06675  2017-03-27.5645369  coadd_ba393705 1.69 -1.87 18.848     >18.848  99.990         -38.66        17.15   -0.083       0.037       
2457845.95169  2457845.95435  2017-04-02.4516965  coadd_ba395390 1.99 -1.87 18.424      17.787  0.203          136.79        25.35   0.295        0.055       
2457848.09255  2457848.09535  2017-04-04.5925483  coadd_ba396188 1.63 -1.87 18.536     >18.536  99.990        -217.80        22.87   -0.469       0.049       
2457849.93411  2457849.93704  2017-04-06.4341053  coadd_ba396815 2.03 -1.87 17.914     >17.914  99.990        -249.11        40.57   -0.537       0.087       
2457851.08744  2457851.09045  2017-04-07.5874410  coadd_ba397294 1.75 -1.87 18.506     >18.506  99.990        -225.22        23.50   -0.485       0.051       
2457851.92696  2457851.93002  2017-04-08.4269587  coadd_ba397556 2.03 -1.87 17.787     >17.787  99.990          16.61        45.59   0.036        0.098       
2457853.13128  2457853.13443  2017-04-09.6312813  coadd_ba398038 1.61 -1.87 18.109     >18.109  99.990         -19.82        33.87   -0.043       0.073       
2457853.94962  2457853.95282  2017-04-10.4496208  coadd_ba398232 1.69 -1.87 16.764     >16.764  99.990        -286.21       117.00   -0.616       0.252       
2457855.96083  2457855.96415  2017-04-12.4608288  coadd_ba398895 1.71 -1.87 17.286      16.524  0.181          437.82        72.28   0.943        0.156       
2457858.82637  2457858.82987  2017-04-15.3263758  coadd_be298007 1.50 -2.40 17.593     >17.593  99.990        -363.82        33.56   -1.273       0.117       
2457864.05129  2457864.05509  2017-04-20.5512920  coadd_ba400495 1.64 -1.87 18.527     >18.527  99.990         -80.54        23.06   -0.173       0.050       
2457866.77527  2457866.77921  2017-04-23.2752776  coadd_be299839 1.48 -2.40 17.782      16.561  0.118          260.39        28.21   0.911        0.099       
2457870.95456  2457870.95870  2017-04-27.4545579  coadd_ba401932 1.73 -1.87 18.458      16.973  0.093          289.45        24.56   0.623        0.053       
2457873.68793  2457873.69220  2017-04-30.1879350  coadd_be302488 1.45 -2.40 18.079     >18.079  99.990         -72.22        21.45   -0.253       0.075       
2457877.67106  2457877.67549  2017-05-04.1710672  coadd_be304009 1.49 -2.40 18.122     >18.122  99.990         -44.39        20.61   -0.155       0.072       
2457879.09767  2457879.10214  2017-05-05.5976685  coadd_ba403363 1.62 -1.87 18.763     >18.763  99.990        -163.47        18.55   -0.352       0.040       
2457879.66610  2457879.67060  2017-05-06.1660990  coadd_be304859 1.44 -2.40 17.597     >17.597  99.990         -81.85        33.44   -0.286       0.117       
2457882.93618  2457882.94079  2017-05-09.4361862  coadd_ba404471 1.76 -1.87 17.486      16.552  0.154          426.40        60.17   0.918        0.130       
2457891.06801  2457891.07282  2017-05-17.5680072  coadd_ba406410 1.83 -1.87 18.084     >18.084  99.990         -95.09        34.69   -0.205       0.075       
2457892.95522  2457892.96006  2017-05-19.4552168  coadd_ba406978 1.66 -1.87 18.365     >18.365  99.990        -489.97        26.77   -1.055       0.058       
2457895.87435  2457895.87924  2017-05-22.3743461  coadd_ba407964 1.92 -1.87 18.476      16.668  0.069          383.43        24.17   0.826        0.052       
2457899.98001  2457899.98495  2017-05-26.4800150  coadd_ba409296 1.63 -1.87 18.640      17.451  0.122          186.47        20.78   0.402        0.045       
2457904.80980  2457904.81475  2017-05-31.3098008  coadd_ba410481 1.69 -1.87 17.132     >17.132  99.990          26.17        83.32   0.056        0.179       
2457907.76913  2457907.77408  2017-06-03.2691346  coadd_ba411349 1.73 -1.87 17.878     >17.878  99.990        -152.10        41.92   -0.328       0.090       
2457909.02088  2457909.02582  2017-06-04.5208784  coadd_ba411841 1.99 -1.87 18.375      18.169  0.302           96.17        26.53   0.207        0.057       
2457913.95844  2457913.96334  2017-06-09.4584398  coadd_ba413265 1.66 -1.87 16.906     >16.906  99.990         -80.00       102.62   -0.172       0.221       
2457915.77748  2457915.78235  2017-06-11.2774769  coadd_ba413786 1.80 -1.87 17.794     >17.794  99.990         -85.94        45.28   -0.185       0.098       
2457924.97133  2457924.97602  2017-06-20.4713356  coadd_ba415161 2.07 -1.87 18.461     >18.461  99.990        -267.66        24.50   -0.576       0.053       
2457926.84770  2457926.85233  2017-06-22.3477061  coadd_ba415711 2.15 -1.87 18.548     >18.548  99.990        -238.17        22.61   -0.513       0.049       
2457929.96484  2457929.96937  2017-06-25.4648511  coadd_ba416706 1.61 -1.87 18.615     >18.615  99.990        -125.46        21.25   -0.270       0.046       
2457935.80018  2457935.80450  2017-07-01.3001863  coadd_ba418145 1.77 -1.87 18.343     >18.343  99.990         -65.77        27.30   -0.142       0.059       
2457939.80787  2457939.81201  2017-07-05.3078682  coadd_ba419073 2.08 -1.87 17.784     >17.784  99.990        -248.76        45.69   -0.536       0.098       
2457942.88449  2457942.88849  2017-07-08.3844966  coadd_ba420133 1.74 -1.87 17.479     >17.479  99.990         -90.94        60.53   -0.196       0.130       
2457945.91953  2457945.92337  2017-07-11.4195278  coadd_ba421161 1.75 -1.87 17.979     >17.979  99.990          91.81        38.18   0.198        0.082       
2457948.89683  2457948.90051  2017-07-14.3968328  coadd_ba421748 1.70 -1.87 18.248      17.027  0.118          275.35        29.81   0.593        0.064       
2457949.77405  2457949.77768  2017-07-15.2740493  coadd_ba421996 1.60 -1.87 18.653     >18.653  99.990        -244.50        20.53   -0.527       0.044       
2457951.46155  2457951.46509  2017-07-16.9615550  coadd_be327760 1.50 -2.40 17.923     >17.923  99.990         -38.12        24.77   -0.133       0.087       
2457953.69589  2457953.69929  2017-07-19.1958969  coadd_be328822 1.59 -2.40 18.129     >18.129  99.990         -92.95        20.49   -0.325       0.072       
2457959.87822  2457959.88123  2017-07-25.3782243  coadd_ba423561 1.70 -1.87 18.522      17.477  0.139          182.01        23.17   0.392        0.050       
2457961.87766  2457961.88053  2017-07-27.3776604  coadd_ba424235 1.66 -1.87 18.003      15.556  0.038         1067.31        37.34   2.299        0.081       
2457968.77883  2457968.78122  2017-08-03.2788333  coadd_ba425506 1.62 -1.87 17.851     >17.851  99.990         -44.89        42.97   -0.097       0.093       
2457971.64918  2457971.65136  2017-08-06.1491875  coadd_be336057 1.46 -2.40 17.346     >17.346  99.990         -19.79        42.14   -0.069       0.147       
2457973.83795  2457973.83997  2017-08-08.3379534  coadd_ba427167 1.66 -1.87 17.433     >17.433  99.990        -305.00        63.14   -0.657       0.136       
2457975.83376  2457975.83563  2017-08-10.3337666  coadd_ba427977 1.70 -1.87 17.807     >17.807  99.990        -559.08        44.77   -1.204       0.097       
2457976.82881  2457976.83060  2017-08-11.3288232  coadd_ba427876 1.71 -1.87 18.082     >18.082  99.990          13.78        34.75   0.030        0.075       
2457978.77303  2457978.77466  2017-08-13.2730329  coadd_ba428743 1.66 -1.87 18.312      16.801  0.090          339.13        28.10   0.730        0.061       
2457981.81621  2457981.81760  2017-08-16.3162206  coadd_ba429845 1.65 -1.87 18.333      16.456  0.064          465.90        27.56   1.003        0.059       
2457984.80357  2457984.80472  2017-08-19.3035716  coadd_ba430906 1.73 -1.87 18.890     >18.890  99.990         -56.52        16.50   -0.122       0.036       
2457989.78823  2457989.78897  2017-08-24.2882306  coadd_ba431779 1.63 -1.87 18.650     >18.650  99.990          51.45        20.59   0.111        0.044       
2457996.73121  2457996.73138  2017-08-31.2312188  coadd_ba433560 1.71 -1.87 17.628      16.814  0.172          335.25        52.78   0.722        0.114       
2458001.73971  2458001.73946  2017-09-05.2397091  coadd_ba435065 1.70 -1.87 17.692     >17.692  99.990        -217.52        49.77   -0.468       0.107       
2458002.74987  2458002.74953  2017-09-06.2498711  coadd_ba435392 1.71 -1.87 17.180      16.684  0.231          377.86        79.72   0.814        0.172       
2458003.74436  2458003.74394  2017-09-07.2443641  coadd_ba435709 1.77 -1.87 17.742     >17.742  99.990          67.43        47.53   0.145        0.102       
2458008.51027  2458008.50947  2017-09-12.0102821  coadd_be344890 1.47 -2.40 18.050      17.015  0.141          171.36        22.04   0.599        0.077       
2458013.71988  2458013.71865  2017-09-17.2198898  coadd_ba438022 2.09 -1.87 17.915      16.096  0.068          649.06        40.50   1.398        0.087       
2458014.52355  2458014.52225  2017-09-18.0235572  coadd_be346847 2.43 -2.40 17.684      17.021  0.198          170.50        30.85   0.596        0.108       
2458018.49046  2458018.48885  2017-09-21.9904592  coadd_be348188 1.51 -2.40 18.056     >18.056  99.990        -118.42        21.91   -0.414       0.077       
2458023.47977  2458023.47777  2017-09-26.9797738  coadd_be349880 2.10 -2.40 17.167      16.175  0.146          371.61        49.68   1.300        0.174       
2458025.48850  2458025.48635  2017-09-28.9885063  coadd_be350454 1.51 -2.40 17.426      17.380  0.350          122.43        39.15   0.428        0.137       
2458125.17094  2458125.16706  2018-01-06.6709474  coadd_ba464955 1.78 -1.87 17.233     >17.233  99.990          74.26        75.94   0.160        0.164       
2458126.16164  2458126.15782  2018-01-07.6616491  coadd_ba465364 1.87 -1.87 17.470      16.434  0.141          475.64        61.04   1.024        0.132       
2458127.15821  2458127.15444  2018-01-08.6582107  coadd_ba465786 2.03 -1.87 17.769      16.796  0.149          340.82        46.34   0.734        0.100       
2458135.15333  2458135.15002  2018-01-16.6533399  coadd_ba468908 1.68 -1.87 18.126      17.021  0.132          277.04        33.36   0.597        0.072       
2458136.14978  2458136.14654  2018-01-17.6497861  coadd_ba469319 2.04 -1.87 18.186     >18.186  99.990          59.38        31.57   0.128        0.068       
2458137.14639  2458137.14321  2018-01-18.6463914  coadd_ba469696 2.06 -1.87 18.587     >18.587  99.990          -7.69        21.81   -0.017       0.047       
2458139.14325  2458139.14020  2018-01-20.6432564  coadd_ba470357 1.70 -1.87 18.192      16.492  0.076          450.69        31.39   0.971        0.068       
2458140.15741  2458140.15442  2018-01-21.6574129  coadd_ba470487 1.68 -1.87 18.403     >18.403  99.990        -212.95        25.85   -0.459       0.056       
2458148.17477  2458148.17234  2018-01-29.6747714  coadd_ba471809 1.73 -1.87 17.311     >17.311  99.990         -57.16        70.67   -0.123       0.152       
2458149.12116  2458149.11880  2018-01-30.6211601  coadd_ba472191 1.80 -1.87 17.304     >17.304  99.990          37.67        71.14   0.081        0.153       
2458161.12142  2458161.12000  2018-02-11.6214225  coadd_ba474165 2.13 -1.87 18.596     >18.596  99.990        -119.57        21.63   -0.258       0.047       
2458162.11791  2458162.11657  2018-02-12.6179127  coadd_ba474578 1.70 -1.87 18.434     >18.434  99.990          34.41        25.12   0.074        0.054       
2458165.88173  2458165.88070  2018-02-16.3817293  coadd_be387317 1.38 -2.40 17.591     >17.591  99.990        -223.49        33.63   -0.782       0.118       
2458167.89259  2458167.89172  2018-02-18.3925896  coadd_be387868 1.39 -2.40 17.673     >17.673  99.990           4.47        31.17   0.016        0.109       
2458179.86317  2458179.86332  2018-03-02.3631766  coadd_be391644 1.46 -2.40 16.928     >16.928  99.990        -332.89        61.94   -1.164       0.217       
2458181.84295  2458181.84326  2018-03-04.3429490  coadd_be392368 1.38 -2.40 17.179     >17.179  99.990        -178.53        49.14   -0.625       0.172       
2458182.86445  2458182.86485  2018-03-05.3644538  coadd_be392756 1.38 -2.40 17.490     >17.490  99.990         -17.80        36.91   -0.062       0.129       
2458183.83356  2458183.83404  2018-03-06.3335642  coadd_be393105 1.41 -2.40 17.128      17.076  0.348          161.98        51.50   0.567        0.180       
2458188.08384  2458188.08468  2018-03-10.5838415  coadd_ba478057 1.63 -1.87 17.946     >17.946  99.990        -239.51        39.39   -0.516       0.085       
2458189.03692  2458189.03784  2018-03-11.5369186  coadd_ba478343 1.56 -1.87 17.802     >17.802  99.990        -292.03        44.97   -0.629       0.097       
2458221.12707  2458221.13039  2018-04-12.6270700  coadd_ba482003 2.00 -1.87 18.538      18.375  0.314           79.62        22.81   0.171        0.049       
2458231.72281  2458231.72674  2018-04-23.2228125  coadd_be410743 1.60 -2.40 17.460     >17.460  99.990         -82.89        37.93   -0.290       0.133       
2458231.89221  2458231.89614  2018-04-23.3922105  coadd_ba484621 1.66 -1.87 17.684     >17.684  99.990        -941.62        50.12   -2.028       0.108       
2458236.69212  2458236.69629  2018-04-28.1921224  coadd_be412444 1.43 -2.40 16.896     >16.896  99.990         189.06        63.79   0.661        0.223       
2458238.73652  2458238.74078  2018-04-30.2365245  coadd_be413333 1.44 -2.40 16.695     >16.695  99.990         182.82        76.74   0.640        0.268       
2458245.97241  2458245.97695  2018-05-07.4724171  coadd_ba486759 1.68 -1.87 17.819     >17.819  99.990        -766.31        44.26   -1.650       0.096       
2458251.89091  2458251.89562  2018-05-13.3909148  coadd_ba487960 1.70 -1.87 18.425     >18.425  99.990        -381.98        25.32   -0.823       0.055       
2458252.94056  2458252.94529  2018-05-14.4405596  coadd_ba488352 2.04 -1.87 18.539     >18.539  99.990          60.76        22.81   0.131        0.049       
2458269.96843  2458269.97338  2018-05-31.4684315  coadd_ba491952 1.72 -1.87 17.407     >17.407  99.990        -288.85        64.65   -0.622       0.139       
2458270.94252  2458270.94748  2018-06-01.4425237  coadd_ba492252 1.66 -1.87 17.485     >17.485  99.990        -428.77        60.22   -0.923       0.130       
2458271.79496  2458271.79991  2018-06-02.2949611  coadd_ba492487 1.66 -1.87 18.514     >18.514  99.990        -245.07        23.33   -0.528       0.050       
2458274.00743  2458274.01238  2018-06-04.5074346  coadd_ba493011 1.71 -1.87 17.029     >17.029  99.990         -82.94        91.65   -0.179       0.197       
2458274.95391  2458274.95885  2018-06-05.4539238  coadd_ba493213 2.07 -1.87 18.388      17.305  0.134          213.15        26.20   0.459        0.056       
2458283.75001  2458283.75484  2018-06-14.2500092  coadd_ba495347 1.69 -1.87 18.241      17.530  0.189          173.29        30.00   0.373        0.065       
2458284.98686  2458284.99166  2018-06-15.4868572  coadd_ba495842 1.63 -1.87 18.449     >18.449  99.990        -210.58        24.77   -0.454       0.053       
2458290.77578  2458290.78045  2018-06-21.2757777  coadd_ba496988 1.99 -1.87 18.172     >18.172  99.990         -17.48        31.98   -0.038       0.069       
2458295.87687  2458295.88138  2018-06-26.3768668  coadd_ba498458 2.46 -1.87 17.432     >17.432  99.990         175.19        63.21   0.377        0.136       
2458297.89784  2458297.90228  2018-06-28.3978511  coadd_ba499032 2.30 -1.87 17.288     >17.288  99.990        -553.65        72.18   -1.192       0.156       
2458300.83991  2458300.84423  2018-07-01.3399072  coadd_ba499761 1.72 -1.87 17.411      15.963  0.096          733.81        64.44   1.580        0.139       
2458303.77712  2458303.78132  2018-07-04.2771296  coadd_ba500185 1.72 -1.87 18.327      16.528  0.069          436.28        27.72   0.940        0.060       
2458306.73716  2458306.74122  2018-07-07.2371620  coadd_be419413 1.47 -2.40 18.140     >18.140  99.990          19.87        20.28   0.069        0.071       
2458309.91708  2458309.92099  2018-07-10.4170863  coadd_ba501695 1.64 -1.87 18.463     >18.463  99.990        -344.41        24.46   -0.742       0.053       
2458319.85989  2458319.86323  2018-07-20.3598924  coadd_ba504296 2.20 -1.87 17.880      16.966  0.157          291.38        41.85   0.628        0.090       
2458321.79019  2458321.79341  2018-07-22.2901910  coadd_ba504925 2.01 -1.87 17.860     >17.860  99.990        -339.02        42.60   -0.730       0.092       
2458324.81686  2458324.81989  2018-07-25.3168569  coadd_ba505909 2.14 -1.87 17.515     >17.515  99.990        -332.32        58.57   -0.716       0.126       
2458327.80526  2458327.80809  2018-07-28.3052581  coadd_ba506977 1.59 -1.87 17.413     >17.413  99.990         177.96        64.32   0.383        0.139       
2458330.66393  2458330.66656  2018-07-31.1639400  coadd_be427943 1.48 -2.40 15.995      15.646  0.265          604.84       146.20   2.116        0.511       
2458331.80238  2458331.80493  2018-08-01.3023804  coadd_ba508078 1.82 -1.87 17.562     >17.562  99.990         -11.49        56.07   -0.025       0.121       
2458332.66459  2458332.66708  2018-08-02.1645929  coadd_be428808 1.51 -2.40 17.799      17.197  0.210          144.97        27.75   0.507        0.097       
2458333.75475  2458333.75716  2018-08-03.2547530  coadd_ba508586 1.66 -1.87 18.605      17.370  0.117          200.80        21.46   0.432        0.046       
2458335.64178  2458335.64406  2018-08-05.1417846  coadd_be430051 1.43 -2.40 18.709     >18.709  99.990         -19.98        12.00   -0.070       0.042       
2458337.83314  2458337.83525  2018-08-07.3331410  coadd_ba509884 2.36 -1.87 18.258      16.370  0.064          504.26        29.54   1.086        0.064       
2458343.83913  2458343.84077  2018-08-13.3391276  coadd_ba511252 1.59 -1.87 18.146      16.254  0.064          561.42        32.74   1.209        0.071       
2458347.82208  2458347.82341  2018-08-17.322075  coadd_ba512157 1.63 -1.87 18.272     >18.272  99.990           4.93        29.16   0.011        0.063       
2458350.60895  2458350.61006  2018-08-20.1089535  coadd_be435229 1.57 -2.40 17.875     >17.875  99.990         -17.96        25.87   -0.063       0.090       
2458359.58127  2458359.58163  2018-08-29.0812687  coadd_be438446 1.50 -2.40 17.560     >17.560  99.990         -90.96        34.58   -0.318       0.121       
2458360.55039  2458360.55068  2018-08-30.0503956  coadd_be438835 1.39 -2.40 18.017     >18.017  99.990        -302.25        22.70   -1.057       0.079       
2458369.74579  2458369.74532  2018-09-08.2457993  coadd_ba516119 1.63 -1.87 18.180     >18.180  99.990        -138.69        31.74   -0.299       0.068       
2458371.74045  2458371.73981  2018-09-10.2404559  coadd_ba516722 2.15 -1.87 18.666     >18.666  99.990         -61.03        20.28   -0.131       0.044       
2458375.75775  2458375.75677  2018-09-14.2577508  coadd_ba517531 1.77 -1.87 17.699     >17.699  99.990        -652.75        49.42   -1.406       0.107       
2458376.72540  2458376.72435  2018-09-15.2254027  coadd_ba517604 2.06 -1.87 18.144     >18.144  99.990        -601.00        32.80   -1.294       0.071       
2458378.72008  2458378.71886  2018-09-17.2200761  coadd_ba518250 2.18 -1.87 17.951     >17.951  99.990         -14.58        39.19   -0.031       0.084       
