###  JD        HJD            UT_date             IMAGE          FWHM  Diff Limit      mag   mag_err       counts     count_err  flux (mJy)    flux_err
2455946.73294  2455946.73266  2012-01-20.2329468  coadd_ba003141 2.78 -1.96 18.619     >18.619  99.990          34.26        19.57   0.080        0.046       
2455950.72890  2455950.72822  2012-01-24.2288983  coadd_ba003600 2.55 -1.96 18.651     >18.651  99.990          -3.82        19.01   -0.009       0.044       
2455952.71027  2455952.70939  2012-01-26.2102677  coadd_ba004011 2.44 -1.96 18.003     >18.003  99.990         -59.36        34.53   -0.138       0.080       
2455958.71255  2455958.71109  2012-02-01.2125561  coadd_ba005285 2.50 -1.96 17.785     >17.785  99.990          44.82        42.21   0.104        0.098       
2455968.71601  2455968.71361  2012-02-11.2160142  coadd_ba006391 2.12 -1.96 18.018     >18.018  99.990          37.50        34.05   0.087        0.079       
2455972.72107  2455972.71832  2012-02-15.2210781  coadd_ba007394 2.00 -1.96 18.542     >18.542  99.990         -33.65        21.02   -0.078       0.049       
2455978.71902  2455978.71576  2012-02-21.2190255  coadd_ba008373 2.29 -1.96 17.604     >17.604  99.990         116.41        49.88   0.271        0.116       
2456222.07370  2456222.07937  2012-10-21.5737005  coadd_ba022916 2.20 -1.96 18.494     >18.494  99.990           0.18        21.96   0.000        0.051       
2456223.94783  2456223.95349  2012-10-23.4478293  coadd_ba023519 2.48 -1.96 18.537     >18.537  99.990         -58.11        21.13   -0.135       0.049       
2456231.83381  2456231.83936  2012-10-31.3338150  coadd_ba027238 2.31 -1.96 17.477     >17.477  99.990         -27.06        56.08   -0.063       0.131       
2456233.89215  2456233.89765  2012-11-02.3921559  coadd_ba026649 2.21 -1.96 18.160     >18.160  99.990          15.06        29.89   0.035        0.070       
2456236.84571  2456236.85114  2012-11-05.3457178  coadd_ba025720 2.42 -1.96 18.971     >18.971  99.990         -40.03        14.16   -0.093       0.033       
2456239.87376  2456239.87909  2012-11-08.3737680  coadd_ba024901 1.87 -1.96 18.877     >18.877  99.990         -61.80        15.43   -0.144       0.036       
2456242.86990  2456242.87512  2012-11-11.3699061  coadd_ba024227 2.16 -1.96 19.086     >19.086  99.990           7.47        12.74   0.017        0.030       
2456245.99682  2456246.00190  2012-11-14.4968255  coadd_ba028912 2.35 -1.96 18.457      18.246  0.301           82.81        22.73   0.193        0.053       
2456275.77272  2456275.77586  2012-12-14.2727226  coadd_ba033309 2.22 -1.96 18.279     >18.279  99.990         -90.03        26.77   -0.210       0.062       
2456300.70652  2456300.70737  2013-01-08.2065254  coadd_ba034522 2.20 -1.96 18.492     >18.492  99.990           0.44        22.02   0.001        0.051       
2456302.70737  2456302.70802  2013-01-10.2073776  coadd_ba034870 2.18 -1.96 18.259     >18.259  99.990          42.65        27.27   0.099        0.064       
2456303.72973  2456303.73027  2013-01-11.2297359  coadd_ba035181 2.10 -1.96 18.541     >18.541  99.990          29.71        21.04   0.069        0.049       
2456304.70824  2456304.70868  2013-01-12.2082461  coadd_ba035337 3.16 -1.96 18.275     >18.275  99.990         -37.87        26.88   -0.088       0.063       
2456306.70909  2456306.70933  2013-01-14.2090887  coadd_ba035459 3.01 -1.96 18.561     >18.561  99.990          20.21        20.65   0.047        0.048       
2456315.71302  2456315.71236  2013-01-23.2130206  coadd_ba036582 2.59 -1.96 18.176     >18.176  99.990         -69.63        29.45   -0.162       0.069       
2456325.71655  2456325.71492  2013-02-02.2165525  coadd_ba038605 2.45 -1.96 18.076     >18.076  99.990          70.73        32.30   0.165        0.075       
2456460.10608  2456460.10308  2013-06-16.6060793  coadd_ba059677 2.10 -1.96 17.681     >17.681  99.990          23.36        46.46   0.054        0.108       
2456462.11211  2456462.10928  2013-06-18.6121144  coadd_ba060332 1.83 -1.96 17.781     >17.781  99.990          62.51        42.37   0.146        0.099       
2456465.08940  2456465.08682  2013-06-21.5893990  coadd_ba061318 1.68 -1.96 18.058     >18.058  99.990          83.63        32.82   0.195        0.076       
2456469.08055  2456469.07833  2013-06-25.5805557  coadd_ba062462 1.86 -1.96 16.670     >16.670  99.990          28.38       117.93   0.066        0.275       
2456470.08018  2456470.07804  2013-06-26.5801798  coadd_ba062682 2.19 -1.96 16.713     >16.713  99.990        -206.62       113.26   -0.481       0.264       
2456473.07353  2456473.07167  2013-06-29.5735349  coadd_ba063484 2.34 -1.96 17.386     >17.386  99.990        -471.90        60.94   -1.100       0.142       
2456477.06279  2456477.06130  2013-07-03.5627953  coadd_ba064616 2.02 -1.96 17.841     >17.841  99.990          78.94        40.10   0.184        0.093       
2456482.04343  2456482.04240  2013-07-08.5434350  coadd_ba066258 2.03 -1.96 18.130     >18.130  99.990          78.01        30.72   0.182        0.072       
2456485.05613  2456485.05539  2013-07-11.5561277  coadd_ba067079 2.04 -1.96 17.955     >17.955  99.990        -171.83        36.10   -0.400       0.084       
2456487.05002  2456487.04947  2013-07-13.5500164  coadd_ba067771 2.13 -1.96 18.072     >18.072  99.990          26.21        32.40   0.061        0.075       
2456490.04461  2456490.04435  2013-07-16.5446108  coadd_ba068818 2.01 -1.96 18.336     >18.336  99.990         -10.85        25.41   -0.025       0.059       
2456493.03303  2456493.03307  2013-07-19.5330424  coadd_ba069885 2.08 -1.96 18.275     >18.275  99.990          -0.35        26.89   -0.001       0.063       
2456497.07977  2456497.08019  2013-07-23.5797665  coadd_ba070835 2.07 -1.96 17.255     >17.255  99.990        -240.65        68.75   -0.561       0.160       
2456507.03541  2456507.03678  2013-08-02.5354059  coadd_ba072079 2.13 -1.96 18.532     >18.532  99.990         -34.62        21.22   -0.081       0.049       
2456511.01492  2456511.01666  2013-08-06.5149201  coadd_ba073093 2.24 -1.96 18.201     >18.201  99.990          52.44        28.78   0.122        0.067       
2456513.03769  2456513.03962  2013-08-08.5376937  coadd_ba073741 2.16 -1.96 18.521     >18.521  99.990         -81.87        21.44   -0.191       0.050       
2456518.94014  2456518.94259  2013-08-14.4401417  coadd_ba075186 1.79 -1.96 18.076     >18.076  99.990           2.60        32.28   0.006        0.075       
2456522.00555  2456522.00827  2013-08-17.5055543  coadd_ba076114 2.12 -1.96 17.866     >17.866  99.990         -26.30        39.17   -0.061       0.091       
2456526.05499  2456526.05805  2013-08-21.5549949  coadd_ba077273 1.74 -1.96 17.145     >17.145  99.990        -413.71        76.14   -0.964       0.177       
2456532.06890  2456532.07243  2013-08-27.5688968  coadd_ba078410 1.81 -1.96 18.063     >18.063  99.990        -197.88        32.69   -0.461       0.076       
2456534.07696  2456534.08064  2013-08-29.5769614  coadd_ba079121 2.15 -1.96 18.176     >18.176  99.990           8.97        29.45   0.021        0.069       
2456536.10571  2456536.10954  2013-08-31.6057114  coadd_ba079891 2.23 -1.96 18.404     >18.404  99.990         -60.86        23.86   -0.142       0.056       
2456539.91311  2456539.91720  2013-09-04.4131119  coadd_ba081195 2.18 -1.96 18.248     >18.248  99.990         -27.91        27.57   -0.065       0.064       
2456549.93111  2456549.93581  2013-09-14.4311087  coadd_ba082662 2.02 -1.96 17.826     >17.826  99.990        -234.58        40.65   -0.547       0.095       
2456556.03035  2456556.03536  2013-09-20.5303525  coadd_ba083787 1.74 -1.96 16.649     >16.649  99.990       -1158.41       120.23   -2.699       0.280       
2456562.92286  2456562.92816  2013-09-27.4228662  coadd_ba084878 2.22 -1.96 18.388     >18.388  99.990         -52.27        24.23   -0.122       0.056       
2456567.93144  2456567.93690  2013-10-02.4314456  coadd_ba086039 2.11 -1.96 18.190     >18.190  99.990        -115.79        29.08   -0.270       0.068       
2456570.92457  2456570.93010  2013-10-05.4245787  coadd_ba087157 1.82 -1.96 18.632     >18.632  99.990          21.05        19.35   0.049        0.045       
2456575.91487  2456575.92049  2013-10-10.4148674  coadd_ba088534 2.19 -1.96 18.478     >18.478  99.990         -25.56        22.29   -0.060       0.052       
2456600.88656  2456600.89204  2013-11-04.3865649  coadd_ba092015 2.09 -1.96 18.510     >18.510  99.990         -45.83        21.64   -0.107       0.050       
2456638.81323  2456638.81656  2013-12-12.3132366  coadd_ba099795 1.65 -1.96 16.948     >16.948  99.990         229.34        91.22   0.534        0.213       
2456652.78357  2456652.78567  2013-12-26.2835693  coadd_ba103262 2.70 -1.96 18.667     >18.667  99.990          16.42        18.73   0.038        0.044       
2456658.77183  2456658.77336  2014-01-01.2718333  coadd_ba104512 1.76 -1.96 18.644     >18.644  99.990         -15.66        19.14   -0.036       0.045       
2456675.71595  2456675.71582  2014-01-18.2159554  coadd_ba106557 2.03 -1.96 18.773     >18.773  99.990         -37.08        16.99   -0.086       0.040       
2456681.76959  2456681.76886  2014-01-24.2695988  coadd_ba107924 1.69 -1.96 18.214     >18.214  99.990          -5.94        28.44   -0.014       0.066       
2456682.76149  2456682.76066  2014-01-25.2614952  coadd_ba108045 1.82 -1.96 18.596     >18.596  99.990         -17.37        20.00   -0.040       0.047       
2456827.11499  2456827.11215  2014-06-18.6145912  coadd_ba130815 1.75 -1.96 17.302     >17.302  99.990        -127.92        65.89   -0.298       0.154       
2456833.10067  2456833.09834  2014-06-24.6002708  coadd_ba132437 1.68 -1.96 18.558      18.407  0.318           71.41        20.71   0.166        0.048       
2456836.09025  2456836.08818  2014-06-27.5898424  coadd_ba133121 1.87 -1.96 17.841     >17.841  99.990        -102.57        40.07   -0.239       0.093       
2456847.11900  2456847.11796  2014-07-08.6186060  coadd_ba133424 1.85 -1.96 17.814     >17.814  99.990          72.62        41.10   0.169        0.096       
2456850.06553  2456850.06477  2014-07-11.5651324  coadd_ba134370 1.77 -1.96 17.800     >17.800  99.990         -90.37        41.63   -0.211       0.097       
2456851.06871  2456851.06804  2014-07-12.5683046  coadd_ba134718 1.71 -1.96 17.169     >17.169  99.990        -182.34        74.45   -0.425       0.173       
2456862.12624  2456862.12664  2014-07-23.6258407  coadd_ba136998 1.69 -1.96 17.730     >17.730  99.990         111.20        44.40   0.259        0.103       
2456863.05089  2456863.05138  2014-07-24.5504813  coadd_ba137294 1.99 -1.96 18.563     >18.563  99.990         -22.17        20.62   -0.052       0.048       
2456864.05049  2456864.05108  2014-07-25.5500875  coadd_ba137643 1.69 -1.96 18.492     >18.492  99.990         -34.14        22.02   -0.080       0.051       
2456865.06934  2456865.07003  2014-07-26.5689410  coadd_ba137928 1.83 -1.96 18.438     >18.438  99.990          17.67        23.14   0.041        0.054       
2456866.04705  2456866.04783  2014-07-27.5466479  coadd_ba138254 1.65 -1.96 18.714     >18.714  99.990         -70.03        17.95   -0.163       0.042       
2456867.04668  2456867.04756  2014-07-28.5462825  coadd_ba138587 1.65 -1.96 18.646     >18.646  99.990           9.58        19.11   0.022        0.045       
2456868.04663  2456868.04760  2014-07-29.5462348  coadd_ba138899 1.67 -1.96 18.630     >18.630  99.990         -31.90        19.38   -0.074       0.045       
2456869.03815  2456869.03922  2014-07-30.5377539  coadd_ba139210 1.62 -1.96 18.361     >18.361  99.990         -31.52        24.83   -0.073       0.058       
2456874.03657  2456874.03811  2014-08-04.5361703  coadd_ba140056 1.84 -1.96 18.988     >18.988  99.990         -27.69        13.93   -0.065       0.032       
2456875.03349  2456875.03512  2014-08-05.5330884  coadd_ba140374 2.06 -1.96 18.586     >18.586  99.990           5.75        20.19   0.013        0.047       
2456881.95247  2456881.95473  2014-08-12.4520708  coadd_ba141364 1.74 -1.96 17.335     >17.335  99.990        -193.04        63.91   -0.450       0.149       
2456888.02017  2456888.02295  2014-08-18.5197627  coadd_ba143161 1.62 -1.96 18.472      18.375  0.334           73.55        22.41   0.171        0.052       
2456890.10258  2456890.10554  2014-08-20.6021812  coadd_ba143671 1.64 -1.96 18.199     >18.199  99.990           0.61        28.82   0.001        0.067       
2456892.00595  2456892.00906  2014-08-22.5055449  coadd_ba144412 1.66 -1.96 18.690     >18.690  99.990          11.82        18.34   0.028        0.043       
2456893.01044  2456893.01364  2014-08-23.5100363  coadd_ba144775 1.71 -1.96 18.683     >18.683  99.990         -10.72        18.47   -0.025       0.043       
2456894.98960  2456894.99295  2014-08-25.4891927  coadd_ba145288 1.75 -1.96 18.578      18.454  0.326           68.36        20.33   0.159        0.047       
2456896.00479  2456896.00822  2014-08-26.5043894  coadd_ba145583 1.67 -1.96 18.719     >18.719  99.990          23.82        17.86   0.056        0.042       
2456897.10571  2456897.10923  2014-08-27.6053085  coadd_ba146007 1.64 -1.96 18.869     >18.869  99.990          -4.55        15.55   -0.011       0.036       
2456899.99396  2456899.99769  2014-08-30.4935616  coadd_ba146775 1.66 -1.96 18.919     >18.919  99.990          -6.67        14.86   -0.016       0.035       
2456900.98053  2456900.98433  2014-08-31.4801265  coadd_ba147140 1.72 -1.96 18.734      18.609  0.325           59.28        17.61   0.138        0.041       
2456902.98681  2456902.99075  2014-09-02.4864033  coadd_ba147601 1.62 -1.96 18.610      18.228  0.257           84.21        19.75   0.196        0.046       
2456903.99400  2456903.99801  2014-09-03.4935974  coadd_ba147798 2.22 -1.96 18.704     >18.704  99.990          23.61        18.10   0.055        0.042       
2456907.92052  2456907.92480  2014-09-07.4201166  coadd_ba148656 1.77 -1.96 17.753     >17.753  99.990         -52.59        43.47   -0.123       0.101       
2456914.93091  2456914.93560  2014-09-14.4305156  coadd_ba150974 1.73 -1.96 18.020     >18.020  99.990          47.11        34.00   0.110        0.079       
2456917.12012  2456917.12493  2014-09-16.6197158  coadd_ba151628 1.64 -1.96 18.506     >18.506  99.990         -19.98        21.72   -0.047       0.051       
2456918.11848  2456918.12334  2014-09-17.6180758  coadd_ba151981 1.66 -1.96 18.371     >18.371  99.990         -31.63        24.61   -0.074       0.057       
2456920.10961  2456920.11457  2014-09-19.6092204  coadd_ba152662 1.67 -1.96 18.588     >18.588  99.990          11.20        20.15   0.026        0.047       
2456920.96489  2456920.96989  2014-09-20.4644846  coadd_ba152930 1.66 -1.96 18.489     >18.489  99.990          40.55        22.07   0.094        0.051       
2456928.93290  2456928.93822  2014-09-28.4324967  coadd_ba154401 1.75 -1.96 18.292     >18.292  99.990         -12.37        26.47   -0.029       0.062       
2456931.93690  2456931.94232  2014-10-01.4365023  coadd_ba155023 1.63 -1.96 18.695     >18.695  99.990          26.73        18.26   0.062        0.043       
2456932.93681  2456932.94226  2014-10-02.4364140  coadd_ba155411 1.62 -1.96 18.156     >18.156  99.990          13.94        29.99   0.032        0.070       
2456934.82154  2456934.82704  2014-10-04.3211421  coadd_ba155833 1.86 -1.96 17.438     >17.438  99.990         -49.65        58.10   -0.116       0.135       
2456937.92802  2456937.93359  2014-10-07.4276172  coadd_ba156411 1.64 -1.96 17.314     >17.314  99.990        -104.10        65.13   -0.243       0.152       
2456943.03601  2456943.04165  2014-10-12.5356047  coadd_ba157665 1.76 -1.96 18.123     >18.123  99.990         -16.14        30.92   -0.038       0.072       
2456944.04308  2456944.04874  2014-10-13.542675  coadd_ba157955 1.65 -1.96 18.177     >18.177  99.990         -20.61        29.43   -0.048       0.069       
2456969.97371  2456969.97905  2014-11-08.4733082  coadd_ba159906 1.77 -1.96 17.046     >17.046  99.990        -167.54        83.38   -0.390       0.194       
2456971.87484  2456971.88011  2014-11-10.3744327  coadd_ba160569 1.75 -1.96 18.019     >18.019  99.990          41.78        34.02   0.097        0.079       
2456973.86578  2456973.87098  2014-11-12.3653810  coadd_ba161215 1.71 -1.96 18.506     >18.506  99.990          23.49        21.74   0.055        0.051       
2456978.85589  2456978.86086  2014-11-17.3554844  coadd_ba161788 2.07 -1.96 18.530     >18.530  99.990         -17.06        21.25   -0.040       0.050       
2456980.88063  2456980.88550  2014-11-19.3802271  coadd_ba162541 2.47 -1.96 18.616     >18.616  99.990          -7.36        19.63   -0.017       0.046       
2456982.85489  2456982.85966  2014-11-21.3544847  coadd_ba163198 1.62 -1.96 18.082     >18.082  99.990          32.65        32.10   0.076        0.075       
2456984.84534  2456984.85000  2014-11-23.3449390  coadd_ba163957 1.61 -1.96 18.654     >18.654  99.990         -60.43        18.95   -0.141       0.044       
2456986.86260  2456986.86715  2014-11-25.3622258  coadd_ba164575 1.64 -1.96 18.494     >18.494  99.990         -22.42        21.97   -0.052       0.051       
2456988.78062  2456988.78505  2014-11-27.2802196  coadd_ba164918 1.68 -1.96 18.488      18.390  0.334           72.53        22.09   0.169        0.051       
2456989.85121  2456989.85557  2014-11-28.3508119  coadd_ba165320 1.66 -1.96 18.200     >18.200  99.990         -31.33        28.79   -0.073       0.067       
2456997.90092  2456997.90473  2014-12-06.4005222  coadd_ba167280 1.67 -1.96 17.069     >17.069  99.990          15.11        81.66   0.035        0.190       
2456999.82237  2456999.82603  2014-12-08.3219646  coadd_ba167995 1.64 -1.96 18.444     >18.444  99.990         -44.59        23.01   -0.104       0.054       
2457000.82416  2457000.82774  2014-12-09.3237628  coadd_ba168404 1.66 -1.96 18.323     >18.323  99.990          -4.35        25.71   -0.010       0.060       
2457001.82689  2457001.83039  2014-12-10.3264841  coadd_ba168807 1.65 -1.96 18.099     >18.099  99.990          -6.71        31.62   -0.016       0.074       
2457002.82436  2457002.82778  2014-12-11.3239524  coadd_ba169182 1.73 -1.96 18.219     >18.219  99.990          31.84        28.31   0.074        0.066       
2457004.82272  2457004.82599  2014-12-13.3223210  coadd_ba169974 1.65 -1.96 17.995     >17.995  99.990           4.48        34.80   0.010        0.081       
2457005.82271  2457005.82589  2014-12-14.3223039  coadd_ba170322 1.71 -1.96 17.277     >17.277  99.990          76.28        67.42   0.178        0.157       
2457008.82080  2457008.82373  2014-12-17.3203929  coadd_ba171260 1.72 -1.96 18.701     >18.701  99.990         -16.06        18.15   -0.037       0.042       
2457013.79841  2457013.80090  2014-12-22.2980332  coadd_ba173111 1.70 -1.96 18.454     >18.454  99.990          -5.15        22.79   -0.012       0.053       
2457017.78253  2457017.78466  2014-12-26.2821277  coadd_ba173578 1.67 -1.96 18.312      17.799  0.227          124.96        25.97   0.291        0.061       
2457023.78525  2457023.78682  2015-01-01.2848680  coadd_ba175105 1.70 -1.96 17.715     >17.715  99.990         -21.76        45.00   -0.051       0.105       
2457031.78730  2457031.78809  2015-01-09.2868968  coadd_ba176078 1.63 -1.96 18.605     >18.605  99.990         -19.36        19.84   -0.045       0.046       
2457034.76609  2457034.76658  2015-01-12.2656868  coadd_ba176910 1.66 -1.96 18.638     >18.638  99.990         -31.07        19.24   -0.072       0.045       
2457036.76389  2457036.76418  2015-01-14.2634868  coadd_ba177678 1.77 -1.96 18.250     >18.250  99.990           2.66        27.52   0.006        0.064       
2457038.76215  2457038.76224  2015-01-16.2617467  coadd_ba178585 1.64 -1.96 18.674     >18.674  99.990          -9.59        18.61   -0.022       0.043       
2457040.76465  2457040.76454  2015-01-18.2642447  coadd_ba179417 1.65 -1.96 18.587     >18.587  99.990         -12.72        20.17   -0.030       0.047       
2457043.75448  2457043.75407  2015-01-21.2540729  coadd_ba180545 2.08 -1.96 18.661     >18.661  99.990         -32.78        18.84   -0.076       0.044       
2457045.74656  2457045.74595  2015-01-23.2461556  coadd_ba181365 2.11 -1.96 18.593     >18.593  99.990          18.99        20.05   0.044        0.047       
2457051.73930  2457051.73811  2015-01-29.2388987  coadd_ba183596 1.80 -1.96 17.656     >17.656  99.990         -42.39        47.53   -0.099       0.111       
2457053.72538  2457053.72399  2015-01-31.2249774  coadd_ba184297 1.66 -1.96 17.548     >17.548  99.990         128.44        52.53   0.299        0.122       
2457054.72901  2457054.72752  2015-02-01.2286032  coadd_ba184643 1.66 -1.96 17.904      17.761  0.320          129.44        37.83   0.302        0.088       
2457061.71423  2457061.71208  2015-02-08.2138289  coadd_ba185864 1.64 -1.96 17.257     >17.257  99.990         -41.22        68.66   -0.096       0.160       
2457194.10988  2457194.10718  2015-06-20.6098869  coadd_ba216295 1.75 -1.96 17.806     >17.806  99.990         -31.88        41.41   -0.074       0.096       
2457195.10658  2457195.10397  2015-06-21.6065920  coadd_ba216576 2.06 -1.96 17.923     >17.923  99.990         -75.65        37.19   -0.176       0.087       
2457198.10424  2457198.10188  2015-06-24.6042524  coadd_ba217446 2.14 -1.96 17.967     >17.967  99.990          47.56        35.70   0.111        0.083       
2457204.09531  2457204.09349  2015-06-30.5953083  coadd_ba218977 1.66 -1.96 17.679     >17.679  99.990         -55.95        46.54   -0.130       0.108       
2457205.07849  2457205.07676  2015-07-01.5784912  coadd_ba219231 1.67 -1.96 17.052     >17.052  99.990        -121.75        82.95   -0.284       0.193       
2457207.08178  2457207.08024  2015-07-03.5817775  coadd_ba219809 1.64 -1.96 17.282     >17.282  99.990          37.36        67.10   0.087        0.156       
2457216.11674  2457216.11606  2015-07-12.6167431  coadd_ba221565 1.67 -1.96 17.705     >17.705  99.990          30.87        45.45   0.072        0.106       
2457218.06890  2457218.06840  2015-07-14.5689032  coadd_ba221978 1.70 -1.96 18.303     >18.303  99.990          49.17        26.19   0.115        0.061       
2457223.06746  2457223.06745  2015-07-19.5674640  coadd_ba222790 1.67 -1.96 18.358     >18.358  99.990         -65.42        24.90   -0.152       0.058       
2457227.06338  2457227.06375  2015-07-23.5633834  coadd_ba223244 1.64 -1.96 18.327     >18.327  99.990           8.31        25.62   0.019        0.060       
2457231.03243  2457231.03318  2015-07-27.5324334  coadd_ba224346 1.65 -1.96 18.752     >18.752  99.990         -51.64        17.33   -0.120       0.040       
2457232.00464  2457232.00549  2015-07-28.5046440  coadd_ba224610 1.64 -1.96 17.562     >17.562  99.990         -53.94        51.85   -0.126       0.121       
2457234.12947  2457234.13052  2015-07-30.6294721  coadd_ba225355 1.72 -1.96 17.466     >17.466  99.990         -33.50        56.61   -0.078       0.132       
2457238.05191  2457238.05332  2015-08-03.5519075  coadd_ba226041 1.66 -1.96 17.541     >17.541  99.990         -68.89        52.84   -0.161       0.123       
2457243.07325  2457243.07513  2015-08-08.5732518  coadd_ba227155 1.65 -1.96 18.371     >18.371  99.990         -64.51        24.61   -0.150       0.057       
2457244.99750  2457244.99956  2015-08-10.4975001  coadd_ba227793 1.65 -1.96 18.223     >18.223  99.990          54.46        28.19   0.127        0.066       
2457247.01953  2457247.02176  2015-08-12.5195269  coadd_ba228494 1.61 -1.96 18.376     >18.376  99.990          63.56        24.50   0.148        0.057       
2457260.94240  2457260.94581  2015-08-26.4424028  coadd_ba230301 1.79 -1.96 17.072     >17.072  99.990         -70.59        81.38   -0.164       0.190       
2457261.93361  2457261.93709  2015-08-27.4336116  coadd_ba230469 1.70 -1.96 17.213     >17.213  99.990          60.33        71.47   0.141        0.167       
2457263.97036  2457263.97400  2015-08-29.4703655  coadd_ba231197 1.67 -1.96 17.198     >17.198  99.990         106.06        72.45   0.247        0.169       
2457265.06834  2457265.07206  2015-08-30.5683453  coadd_ba231678 1.61 -1.96 17.646     >17.646  99.990         -46.31        47.98   -0.108       0.112       
2457270.08074  2457270.08481  2015-09-04.5807439  coadd_ba232363 1.71 -1.96 17.690      17.679  0.362          139.56        46.07   0.325        0.107       
2457272.07868  2457272.08288  2015-09-06.5786814  coadd_ba233156 1.66 -1.96 18.498     >18.498  99.990          29.63        21.89   0.069        0.051       
2457275.02387  2457275.02826  2015-09-09.5238730  coadd_ba233980 1.63 -1.96 18.453     >18.453  99.990          17.15        22.82   0.040        0.053       
2457278.03287  2457278.03744  2015-09-12.5328675  coadd_ba235048 1.59 -1.96 18.965      18.848  0.328           47.54        14.24   0.111        0.033       
2457285.03471  2457285.03966  2015-09-19.5347150  coadd_ba235738 1.72 -1.96 18.313     >18.313  99.990          22.72        25.95   0.053        0.060       
2457289.06719  2457289.07231  2015-09-23.5671891  coadd_ba236478 1.63 -1.96 18.881     >18.881  99.990           7.53        15.39   0.018        0.036       
2457290.08751  2457290.09268  2015-09-24.5875121  coadd_ba236696 1.66 -1.96 18.759     >18.759  99.990          -0.80        17.21   -0.002       0.040       
2457298.03880  2457298.04424  2015-10-02.5387982  coadd_ba238214 1.70 -1.96 17.984     >17.984  99.990         -42.84        35.15   -0.100       0.082       
2457298.98897  2457298.99444  2015-10-03.4889789  coadd_ba238578 1.63 -1.96 18.317     >18.317  99.990         -37.91        25.85   -0.088       0.060       
2457302.89945  2457302.90501  2015-10-07.3994489  coadd_ba239006 2.88 -1.96 18.045     >18.045  99.990         -97.40        33.22   -0.227       0.077       
2457305.03086  2457305.03645  2015-10-09.5308586  coadd_ba239906 1.63 -1.96 18.434     >18.434  99.990          10.61        23.23   0.025        0.054       
2457308.82590  2457308.83155  2015-10-13.3258993  coadd_ba240955 1.62 -1.96 18.556     >18.556  99.990         -67.27        20.76   -0.157       0.048       
2457309.90287  2457309.90853  2015-10-14.4028690  coadd_ba241430 1.67 -1.96 18.633     >18.633  99.990          10.29        19.33   0.024        0.045       
2457313.87799  2457313.88368  2015-10-18.3779976  coadd_ba242248 1.65 -1.96 18.843     >18.843  99.990         -16.70        15.93   -0.039       0.037       
2457316.80432  2457316.81000  2015-10-21.3043219  coadd_ba243222 1.69 -1.96 18.035     >18.035  99.990          17.27        33.55   0.040        0.078       
2457318.79808  2457318.80375  2015-10-23.2980833  coadd_ba244295 1.65 -1.96 18.041     >18.041  99.990         -54.86        33.36   -0.128       0.078       
2457320.75922  2457320.76487  2015-10-25.2592170  coadd_ba245085 1.72 -1.96 17.389     >17.389  99.990        -124.46        60.80   -0.290       0.142       
2457324.88081  2457324.88641  2015-10-29.3808109  coadd_ba246743 1.72 -1.96 17.399     >17.399  99.990        -169.85        60.24   -0.396       0.140       
2457327.87209  2457327.87763  2015-11-01.3720902  coadd_ba247248 1.66 -1.96 18.276     >18.276  99.990          -1.09        26.85   -0.003       0.063       
2457329.98147  2457329.98696  2015-11-03.4814729  coadd_ba248101 1.67 -1.96 18.416     >18.416  99.990         -87.63        23.61   -0.204       0.055       
2457330.92044  2457330.92591  2015-11-04.4204459  coadd_ba248442 2.10 -1.96 18.591     >18.591  99.990          44.65        20.08   0.104        0.047       
2457333.89329  2457333.89867  2015-11-07.3932910  coadd_ba249181 1.81 -1.96 18.666     >18.666  99.990          13.25        18.76   0.031        0.044       
2457341.85491  2457341.85999  2015-11-15.3549123  coadd_ba250037 1.82 -1.96 18.541     >18.541  99.990          -3.11        21.04   -0.007       0.049       
2457344.82084  2457344.82578  2015-11-18.3208425  coadd_ba250967 2.00 -1.96 17.686     >17.686  99.990          85.17        46.24   0.198        0.108       
2457353.88724  2457353.89167  2015-11-27.3872427  coadd_ba252034 1.80 -1.96 17.417     >17.417  99.990           1.08        59.25   0.003        0.138       
2457354.80963  2457354.81401  2015-11-28.3096324  coadd_ba252334 1.69 -1.96 16.962     >16.962  99.990         -46.09        90.06   -0.107       0.210       
2457357.90670  2457357.91088  2015-12-01.4067048  coadd_ba253240 1.80 -1.96 17.989      17.880  0.330          115.96        34.97   0.270        0.081       
2457358.83459  2457358.83870  2015-12-02.3345927  coadd_ba253620 1.72 -1.96 18.871     >18.871  99.990          30.30        15.53   0.071        0.036       
2457359.73800  2457359.74204  2015-12-03.2379983  coadd_ba253979 1.79 -1.96 18.819     >18.819  99.990           3.91        16.29   0.009        0.038       
2457361.88045  2457361.88435  2015-12-05.3804539  coadd_ba254964 1.67 -1.96 18.776     >18.776  99.990          -1.29        16.94   -0.003       0.039       
2457363.88850  2457363.89225  2015-12-07.3885016  coadd_ba255828 1.67 -1.96 18.956     >18.956  99.990           4.46        14.36   0.010        0.033       
2457365.81097  2457365.81457  2015-12-09.3109685  coadd_ba256644 1.81 -1.96 18.573     >18.573  99.990         -17.80        20.43   -0.041       0.048       
2457368.79704  2457368.80041  2015-12-12.2970429  coadd_ba257631 1.76 -1.96 18.778      18.530  0.290           63.76        16.91   0.149        0.039       
2457374.69543  2457374.69831  2015-12-18.1954359  coadd_ba259168 1.75 -1.96 18.074     >18.074  99.990         -53.49        32.36   -0.125       0.075       
2457380.79272  2457380.79505  2015-12-24.2927195  coadd_ba260340 1.69 -1.96 17.523     >17.523  99.990          62.48        53.72   0.146        0.125       
2457384.82077  2457384.82274  2015-12-28.3207752  coadd_ba261227 1.72 -1.96 17.990      17.940  0.349          109.77        34.94   0.256        0.081       
2457386.82211  2457386.82389  2015-12-30.3221100  coadd_ba261898 1.71 -1.96 18.514     >18.514  99.990         -92.90        21.56   -0.216       0.050       
2457388.76163  2457388.76323  2016-01-01.2616354  coadd_ba262726 1.65 -1.96 18.739      18.496  0.292           65.79        17.53   0.153        0.041       
2457390.74315  2457390.74455  2016-01-03.2431557  coadd_ba263360 1.65 -1.96 18.636     >18.636  99.990          12.04        19.28   0.028        0.045       
2457392.81467  2457392.81587  2016-01-05.3146722  coadd_ba264287 1.81 -1.96 18.815     >18.815  99.990          31.71        16.35   0.074        0.038       
2457394.73726  2457394.73827  2016-01-07.2372599  coadd_ba264678 2.23 -1.96 18.438     >18.438  99.990         -62.54        23.14   -0.146       0.054       
2457396.75747  2457396.75829  2016-01-09.2574759  coadd_ba265567 1.68 -1.96 18.752     >18.752  99.990          26.98        17.33   0.063        0.040       
2457399.73565  2457399.73617  2016-01-12.2356556  coadd_ba266834 1.70 -1.96 18.745     >18.745  99.990          26.54        17.43   0.062        0.041       
2457405.71257  2457405.71249  2016-01-18.2125753  coadd_ba268966 2.03 -1.96 17.968     >17.968  99.990         -68.97        35.67   -0.161       0.083       
2457408.75485  2457408.75447  2016-01-21.2548495  coadd_ba270267 1.75 -1.96 17.542     >17.542  99.990         103.49        52.78   0.241        0.123       
2457411.74678  2457411.74610  2016-01-24.2467783  coadd_ba271556 1.77 -1.96 17.361     >17.361  99.990          31.73        62.36   0.074        0.145       
2457413.73380  2457413.73293  2016-01-26.2338060  coadd_ba272411 1.72 -1.96 18.704     >18.704  99.990          42.22        18.11   0.098        0.042       
2457416.71974  2457416.71858  2016-01-29.2197450  coadd_ba273676 2.16 -1.96 18.596     >18.596  99.990         -29.30        20.01   -0.068       0.047       
2457418.72442  2457418.72306  2016-01-31.2244224  coadd_ba274527 2.11 -1.96 18.722     >18.722  99.990          21.22        17.80   0.049        0.041       
2457421.74993  2457421.74828  2016-02-03.2499350  coadd_ba275808 1.70 -1.96 18.398     >18.398  99.990          65.91        24.00   0.154        0.056       
2457555.11210  2457555.10904  2016-06-15.6121  coadd_ba316218 1.74 -1.96 17.671     >17.671  99.990          -6.69        46.89   -0.016       0.109       
2457558.09764  2457558.09483  2016-06-18.5976437  coadd_ba316978 1.70 -1.96 17.816     >17.816  99.990        -136.53        41.03   -0.318       0.096       
2457561.12096  2457561.11841  2016-06-21.6209667  coadd_ba317999 1.67 -1.96 16.515     >16.515  99.990        -173.61       135.93   -0.405       0.317       
2457562.08659  2457562.08413  2016-06-22.5865969  coadd_ba318321 1.63 -1.96 17.029     >17.029  99.990          65.01        84.68   0.151        0.197       
2457563.09210  2457563.08973  2016-06-23.5921065  coadd_ba318653 1.74 -1.96 17.538     >17.538  99.990         -87.92        53.01   -0.205       0.124       
2457574.11782  2457574.11644  2016-07-04.6178175  coadd_ba320884 1.69 -1.96 17.561     >17.561  99.990        -166.80        51.89   -0.389       0.121       
2457575.07102  2457575.06974  2016-07-05.5710261  coadd_ba321198 1.67 -1.96 18.683     >18.683  99.990           3.30        18.45   0.008        0.043       
2457578.07072  2457578.06972  2016-07-08.5707209  coadd_ba322195 1.67 -1.96 18.468     >18.468  99.990          44.35        22.51   0.103        0.052       
2457581.09687  2457581.09616  2016-07-11.5968773  coadd_ba322840 1.73 -1.96 18.388     >18.388  99.990         -63.89        24.22   -0.149       0.056       
2457587.05418  2457587.05404  2016-07-17.5541789  coadd_ba324267 1.73 -1.96 17.763     >17.763  99.990         -73.42        43.09   -0.171       0.100       
2457590.02795  2457590.02810  2016-07-20.5279528  coadd_ba324836 1.76 -1.96 17.365     >17.365  99.990         -52.72        62.14   -0.123       0.145       
2457592.11374  2457592.11409  2016-07-22.6137430  coadd_ba325278 1.63 -1.96 17.717     >17.717  99.990         -65.15        44.93   -0.152       0.105       
2457598.05482  2457598.05574  2016-07-28.5548187  coadd_ba326585 1.69 -1.96 18.434     >18.434  99.990         -41.12        23.21   -0.096       0.054       
2457602.07990  2457602.08120  2016-08-01.5799026  coadd_ba327679 1.66 -1.96 18.915     >18.915  99.990          10.47        14.91   0.024        0.035       
2457606.04774  2457606.04942  2016-08-05.5477453  coadd_ba328933 2.21 -1.96 18.818     >18.818  99.990          17.23        16.31   0.040        0.038       
2457610.10274  2457610.10478  2016-08-09.6027383  coadd_ba330274 1.61 -1.96 18.663     >18.663  99.990          10.45        18.81   0.024        0.044       
2457614.99440  2457614.99687  2016-08-14.4943968  coadd_ba331704 1.68 -1.96 18.084     >18.084  99.990         -59.12        32.06   -0.138       0.075       
2457616.09853  2457616.10111  2016-08-15.5985341  coadd_ba332013 1.76 -1.96 18.936     >18.936  99.990           1.10        14.63   0.003        0.034       
2457617.95102  2457617.95376  2016-08-17.4510275  coadd_ba332534 1.67 -1.96 17.105     >17.105  99.990         115.58        78.99   0.269        0.184       
2457627.13613  2457627.13961  2016-08-26.6361328  coadd_ba334705 1.73 -1.96 17.645     >17.645  99.990         -64.59        48.00   -0.150       0.112       
2457628.02833  2457628.03187  2016-08-27.5283299  coadd_ba335000 1.77 -1.96 18.754     >18.754  99.990         -32.42        17.30   -0.076       0.040       
2457630.88592  2457630.88967  2016-08-30.3859182  coadd_be230522 1.54 -2.55 18.379     >18.379  99.990         -14.75        14.22   -0.059       0.057       
2457631.69977  2457631.70359  2016-08-31.1997766  coadd_be230782 1.46 -2.55 18.215     >18.215  99.990         -59.25        16.55   -0.237       0.066       
2457632.69611  2457632.70000  2016-09-01.1961173  coadd_be231032 1.41 -2.55 18.244     >18.244  99.990         -41.91        16.11   -0.168       0.064       
2457633.69263  2457633.69659  2016-09-02.1926331  coadd_be231398 1.76 -2.55 18.359     >18.359  99.990          -5.40        14.49   -0.022       0.058       
2457636.93545  2457636.93963  2016-09-05.4354546  coadd_ba336082 1.61 -1.96 18.712     >18.712  99.990         -52.46        17.97   -0.122       0.042       
2457638.97568  2457638.97999  2016-09-07.4756807  coadd_ba336886 1.64 -1.96 18.531     >18.531  99.990          53.69        21.24   0.125        0.049       
2457642.66977  2457642.67431  2016-09-11.1697754  coadd_be234667 1.45 -2.55 18.096     >18.096  99.990          14.56        18.47   0.058        0.074       
2457648.65373  2457648.65859  2016-09-17.1537271  coadd_be236710 1.52 -2.55 16.651     >16.651  99.990         -69.87        69.87   -0.280       0.280       
2457655.63715  2457655.64233  2016-09-24.1371517  coadd_be239301 1.47 -2.55 18.316     >18.316  99.990          -6.71        15.07   -0.027       0.060       
2457657.97379  2457657.97906  2016-09-26.4737916  coadd_ba340608 1.76 -1.96 18.602     >18.602  99.990           6.65        19.89   0.015        0.046       
2457659.74406  2457659.74939  2016-09-28.2440620  coadd_be240900 1.43 -2.55 18.403     >18.403  99.990         -27.91        13.92   -0.112       0.056       
2457660.64691  2457660.65227  2016-09-29.1469125  coadd_be241206 1.61 -2.55 18.162     >18.162  99.990           8.34        17.37   0.033        0.069       
2457663.64851  2457663.65396  2016-10-02.1485107  coadd_be242335 1.52 -2.55 18.410     >18.410  99.990          -4.98        13.83   -0.020       0.055       
2457667.65414  2457667.65969  2016-10-06.1541450  coadd_be243510 1.42 -2.55 18.285     >18.285  99.990         -49.93        15.50   -0.200       0.062       
2457669.79024  2457669.79583  2016-10-08.2902388  coadd_be244347 1.43 -2.55 18.173     >18.173  99.990         -34.91        17.19   -0.140       0.069       
2457672.78940  2457672.79504  2016-10-11.2894047  coadd_ba344401 1.63 -1.96 17.837     >17.837  99.990          29.93        40.25   0.070        0.094       
2457674.00975  2457674.01540  2016-10-12.5097489  coadd_ba344831 1.64 -1.96 18.030     >18.030  99.990           5.52        33.67   0.013        0.078       
2457675.94450  2457675.95017  2016-10-14.4445028  coadd_ba345597 1.79 -1.96 17.278     >17.278  99.990          41.57        67.34   0.097        0.157       
2457682.00937  2457682.01505  2016-10-20.5093682  coadd_ba347775 2.25 -1.96 17.984     >17.984  99.990          71.74        35.13   0.167        0.082       
2457682.65046  2457682.65613  2016-10-21.1504572  coadd_be246929 1.42 -2.55 18.399     >18.399  99.990          -1.10        13.96   -0.004       0.056       
2457687.96130  2457687.96693  2016-10-26.4613012  coadd_ba349284 1.73 -1.96 18.496     >18.496  99.990          41.66        21.92   0.097        0.051       
2457689.69600  2457689.70161  2016-10-28.1960045  coadd_be248816 1.41 -2.55 18.599     >18.599  99.990         -43.19        11.62   -0.173       0.046       
2457692.63638  2457692.64193  2016-10-31.1363813  coadd_be249806 1.96 -2.55 18.075     >18.075  99.990          -6.23        18.82   -0.025       0.075       
2457695.91679  2457695.92227  2016-11-03.4167942  coadd_ba352013 1.64 -1.96 18.679     >18.679  99.990          31.41        18.52   0.073        0.043       
2457697.75901  2457697.76444  2016-11-05.2590163  coadd_ba352734 2.00 -1.96 17.873     >17.873  99.990          56.97        38.94   0.133        0.091       
2457698.81650  2457698.82189  2016-11-06.3164995  coadd_ba353171 1.69 -1.96 18.376     >18.376  99.990          60.89        24.49   0.142        0.057       
2457699.72845  2457699.73382  2016-11-07.2284562  coadd_be251490 1.49 -2.55 18.476     >18.476  99.990          36.38        13.00   0.146        0.052       
2457702.84231  2457702.84756  2016-11-10.3423134  coadd_ba354766 1.60 -1.96 17.821     >17.821  99.990          -1.14        40.85   -0.003       0.095       
2457707.90337  2457707.90841  2016-11-15.4033681  coadd_ba356904 1.87 -1.96 17.239     >17.239  99.990          16.15        69.78   0.038        0.163       
2457709.89264  2457709.89759  2016-11-17.3926401  coadd_ba357690 1.81 -1.96 18.000     >18.000  99.990          26.93        34.63   0.063        0.081       
2457711.91002  2457711.91487  2016-11-19.4100232  coadd_ba358485 1.72 -1.96 18.075     >18.075  99.990          40.36        32.32   0.094        0.075       
2457713.78852  2457713.79326  2016-11-21.2885190  coadd_ba359047 1.69 -1.96 17.945     >17.945  99.990          94.24        36.42   0.220        0.085       
2457715.86824  2457715.87287  2016-11-23.3682406  coadd_ba359404 2.02 -1.96 18.638     >18.638  99.990          31.26        19.24   0.073        0.045       
2457717.62510  2457717.62963  2016-11-25.1251033  coadd_be256044 1.39 -2.55 18.603     >18.603  99.990          23.63        11.58   0.095        0.046       
2457720.91009  2457720.91441  2016-11-28.4100953  coadd_ba361069 2.05 -1.96 18.478     >18.478  99.990          -7.25        22.29   -0.017       0.052       
2457729.53367  2457729.53739  2016-12-07.0336726  coadd_be259565 1.50 -2.55 17.799     >17.799  99.990          -6.53        24.26   -0.026       0.097       
2457736.78249  2457736.78563  2016-12-14.2824892  coadd_ba362701 1.66 -1.96 17.302     >17.302  99.990          98.60        65.86   0.230        0.153       
2457739.84732  2457739.85020  2016-12-17.3473187  coadd_ba363415 2.04 -1.96 18.202     >18.202  99.990          84.66        28.76   0.197        0.067       
2457741.61042  2457741.61315  2016-12-19.1104221  coadd_be261998 1.42 -2.55 18.336     >18.336  99.990          25.31        14.79   0.101        0.059       
2457744.63917  2457744.64164  2016-12-22.1391759  coadd_be262960 1.42 -2.55 17.621     >17.621  99.990        -100.96        28.59   -0.404       0.114       
2457745.82833  2457745.83068  2016-12-23.3283309  coadd_ba364036 1.85 -1.96 18.639     >18.639  99.990         -21.66        19.22   -0.050       0.045       
2457747.61243  2457747.61462  2016-12-25.1124314  coadd_be263798 1.40 -2.55 18.290     >18.290  99.990          29.97        15.44   0.120        0.062       
2457750.74907  2457750.75098  2016-12-28.2490729  coadd_ba365643 1.73 -1.96 17.828     >17.828  99.990          58.13        40.58   0.135        0.095       
2457755.81453  2457755.81595  2017-01-02.3145314  coadd_ba366533 1.73 -1.96 18.650     >18.650  99.990          -3.24        19.03   -0.008       0.044       
2457762.73881  2457762.73955  2017-01-09.2388137  coadd_ba369047 1.73 -1.96 17.881     >17.881  99.990         100.79        38.63   0.235        0.090       
2457765.74755  2457765.74799  2017-01-12.2475503  coadd_ba370269 1.66 -1.96 17.497     >17.497  99.990        -117.40        55.05   -0.274       0.128       
2457769.76858  2457769.76862  2017-01-16.2685797  coadd_ba371834 2.05 -1.96 18.511     >18.511  99.990         -37.24        21.63   -0.087       0.050       
2457773.75869  2457773.75834  2017-01-20.2586954  coadd_ba373355 2.01 -1.96 18.641     >18.641  99.990          13.64        19.19   0.032        0.045       
2457776.74460  2457776.74395  2017-01-23.2446032  coadd_ba374235 1.64 -1.96 17.744     >17.744  99.990         -41.41        43.83   -0.096       0.102       
2457777.74116  2457777.74041  2017-01-24.2411634  coadd_ba374628 1.63 -1.96 18.693     >18.693  99.990         -18.83        18.28   -0.044       0.043       
2457780.73491  2457780.73387  2017-01-27.2349134  coadd_ba375823 1.73 -1.96 18.450     >18.450  99.990           6.35        22.87   0.015        0.053       
2457782.72035  2457782.71911  2017-01-29.2203518  coadd_ba376654 1.82 -1.96 18.551     >18.551  99.990         -54.04        20.84   -0.126       0.049       
2457908.93163  2457908.92770  2017-06-04.4316341  coadd_be312892 1.45 -2.55 17.871     >17.871  99.990         -28.92        22.72   -0.116       0.091       
2457913.92987  2457913.92630  2017-06-09.4298668  coadd_be314604 1.46 -2.55 17.358      17.220  0.322          124.04        36.42   0.496        0.146       
2457916.91844  2457916.91510  2017-06-12.4184377  coadd_be315940 1.53 -2.55 17.408     >17.408  99.990          -4.45        34.78   -0.018       0.139       
2457928.09837  2457928.09597  2017-06-23.5983814  coadd_ba416210 1.66 -1.96 18.328     >18.328  99.990         -46.60        25.59   -0.109       0.060       
2457940.11420  2457940.11289  2017-07-05.6141975  coadd_ba419308 1.69 -1.96 18.322     >18.322  99.990          18.64        25.74   0.043        0.060       
2457942.06315  2457942.06203  2017-07-07.5631550  coadd_ba419930 1.80 -1.96 17.648     >17.648  99.990        -298.12        47.90   -0.695       0.112       
2457943.84784  2457943.84689  2017-07-09.3478506  coadd_be324965 1.48 -2.55 17.303     >17.303  99.990         -89.81        38.31   -0.359       0.153       
2457945.89777  2457945.89702  2017-07-11.3977711  coadd_be325892 1.57 -2.55 17.653     >17.653  99.990          37.70        27.75   0.151        0.111       
2457948.86864  2457948.86817  2017-07-14.3686487  coadd_be327151 1.54 -2.55 17.203     >17.203  99.990        -108.80        42.00   -0.435       0.168       
2457958.09152  2457958.09194  2017-07-23.5915275  coadd_ba423219 2.02 -1.96 18.650     >18.650  99.990         -28.85        19.03   -0.067       0.044       
2457958.80721  2457958.80770  2017-07-24.3072136  coadd_be330627 1.44 -2.55 18.069     >18.069  99.990         -77.17        18.93   -0.309       0.076       
2457961.79740  2457961.79817  2017-07-27.2973990  coadd_be331922 1.53 -2.55 16.974     >16.974  99.990           1.52        51.90   0.006        0.208       
2457965.00565  2457965.00673  2017-07-30.5056501  coadd_ba424830 1.68 -1.96 18.409     >18.409  99.990         -10.68        23.75   -0.025       0.055       
2457967.06108  2457967.06235  2017-08-01.5610856  coadd_ba425229 1.65 -1.96 18.521     >18.521  99.990          34.24        21.42   0.080        0.050       
2457968.77671  2457968.77815  2017-08-03.2767141  coadd_be334861 1.48 -2.55 17.712     >17.712  99.990          12.91        26.29   0.052        0.105       
2457970.08991  2457970.09147  2017-08-04.5899083  coadd_ba425930 1.78 -1.96 18.705     >18.705  99.990         -34.18        18.09   -0.080       0.042       
2457970.98384  2457970.98548  2017-08-05.4838436  coadd_ba426210 2.11 -1.96 17.588     >17.588  99.990          74.92        50.60   0.175        0.118       
2457972.11224  2457972.11398  2017-08-06.6122398  coadd_ba426671 1.66 -1.96 18.088     >18.088  99.990          67.75        31.92   0.158        0.074       
2457976.06079  2457976.06290  2017-08-10.5607971  coadd_ba428151 1.69 -1.96 17.590     >17.590  99.990         -40.57        50.51   -0.095       0.118       
2457981.08441  2457981.08696  2017-08-15.5844085  coadd_ba429694 1.75 -1.96 18.543     >18.543  99.990         -19.10        21.00   -0.045       0.049       
2457983.02966  2457983.03237  2017-08-17.5296574  coadd_ba430361 1.72 -1.96 18.683     >18.683  99.990          40.35        18.47   0.094        0.043       
2457985.76789  2457985.77084  2017-08-20.2678959  coadd_be340346 1.42 -2.55 18.074     >18.074  99.990         -14.36        18.84   -0.057       0.075       
2457992.03220  2457992.03565  2017-08-26.5322127  coadd_ba432527 1.71 -1.96 17.487     >17.487  99.990        -129.73        55.53   -0.302       0.129       
2457992.94933  2457992.95284  2017-08-27.4493310  coadd_ba432838 1.90 -1.96 18.558     >18.558  99.990           6.12        20.71   0.014        0.048       
2457995.86440  2457995.86814  2017-08-30.3644052  coadd_be341408 1.39 -2.55 16.890     >16.890  99.990        -158.43        56.06   -0.634       0.224       
2457997.95282  2457997.95671  2017-09-01.4528318  coadd_ba434104 1.68 -1.96 18.039     >18.039  99.990         -26.69        33.40   -0.062       0.078       
2458003.85901  2458003.86330  2017-09-07.3590178  coadd_be343861 1.42 -2.55 16.702     >16.702  99.990          86.74        66.68   0.347        0.267       
2458008.98726  2458008.99186  2017-09-12.4872673  coadd_ba436702 1.70 -1.96 18.294     >18.294  99.990          27.52        26.42   0.064        0.062       
2458010.79244  2458010.79714  2017-09-14.2924427  coadd_be345518 1.40 -2.55 17.916     >17.916  99.990          11.27        21.79   0.045        0.087       
2458012.72955  2458012.73435  2017-09-16.2295607  coadd_be346238 1.75 -2.55 17.934     >17.934  99.990         -35.37        21.43   -0.142       0.086       
2458014.97236  2458014.97728  2017-09-18.4723659  coadd_ba438465 1.78 -1.96 18.572     >18.572  99.990         -43.34        20.45   -0.101       0.048       
2458019.02992  2458019.03502  2017-09-22.5299238  coadd_ba439667 1.78 -1.96 17.956     >17.956  99.990          90.45        36.05   0.211        0.084       
2458022.00935  2458022.01457  2017-09-25.5093627  coadd_ba440766 1.70 -1.96 18.772     >18.772  99.990          43.21        17.01   0.101        0.040       
2458023.62696  2458023.63224  2017-09-27.1269596  coadd_be349987 1.45 -2.55 17.857     >17.857  99.990          28.61        23.01   0.114        0.092       
2458024.62349  2458024.62881  2017-09-28.1234939  coadd_be350352 1.40 -2.55 16.146     >16.146  99.990         250.71       111.22   1.003        0.445       
2458025.88217  2458025.88753  2017-09-29.3821704  coadd_ba441855 1.86 -1.96 18.239     >18.239  99.990         -39.37        27.80   -0.092       0.065       
2458026.99846  2458027.00386  2017-09-30.4984673  coadd_ba442390 1.76 -1.96 18.564     >18.564  99.990           6.68        20.60   0.016        0.048       
2458028.06581  2458028.07123  2017-10-01.5658077  coadd_ba442664 1.72 -1.96 18.627     >18.627  99.990         -13.02        19.43   -0.030       0.045       
2458036.80653  2458036.81215  2017-10-10.3065332  coadd_be354122 1.43 -2.55 17.797     >17.797  99.990          -5.17        24.31   -0.021       0.097       
2458045.99172  2458045.99740  2017-10-19.4917267  coadd_ba446156 2.08 -1.96 18.786     >18.786  99.990          15.98        16.79   0.037        0.039       
2458049.97433  2458049.97999  2017-10-23.4743356  coadd_ba446889 1.74 -1.96 18.000     >18.000  99.990         -16.72        34.62   -0.039       0.081       
2458053.79046  2458053.79609  2017-10-27.2904649  coadd_ba447001 1.60 -1.96 18.419     >18.419  99.990          31.73        23.53   0.074        0.055       
2458054.76579  2458054.77140  2017-10-28.2657925  coadd_ba447390 1.60 -1.96 17.821     >17.821  99.990         -20.33        40.84   -0.047       0.095       
2458055.76735  2458055.77294  2017-10-29.2673503  coadd_ba447799 1.66 -1.96 17.773     >17.773  99.990          26.81        42.69   0.062        0.099       
2458056.75643  2458056.76200  2017-10-30.2564299  coadd_ba448197 1.62 -1.96 17.795     >17.795  99.990          40.58        41.82   0.095        0.097       
2458063.95783  2458063.96322  2017-11-06.4578355  coadd_ba450807 1.84 -1.96 17.669     >17.669  99.990         -37.71        46.99   -0.088       0.109       
2458064.96899  2458064.97435  2017-11-07.4689935  coadd_ba451078 1.74 -1.96 17.874     >17.874  99.990          63.03        38.88   0.147        0.091       
2458065.96738  2458065.97271  2017-11-08.4673930  coadd_ba451429 2.09 -1.96 16.537     >16.537  99.990        -266.59       133.25   -0.621       0.310       
2458066.96470  2458066.96999  2017-11-09.4647032  coadd_ba451839 1.76 -1.96 18.423     >18.423  99.990         -18.84        23.45   -0.044       0.055       
2458067.96066  2458067.96592  2017-11-10.4606707  coadd_ba452257 1.74 -1.96 18.388     >18.388  99.990         -13.04        24.22   -0.030       0.056       
2458074.94102  2458074.94597  2017-11-17.4410201  coadd_ba453892 1.74 -1.96 18.629     >18.629  99.990          24.07        19.41   0.056        0.045       
2458077.92925  2458077.93405  2017-11-20.4292518  coadd_ba454935 1.74 -1.96 18.782     >18.782  99.990          26.75        16.85   0.062        0.039       
2458078.93298  2458078.93773  2017-11-21.4329804  coadd_ba455211 1.66 -1.96 18.552     >18.552  99.990          20.66        20.83   0.048        0.049       
2458083.72271  2458083.72719  2017-11-26.2227170  coadd_be365403 1.42 -2.55 18.061     >18.061  99.990          29.06        19.06   0.116        0.076       
2458090.68130  2458090.68532  2017-12-03.1813048  coadd_be367478 1.76 -2.55 16.944     >16.944  99.990           8.09        53.35   0.032        0.213       
2458091.73083  2458091.73477  2017-12-04.2308363  coadd_ba456816 1.73 -1.96 17.477     >17.477  99.990          46.57        56.05   0.109        0.131       
2458096.88143  2458096.88499  2017-12-09.3814371  coadd_ba457980 1.64 -1.96 18.558     >18.558  99.990          54.36        20.71   0.127        0.048       
2458099.61004  2458099.61338  2017-12-12.1100444  coadd_be369593 1.41 -2.55 18.183     >18.183  99.990          45.34        17.03   0.181        0.068       
2458102.67263  2458102.67572  2017-12-15.1726298  coadd_be370455 1.47 -2.55 18.064     >18.064  99.990         -35.37        19.02   -0.142       0.076       
2458103.63878  2458103.64179  2017-12-16.1387825  coadd_be370750 1.41 -2.55 18.201     >18.201  99.990          33.98        16.76   0.136        0.067       
2458105.66194  2458105.66477  2017-12-18.1619430  coadd_be371407 1.49 -2.55 17.582     >17.582  99.990         -64.15        29.63   -0.257       0.119       
2458107.57416  2458107.57683  2017-12-20.0741577  coadd_be371904 1.42 -2.55 18.036     >18.036  99.990         -23.89        19.51   -0.096       0.078       
2458108.56163  2458108.56421  2017-12-21.0616327  coadd_be372182 1.43 -2.55 18.165     >18.165  99.990          13.57        17.33   0.054        0.069       
2458111.64657  2458111.64887  2017-12-24.1465687  coadd_be372865 1.39 -2.55 17.903     >17.903  99.990           1.65        22.05   0.007        0.088       
2458117.77601  2458117.77774  2017-12-30.2760108  coadd_ba461969 1.71 -1.96 17.763     >17.763  99.990         -74.87        43.06   -0.174       0.100       
2458121.55805  2458121.55943  2018-01-03.0580546  coadd_be374342 1.40 -2.55 17.547     >17.547  99.990           5.55        30.60   0.022        0.122       
2458122.61580  2458122.61707  2018-01-04.1158061  coadd_be374674 1.39 -2.55 17.432     >17.432  99.990           1.26        34.03   0.005        0.136       
2458123.79641  2458123.79757  2018-01-05.2964145  coadd_ba464254 1.76 -1.96 18.715     >18.715  99.990         -23.55        17.93   -0.055       0.042       
2458124.79552  2458124.79658  2018-01-06.2955341  coadd_ba464669 1.75 -1.96 18.661     >18.661  99.990          16.92        18.83   0.039        0.044       
2458125.78822  2458125.78918  2018-01-07.2882305  coadd_ba465078 1.82 -1.96 18.875     >18.875  99.990          21.83        15.47   0.051        0.036       
2458126.79232  2458126.79318  2018-01-08.2923177  coadd_ba465507 2.19 -1.96 18.723     >18.723  99.990         -28.18        17.80   -0.066       0.041       
2458127.78613  2458127.78689  2018-01-09.2861332  coadd_ba465916 1.73 -1.96 18.728     >18.728  99.990           3.82        17.71   0.009        0.041       
2458128.78539  2458128.78605  2018-01-10.2853891  coadd_ba466337 1.69 -1.96 18.715     >18.715  99.990         -33.24        17.92   -0.077       0.042       
2458130.76856  2458130.76902  2018-01-12.2685587  coadd_ba467081 1.62 -1.96 18.585     >18.585  99.990         -10.40        20.20   -0.024       0.047       
2458131.78457  2458131.78494  2018-01-13.2845800  coadd_ba467470 1.66 -1.96 18.720     >18.720  99.990           6.45        17.84   0.015        0.042       
2458132.57712  2458132.57740  2018-01-14.0771184  coadd_be377294 1.40 -2.55 17.724     >17.724  99.990         -21.05        26.01   -0.084       0.104       
2458133.57674  2458133.57693  2018-01-15.0767443  coadd_be377620 1.41 -2.55 17.970     >17.970  99.990          12.32        20.72   0.049        0.083       
2458134.57287  2458134.57295  2018-01-16.0728694  coadd_be377944 1.40 -2.55 17.951     >17.951  99.990         -14.33        21.10   -0.057       0.084       
2458135.56871  2458135.56870  2018-01-17.0687108  coadd_be378268 1.45 -2.55 17.877      17.655  0.298           83.07        22.58   0.332        0.090       
2458136.56852  2458136.56840  2018-01-18.0685265  coadd_be378594 1.45 -2.55 17.936     >17.936  99.990          -6.44        21.39   -0.026       0.086       
2458137.56052  2458137.56031  2018-01-19.0605217  coadd_be378915 1.50 -2.55 17.917     >17.917  99.990          -5.54        21.77   -0.022       0.087       
2458138.55968  2458138.55937  2018-01-20.0596813  coadd_be379242 1.52 -2.55 17.858     >17.858  99.990          38.82        22.98   0.155        0.092       
2458139.55990  2458139.55949  2018-01-21.0598991  coadd_be379569 1.51 -2.55 18.087     >18.087  99.990          -3.36        18.62   -0.013       0.075       
2458140.55217  2458140.55166  2018-01-22.0521759  coadd_be379889 1.41 -2.55 17.920     >17.920  99.990         -15.37        21.72   -0.062       0.087       
2458145.53845  2458145.53744  2018-01-27.0384531  coadd_be381539 1.62 -2.55 17.313     >17.313  99.990          56.82        37.98   0.227        0.152       
2458146.53416  2458146.53306  2018-01-28.0341687  coadd_be381870 1.84 -2.55 17.140     >17.140  99.990           8.05        44.52   0.032        0.178       
2458147.53373  2458147.53253  2018-01-29.0337354  coadd_be382206 1.89 -2.55 17.103     >17.103  99.990         -29.13        46.07   -0.117       0.184       
2458148.71275  2458148.71144  2018-01-30.2127490  coadd_ba471877 1.63 -1.96 17.669     >17.669  99.990         -43.68        46.97   -0.102       0.109       
2458149.71701  2458149.71560  2018-01-31.2170136  coadd_ba472302 1.76 -1.96 17.701     >17.701  99.990           6.66        45.59   0.016        0.106       
2458287.10127  2458287.09834  2018-06-17.6012722  coadd_ba496470 1.64 -1.96 18.196     >18.196  99.990          25.43        28.90   0.059        0.067       
2458289.09384  2458289.09108  2018-06-19.5938469  coadd_ba496885 1.71 -1.96 18.305     >18.305  99.990           7.07        26.14   0.016        0.061       
2458301.08178  2458301.08008  2018-07-01.5817883  coadd_ba499922 1.75 -1.96 17.153      16.921  0.295          280.50        75.54   0.654        0.176       
2458301.87233  2458301.87070  2018-07-02.3723307  coadd_be417843 1.84 -2.55 17.870     >17.870  99.990           0.81        22.73   0.003        0.091       
2458303.91428  2458303.91284  2018-07-04.4142821  coadd_be418718 1.51 -2.55 17.980     >17.980  99.990          46.54        20.55   0.186        0.082       
2458310.12197  2458310.12111  2018-07-10.6219701  coadd_ba501852 1.66 -1.96 17.357     >17.357  99.990        -141.23        62.59   -0.329       0.146       
2458312.10215  2458312.10149  2018-07-12.6021569  coadd_ba502509 1.60 -1.96 18.605     >18.605  99.990         -23.92        19.83   -0.056       0.046       
2458312.85213  2458312.85153  2018-07-13.3521276  coadd_be421742 2.11 -2.55 18.456     >18.456  99.990         -26.89        13.25   -0.108       0.053       
2458314.83829  2458314.83789  2018-07-15.3382997  coadd_be422610 1.81 -2.55 18.112     >18.112  99.990          18.54        18.19   0.074        0.073       
2458320.03445  2458320.03455  2018-07-20.5344489  coadd_ba504430 1.60 -1.96 18.577     >18.577  99.990         -64.69        20.36   -0.151       0.047       
2458321.07192  2458321.07213  2018-07-21.5719256  coadd_ba504798 1.66 -1.96 18.046     >18.046  99.990         -22.94        33.20   -0.053       0.077       
2458326.00979  2458326.01047  2018-07-26.5098031  coadd_ba506411 1.62 -1.96 17.337     >17.337  99.990           3.40        63.76   0.008        0.149       
2458331.79851  2458331.79974  2018-08-01.2985164  coadd_be428478 1.50 -2.55 17.644     >17.644  99.990         -50.26        27.99   -0.201       0.112       
2458337.11537  2458337.11710  2018-08-06.6153791  coadd_ba509748 2.09 -1.96 17.465     >17.465  99.990          42.34        56.70   0.099        0.132       
2458338.09171  2458338.09353  2018-08-07.5917130  coadd_ba510071 1.81 -1.96 18.378     >18.378  99.990          21.50        24.44   0.050        0.057       
2458343.01749  2458343.01975  2018-08-12.5174930  coadd_ba511088 1.60 -1.96 18.547     >18.547  99.990          31.65        20.92   0.074        0.049       
2458343.88222  2458343.88455  2018-08-13.3822204  coadd_be433424 1.87 -2.55 18.560     >18.560  99.990          13.13        12.04   0.053        0.048       
2458344.92972  2458344.93215  2018-08-14.429725  coadd_be433886 1.50 -2.55 18.381     >18.381  99.990          21.54        14.20   0.086        0.057       
2458350.90701  2458350.90995  2018-08-20.4070186  coadd_be435458 2.00 -2.55 18.723     >18.723  99.990          -0.86        10.36   -0.003       0.041       
2458352.73409  2458352.73718  2018-08-22.2340937  coadd_be436168 1.54 -2.55 18.073     >18.073  99.990          29.89        18.86   0.120        0.075       
2458355.72742  2458355.73075  2018-08-25.2274219  coadd_be437292 1.53 -2.55 17.459     >17.459  99.990         -24.27        33.18   -0.097       0.133       
2458367.12254  2458367.12670  2018-09-05.6225439  coadd_ba515537 1.80 -1.96 18.348      18.029  0.272          101.14        25.13   0.236        0.059       
2458370.92366  2458370.92806  2018-09-09.4236611  coadd_ba516478 1.81 -1.96 18.310     >18.310  99.990          65.49        26.03   0.153        0.061       
2458377.12118  2458377.12594  2018-09-15.6211858  coadd_ba517882 1.67 -1.96 18.511     >18.511  99.990         -47.22        21.64   -0.110       0.050       
2458378.96147  2458378.96632  2018-09-17.4614677  coadd_ba518435 1.63 -1.96 18.637     >18.637  99.990         -15.59        19.26   -0.036       0.045       
2458379.65799  2458379.66288  2018-09-18.1579956  coadd_be445938 1.45 -2.55 18.093     >18.093  99.990         -12.06        18.51   -0.048       0.074       
2458380.65378  2458380.65872  2018-09-19.1537935  coadd_be446299 1.61 -2.55 17.143     >17.143  99.990          -6.88        44.39   -0.028       0.178       
2458383.07933  2458383.08438  2018-09-21.5793375  coadd_ba519482 1.65 -1.96 18.388     >18.388  99.990         -33.83        24.22   -0.079       0.056       
2458384.97609  2458384.98122  2018-09-23.4760914  coadd_ba520196 1.67 -1.96 16.933     >16.933  99.990        -113.74        92.54   -0.265       0.216       
2458402.98392  2458402.98955  2018-10-11.4839206  coadd_ba524109 2.20 -1.96 18.651     >18.651  99.990          30.48        19.02   0.071        0.044       
2458408.03042  2458408.03610  2018-10-16.5304172  coadd_ba524914 1.64 -1.96 18.461     >18.461  99.990          19.49        22.65   0.045        0.053       
2458419.00323  2458419.00886  2018-10-27.5032362  coadd_ba527917 1.63 -1.96 17.597     >17.597  99.990        -106.58        50.22   -0.248       0.117       
2458428.97639  2458428.98179  2018-11-06.4763903  coadd_ba529454 1.80 -1.96 18.669     >18.669  99.990          -8.91        18.70   -0.021       0.044       
2458430.94424  2458430.94958  2018-11-08.4442468  coadd_ba529870 1.63 -1.96 18.291     >18.291  99.990           9.43        26.49   0.022        0.062       
2458431.96011  2458431.96542  2018-11-09.4601164  coadd_ba530282 1.83 -1.96 18.690     >18.690  99.990         -19.36        18.34   -0.045       0.043       
2458434.95181  2458434.95700  2018-11-12.4518069  coadd_ba531445 1.64 -1.96 18.555     >18.555  99.990          44.61        20.76   0.104        0.048       
2458445.92460  2458445.92926  2018-11-23.4246085  coadd_ba534238 1.63 -1.96 16.946     >16.946  99.990         110.52        91.45   0.258        0.213       
2458448.90847  2458448.91295  2018-11-26.4084665  coadd_ba535517 1.78 -1.96 17.839     >17.839  99.990          75.96        40.16   0.177        0.094       
2458450.90073  2458450.90509  2018-11-28.4007313  coadd_ba536375 1.75 -1.96 18.124     >18.124  99.990           2.02        30.88   0.005        0.072       
2458451.82737  2458451.83167  2018-11-29.3273818  coadd_ba536750 1.64 -1.96 18.815     >18.815  99.990          -4.44        16.34   -0.010       0.038       
