###  JD        HJD            UT_date             IMAGE          FWHM  Diff Limit      mag   mag_err       counts     count_err  flux (mJy)    flux_err
2455949.83607  2455949.83814  2012-01-23.3360684  coadd_bb002126 2.26 -1.87 17.965     >17.965  99.990           2.81        38.88   0.006        0.083       
2455973.79791  2455973.79771  2012-02-16.2979099  coadd_bb006501 2.01 -1.87 17.834     >17.834  99.990          78.18        43.86   0.168        0.094       
2456593.04722  2456593.05215  2013-10-27.5472224  coadd_bd001116 2.07 -2.23 18.306     >18.306  99.990          46.66        20.35   0.140        0.061       
2456600.92494  2456600.93027  2013-11-04.4249394  coadd_bb087831 1.71 -1.87 17.727     >17.727  99.990          54.08        48.38   0.116        0.104       
2456615.80317  2456615.80860  2013-11-19.3031732  coadd_bb090429 3.38 -1.87 17.261     >17.261  99.990          28.06        74.33   0.060        0.159       
2456615.80317  2456615.80849  2013-11-19.3031730  coadd_bd005474 1.62 -2.23 17.613     >17.613  99.990        -129.08        38.51   -0.386       0.115       
2456618.79443  2456618.79984  2013-11-22.2944370  coadd_bb091271 1.68 -1.87 18.160     >18.160  99.990          41.37        32.49   0.089        0.070       
2456618.79444  2456618.79975  2013-11-22.2944383  coadd_bd006315 1.69 -2.23 18.345     >18.345  99.990         -55.71        19.63   -0.167       0.059       
2456621.79208  2456621.79745  2013-11-25.2920871  coadd_bb092170 2.28 -1.87 18.508     >18.508  99.990         -47.86        23.58   -0.103       0.051       
2456621.79208  2456621.79737  2013-11-25.2920875  coadd_bd007213 2.14 -2.23 18.707     >18.707  99.990          -4.15        14.06   -0.012       0.042       
2456625.79717  2456625.80247  2013-11-29.2971726  coadd_bb092797 1.69 -1.87 18.353     >18.353  99.990         -28.85        27.20   -0.062       0.058       
2456629.79596  2456629.80111  2013-12-03.2959567  coadd_bd008075 1.51 -2.23 18.242     >18.242  99.990          33.65        21.57   0.101        0.065       
2456629.79596  2456629.80115  2013-12-03.2959568  coadd_bb093105 1.76 -1.87 18.054     >18.054  99.990         -31.87        35.83   -0.068       0.077       
2456631.86181  2456631.86694  2013-12-05.3618087  coadd_bb093789 2.01 -1.87 18.029     >18.029  99.990         -77.20        36.66   -0.165       0.079       
2456631.86181  2456631.86691  2013-12-05.3618094  coadd_bd008758 1.42 -2.23 17.562     >17.562  99.990          -5.33        40.34   -0.016       0.121       
2456638.78538  2456638.79026  2013-12-12.2853824  coadd_bb095535 2.32 -1.87 17.532     >17.532  99.990        -119.05        57.94   -0.255       0.124       
2456643.80789  2456643.81254  2013-12-17.3078954  coadd_bb097147 1.74 -1.87 16.414     >16.414  99.990        -186.49       162.17   -0.400       0.348       
2456644.74469  2456644.74929  2013-12-18.2446876  coadd_bb097441 2.92 -1.87 16.608     >16.608  99.990          46.08       135.64   0.099        0.291       
2456648.77846  2456648.78284  2013-12-22.2784560  coadd_bb097988 1.66 -1.87 17.777     >17.777  99.990        -100.71        46.23   -0.216       0.099       
2456648.77846  2456648.78288  2013-12-22.2784571  coadd_bd012939 1.52 -2.23 18.182     >18.182  99.990         -55.72        22.79   -0.167       0.068       
2456652.82855  2456652.83275  2013-12-26.32855  coadd_bd014014 1.67 -2.23 18.122     >18.122  99.990         -69.03        24.09   -0.207       0.072       
2456656.83049  2456656.83437  2013-12-30.3304876  coadd_bb099786 1.77 -1.87 17.899     >17.899  99.990          65.49        41.32   0.140        0.089       
2456656.83049  2456656.83445  2013-12-30.3304891  coadd_bd014736 1.54 -2.23 18.241     >18.241  99.990          14.53        21.60   0.044        0.065       
2456674.80715  2456674.80988  2014-01-17.3071618  coadd_bd016696 1.66 -2.23 17.502     >17.502  99.990          86.39        42.66   0.259        0.128       
2456676.78920  2456676.79176  2014-01-19.2891988  coadd_bd017435 1.62 -2.23 17.995     >17.995  99.990          62.75        27.07   0.188        0.081       
2456701.75219  2456701.75249  2014-02-13.2521965  coadd_bd020427 1.80 -2.23 17.762     >17.762  99.990         -34.78        33.57   -0.104       0.100       
2456701.75219  2456701.75225  2014-02-13.2521960  coadd_bb102842 1.67 -1.87 16.741     >16.741  99.990         -62.82       119.97   -0.135       0.257       
2456849.09533  2456849.09195  2014-07-10.5949332  coadd_bb126782 1.69 -1.87 17.754     >17.754  99.990           5.88        47.19   0.013        0.101       
2456849.09533  2456849.09182  2014-07-10.5949335  coadd_bd043973 1.53 -2.23 17.824     >17.824  99.990          -0.81        31.71   -0.002       0.095       
2456851.10958  2456851.10635  2014-07-12.6091817  coadd_bb127443 1.99 -1.87 16.939     >16.939  99.990         134.24        99.98   0.288        0.214       
2456851.10958  2456851.10621  2014-07-12.6091819  coadd_bd044634 1.64 -2.23 17.173     >17.173  99.990         -87.93        57.76   -0.263       0.173       
2456852.10790  2456852.10460  2014-07-13.6074984  coadd_bd044954 1.47 -2.23 16.300     >16.300  99.990        -329.12       129.01   -0.985       0.386       
2456852.10790  2456852.10475  2014-07-13.6074979  coadd_bb127763 2.00 -1.87 16.416     >16.416  99.990        -210.98       161.92   -0.452       0.347       
2456854.10069  2456854.09754  2014-07-15.6002865  coadd_bd045253 1.57 -2.23 16.819     >16.819  99.990          -9.95        80.02   -0.030       0.239       
2456854.10069  2456854.09769  2014-07-15.6002869  coadd_bb128062 1.82 -1.87 16.326     >16.326  99.990        -194.34       175.86   -0.417       0.377       
2456855.10044  2456855.09737  2014-07-16.6000385  coadd_bd045480 1.56 -2.23 17.610     >17.610  99.990         -25.57        38.63   -0.077       0.116       
2456855.10044  2456855.09753  2014-07-16.6000383  coadd_bb128289 1.73 -1.87 17.323     >17.323  99.990        -414.07        70.23   -0.888       0.151       
2456857.10042  2456857.09751  2014-07-18.6000203  coadd_bd046129 1.52 -2.23 17.610     >17.610  99.990        -128.85        38.60   -0.386       0.116       
2456857.10042  2456857.09767  2014-07-18.6000194  coadd_bb128938 1.78 -1.87 17.382     >17.382  99.990        -157.82        66.53   -0.338       0.143       
2456862.08840  2456862.08607  2014-07-23.5880021  coadd_bb129669 1.67 -1.87 17.644     >17.644  99.990         -85.23        52.26   -0.183       0.112       
2456866.10398  2456866.10200  2014-07-27.6035774  coadd_bb130988 2.00 -1.87 18.310     >18.310  99.990          11.30        28.28   0.024        0.061       
2456867.08523  2456867.08334  2014-07-28.5848282  coadd_bb131308 2.11 -1.87 18.094     >18.094  99.990          33.49        34.50   0.072        0.074       
2456869.08439  2456869.08268  2014-07-30.5839914  coadd_bb131939 2.09 -1.87 18.038     >18.038  99.990          15.78        36.35   0.034        0.078       
2456870.07762  2456870.07599  2014-07-31.5772128  coadd_bb132273 1.80 -1.87 18.042     >18.042  99.990          49.43        36.20   0.106        0.078       
2456874.07041  2456874.06915  2014-08-04.5700013  coadd_bb132772 1.79 -1.87 17.759     >17.759  99.990          95.32        46.99   0.204        0.101       
2456875.06838  2456875.06721  2014-08-05.5679811  coadd_bb133092 1.67 -1.87 17.958     >17.958  99.990         -76.29        39.14   -0.164       0.084       
2456876.06909  2456876.06801  2014-08-06.5686834  coadd_bb133427 1.64 -1.87 17.886     >17.886  99.990          40.81        41.80   0.087        0.090       
2456882.04862  2456882.04811  2014-08-12.5482162  coadd_bb134202 1.66 -1.87 17.262     >17.262  99.990         149.26        74.25   0.320        0.159       
2456883.05644  2456883.05601  2014-08-13.5560362  coadd_bb134074 1.81 -1.87 17.132     >17.132  99.990         -65.93        83.71   -0.141       0.179       
2456883.05644  2456883.05578  2014-08-13.5560366  coadd_bd046806 1.55 -2.23 17.664     >17.664  99.990         -80.85        36.74   -0.242       0.110       
2456885.06472  2456885.06425  2014-08-15.5643146  coadd_bd047471 1.57 -2.23 17.783     >17.783  99.990         -59.40        32.92   -0.178       0.099       
2456885.06472  2456885.06449  2014-08-15.5643138  coadd_bb134939 1.69 -1.87 17.372     >17.372  99.990        -141.40        67.11   -0.303       0.144       
2456889.09002  2456889.09017  2014-08-19.5896151  coadd_bb136743 1.90 -1.87 17.796     >17.796  99.990           7.94        45.41   0.017        0.097       
2456889.09003  2456889.08993  2014-08-19.5896309  coadd_bd082820 1.78 -2.23 17.974     >17.974  99.990          63.78        27.60   0.191        0.083       
2456890.12275  2456890.12300  2014-08-20.6223488  coadd_bb136425 2.01 -1.87 17.778     >17.778  99.990         138.16        46.18   0.296        0.099       
2456890.12276  2456890.12275  2014-08-20.6223552  coadd_bd048974 2.00 -2.23 17.957     >17.957  99.990          70.62        28.05   0.211        0.084       
2456892.06699  2456892.06742  2014-08-22.5665892  coadd_bb137149 1.78 -1.87 17.887     >17.887  99.990          37.27        41.78   0.080        0.090       
2456892.06699  2456892.06716  2014-08-22.5665893  coadd_bd049303 1.64 -2.23 18.260     >18.260  99.990           4.49        21.22   0.013        0.063       
2456893.04298  2456893.04350  2014-08-23.5425792  coadd_bb137492 1.70 -1.87 17.969     >17.969  99.990          89.10        38.73   0.191        0.083       
2456893.04299  2456893.04325  2014-08-23.5425842  coadd_bd049646 1.57 -2.23 18.283     >18.283  99.990          23.96        20.78   0.072        0.062       
2456894.07172  2456894.07234  2014-08-24.5713226  coadd_bb137673 1.76 -1.87 18.021     >18.021  99.990         -29.40        36.91   -0.063       0.079       
2456894.07172  2456894.07209  2014-08-24.5713221  coadd_bd049817 1.60 -2.23 18.208     >18.208  99.990         -14.87        22.27   -0.045       0.067       
2456895.05020  2456895.05065  2014-08-25.5497987  coadd_bd050160 1.53 -2.23 18.229     >18.229  99.990           2.52        21.83   0.008        0.065       
2456895.05020  2456895.05091  2014-08-25.5497993  coadd_bb138026 1.63 -1.87 17.869     >17.869  99.990         -32.62        42.47   -0.070       0.091       
2456896.03777  2456896.03831  2014-08-26.5373638  coadd_bd050436 1.57 -2.23 17.875     >17.875  99.990         -46.80        30.24   -0.140       0.091       
2456896.03777  2456896.03857  2014-08-26.5373631  coadd_bb138302 1.72 -1.87 18.104     >18.104  99.990           2.91        34.19   0.006        0.073       
2456897.05106  2456897.05170  2014-08-27.5506635  coadd_bd050800 1.72 -2.23 18.014     >18.014  99.990          25.61        26.61   0.077        0.080       
2456897.05106  2456897.05196  2014-08-27.5506631  coadd_bb138666 1.69 -1.87 17.912     >17.912  99.990          12.10        40.81   0.026        0.087       
2456898.03470  2456898.03569  2014-08-28.5343023  coadd_bb139028 2.03 -1.87 18.047     >18.047  99.990         -31.05        36.05   -0.067       0.077       
2456898.03470  2456898.03543  2014-08-28.5343030  coadd_bd051152 2.02 -2.23 17.875     >17.875  99.990          17.52        30.24   0.052        0.091       
2456901.03193  2456901.03293  2014-08-31.5315265  coadd_bd051984 1.58 -2.23 18.224     >18.224  99.990          58.94        21.92   0.176        0.066       
2456901.03193  2456901.03320  2014-08-31.5315263  coadd_bb139870 1.70 -1.87 17.935     >17.935  99.990          -2.21        39.97   -0.005       0.086       
2456904.03268  2456904.03395  2014-09-03.5322754  coadd_bd052635 1.57 -2.23 18.039     >18.039  99.990         -12.50        26.01   -0.037       0.078       
2456904.03268  2456904.03422  2014-09-03.5322761  coadd_bb140521 1.73 -1.87 18.083     >18.083  99.990         -78.14        34.85   -0.168       0.075       
2456908.01095  2456908.01285  2014-09-07.5105481  coadd_bb141412 1.98 -1.87 17.312     >17.312  99.990         -40.80        70.94   -0.087       0.152       
2456908.01095  2456908.01258  2014-09-07.5105483  coadd_bd053526 1.69 -2.23 17.531     >17.531  99.990          13.11        41.51   0.039        0.124       
2456909.99159  2456909.99366  2014-09-09.4911958  coadd_bb142043 1.72 -1.87 16.875     >16.875  99.990         -85.06       106.09   -0.182       0.227       
2456909.99160  2456909.99340  2014-09-09.4911959  coadd_bd054157 1.66 -2.23 17.212     >17.212  99.990        -182.82        55.70   -0.547       0.167       
2456912.01883  2456912.02081  2014-09-11.5184231  coadd_bd054846 1.62 -2.23 17.481     >17.481  99.990          56.62        43.50   0.169        0.130       
2456912.01883  2456912.02108  2014-09-11.5184226  coadd_bb142732 1.77 -1.87 16.763     >16.763  99.990          34.02       117.63   0.073        0.252       
2456917.00662  2456917.00929  2014-09-16.5062179  coadd_bb144249 1.69 -1.87 17.595     >17.595  99.990         124.11        54.68   0.266        0.117       
2456917.00662  2456917.00903  2014-09-16.5062178  coadd_bd056353 1.61 -2.23 18.181     >18.181  99.990          -0.66        22.82   -0.002       0.068       
2456917.95490  2456917.95765  2014-09-17.4544976  coadd_bb144567 1.77 -1.87 17.763     >17.763  99.990         131.56        46.84   0.282        0.100       
2456917.95490  2456917.95738  2014-09-17.4544976  coadd_bd056671 1.51 -2.23 18.075     >18.075  99.990          -2.22        25.16   -0.007       0.075       
2456919.13417  2456919.13675  2014-09-18.6337660  coadd_bd057132 1.69 -2.23 18.018     >18.018  99.990           9.42        26.51   0.028        0.079       
2456919.13417  2456919.13702  2014-09-18.6337658  coadd_bb145018 1.74 -1.87 17.769     >17.769  99.990        -133.60        46.58   -0.286       0.100       
2456921.01184  2456921.01457  2014-09-20.5114381  coadd_bd057761 1.55 -2.23 18.334     >18.334  99.990         -67.76        19.83   -0.203       0.059       
2456921.01184  2456921.01484  2014-09-20.5114381  coadd_bb145647 1.82 -1.87 18.091     >18.091  99.990         -10.51        34.60   -0.023       0.074       
2456923.01168  2456923.01484  2014-09-22.5112769  coadd_bb146012 1.75 -1.87 17.796     >17.796  99.990          38.32        45.43   0.082        0.097       
2456923.01168  2456923.01457  2014-09-22.5112777  coadd_bd058132 1.55 -2.23 18.030     >18.030  99.990         -36.04        26.23   -0.108       0.079       
2456928.98974  2456928.99309  2014-09-28.4893414  coadd_bd059159 1.60 -2.23 18.193     >18.193  99.990         -50.07        22.56   -0.150       0.068       
2456928.98974  2456928.99335  2014-09-28.4893407  coadd_bb147038 1.73 -1.87 17.875     >17.875  99.990          23.45        42.25   0.050        0.091       
2456931.98467  2456931.98823  2014-10-01.4842630  coadd_bd059785 1.73 -2.23 17.988     >17.988  99.990          48.78        27.27   0.146        0.082       
2456931.98467  2456931.98848  2014-10-01.4842635  coadd_bb147664 1.82 -1.87 17.848     >17.848  99.990         -15.57        43.29   -0.033       0.093       
2456935.97788  2456935.98196  2014-10-05.4774805  coadd_bb148599 1.67 -1.87 17.612     >17.612  99.990         -39.24        53.78   -0.084       0.115       
2456935.97788  2456935.98171  2014-10-05.4774802  coadd_bd060720 1.44 -2.23 17.931     >17.931  99.990         -16.16        28.73   -0.048       0.086       
2456937.97135  2456937.97531  2014-10-07.4709406  coadd_bd061162 2.08 -2.23 17.426     >17.426  99.990        -135.97        45.75   -0.407       0.137       
2456937.97135  2456937.97555  2014-10-07.4709409  coadd_bb149051 2.04 -1.87 17.041     >17.041  99.990        -335.85        91.03   -0.720       0.195       
2456938.99055  2456938.99457  2014-10-08.4901656  coadd_bd061555 1.69 -2.23 17.242     >17.242  99.990         -10.66        54.19   -0.032       0.162       
2456938.99055  2456938.99481  2014-10-08.4901656  coadd_bb149444 1.72 -1.87 17.105      16.796  0.275          342.35        85.80   0.734        0.184       
2456939.97070  2456939.97479  2014-10-09.4702944  coadd_bd061801 1.65 -2.23 17.168     >17.168  99.990         -73.11        57.99   -0.219       0.174       
2456939.97070  2456939.97502  2014-10-09.4702936  coadd_bb149690 1.72 -1.87 16.786     >16.786  99.990          82.87       115.16   0.178        0.247       
2456967.91791  2456967.92317  2014-11-06.4175084  coadd_bd063880 1.62 -2.23 17.231     >17.231  99.990           4.65        54.74   0.014        0.164       
2456967.91791  2456967.92333  2014-11-06.4175107  coadd_bb151769 1.82 -1.87 16.484     >16.484  99.990         169.80       152.11   0.364        0.326       
2456970.91300  2456970.91832  2014-11-09.4126011  coadd_bd064855 1.65 -2.23 17.481     >17.481  99.990          71.45        43.46   0.214        0.130       
2456970.91300  2456970.91846  2014-11-09.4125996  coadd_bb152754 1.83 -1.87 17.108     >17.108  99.990        -193.82        85.58   -0.415       0.183       
2456972.92231  2456972.92779  2014-11-11.4219137  coadd_bb153556 2.03 -1.87 17.381     >17.381  99.990          42.93        66.53   0.092        0.143       
2456972.92231  2456972.92766  2014-11-11.4219100  coadd_bd065648 2.16 -2.23 17.747     >17.747  99.990           5.36        34.03   0.016        0.102       
2456974.04216  2456974.04764  2014-11-12.5417530  coadd_bb153878 1.76 -1.87 17.594     >17.594  99.990          91.60        54.68   0.196        0.117       
2456974.04216  2456974.04751  2014-11-12.5417539  coadd_bd065940 1.59 -2.23 17.920     >17.920  99.990          26.83        29.03   0.080        0.087       
2456978.89179  2456978.89729  2014-11-17.3913849  coadd_bb154380 2.30 -1.87 17.873     >17.873  99.990          96.21        42.32   0.206        0.091       
2456978.89179  2456978.89718  2014-11-17.3913820  coadd_bd066401 1.61 -2.23 18.228     >18.228  99.990          13.61        21.84   0.041        0.065       
2456981.83767  2456981.84306  2014-11-20.3372744  coadd_bd067405 1.54 -2.23 18.121     >18.121  99.990           3.53        24.12   0.011        0.072       
2456981.83767  2456981.84316  2014-11-20.3372708  coadd_bb155394 1.79 -1.87 18.088     >18.088  99.990          96.44        34.71   0.207        0.074       
2456983.88134  2456983.88681  2014-11-22.3809356  coadd_bb156161 1.73 -1.87 18.034     >18.034  99.990          27.34        36.48   0.059        0.078       
2456983.88134  2456983.88673  2014-11-22.3809383  coadd_bd068172 1.51 -2.23 18.142     >18.142  99.990          46.91        23.65   0.140        0.071       
2456985.88807  2456985.89352  2014-11-24.3876738  coadd_bb156962 1.64 -1.87 17.991     >17.991  99.990         -11.15        37.94   -0.024       0.081       
2456985.88807  2456985.89344  2014-11-24.3876723  coadd_bd068965 1.63 -2.23 18.156     >18.156  99.990         -53.55        23.34   -0.160       0.070       
2456988.73086  2456988.73620  2014-11-27.2304533  coadd_bd069460 1.53 -2.23 17.943     >17.943  99.990         -14.36        28.40   -0.043       0.085       
2456988.73086  2456988.73627  2014-11-27.2304548  coadd_bb157457 2.19 -1.87 17.799     >17.799  99.990         -43.04        45.30   -0.092       0.097       
2456989.73905  2456989.74444  2014-11-28.2386483  coadd_bb157825 2.04 -1.87 17.589     >17.589  99.990         127.61        54.97   0.274        0.118       
2456989.73905  2456989.74438  2014-11-28.2386487  coadd_bd069828 1.47 -2.23 18.050     >18.050  99.990          11.90        25.74   0.036        0.077       
2456990.88418  2456990.88949  2014-11-29.3837745  coadd_bd070269 1.47 -2.23 18.260     >18.260  99.990         -10.62        21.22   -0.032       0.063       
2456990.88418  2456990.88954  2014-11-29.3837731  coadd_bb158265 1.72 -1.87 18.003     >18.003  99.990          15.51        37.53   0.033        0.080       
2456991.72506  2456991.73041  2014-11-30.2246564  coadd_bb158530 2.07 -1.87 17.491     >17.491  99.990          43.37        60.14   0.093        0.129       
2456991.72506  2456991.73035  2014-11-30.2246555  coadd_bd070535 1.50 -2.23 17.834     >17.834  99.990          11.64        31.41   0.035        0.094       
2456992.88015  2456992.88547  2014-12-01.3797456  coadd_bb158971 1.64 -1.87 17.381     >17.381  99.990           4.92        66.54   0.011        0.143       
2456992.88015  2456992.88543  2014-12-01.3797446  coadd_bd070976 1.59 -2.23 17.676     >17.676  99.990         108.14        36.34   0.324        0.109       
2456999.95831  2456999.96341  2014-12-08.4579065  coadd_bd072647 1.49 -2.23 17.533     >17.533  99.990          10.45        41.45   0.031        0.124       
2457000.96056  2457000.96563  2014-12-09.4601589  coadd_bb161073 2.17 -1.87 17.445     >17.445  99.990          66.81        62.76   0.143        0.135       
2457000.96056  2457000.96562  2014-12-09.4601596  coadd_bd073066 1.48 -2.23 17.570     >17.570  99.990         -78.46        40.07   -0.235       0.120       
2457001.96098  2457001.96601  2014-12-10.4605790  coadd_bd073466 1.48 -2.23 18.011     >18.011  99.990          46.13        26.68   0.138        0.080       
2457001.96098  2457001.96601  2014-12-10.4605784  coadd_bb161473 1.85 -1.87 17.701     >17.701  99.990          41.77        49.58   0.090        0.106       
2457002.87528  2457002.88028  2014-12-11.3748774  coadd_bd073783 1.65 -2.23 17.891     >17.891  99.990           4.22        29.81   0.013        0.089       
2457002.87528  2457002.88028  2014-12-11.3748774  coadd_bb161790 2.06 -1.87 17.677     >17.677  99.990          63.94        50.69   0.137        0.109       
2457003.94525  2457003.95020  2014-12-12.4448410  coadd_bd074231 1.50 -2.23 17.848     >17.848  99.990          73.99        31.00   0.221        0.093       
2457003.94525  2457003.95020  2014-12-12.4448435  coadd_bb162238 1.98 -1.87 17.817     >17.817  99.990         -66.87        44.54   -0.143       0.095       
2457007.84402  2457007.84882  2014-12-16.3436116  coadd_bd075463 1.49 -2.23 18.167     >18.167  99.990          52.18        23.12   0.156        0.069       
2457007.84402  2457007.84879  2014-12-16.3436118  coadd_bb163470 1.74 -1.87 17.724     >17.724  99.990        -176.10        48.52   -0.378       0.104       
2457012.85458  2457012.85914  2014-12-21.3541740  coadd_bd077462 1.64 -2.23 18.019      17.785  0.294           98.60        26.50   0.295        0.079       
2457012.85458  2457012.85910  2014-12-21.3541746  coadd_bb165468 2.02 -1.87 18.281     >18.281  99.990          18.02        29.05   0.039        0.062       
2457015.86982  2457015.87423  2014-12-24.3694186  coadd_bd077933 1.50 -2.23 18.046     >18.046  99.990         -39.17        25.83   -0.117       0.077       
2457015.86982  2457015.87417  2014-12-24.3694175  coadd_bb165938 2.38 -1.87 17.896     >17.896  99.990          33.16        41.43   0.071        0.089       
2457018.84385  2457018.84808  2014-12-27.3434442  coadd_bd078545 2.35 -2.23 18.108     >18.108  99.990          52.37        24.40   0.157        0.073       
2457018.84385  2457018.84801  2014-12-27.3434451  coadd_bb166549 2.67 -1.87 17.755     >17.755  99.990          23.51        47.18   0.050        0.101       
2457020.75402  2457020.75806  2014-12-29.2536149  coadd_bb166830 2.78 -1.87 17.581     >17.581  99.990        -188.95        55.39   -0.405       0.119       
2457020.75402  2457020.75814  2014-12-29.2536136  coadd_bd078826 1.48 -2.23 18.010     >18.010  99.990         -68.45        26.71   -0.205       0.080       
2457030.74457  2457030.74802  2015-01-08.2441682  coadd_bd080213 1.51 -2.23 17.890     >17.890  99.990          26.55        29.84   0.079        0.089       
2457030.74457  2457030.74790  2015-01-08.2441688  coadd_bb168195 2.04 -1.87 17.928     >17.928  99.990         -59.33        40.23   -0.127       0.086       
2457031.85533  2457031.85869  2015-01-09.3549224  coadd_bd080713 1.55 -2.23 17.905     >17.905  99.990         -96.13        29.42   -0.288       0.088       
2457031.85533  2457031.85856  2015-01-09.3549217  coadd_bb168695 1.76 -1.87 17.620     >17.620  99.990         -95.17        53.41   -0.204       0.114       
2457034.78042  2457034.78356  2015-01-12.2800115  coadd_bd081509 1.51 -2.23 18.121     >18.121  99.990         -68.78        24.13   -0.206       0.072       
2457034.78042  2457034.78342  2015-01-12.2800118  coadd_bb169490 2.03 -1.87 17.880     >17.880  99.990         -91.26        42.03   -0.196       0.090       
2457035.80353  2457035.80659  2015-01-13.3031199  coadd_bd081811 1.46 -2.23 17.914     >17.914  99.990          -7.20        29.17   -0.022       0.087       
2457035.80353  2457035.80644  2015-01-13.3031199  coadd_bb169786 2.09 -1.87 17.886     >17.886  99.990        -154.72        41.81   -0.332       0.090       
2457036.80087  2457036.80371  2015-01-14.3004664  coadd_bb170196 1.59 -1.87 17.619     >17.619  99.990          56.92        53.48   0.122        0.115       
2457036.80087  2457036.80386  2015-01-14.3004674  coadd_bd082221 1.49 -2.23 18.035     >18.035  99.990          11.15        26.10   0.033        0.078       
2457039.79556  2457039.79815  2015-01-17.2951582  coadd_bb171551 1.84 -1.87 17.941      17.330  0.208          209.28        39.73   0.449        0.085       
2457039.79556  2457039.79831  2015-01-17.2951596  coadd_bd083928 1.50 -2.23 17.907     >17.907  99.990        -139.40        29.36   -0.417       0.088       
2457042.79298  2457042.79548  2015-01-20.2925787  coadd_bd085061 1.55 -2.23 18.281     >18.281  99.990          20.95        20.82   0.063        0.062       
2457042.79298  2457042.79531  2015-01-20.2925796  coadd_bb172683 2.40 -1.87 17.883     >17.883  99.990         -65.27        41.93   -0.140       0.090       
2457043.79164  2457043.79405  2015-01-21.2912315  coadd_bd085476 1.54 -2.23 18.065      17.968  0.334           83.34        25.40   0.249        0.076       
2457043.79164  2457043.79387  2015-01-21.2912319  coadd_bb173098 1.75 -1.87 17.828     >17.828  99.990         -66.12        44.09   -0.142       0.095       
2457046.78349  2457046.78564  2015-01-24.2830821  coadd_bd086708 1.47 -2.23 18.358     >18.358  99.990         -52.88        19.39   -0.158       0.058       
2457046.78349  2457046.78545  2015-01-24.2830814  coadd_bb174329 1.64 -1.87 17.752     >17.752  99.990          24.74        47.30   0.053        0.101       
2457053.76226  2457053.76379  2015-01-31.2618524  coadd_bd089228 1.53 -2.23 17.522     >17.522  99.990          -8.01        41.89   -0.024       0.125       
2457053.76226  2457053.76358  2015-01-31.2618526  coadd_bb176699 2.06 -1.87 17.312     >17.312  99.990          48.80        70.93   0.105        0.152       
2457055.79324  2457055.79459  2015-02-02.2928380  coadd_bd089990 1.60 -2.23 17.485     >17.485  99.990          -4.35        43.33   -0.013       0.130       
2457055.79324  2457055.79437  2015-02-02.2928380  coadd_bb177471 1.70 -1.87 17.142      17.050  0.336          270.82        82.95   0.581        0.178       
2457061.76845  2457061.76901  2015-02-08.2680490  coadd_bb178276 1.72 -1.87 17.952     >17.952  99.990          38.90        39.35   0.083        0.084       
2457061.76845  2457061.76924  2015-02-08.2680491  coadd_bd090795 2.19 -2.23 18.068     >18.068  99.990         -29.41        25.33   -0.088       0.076       
2457065.75772  2457065.75790  2015-02-12.2573216  coadd_bb179087 1.73 -1.87 17.950     >17.950  99.990         -51.11        39.42   -0.110       0.085       
2457065.75772  2457065.75814  2015-02-12.2573212  coadd_bd091606 2.05 -2.23 18.265     >18.265  99.990          -9.76        21.13   -0.029       0.063       
2457066.75453  2457066.75484  2015-02-13.2541208  coadd_bd091907 2.06 -2.23 17.775     >17.775  99.990          10.21        33.16   0.031        0.099       
2457066.75453  2457066.75460  2015-02-13.2541214  coadd_bb179388 2.05 -1.87 17.451     >17.451  99.990        -104.84        62.40   -0.225       0.134       
2457070.75154  2457070.75123  2015-02-17.2511120  coadd_bb180192 2.14 -1.87 17.682     >17.682  99.990           6.76        50.46   0.014        0.108       
2457070.75154  2457070.75148  2015-02-17.2511347  coadd_bd092711 1.60 -2.23 17.837     >17.837  99.990          24.59        31.31   0.074        0.094       
2457079.73394  2457079.73277  2015-02-26.2335380  coadd_bb182660 1.78 -1.87 17.547     >17.547  99.990         -40.68        57.12   -0.087       0.122       
2457079.73394  2457079.73303  2015-02-26.2335392  coadd_bd095190 1.52 -2.23 17.617     >17.617  99.990          29.92        38.36   0.090        0.115       
2457084.72921  2457084.72757  2015-03-03.2288028  coadd_bb183689 1.97 -1.87 15.898     >15.898  99.990         706.54       260.75   1.515        0.559       
2457084.72921  2457084.72783  2015-03-03.2288020  coadd_bd096209 1.56 -2.23 16.354     >16.354  99.990        -218.41       122.79   -0.654       0.368       
2457207.12014  2457207.11613  2015-07-03.6201393  coadd_bd124421 1.58 -2.23 16.692     >16.692  99.990        -325.66        89.91   -0.975       0.269       
2457207.12015  2457207.11625  2015-07-03.6201511  coadd_bb211802 1.73 -1.87 16.210     >16.210  99.990        -474.14       195.70   -1.016       0.420       
2457218.11635  2457218.11325  2015-07-14.6163506  coadd_bb213966 1.74 -1.87 17.239     >17.239  99.990         158.03        75.89   0.339        0.163       
2457218.11635  2457218.11311  2015-07-14.6163508  coadd_bd126586 1.53 -2.23 17.134     >17.134  99.990         -17.36        59.84   -0.052       0.179       
2457222.10662  2457222.10385  2015-07-18.6066226  coadd_bb214464 1.72 -1.87 17.599     >17.599  99.990         -62.01        54.46   -0.133       0.117       
2457222.10662  2457222.10369  2015-07-18.6066225  coadd_bd127073 1.73 -2.23 17.705     >17.705  99.990          10.61        35.36   0.032        0.106       
2457224.09021  2457224.08761  2015-07-20.5902148  coadd_bb214865 1.63 -1.87 17.371     >17.371  99.990          57.36        67.19   0.123        0.144       
2457224.09021  2457224.08744  2015-07-20.5902149  coadd_bd127474 1.50 -2.23 17.548      17.423  0.325          137.68        40.88   0.412        0.122       
2457227.09254  2457227.09019  2015-07-23.5925386  coadd_bb215220 1.67 -1.87 17.568     >17.568  99.990        -324.97        56.04   -0.697       0.120       
2457227.09254  2457227.09001  2015-07-23.5925392  coadd_bd127828 1.61 -2.23 18.018     >18.018  99.990          53.07        26.51   0.159        0.079       
2457232.07235  2457232.07043  2015-07-28.5723491  coadd_bb216604 1.69 -1.87 17.942     >17.942  99.990         -53.77        39.69   -0.115       0.085       
2457232.07235  2457232.07023  2015-07-28.5723502  coadd_bd129212 1.69 -2.23 18.126     >18.126  99.990          39.59        24.01   0.118        0.072       
2457233.06530  2457233.06347  2015-07-29.5652986  coadd_bb216928 1.82 -1.87 16.496     >16.496  99.990        -160.46       150.41   -0.344       0.322       
2457233.06530  2457233.06327  2015-07-29.5652980  coadd_bd129537 1.48 -2.23 16.509     >16.509  99.990         204.46       106.45   0.612        0.319       
2457234.06516  2457234.06342  2015-07-30.5651606  coadd_bb217259 1.75 -1.87 17.273     >17.273  99.990          65.09        73.50   0.140        0.158       
2457234.06516  2457234.06322  2015-07-30.5651601  coadd_bd129868 1.53 -2.23 17.138     >17.138  99.990         109.64        59.65   0.328        0.179       
2457238.09631  2457238.09473  2015-08-03.5963140  coadd_bd130626 1.54 -2.23 17.873     >17.873  99.990         -21.66        30.30   -0.065       0.091       
2457238.09631  2457238.09494  2015-08-03.5963146  coadd_bb218018 1.61 -1.87 17.117     >17.117  99.990         -39.37        84.92   -0.084       0.182       
2457244.08417  2457244.08336  2015-08-09.5841747  coadd_bb219461 1.69 -1.87 17.719     >17.719  99.990         -38.25        48.76   -0.082       0.105       
2457244.08417  2457244.08313  2015-08-09.5841747  coadd_bd132069 1.52 -2.23 17.868     >17.868  99.990          81.69        30.43   0.244        0.091       
2457247.09216  2457247.09139  2015-08-12.5921618  coadd_bd133096 1.54 -2.23 18.034     >18.034  99.990           6.75        26.12   0.020        0.078       
2457247.09216  2457247.09162  2015-08-12.5921608  coadd_bb220490 1.68 -1.87 17.907     >17.907  99.990         -31.46        41.01   -0.067       0.088       
2457256.06120  2457256.06151  2015-08-21.5612010  coadd_bb221823 1.64 -1.87 18.276     >18.276  99.990         -75.43        29.18   -0.162       0.063       
2457256.06120  2457256.06126  2015-08-21.5612020  coadd_bd134430 1.62 -2.23 18.298     >18.298  99.990         -27.77        20.50   -0.083       0.061       
2457263.98184  2457263.98289  2015-08-29.4818424  coadd_bb223140 1.65 -1.87 16.964     >16.964  99.990        -236.95        97.70   -0.508       0.209       
2457263.98184  2457263.98263  2015-08-29.4818420  coadd_bd135756 1.57 -2.23 16.937     >16.937  99.990          46.97        71.73   0.141        0.215       
2457264.97732  2457264.97846  2015-08-30.4773184  coadd_bb223542 1.68 -1.87 16.752     >16.752  99.990        -128.81       118.79   -0.276       0.255       
2457264.97732  2457264.97820  2015-08-30.4773178  coadd_bd136155 1.51 -2.23 17.461     >17.461  99.990          39.06        44.31   0.117        0.133       
2457271.05516  2457271.05686  2015-09-05.5551614  coadd_bb224801 1.73 -1.87 17.648     >17.648  99.990          -5.89        52.04   -0.013       0.112       
2457271.05516  2457271.05659  2015-09-05.5551616  coadd_bd137413 1.54 -2.23 17.819     >17.819  99.990          -6.33        31.86   -0.019       0.095       
2457275.07276  2457275.07482  2015-09-09.5727657  coadd_bb225950 1.71 -1.87 18.308     >18.308  99.990         -37.26        28.35   -0.080       0.061       
2457275.07276  2457275.07455  2015-09-09.5727657  coadd_bd138562 1.62 -2.23 18.180     >18.180  99.990           3.74        22.84   0.011        0.068       
2457278.00660  2457278.00864  2015-09-12.5065997  coadd_bd139573 1.48 -2.23 18.135     >18.135  99.990         -77.89        23.81   -0.233       0.071       
2457278.00660  2457278.00891  2015-09-12.5065998  coadd_bb226961 1.67 -1.87 18.268     >18.268  99.990         -15.99        29.40   -0.034       0.063       
2457285.00154  2457285.00443  2015-09-19.5015359  coadd_bb227636 1.63 -1.87 17.688     >17.688  99.990          55.98        50.15   0.120        0.108       
2457285.00154  2457285.00416  2015-09-19.5015373  coadd_bd140248 1.56 -2.23 17.869      17.665  0.302          110.20        30.41   0.330        0.091       
2457289.00864  2457289.01159  2015-09-23.5086436  coadd_bd140978 1.53 -2.23 18.133     >18.133  99.990         -57.29        23.85   -0.171       0.071       
2457289.00864  2457289.01185  2015-09-23.5086435  coadd_bb228366 1.68 -1.87 18.173     >18.173  99.990          41.20        32.11   0.088        0.069       
2457299.06081  2457299.06475  2015-10-03.5608153  coadd_bb230556 1.64 -1.87 17.660     >17.660  99.990          27.57        51.47   0.059        0.110       
2457299.06081  2457299.06450  2015-10-03.5608157  coadd_bd143068 1.59 -2.23 18.254     >18.254  99.990         -15.66        21.34   -0.047       0.064       
2457302.98261  2457302.98680  2015-10-07.4826119  coadd_bb230973 1.75 -1.87 18.246     >18.246  99.990          52.97        30.01   0.114        0.064       
2457302.98261  2457302.98655  2015-10-07.4826130  coadd_bd143616 2.53 -2.23 18.235     >18.235  99.990          11.10        21.71   0.033        0.065       
2457306.03781  2457306.04218  2015-10-10.5378085  coadd_bb232221 1.65 -1.87 18.358     >18.358  99.990          28.03        27.06   0.060        0.058       
2457306.03781  2457306.04194  2015-10-10.5378090  coadd_bd144853 1.47 -2.23 18.364     >18.364  99.990         -70.19        19.27   -0.210       0.058       
2457308.95659  2457308.96089  2015-10-13.4565888  coadd_bd145592 1.54 -2.23 18.067     >18.067  99.990         -30.45        25.34   -0.091       0.076       
2457308.95659  2457308.96112  2015-10-13.4565881  coadd_bb232960 1.78 -1.87 18.078     >18.078  99.990          84.25        35.04   0.181        0.075       
2457314.83865  2457314.84348  2015-10-19.3386516  coadd_bb234522 1.69 -1.87 17.673     >17.673  99.990         -36.46        50.86   -0.078       0.109       
2457314.83870  2457314.84331  2015-10-19.3386974  coadd_bd147154 1.49 -2.23 17.377     >17.377  99.990          15.86        47.86   0.047        0.143       
2457316.91824  2457316.92316  2015-10-21.4182452  coadd_bb235238 1.69 -1.87 17.892     >17.892  99.990        -247.41        41.56   -0.530       0.089       
2457316.91824  2457316.92295  2015-10-21.4182453  coadd_bd147870 1.52 -2.23 17.940     >17.940  99.990         -13.72        28.48   -0.041       0.085       
2457318.82467  2457318.82967  2015-10-23.3246762  coadd_bb236209 1.60 -1.87 17.602      17.490  0.330          180.55        54.31   0.387        0.116       
2457318.82467  2457318.82947  2015-10-23.3246759  coadd_bd148839 1.57 -2.23 17.857     >17.857  99.990         -50.11        30.75   -0.150       0.092       
2457321.01897  2457321.02405  2015-10-25.5189703  coadd_bb237179 1.73 -1.87 17.460      17.440  0.359          189.08        61.90   0.405        0.133       
2457321.01897  2457321.02385  2015-10-25.5189702  coadd_bd149809 1.54 -2.23 17.598     >17.598  99.990           7.65        39.04   0.023        0.117       
2457322.06010  2457322.06523  2015-10-26.5601085  coadd_bb237610 1.64 -1.87 17.199     >17.199  99.990         -31.78        78.73   -0.068       0.169       
2457322.06010  2457322.06503  2015-10-26.5601078  coadd_bd150240 1.57 -2.23 17.726     >17.726  99.990           1.16        34.70   0.003        0.104       
2457327.96305  2457327.96817  2015-11-01.4630491  coadd_bd151839 1.50 -2.23 18.049     >18.049  99.990          11.17        25.77   0.033        0.077       
2457327.96305  2457327.96835  2015-11-01.4630493  coadd_bb239211 1.76 -1.87 17.542     >17.542  99.990        -157.84        57.40   -0.338       0.123       
2457330.01570  2457330.02105  2015-11-03.5157033  coadd_bb240020 1.67 -1.87 17.862     >17.862  99.990         -64.28        42.72   -0.138       0.092       
2457330.01570  2457330.02089  2015-11-03.5157040  coadd_bd152648 1.57 -2.23 18.342     >18.342  99.990          23.01        19.67   0.069        0.059       
2457332.95395  2457332.95921  2015-11-06.4539550  coadd_bd153320 1.57 -2.23 18.435     >18.435  99.990          17.77        18.06   0.053        0.054       
2457332.95395  2457332.95936  2015-11-06.4539559  coadd_bb240692 1.67 -1.87 18.128     >18.128  99.990          84.66        33.46   0.181        0.072       
2457341.83264  2457341.83802  2015-11-15.3326454  coadd_bd154534 1.70 -2.23 17.970     >17.970  99.990         -75.77        27.72   -0.227       0.083       
2457341.83264  2457341.83814  2015-11-15.3326460  coadd_bb241906 2.27 -1.87 17.680     >17.680  99.990         102.86        50.54   0.221        0.108       
2457344.80975  2457344.81514  2015-11-18.3097504  coadd_bd155476 1.62 -2.23 17.966      17.791  0.311           98.12        27.82   0.294        0.083       
2457344.80975  2457344.81525  2015-11-18.3097505  coadd_bb242848 2.27 -1.87 17.606     >17.606  99.990           3.75        54.12   0.008        0.116       
2457353.89859  2457353.90400  2015-11-27.3985913  coadd_bb243936 1.76 -1.87 16.610     >16.610  99.990        -263.56       135.40   -0.565       0.290       
2457353.89859  2457353.90393  2015-11-27.3985902  coadd_bd156551 1.58 -2.23 16.933     >16.933  99.990        -112.09        72.02   -0.335       0.216       
2457354.92143  2457354.92682  2015-11-28.4214332  coadd_bb244314 1.76 -1.87 16.524     >16.524  99.990         -47.12       146.60   -0.101       0.314       
2457354.92143  2457354.92676  2015-11-28.4214339  coadd_bd156929 1.46 -2.23 16.693     >16.693  99.990         -63.26        89.89   -0.189       0.269       
2457356.98996  2457356.99531  2015-11-30.4899689  coadd_bb244815 1.76 -1.87 17.383     >17.383  99.990        -151.01        66.42   -0.324       0.142       
2457356.98996  2457356.99526  2015-11-30.4899688  coadd_bd157430 1.46 -2.23 17.612     >17.612  99.990          37.92        38.53   0.113        0.115       
2457357.89527  2457357.90060  2015-12-01.3952719  coadd_bb245124 1.62 -1.87 18.005     >18.005  99.990         -72.91        37.48   -0.156       0.080       
2457357.89527  2457357.90055  2015-12-01.3952726  coadd_bd157739 1.57 -2.23 18.183     >18.183  99.990         -33.79        22.77   -0.101       0.068       
2457358.77977  2457358.78508  2015-12-02.2797748  coadd_bb245471 1.73 -1.87 18.336     >18.336  99.990         -26.92        27.63   -0.058       0.059       
2457358.77977  2457358.78504  2015-12-02.2797744  coadd_bd158086 1.49 -2.23 18.229     >18.229  99.990          17.56        21.83   0.053        0.065       
2457361.97537  2457361.98059  2015-12-05.4753755  coadd_bb246930 1.77 -1.87 17.999     >17.999  99.990         -41.46        37.67   -0.089       0.081       
2457361.97537  2457361.98056  2015-12-05.4753751  coadd_bd159544 1.50 -2.23 18.031     >18.031  99.990         -61.03        26.21   -0.183       0.078       
2457362.89593  2457362.90110  2015-12-06.3959363  coadd_bd159909 1.52 -2.23 18.148     >18.148  99.990         -45.17        23.53   -0.135       0.070       
2457362.89593  2457362.90112  2015-12-06.3959356  coadd_bb247295 1.69 -1.87 18.266     >18.266  99.990           5.48        29.47   0.012        0.063       
2457365.71587  2457365.72095  2015-12-09.2158755  coadd_bd161076 1.63 -2.23 18.559     >18.559  99.990          -7.64        16.10   -0.023       0.048       
2457365.71587  2457365.72096  2015-12-09.2158768  coadd_bb248462 1.72 -1.87 18.095     >18.095  99.990         -26.41        34.47   -0.057       0.074       
2457366.78961  2457366.79466  2015-12-10.2896165  coadd_bb248957 2.06 -1.87 18.333     >18.333  99.990          37.05        27.70   0.079        0.059       
2457366.78961  2457366.79466  2015-12-10.2896166  coadd_bd161571 2.05 -2.23 17.973     >17.973  99.990          43.78        27.63   0.131        0.083       
2457368.87812  2457368.88308  2015-12-12.3781232  coadd_bb249587 1.71 -1.87 18.389     >18.389  99.990          21.03        26.30   0.045        0.056       
2457368.87812  2457368.88309  2015-12-12.3781241  coadd_bd162201 1.59 -2.23 18.492     >18.492  99.990          47.68        17.13   0.143        0.051       
2457374.71828  2457374.72297  2015-12-18.2182782  coadd_bb251079 1.68 -1.87 17.946     >17.946  99.990         -29.66        39.55   -0.064       0.085       
2457374.71828  2457374.72300  2015-12-18.2182785  coadd_bd163693 1.51 -2.23 18.135     >18.135  99.990          55.32        23.80   0.166        0.071       
2457380.74713  2457380.75156  2015-12-24.2471355  coadd_bd164801 1.48 -2.23 17.319     >17.319  99.990         -25.21        50.49   -0.075       0.151       
2457380.74713  2457380.75150  2015-12-24.2471351  coadd_bb252187 1.62 -1.87 16.925     >16.925  99.990         -87.10       101.34   -0.187       0.217       
2457383.88710  2457383.89128  2015-12-27.3871035  coadd_bb252856 2.14 -1.87 17.422     >17.422  99.990          65.56        64.10   0.141        0.137       
2457383.88710  2457383.89135  2015-12-27.3871032  coadd_bd165480 1.99 -2.23 17.562     >17.562  99.990         -17.41        40.36   -0.052       0.121       
2457385.87604  2457385.88009  2015-12-29.3760407  coadd_bb253393 1.66 -1.87 17.780     >17.780  99.990          60.15        46.11   0.129        0.099       
2457385.87604  2457385.88017  2015-12-29.3760403  coadd_bd166017 1.58 -2.23 17.980     >17.980  99.990         -34.74        27.45   -0.104       0.082       
2457386.82592  2457386.82999  2015-12-30.3259204  coadd_bd166397 1.70 -2.23 18.098     >18.098  99.990         -16.47        24.64   -0.049       0.074       
2457386.82592  2457386.82990  2015-12-30.3259204  coadd_bb253764 1.67 -1.87 18.338     >18.338  99.990           5.74        27.58   0.012        0.059       
2457389.88148  2457389.88526  2016-01-02.3814856  coadd_bb255050 1.82 -1.87 18.308     >18.308  99.990          10.29        28.34   0.022        0.061       
2457389.88148  2457389.88536  2016-01-02.3814851  coadd_bd167682 1.54 -2.23 18.360     >18.360  99.990         -15.58        19.34   -0.047       0.058       
2457390.81524  2457390.81895  2016-01-03.3152453  coadd_bb255280 1.71 -1.87 18.143     >18.143  99.990          31.89        32.98   0.068        0.071       
2457390.81524  2457390.81906  2016-01-03.3152449  coadd_bd167912 1.48 -2.23 18.227     >18.227  99.990         -22.74        21.88   -0.068       0.065       
2457392.88662  2457392.89018  2016-01-05.3866178  coadd_bb256205 2.01 -1.87 17.955      17.810  0.320          134.54        39.23   0.288        0.084       
2457392.88662  2457392.89029  2016-01-05.3866172  coadd_bd168836 1.59 -2.23 18.573     >18.573  99.990          22.07        15.91   0.066        0.048       
2457394.83976  2457394.84329  2016-01-07.3397596  coadd_bd169253 1.66 -2.23 18.302     >18.302  99.990          18.03        20.41   0.054        0.061       
2457394.83976  2457394.84317  2016-01-07.3397597  coadd_bb256622 2.75 -1.87 18.115     >18.115  99.990         -32.96        33.85   -0.071       0.073       
2457396.81091  2457396.81430  2016-01-09.3109140  coadd_bd170103 1.45 -2.23 18.078     >18.078  99.990         -15.68        25.09   -0.047       0.075       
2457396.81091  2457396.81417  2016-01-09.3109151  coadd_bb257462 2.28 -1.87 18.201     >18.201  99.990         -33.62        31.29   -0.072       0.067       
2457398.87220  2457398.87529  2016-01-11.3722019  coadd_bb258351 1.65 -1.87 18.206     >18.206  99.990          35.64        31.14   0.076        0.067       
2457398.87220  2457398.87543  2016-01-11.3722023  coadd_bd171000 1.45 -2.23 18.184     >18.184  99.990           0.37        22.76   0.001        0.068       
2457401.76314  2457401.76600  2016-01-14.2631396  coadd_bb259136 1.62 -1.87 18.415     >18.415  99.990          71.02        25.68   0.152        0.055       
2457401.76314  2457401.76615  2016-01-14.2631398  coadd_bd171785 1.52 -2.23 18.298     >18.298  99.990          30.82        20.50   0.092        0.061       
2457404.73400  2457404.73677  2016-01-17.2340025  coadd_bd173042 1.66 -2.23 18.365     >18.365  99.990         -18.39        19.25   -0.055       0.058       
2457404.73400  2457404.73661  2016-01-17.2340039  coadd_bb260393 1.68 -1.87 17.383     >17.383  99.990        -156.25        66.43   -0.335       0.142       
2457408.84278  2457408.84504  2016-01-21.3427865  coadd_bb262179 2.00 -1.87 17.155     >17.155  99.990          41.55        81.97   0.089        0.176       
2457408.84278  2457408.84521  2016-01-21.3427861  coadd_bd174828 1.69 -2.23 17.722     >17.722  99.990         -20.22        34.83   -0.061       0.104       
2457411.83836  2457411.84034  2016-01-24.3383579  coadd_bb263471 1.66 -1.87 17.056     >17.056  99.990          54.95        89.79   0.118        0.192       
2457411.83836  2457411.84053  2016-01-24.3383574  coadd_bd176120 1.50 -2.23 17.474     >17.474  99.990          38.68        43.78   0.116        0.131       
2457412.74296  2457412.74505  2016-01-25.2429569  coadd_bd176477 1.52 -2.23 17.862     >17.862  99.990          -6.57        30.61   -0.020       0.092       
2457412.74296  2457412.74486  2016-01-25.2429576  coadd_bb263828 1.61 -1.87 17.579     >17.579  99.990         -38.28        55.48   -0.082       0.119       
2457415.80326  2457415.80509  2016-01-28.3032670  coadd_bd177822 1.49 -2.23 18.354     >18.354  99.990          -2.55        19.45   -0.008       0.058       
2457415.80326  2457415.80489  2016-01-28.3032678  coadd_bb265173 1.63 -1.87 18.083     >18.083  99.990         -66.34        34.88   -0.142       0.075       
2457418.81590  2457418.81745  2016-01-31.3158986  coadd_bd179091 1.54 -2.23 18.296     >18.296  99.990         -42.54        20.53   -0.127       0.061       
2457418.81590  2457418.81724  2016-01-31.3158983  coadd_bb266442 1.71 -1.87 18.089     >18.089  99.990        -103.67        34.67   -0.222       0.074       
2457420.80897  2457420.81033  2016-02-02.3089693  coadd_bd179943 1.48 -2.23 18.522     >18.522  99.990         -29.39        16.67   -0.088       0.050       
2457420.80897  2457420.81012  2016-02-02.3089684  coadd_bb267294 1.66 -1.87 18.545     >18.545  99.990           1.04        22.79   0.002        0.049       
2457421.78461  2457421.78589  2016-02-03.2846116  coadd_bd180326 1.52 -2.23 18.269     >18.269  99.990          -0.06        21.05   -0.000       0.063       
2457421.78461  2457421.78567  2016-02-03.2846119  coadd_bb267678 1.71 -1.87 18.081     >18.081  99.990          32.09        34.94   0.069        0.075       
2457423.79679  2457423.79766  2016-02-05.2967916  coadd_bb268563 1.62 -1.87 17.777      17.321  0.240          211.02        46.24   0.452        0.099       
2457423.79679  2457423.79788  2016-02-05.2967918  coadd_bd181211 1.50 -2.23 17.905      17.071  0.169          190.34        29.42   0.570        0.088       
2457424.79127  2457424.79226  2016-02-06.2912688  coadd_bd181747 1.47 -2.23 18.296     >18.296  99.990          -7.63        20.52   -0.023       0.061       
2457424.79127  2457424.79204  2016-02-06.2912685  coadd_bb269089 1.65 -1.87 18.005     >18.005  99.990           1.93        37.48   0.004        0.080       
2457427.78461  2457427.78510  2016-02-09.2846113  coadd_bb269739 2.15 -1.87 18.108      17.693  0.249          149.83        34.08   0.321        0.073       
2457427.78461  2457427.78533  2016-02-09.2846120  coadd_bd182397 1.63 -2.23 18.140     >18.140  99.990           1.52        23.69   0.005        0.071       
2457428.77346  2457428.77386  2016-02-10.2734659  coadd_bb270156 1.66 -1.87 18.239     >18.239  99.990         -53.64        30.20   -0.115       0.065       
2457428.77346  2457428.77409  2016-02-10.2734660  coadd_bd182814 1.52 -2.23 18.444     >18.444  99.990           2.80        17.91   0.008        0.054       
2457436.75697  2457436.75659  2016-02-18.2569710  coadd_bb272937 2.13 -1.87 17.705     >17.705  99.990         -31.23        49.38   -0.067       0.106       
2457436.75697  2457436.75683  2016-02-18.2569712  coadd_bd185586 1.71 -2.23 17.870     >17.870  99.990         -38.96        30.39   -0.117       0.091       
2457438.74976  2457438.74919  2016-02-20.2497613  coadd_bb273770 1.59 -1.87 17.308     >17.308  99.990         169.22        71.18   0.363        0.153       
2457438.74976  2457438.74944  2016-02-20.2497619  coadd_bd186411 1.51 -2.23 17.987     >17.987  99.990         -60.27        27.28   -0.180       0.082       
2457440.74296  2457440.74245  2016-02-22.2429609  coadd_bd187242 1.58 -2.23 17.612     >17.612  99.990          66.03        38.54   0.198        0.115       
2457440.74296  2457440.74219  2016-02-22.2429604  coadd_bb274592 1.74 -1.87 17.246     >17.246  99.990         205.23        75.36   0.440        0.162       
2457444.73256  2457444.73142  2016-02-26.2325631  coadd_bb276155 2.01 -1.87 18.055     >18.055  99.990         -97.29        35.77   -0.209       0.077       
2457444.73256  2457444.73167  2016-02-26.2325634  coadd_bd188805 1.73 -2.23 18.077     >18.077  99.990          46.46        25.10   0.139        0.075       
2457447.72566  2457447.72423  2016-02-29.2256633  coadd_bb277282 2.03 -1.87 17.772     >17.772  99.990         -16.40        46.43   -0.035       0.100       
2457447.72566  2457447.72449  2016-02-29.2256637  coadd_bd189932 1.73 -2.23 18.050     >18.050  99.990          73.28        25.75   0.219        0.077       
2457587.12357  2457587.12062  2016-07-17.6235753  coadd_bd228504 1.65 -2.23 17.261     >17.261  99.990         -50.72        53.26   -0.152       0.159       
2457587.12357  2457587.12078  2016-07-17.6235748  coadd_bb316088 1.68 -1.87 17.258     >17.258  99.990        -254.88        74.52   -0.546       0.160       
2457590.08800  2457590.08528  2016-07-20.5880126  coadd_bd229067 1.56 -2.23 17.260     >17.260  99.990         -35.15        53.30   -0.105       0.160       
2457590.08800  2457590.08546  2016-07-20.5880003  coadd_bb316651 1.63 -1.87 17.281     >17.281  99.990        -187.37        72.99   -0.402       0.156       
2457592.11758  2457592.11503  2016-07-22.6175891  coadd_bd229466 1.51 -2.23 17.528     >17.528  99.990         -40.04        41.66   -0.120       0.125       
2457592.11758  2457592.11521  2016-07-22.6175859  coadd_bb317050 1.67 -1.87 17.453     >17.453  99.990          60.12        62.30   0.129        0.134       
2457602.12651  2457602.12482  2016-08-01.6265160  coadd_bd231899 1.54 -2.23 17.846     >17.846  99.990         -59.95        31.06   -0.179       0.093       
2457602.12651  2457602.12503  2016-08-01.6265150  coadd_bb319483 1.69 -1.87 17.517     >17.517  99.990        -118.86        58.70   -0.255       0.126       
2457603.11354  2457603.11214  2016-08-02.6135370  coadd_bb319836 1.73 -1.87 18.147     >18.147  99.990          79.85        32.88   0.171        0.070       
2457603.11354  2457603.11193  2016-08-02.6135371  coadd_bd232242 1.54 -2.23 18.313     >18.313  99.990         -39.66        20.21   -0.119       0.060       
2457607.04017  2457607.03892  2016-08-06.5401739  coadd_bd233436 1.54 -2.23 18.180     >18.180  99.990         -13.14        22.85   -0.039       0.068       
2457607.04017  2457607.03914  2016-08-06.5401739  coadd_bb321020 1.70 -1.87 18.166     >18.166  99.990          39.43        32.30   0.085        0.069       
2457610.09120  2457610.09045  2016-08-09.5911980  coadd_bb322024 1.62 -1.87 18.031     >18.031  99.990         -20.87        36.58   -0.045       0.078       
2457610.09120  2457610.09021  2016-08-09.5911981  coadd_bd234430 1.50 -2.23 18.333     >18.333  99.990         -35.03        19.84   -0.105       0.059       
2457616.03694  2457616.03676  2016-08-15.5369430  coadd_bb323748 1.64 -1.87 17.400     >17.400  99.990         -64.78        65.38   -0.139       0.140       
2457616.03694  2457616.03651  2016-08-15.5369430  coadd_bd236155 1.54 -2.23 17.210     >17.210  99.990          51.59        55.80   0.154        0.167       
2457618.11860  2457618.11861  2016-08-17.6186025  coadd_bb324420 1.68 -1.87 17.563     >17.563  99.990          82.61        56.28   0.177        0.121       
2457618.11860  2457618.11836  2016-08-17.6186028  coadd_bd236827 1.54 -2.23 17.823     >17.823  99.990          27.33        31.74   0.082        0.095       
2457628.00527  2457628.00594  2016-08-27.5052673  coadd_bd239147 1.54 -2.23 18.324     >18.324  99.990          44.61        20.00   0.134        0.060       
2457628.00527  2457628.00620  2016-08-27.5052671  coadd_bb326730 2.07 -1.87 17.920     >17.920  99.990        -122.48        40.50   -0.263       0.087       
2457637.03339  2457637.03515  2016-09-05.5333898  coadd_bb327905 1.67 -1.87 18.061      17.771  0.280          139.43        35.59   0.299        0.076       
2457637.03339  2457637.03488  2016-09-05.5333899  coadd_bd240322 1.46 -2.23 18.285     >18.285  99.990          -5.24        20.73   -0.016       0.062       
2457651.05447  2457651.05744  2016-09-19.5544782  coadd_bb330488 1.70 -1.87 17.252      16.900  0.264          311.09        74.93   0.667        0.161       
2457651.05447  2457651.05717  2016-09-19.5544787  coadd_bd242917 1.52 -2.23 17.610     >17.610  99.990          11.56        38.63   0.035        0.116       
2457654.01814  2457654.02107  2016-09-22.5181396  coadd_bd243929 1.84 -2.23 17.934     >17.934  99.990           6.34        28.65   0.019        0.086       
2457654.01814  2457654.02133  2016-09-22.5181401  coadd_bb331500 1.81 -1.87 17.872     >17.872  99.990        -177.25        42.33   -0.380       0.091       
2457659.05319  2457659.05676  2016-09-27.5531925  coadd_bb332651 1.75 -1.87 17.884      17.783  0.333          137.96        41.87   0.296        0.090       
2457659.05319  2457659.05650  2016-09-27.5531928  coadd_bd245079 1.53 -2.23 18.009     >18.009  99.990          15.11        26.74   0.045        0.080       
2457661.05182  2457661.05528  2016-09-29.5518240  coadd_bd245454 1.51 -2.23 18.284     >18.284  99.990          29.33        20.75   0.088        0.062       
2457661.05182  2457661.05554  2016-09-29.5518277  coadd_bb333026 1.63 -1.87 17.782     >17.782  99.990          -5.43        46.02   -0.012       0.099       
2457667.97529  2457667.97946  2016-10-06.4752925  coadd_bb334252 1.68 -1.87 18.108     >18.108  99.990          80.32        34.07   0.172        0.073       
2457667.97529  2457667.97922  2016-10-06.4752922  coadd_bd246681 1.50 -2.23 18.279     >18.279  99.990         -43.26        20.84   -0.129       0.062       
2457670.00078  2457670.00507  2016-10-08.5007763  coadd_bb335080 1.71 -1.87 17.962     >17.962  99.990        -132.58        38.99   -0.284       0.084       
2457670.00078  2457670.00483  2016-10-08.5007762  coadd_bd247510 1.47 -2.23 18.298     >18.298  99.990           8.74        20.49   0.026        0.061       
2457672.85874  2457672.86297  2016-10-11.3587427  coadd_bd248608 1.47 -2.23 17.610     >17.610  99.990          21.84        38.59   0.065        0.116       
2457672.85874  2457672.86320  2016-10-11.3587427  coadd_bb336187 1.67 -1.87 17.503     >17.503  99.990         150.99        59.47   0.324        0.127       
2457674.04751  2457674.05180  2016-10-12.5475083  coadd_bd249012 1.49 -2.23 18.378     >18.378  99.990          36.71        19.03   0.110        0.057       
2457674.04751  2457674.05203  2016-10-12.5475078  coadd_bb336592 1.62 -1.87 17.976     >17.976  99.990         -44.92        38.48   -0.096       0.082       
2457674.85392  2457674.85849  2016-10-13.3539248  coadd_bb336851 2.06 -1.87 17.408     >17.408  99.990         142.19        64.95   0.305        0.139       
2457674.85392  2457674.85826  2016-10-13.3539239  coadd_bd249271 1.67 -2.23 17.351     >17.351  99.990         -89.50        49.00   -0.268       0.147       
2457681.07846  2457681.08333  2016-10-19.5784570  coadd_bb339242 1.74 -1.87 17.455     >17.455  99.990          74.16        62.16   0.159        0.133       
2457681.07846  2457681.08312  2016-10-19.5784570  coadd_bd251660 1.54 -2.23 17.804     >17.804  99.990         -64.91        32.29   -0.194       0.097       
2457685.01193  2457685.01677  2016-10-23.5119309  coadd_bd252230 1.50 -2.23 17.257     >17.257  99.990          18.31        53.46   0.055        0.160       
2457685.01193  2457685.01697  2016-10-23.5119313  coadd_bb339812 1.78 -1.87 17.254     >17.254  99.990        -175.74        74.80   -0.377       0.160       
2457686.08333  2457686.08840  2016-10-24.5833291  coadd_bb340280 1.77 -1.87 17.954     >17.954  99.990         111.18        39.28   0.238        0.084       
2457686.08333  2457686.08821  2016-10-24.5833290  coadd_bd252698 1.60 -2.23 18.049     >18.049  99.990         -31.98        25.77   -0.096       0.077       
2457687.90083  2457687.90597  2016-10-26.4008358  coadd_bb340970 1.63 -1.87 17.926      17.847  0.340          129.99        40.29   0.279        0.086       
2457687.90083  2457687.90578  2016-10-26.4008326  coadd_bd253388 1.51 -2.23 18.210     >18.210  99.990         -14.21        22.22   -0.043       0.066       
2457691.00176  2457691.00681  2016-10-29.5017560  coadd_bd254687 1.67 -2.23 18.456     >18.456  99.990         -21.62        17.72   -0.065       0.053       
2457691.00176  2457691.00699  2016-10-29.5017557  coadd_bb342269 1.69 -1.87 18.340     >18.340  99.990        -108.30        27.51   -0.232       0.059       
2457696.01925  2457696.02461  2016-11-03.5192488  coadd_bb343823 1.65 -1.87 18.232     >18.232  99.990          64.79        30.39   0.139        0.065       
2457696.01925  2457696.02445  2016-11-03.5192491  coadd_bd256241 1.52 -2.23 18.036      17.785  0.290           98.61        26.08   0.295        0.078       
2457698.80508  2457698.81034  2016-11-06.3050787  coadd_bd257311 1.57 -2.23 18.163     >18.163  99.990         -22.70        23.20   -0.068       0.069       
2457698.80508  2457698.81050  2016-11-06.3050787  coadd_bb344893 1.73 -1.87 17.725     >17.725  99.990        -151.28        48.47   -0.324       0.104       
2457699.90460  2457699.90989  2016-11-07.4046050  coadd_bd257810 1.52 -2.23 18.193     >18.193  99.990         -29.96        22.56   -0.090       0.068       
2457699.90460  2457699.91004  2016-11-07.4046057  coadd_bb345393 1.67 -1.87 17.849     >17.849  99.990          14.61        43.26   0.031        0.093       
2457701.00262  2457701.00807  2016-11-08.5026174  coadd_bb345772 1.70 -1.87 17.649     >17.649  99.990          26.63        52.02   0.057        0.112       
2457701.00262  2457701.00792  2016-11-08.5026175  coadd_bd258190 1.61 -2.23 17.831     >17.831  99.990         -75.34        31.49   -0.225       0.094       
2457703.83473  2457703.84021  2016-11-11.3347348  coadd_bb346914 1.63 -1.87 17.323     >17.323  99.990        -208.95        70.23   -0.448       0.151       
2457703.83473  2457703.84008  2016-11-11.3347343  coadd_bd259331 1.51 -2.23 17.791     >17.791  99.990         -20.71        32.67   -0.062       0.098       
2457705.92994  2457705.93543  2016-11-13.4299388  coadd_bb347804 1.98 -1.87 16.733     >16.733  99.990           4.75       120.90   0.010        0.259       
2457705.92994  2457705.93531  2016-11-13.4299399  coadd_bd260211 1.85 -2.23 17.432     >17.432  99.990         -95.61        45.49   -0.286       0.136       
2457709.00917  2457709.01467  2016-11-16.5091712  coadd_bb349108 2.10 -1.87 17.092     >17.092  99.990           7.55        86.88   0.016        0.186       
2457709.00917  2457709.01456  2016-11-16.5091716  coadd_bd261515 1.73 -2.23 17.589     >17.589  99.990         -10.97        39.38   -0.033       0.118       
2457712.01622  2457712.02162  2016-11-19.516225  coadd_bd262704 1.50 -2.23 17.855     >17.855  99.990         -18.00        30.80   -0.054       0.092       
2457712.01622  2457712.02172  2016-11-19.5162258  coadd_bb350286 1.71 -1.87 17.484     >17.484  99.990          25.66        60.55   0.055        0.130       
2457715.01964  2457715.02511  2016-11-22.5196472  coadd_bb350913 1.71 -1.87 16.702     >16.702  99.990         169.13       124.38   0.363        0.267       
2457715.01964  2457715.02503  2016-11-22.5196472  coadd_bd263331 1.49 -2.23 17.055     >17.055  99.990         -18.30        64.39   -0.055       0.193       
2457717.00487  2457717.01032  2016-11-24.5048711  coadd_bb351483 2.03 -1.87 17.361     >17.361  99.990         -27.25        67.83   -0.058       0.145       
2457717.00487  2457717.01024  2016-11-24.5048715  coadd_bd263901 2.03 -2.23 17.586     >17.586  99.990         -97.50        39.47   -0.292       0.118       
2457718.96706  2457718.97248  2016-11-26.4670636  coadd_bb352088 1.99 -1.87 18.025     >18.025  99.990          69.02        36.78   0.148        0.079       
2457718.96706  2457718.97241  2016-11-26.4670634  coadd_bd264506 1.71 -2.23 18.075     >18.075  99.990         -77.67        25.15   -0.232       0.075       
2457721.99022  2457721.99557  2016-11-29.4902207  coadd_bb353278 2.02 -1.87 17.982     >17.982  99.990         -49.98        38.26   -0.107       0.082       
2457721.99022  2457721.99552  2016-11-29.4902207  coadd_bd265696 1.71 -2.23 18.088     >18.088  99.990          50.77        24.86   0.152        0.074       
2457736.85896  2457736.86381  2016-12-14.3589640  coadd_bb354480 1.76 -1.87 17.256     >17.256  99.990         217.46        74.69   0.466        0.160       
2457736.85896  2457736.86382  2016-12-14.3589642  coadd_bd266888 1.58 -2.23 17.481     >17.481  99.990          67.45        43.50   0.202        0.130       
2457744.92309  2457744.92757  2016-12-22.4230900  coadd_bd267805 1.55 -2.23 18.346     >18.346  99.990          35.64        19.60   0.107        0.059       
2457744.92309  2457744.92752  2016-12-22.4230896  coadd_bb355398 1.87 -1.87 17.994     >17.994  99.990          70.96        37.83   0.152        0.081       
2457747.92042  2457747.92474  2016-12-25.4204254  coadd_bd269041 1.76 -2.23 18.282     >18.282  99.990         -10.06        20.79   -0.030       0.062       
2457747.92042  2457747.92467  2016-12-25.4204247  coadd_bb356634 2.31 -1.87 18.289     >18.289  99.990        -125.92        28.84   -0.270       0.062       
2457749.90596  2457749.91009  2016-12-27.4059660  coadd_bb357140 2.32 -1.87 18.287     >18.287  99.990         -86.01        28.91   -0.184       0.062       
2457749.90596  2457749.91017  2016-12-27.4059663  coadd_bd269557 2.15 -2.23 18.171     >18.171  99.990         -34.31        23.02   -0.103       0.069       
2457753.90397  2457753.90783  2016-12-31.4039768  coadd_bb358019 1.70 -1.87 17.762     >17.762  99.990        -136.49        46.85   -0.293       0.100       
2457753.90397  2457753.90793  2016-12-31.4039767  coadd_bd270426 1.52 -2.23 17.687     >17.687  99.990          30.28        35.95   0.091        0.108       
2457756.89369  2457756.89735  2017-01-03.3936953  coadd_bb358731 1.73 -1.87 18.138     >18.138  99.990          51.87        33.15   0.111        0.071       
2457756.89369  2457756.89745  2017-01-03.3936952  coadd_bd271138 1.53 -2.23 18.235     >18.235  99.990          -1.25        21.71   -0.004       0.065       
2457759.80656  2457759.81011  2017-01-06.3065645  coadd_bd272148 2.18 -2.23 18.062     >18.062  99.990         -62.12        25.46   -0.186       0.076       
2457759.80656  2457759.80999  2017-01-06.3065640  coadd_bb359852 2.31 -1.87 17.746     >17.746  99.990          88.95        47.56   0.191        0.102       
2457763.80436  2457763.80748  2017-01-10.3043592  coadd_bb361230 1.65 -1.87 17.475     >17.475  99.990        -179.75        61.05   -0.385       0.131       
2457763.80436  2457763.80761  2017-01-10.3043590  coadd_bd273516 1.50 -2.23 17.312     >17.312  99.990           3.34        50.78   0.010        0.152       
2457766.78238  2457766.78541  2017-01-13.2823832  coadd_bd274824 1.49 -2.23 17.551     >17.551  99.990           3.47        40.75   0.010        0.122       
2457766.78238  2457766.78526  2017-01-13.2823824  coadd_bb362558 1.65 -1.87 17.468     >17.468  99.990          85.31        61.46   0.183        0.132       
2457769.85687  2457769.85949  2017-01-16.3568704  coadd_bb363609 2.11 -1.87 17.594     >17.594  99.990          11.17        54.72   0.024        0.117       
2457769.85687  2457769.85965  2017-01-16.3568708  coadd_bd275875 1.66 -2.23 18.056     >18.056  99.990          46.48        25.61   0.139        0.077       
2457771.77652  2457771.77915  2017-01-18.2765234  coadd_bd276548 1.69 -2.23 18.010     >18.010  99.990          12.53        26.71   0.037        0.080       
2457771.77652  2457771.77898  2017-01-18.2765233  coadd_bb364282 2.10 -1.87 18.114     >18.114  99.990          16.58        33.89   0.036        0.073       
2457774.83940  2457774.84176  2017-01-21.3393997  coadd_bd277816 1.49 -2.23 18.131     >18.131  99.990           1.88        23.89   0.006        0.072       
2457774.83940  2457774.84158  2017-01-21.3393995  coadd_bb365550 1.75 -1.87 17.935     >17.935  99.990         115.92        39.96   0.249        0.086       
2457778.83110  2457778.83312  2017-01-25.3311052  coadd_bd278999 1.51 -2.23 18.219     >18.219  99.990          -0.05        22.02   -0.000       0.066       
2457778.83110  2457778.83293  2017-01-25.3311050  coadd_bb366756 1.69 -1.87 18.041     >18.041  99.990          40.45        36.26   0.087        0.078       
2457780.82463  2457780.82647  2017-01-27.3246318  coadd_bd279830 1.53 -2.23 18.293     >18.293  99.990         -46.34        20.58   -0.139       0.062       
2457780.82463  2457780.82627  2017-01-27.3246309  coadd_bb367597 1.69 -1.87 17.993     >17.993  99.990          84.39        37.87   0.181        0.081       
2457782.82193  2457782.82360  2017-01-29.3219371  coadd_bd280670 1.53 -2.23 18.086     >18.086  99.990         -22.30        24.91   -0.067       0.075       
2457782.82193  2457782.82339  2017-01-29.3219364  coadd_bb368437 1.62 -1.87 18.079     >18.079  99.990         -67.02        35.00   -0.144       0.075       
2457784.81834  2457784.81982  2017-01-31.3183434  coadd_bd281263 1.57 -2.23 18.057     >18.057  99.990          17.87        25.57   0.053        0.077       
2457784.81834  2457784.81961  2017-01-31.3183435  coadd_bb369192 1.62 -1.87 18.021     >18.021  99.990         -55.53        36.92   -0.119       0.079       
2457793.74741  2457793.74806  2017-02-09.2474140  coadd_bd283933 1.55 -2.23 17.585     >17.585  99.990          81.06        39.52   0.243        0.118       
2457793.74741  2457793.74783  2017-02-09.2474142  coadd_bb371862 1.68 -1.87 17.516      17.421  0.335          192.55        58.76   0.413        0.126       
2457798.73373  2457798.73391  2017-02-14.2337262  coadd_bd285397 2.05 -2.23 17.333     >17.333  99.990          12.68        49.85   0.038        0.149       
2457798.73373  2457798.73366  2017-02-14.2337271  coadd_bb373335 2.42 -1.87 17.459     >17.459  99.990          67.12        61.96   0.144        0.133       
2457799.76649  2457799.76657  2017-02-15.2664965  coadd_bd285826 1.43 -2.23 18.273     >18.273  99.990         -32.08        20.96   -0.096       0.063       
2457799.76649  2457799.76633  2017-02-15.2664962  coadd_bb373764 1.68 -1.87 18.221     >18.221  99.990         -47.12        30.71   -0.101       0.066       
2457803.75444  2457803.75389  2017-02-19.2544378  coadd_bb375267 1.68 -1.87 18.164     >18.164  99.990          47.42        32.37   0.102        0.069       
2457803.75444  2457803.75414  2017-02-19.2544376  coadd_bd287331 1.47 -2.23 18.286     >18.286  99.990          22.37        20.71   0.067        0.062       
2457806.74365  2457806.74281  2017-02-22.2436482  coadd_bb376161 1.96 -1.87 18.010     >18.010  99.990          10.07        37.28   0.022        0.080       
2457806.74365  2457806.74306  2017-02-22.2436484  coadd_bd288227 1.50 -2.23 18.546     >18.546  99.990         -41.25        16.31   -0.123       0.049       
2457941.12192  2457941.11815  2017-07-06.6219333  coadd_bd323334 1.53 -2.23 17.214     >17.214  99.990        -227.11        55.60   -0.680       0.166       
2457941.12193  2457941.11827  2017-07-06.6219334  coadd_bb411273 1.78 -1.87 16.881     >16.881  99.990        -149.57       105.47   -0.321       0.226       
2457942.11027  2457942.10656  2017-07-07.6102714  coadd_bd323647 1.62 -2.23 17.740      17.711  0.355          105.63        34.27   0.316        0.103       
2457946.11229  2457946.10886  2017-07-11.6122931  coadd_bd324989 1.76 -2.23 17.471     >17.471  99.990         -18.92        43.87   -0.057       0.131       
2457948.12676  2457948.12348  2017-07-13.6267600  coadd_bd325252 1.57 -2.23 16.743     >16.743  99.990         112.80        85.83   0.338        0.257       
2457949.10414  2457949.10094  2017-07-14.6041451  coadd_bd325587 1.57 -2.23 17.953     >17.953  99.990          32.93        28.14   0.099        0.084       
2457959.09772  2457959.09531  2017-07-24.5977195  coadd_bd327052 1.48 -2.23 17.385     >17.385  99.990          67.28        47.51   0.201        0.142       
2457959.09772  2457959.09550  2017-07-24.5977195  coadd_bb412069 1.64 -1.87 17.403     >17.403  99.990          73.97        65.25   0.159        0.140       
2457960.10565  2457960.10333  2017-07-25.6056548  coadd_bd327404 1.53 -2.23 18.164     >18.164  99.990          44.63        23.18   0.134        0.069       
2457960.10565  2457960.10352  2017-07-25.6056549  coadd_bb412421 1.69 -1.87 18.200     >18.200  99.990          36.46        31.31   0.078        0.067       
2457965.07353  2457965.07183  2017-07-30.5735354  coadd_bb413569 1.68 -1.87 17.879     >17.879  99.990         -73.57        42.06   -0.158       0.090       
2457965.07353  2457965.07163  2017-07-30.5735354  coadd_bd328542 1.42 -2.23 18.242     >18.242  99.990         -37.16        21.57   -0.111       0.065       
2457970.05601  2457970.05455  2017-08-04.5560109  coadd_bd329564 1.67 -2.23 18.138     >18.138  99.990          48.49        23.74   0.145        0.071       
2457970.05601  2457970.05477  2017-08-04.5560103  coadd_bb414590 2.07 -1.87 17.935     >17.935  99.990         116.66        39.95   0.250        0.086       
2457971.05932  2457971.05796  2017-08-05.5593276  coadd_bd329928 1.47 -2.23 17.709     >17.709  99.990          55.27        35.25   0.165        0.105       
2457971.05933  2457971.05818  2017-08-05.5593270  coadd_bb414954 1.73 -1.87 17.462     >17.462  99.990        -108.86        61.79   -0.233       0.132       
2457975.03892  2457975.03791  2017-08-09.5389211  coadd_bd331341 1.51 -2.23 17.700     >17.700  99.990         -64.67        35.55   -0.194       0.106       
2457975.03892  2457975.03814  2017-08-09.5389209  coadd_bb416367 1.64 -1.87 17.100     >17.100  99.990         -48.42        86.21   -0.104       0.185       
2457983.13411  2457983.13409  2017-08-17.6341072  coadd_bb419125 1.70 -1.87 17.324     >17.324  99.990         164.42        70.17   0.352        0.150       
2457983.13411  2457983.13385  2017-08-17.6341077  coadd_bd334094 1.48 -2.23 17.354     >17.354  99.990          16.71        48.87   0.050        0.146       
2457988.04939  2457988.04958  2017-08-22.5493945  coadd_bd334985 1.50 -2.23 17.499     >17.499  99.990          95.72        42.76   0.286        0.128       
2457988.04939  2457988.04984  2017-08-22.5493946  coadd_bb420025 1.65 -1.87 17.428     >17.428  99.990         159.29        63.77   0.341        0.137       
2457990.11071  2457990.11135  2017-08-24.6107137  coadd_bb420707 1.73 -1.87 17.951     >17.951  99.990          86.62        39.37   0.186        0.084       
2457990.11071  2457990.11109  2017-08-24.6107134  coadd_bd335668 1.48 -2.23 18.397      18.278  0.327           62.61        18.71   0.187        0.056       
2457994.02888  2457994.02963  2017-08-28.5288820  coadd_bd336701 1.49 -2.23 18.279     >18.279  99.990           7.43        20.85   0.022        0.062       
2457994.02888  2457994.02989  2017-08-28.5288826  coadd_bb421728 1.65 -1.87 17.772     >17.772  99.990          75.75        46.42   0.162        0.100       
2457998.96515  2457998.96661  2017-09-02.4651512  coadd_bb423143 1.69 -1.87 16.766      16.418  0.265          484.85       117.33   1.039        0.252       
2457998.96515  2457998.96635  2017-09-02.4651513  coadd_bd338113 1.56 -2.23 17.614     >17.614  99.990         -16.92        38.48   -0.051       0.115       
2457999.96748  2457999.96876  2017-09-03.4674806  coadd_bd338397 1.48 -2.23 16.994     >16.994  99.990         -82.33        68.12   -0.246       0.204       
2457999.96748  2457999.96903  2017-09-03.4674805  coadd_bb423427 1.65 -1.87 16.764     >16.764  99.990        -302.04       117.51   -0.647       0.252       
2458001.95793  2458001.95940  2017-09-05.4579415  coadd_bd338862 1.68 -2.23 17.337     >17.337  99.990          68.97        49.63   0.206        0.149       
2458001.95794  2458001.95967  2017-09-05.4579416  coadd_bb423891 1.77 -1.87 17.243     >17.243  99.990        -117.54        75.58   -0.252       0.162       
2458002.96113  2458002.96269  2017-09-06.4611442  coadd_bd339185 1.70 -2.23 17.243     >17.243  99.990         120.15        54.12   0.360        0.162       
2458002.96114  2458002.96296  2017-09-06.4611440  coadd_bb424214 1.98 -1.87 16.915     >16.915  99.990        -265.37       102.24   -0.569       0.219       
2458003.95018  2458003.95183  2017-09-07.4501907  coadd_bd339500 1.77 -2.23 17.240     >17.240  99.990        -122.08        54.26   -0.365       0.162       
2458003.95019  2458003.95210  2017-09-07.4501892  coadd_bb424527 2.01 -1.87 16.710     >16.710  99.990        -201.32       123.46   -0.432       0.265       
2458010.13924  2458010.14169  2017-09-13.6392392  coadd_bb425701 1.66 -1.87 17.205     >17.205  99.990        -183.17        78.29   -0.393       0.168       
2458010.13924  2458010.14142  2017-09-13.6392392  coadd_bd340675 1.55 -2.23 17.933     >17.933  99.990         -16.83        28.69   -0.050       0.086       
2458011.00124  2458011.00377  2017-09-14.5012469  coadd_bb425960 1.74 -1.87 18.072     >18.072  99.990          29.47        35.22   0.063        0.076       
2458011.00124  2458011.00350  2017-09-14.5012465  coadd_bd340934 1.52 -2.23 17.956     >17.956  99.990         -23.10        28.07   -0.069       0.084       
2458015.06642  2458015.06902  2017-09-18.5664334  coadd_bd342170 1.67 -2.23 18.293     >18.293  99.990         -16.52        20.58   -0.049       0.062       
2458015.06643  2458015.06929  2017-09-18.5664331  coadd_bb427195 1.79 -1.87 18.119     >18.119  99.990          70.62        33.74   0.151        0.072       
2458018.99987  2458019.00305  2017-09-22.4998813  coadd_bb428299 1.65 -1.87 18.105     >18.105  99.990          75.55        34.17   0.162        0.073       
2458018.99987  2458019.00278  2017-09-22.4998820  coadd_bd343277 1.72 -2.23 18.389     >18.389  99.990           9.05        18.84   0.027        0.056       
2458022.90604  2458022.90951  2017-09-26.4060490  coadd_bb429735 1.62 -1.87 18.011     >18.011  99.990          -8.44        37.27   -0.018       0.080       
2458022.90605  2458022.90926  2017-09-26.4060497  coadd_bd344715 1.53 -2.23 18.092     >18.092  99.990          46.53        24.78   0.139        0.074       
2458025.02975  2458025.03337  2017-09-28.5297534  coadd_bb430368 2.31 -1.87 18.247     >18.247  99.990          37.61        29.99   0.081        0.064       
2458025.02975  2458025.03312  2017-09-28.5297539  coadd_bd345349 2.19 -2.23 18.355     >18.355  99.990         -70.68        19.45   -0.212       0.058       
2458029.88338  2458029.88709  2017-10-03.3833898  coadd_bd346847 1.51 -2.23 17.752      17.501  0.290          128.17        33.89   0.384        0.101       
2458029.88339  2458029.88734  2017-10-03.3833895  coadd_bb431857 1.64 -1.87 17.105     >17.105  99.990         171.77        85.85   0.368        0.184       
2458032.05164  2458032.05573  2017-10-05.5516392  coadd_bb432259 2.04 -1.87 16.801     >16.801  99.990        -160.23       113.57   -0.343       0.243       
2458032.05164  2458032.05549  2017-10-05.5516395  coadd_bd347248 1.79 -2.23 17.327     >17.327  99.990          22.90        50.09   0.069        0.150       
2458036.93144  2458036.93559  2017-10-10.4314428  coadd_bd348459 1.48 -2.23 17.628     >17.628  99.990         -47.31        37.97   -0.142       0.114       
2458036.93144  2458036.93583  2017-10-10.4314429  coadd_bb433470 1.65 -1.87 17.547     >17.547  99.990          73.68        57.11   0.158        0.122       
2458038.08285  2458038.08708  2017-10-11.5828553  coadd_bd348980 1.57 -2.23 17.832      17.458  0.259          133.28        31.48   0.399        0.094       
2458038.08285  2458038.08731  2017-10-11.5828545  coadd_bb433990 1.70 -1.87 17.752     >17.752  99.990          78.73        47.31   0.169        0.101       
2458054.00269  2458054.00767  2017-10-27.5026912  coadd_bd350801 1.54 -2.23 17.749     >17.749  99.990          13.98        33.97   0.042        0.102       
2458054.00269  2458054.00786  2017-10-27.5026923  coadd_bb435812 1.56 -1.87 17.579     >17.579  99.990          45.78        55.48   0.098        0.119       
2458054.96448  2458054.96949  2017-10-28.4644834  coadd_bd351180 1.46 -2.23 18.640     >18.640  99.990          -0.62        14.95   -0.002       0.045       
2458054.96574  2458054.97094  2017-10-28.4657487  coadd_bb436192 1.66 -1.87 17.808     >17.808  99.990          15.44        44.90   0.033        0.096       
2458055.88078  2458055.88582  2017-10-29.3807854  coadd_bd351522 1.46 -2.23 18.006     >18.006  99.990          22.62        26.81   0.068        0.080       
2458055.88078  2458055.88600  2017-10-29.3807856  coadd_bb436532 1.60 -1.87 17.822     >17.822  99.990          75.14        44.34   0.161        0.095       
2458056.87271  2458056.87797  2017-10-30.3727179  coadd_bb436932 1.76 -1.87 17.724     >17.724  99.990          38.91        48.51   0.083        0.104       
2458056.87271  2458056.87779  2017-10-30.3727175  coadd_bd351921 1.48 -2.23 18.041     >18.041  99.990          24.26        25.97   0.073        0.078       
2458066.88519  2458066.89065  2017-11-09.3851929  coadd_bb440431 1.66 -1.87 17.960     >17.960  99.990        -121.66        39.07   -0.261       0.084       
2458066.88519  2458066.89051  2017-11-09.3851925  coadd_bd355414 1.59 -2.23 17.842     >17.842  99.990         -71.21        31.17   -0.213       0.093       
2458070.92608  2458070.93157  2017-11-13.4260887  coadd_bb441553 1.68 -1.87 18.163     >18.163  99.990          64.18        32.39   0.138        0.069       
2458070.92608  2458070.93145  2017-11-13.4260891  coadd_bd356526 1.65 -2.23 18.333     >18.333  99.990         -29.16        19.83   -0.087       0.059       
2458071.92203  2458071.92753  2017-11-14.4220311  coadd_bb441974 1.73 -1.87 18.337     >18.337  99.990          14.58        27.60   0.031        0.059       
2458071.92203  2458071.92741  2017-11-14.4220322  coadd_bd356947 1.53 -2.23 18.409     >18.409  99.990         -15.96        18.50   -0.048       0.055       
2458074.84994  2458074.85544  2017-11-17.3499438  coadd_bb442480 1.67 -1.87 18.073     >18.073  99.990          42.29        35.20   0.091        0.075       
2458074.84994  2458074.85534  2017-11-17.3499439  coadd_bd357452 1.68 -2.23 18.389     >18.389  99.990         -57.60        18.84   -0.172       0.056       
2458092.93795  2458092.94315  2017-12-05.43795  coadd_bb445915 2.21 -1.87 17.010     >17.010  99.990           5.12        93.66   0.011        0.201       
2458092.93795  2458092.94312  2017-12-05.4379501  coadd_bd360918 2.12 -2.23 17.355     >17.355  99.990         -24.42        48.83   -0.073       0.146       
2458096.96478  2458096.96984  2017-12-09.4647840  coadd_bb446653 1.74 -1.87 16.811      16.523  0.280          440.28       112.53   0.944        0.241       
2458096.96478  2458096.96984  2017-12-09.4647827  coadd_bd361654 1.42 -2.23 17.100     >17.100  99.990          99.12        61.78   0.297        0.185       
2458099.95784  2458099.96279  2017-12-12.4578520  coadd_bd362353 1.51 -2.23 17.866     >17.866  99.990           9.22        30.50   0.028        0.091       
2458099.95785  2458099.96279  2017-12-12.4578517  coadd_bb447353 1.77 -1.87 17.489     >17.489  99.990           4.92        60.24   0.011        0.129       
2458111.70754  2458111.71194  2017-12-24.2075422  coadd_bd363960 1.75 -2.23 18.266     >18.266  99.990          20.06        21.10   0.060        0.063       
2458111.70754  2458111.71188  2017-12-24.2075410  coadd_bb448877 2.01 -1.87 17.727     >17.727  99.990         -86.81        48.41   -0.186       0.104       
2458112.72454  2458112.72889  2017-12-25.2245469  coadd_bd364274 1.45 -2.23 18.298     >18.298  99.990          38.43        20.50   0.115        0.061       
2458112.72454  2458112.72882  2017-12-25.2245482  coadd_bb449137 2.03 -1.87 17.912     >17.912  99.990         116.81        40.83   0.250        0.088       
2458119.83173  2458119.83555  2018-01-01.3317381  coadd_bb450822 1.66 -1.87 17.089     >17.089  99.990         -40.46        87.08   -0.087       0.187       
2458119.83173  2458119.83565  2018-01-01.3317372  coadd_bd366276 1.59 -2.23 16.934     >16.934  99.990          38.99        71.99   0.117        0.215       
2458153.79995  2458153.80108  2018-02-04.2999501  coadd_bd376319 1.49 -2.23 17.700     >17.700  99.990         -64.49        35.55   -0.193       0.106       
2458153.79995  2458153.80087  2018-02-04.2999495  coadd_bb460851 1.66 -1.87 17.267     >17.267  99.990        -118.95        73.90   -0.255       0.158       
2458161.75990  2458161.76005  2018-02-12.2599012  coadd_bb462265 1.63 -1.87 17.959     >17.959  99.990          55.44        39.09   0.119        0.084       
2458161.75990  2458161.76029  2018-02-12.2599011  coadd_bd377733 1.48 -2.23 18.345     >18.345  99.990          16.07        19.62   0.048        0.059       
2458167.75814  2458167.75771  2018-02-18.2581401  coadd_bb463093 1.76 -1.87 18.140     >18.140  99.990         -63.09        33.08   -0.135       0.071       
2458167.75814  2458167.75796  2018-02-18.2581412  coadd_bd378561 1.41 -2.23 18.446     >18.446  99.990          40.37        17.88   0.121        0.053       
2458305.11832  2458305.11457  2018-07-05.6183231  coadd_bb488541 1.73 -1.87 17.002     >17.002  99.990         -82.07        94.33   -0.176       0.202       
2458305.11832  2458305.11446  2018-07-05.6183229  coadd_bd404059 1.50 -2.23 17.481     >17.481  99.990         -10.07        43.49   -0.030       0.130       
2458311.10107  2458311.09762  2018-07-11.601075  coadd_bd405626 1.43 -2.23 17.902     >17.902  99.990          25.88        29.49   0.077        0.088       
2458311.10108  2458311.09777  2018-07-11.6010815  coadd_bb490108 1.67 -1.87 17.916     >17.916  99.990          68.81        40.67   0.148        0.087       
2458317.09754  2458317.09471  2018-07-17.5975479  coadd_bb491683 1.64 -1.87 18.336     >18.336  99.990          -6.24        27.62   -0.013       0.059       
2458317.09754  2458317.09455  2018-07-17.5975474  coadd_bd407202 1.42 -2.23 18.290     >18.290  99.990          -6.17        20.64   -0.018       0.062       
2458327.07280  2458327.07062  2018-07-27.5728094  coadd_bd410248 1.56 -2.23 16.254     >16.254  99.990          59.01       134.59   0.177        0.403       
2458327.07281  2458327.07082  2018-07-27.5728096  coadd_bb494726 2.43 -1.87 16.108     >16.108  99.990           0.33       214.90   0.001        0.461       
2458331.06465  2458331.06302  2018-07-31.5646535  coadd_bb495820 2.07 -1.87 16.889     >16.889  99.990          26.68       104.67   0.057        0.224       
2458331.06465  2458331.06282  2018-07-31.5646535  coadd_bd411343 1.43 -2.23 17.072     >17.072  99.990         -81.22        63.39   -0.243       0.190       
2458334.12211  2458334.12054  2018-08-03.6221111  coadd_bd412297 1.46 -2.23 17.760     >17.760  99.990        -107.46        33.64   -0.322       0.101       
2458334.12211  2458334.12076  2018-08-03.6221105  coadd_bb496774 1.67 -1.87 17.488     >17.488  99.990        -137.40        60.34   -0.295       0.129       
2458341.10170  2458341.10077  2018-08-10.6017074  coadd_bd414221 1.74 -2.23 17.921     >17.921  99.990          56.45        28.99   0.169        0.087       
2458344.07415  2458344.07349  2018-08-13.5741552  coadd_bd414860 1.49 -2.23 18.368     >18.368  99.990         -30.03        19.20   -0.090       0.057       
2458344.07415  2458344.07373  2018-08-13.5741542  coadd_bb499333 1.68 -1.87 18.429     >18.429  99.990         -53.06        25.36   -0.114       0.054       
2458349.05288  2458349.05293  2018-08-18.5528857  coadd_bb500464 1.72 -1.87 18.087     >18.087  99.990         -35.50        34.75   -0.076       0.074       
2458349.05416  2458349.05396  2018-08-18.5541637  coadd_bd415992 1.44 -2.23 17.919     >17.919  99.990          15.56        29.03   0.047        0.087       
2458352.99504  2458352.99546  2018-08-22.4950390  coadd_bb501630 2.07 -1.87 16.359     >16.359  99.990          27.70       170.55   0.059        0.366       
2458352.99631  2458352.99648  2018-08-22.4963156  coadd_bd417159 1.54 -2.23 16.707      16.251  0.240          405.22        88.69   1.213        0.265       
2458362.12227  2458362.12328  2018-08-31.6222741  coadd_bd418251 1.41 -2.23 17.802     >17.802  99.990         -65.87        32.36   -0.197       0.097       
2458362.12227  2458362.12355  2018-08-31.6222745  coadd_bb502763 2.08 -1.87 17.288     >17.288  99.990        -141.11        72.52   -0.302       0.155       
2458368.05041  2458368.05222  2018-09-06.5504232  coadd_bb503764 2.08 -1.87 18.143     >18.143  99.990         -33.99        32.98   -0.073       0.071       
2458368.05042  2458368.05196  2018-09-06.5504229  coadd_bd419253 1.54 -2.23 18.506     >18.506  99.990         -60.81        16.91   -0.182       0.051       
2458373.07769  2458373.07994  2018-09-11.5776908  coadd_bb505266 2.08 -1.87 18.107     >18.107  99.990          61.62        34.11   0.132        0.073       
2458373.07769  2458373.07968  2018-09-11.5776913  coadd_bd420756 1.67 -2.23 18.288     >18.288  99.990          18.58        20.69   0.056        0.062       
2458377.92258  2458377.92524  2018-09-16.4225833  coadd_bb505965 2.02 -1.87 18.247     >18.247  99.990          32.26        29.97   0.069        0.064       
2458377.92258  2458377.92498  2018-09-16.4225832  coadd_bd421456 1.48 -2.23 18.188     >18.188  99.990          16.03        22.67   0.048        0.068       
2458380.93239  2458380.93530  2018-09-19.4323907  coadd_bb507080 2.24 -1.87 17.595     >17.595  99.990         -83.50        54.63   -0.179       0.117       
2458380.93239  2458380.93503  2018-09-19.4323906  coadd_bd422568 1.49 -2.23 17.938     >17.938  99.990         -70.48        28.54   -0.211       0.085       
2458384.95266  2458384.95588  2018-09-23.4526572  coadd_bb508081 2.30 -1.87 16.775     >16.775  99.990        -204.94       116.29   -0.439       0.249       
2458393.07574  2458393.07956  2018-10-01.5757394  coadd_bb510196 2.11 -1.87 17.628     >17.628  99.990        -182.24        53.00   -0.391       0.114       
2458393.07574  2458393.07930  2018-10-01.5757398  coadd_bd425684 1.49 -2.23 18.157     >18.157  99.990         -22.12        23.33   -0.066       0.070       
2458395.99547  2458395.99924  2018-10-04.4954788  coadd_bd426232 1.42 -2.23 18.270     >18.270  99.990         -83.56        21.03   -0.250       0.063       
2458395.99548  2458395.99949  2018-10-04.4954781  coadd_bb510744 1.74 -1.87 18.166     >18.166  99.990          80.07        32.30   0.172        0.069       
2458406.91756  2458406.92199  2018-10-15.4175714  coadd_bd427997 1.44 -2.23 18.152     >18.152  99.990          34.51        23.43   0.103        0.070       
2458406.91756  2458406.92221  2018-10-15.4175706  coadd_bb512509 2.02 -1.87 18.259     >18.259  99.990         -51.91        29.64   -0.111       0.064       
2458409.96110  2458409.96590  2018-10-18.4611001  coadd_bb513561 2.10 -1.87 18.127     >18.127  99.990         -72.25        33.49   -0.155       0.072       
2458409.96110  2458409.96568  2018-10-18.4611008  coadd_bd429049 1.49 -2.23 18.299     >18.299  99.990          17.34        20.46   0.052        0.061       
2458413.92302  2458413.92799  2018-10-22.4230245  coadd_bb514404 1.69 -1.87 17.599     >17.599  99.990          80.76        54.47   0.173        0.117       
2458413.92302  2458413.92779  2018-10-22.4230236  coadd_bd429893 1.61 -2.23 17.848     >17.848  99.990          56.77        31.01   0.170        0.093       
2458424.07194  2458424.07725  2018-11-01.5719456  coadd_bb516632 2.00 -1.87 18.217      18.097  0.327          103.28        30.82   0.221        0.066       
2458424.07194  2458424.07708  2018-11-01.5719459  coadd_bd432121 1.52 -2.23 18.115     >18.115  99.990          20.03        24.26   0.060        0.073       
2458428.97250  2458428.97776  2018-11-06.4725091  coadd_bd432823 1.42 -2.23 18.216     >18.216  99.990         -22.85        22.10   -0.068       0.066       
2458430.95195  2458430.95725  2018-11-08.4519526  coadd_bd433248 1.44 -2.23 18.528     >18.528  99.990         -13.37        16.57   -0.040       0.050       
2458432.99124  2458432.99657  2018-11-10.4912376  coadd_bd434105 1.48 -2.23 18.071     >18.071  99.990           7.97        25.25   0.024        0.076       
2458432.99124  2458432.99670  2018-11-10.4912370  coadd_bb518616 2.01 -1.87 17.926     >17.926  99.990         -60.39        40.31   -0.129       0.086       
2458435.81628  2458435.82165  2018-11-13.3162837  coadd_bd435140 1.52 -2.23 18.309     >18.309  99.990         -36.61        20.29   -0.110       0.061       
2458435.81628  2458435.82177  2018-11-13.3162833  coadd_bb519651 2.02 -1.87 17.525     >17.525  99.990          -1.36        58.27   -0.003       0.125       
2458436.81632  2458436.82170  2018-11-14.3163262  coadd_bd435570 1.42 -2.23 17.442     >17.442  99.990         -98.69        45.07   -0.295       0.135       
2458436.81632  2458436.82182  2018-11-14.3163276  coadd_bb520081 1.99 -1.87 17.642     >17.642  99.990          25.68        52.32   0.055        0.112       
2458442.86646  2458442.87185  2018-11-20.3664594  coadd_bd436932 1.55 -2.23 17.965     >17.965  99.990          37.73        27.85   0.113        0.083       
2458443.99831  2458444.00370  2018-11-21.4983134  coadd_bd437226 2.05 -2.23 16.626     >16.626  99.990         140.50        95.57   0.421        0.286       
2458446.96609  2458446.97154  2018-11-24.4660893  coadd_bb522583 2.05 -1.87 17.205     >17.205  99.990         226.23        78.28   0.485        0.168       
2458448.86963  2458448.87505  2018-11-26.3696306  coadd_bb523370 1.67 -1.87 17.800     >17.800  99.990         -12.59        45.26   -0.027       0.097       
2458448.86963  2458448.87499  2018-11-26.3696310  coadd_bd438859 1.45 -2.23 17.944     >17.944  99.990         -32.63        28.39   -0.098       0.085       
2458450.94323  2458450.94856  2018-11-28.4432320  coadd_bd439780 1.48 -2.23 17.971     >17.971  99.990         -35.21        27.68   -0.105       0.083       
2458450.94323  2458450.94861  2018-11-28.4432321  coadd_bb524291 1.66 -1.87 17.667     >17.667  99.990         -87.84        51.16   -0.188       0.110       
2458451.79256  2458451.79787  2018-11-29.2925675  coadd_bd440095 1.49 -2.23 18.160     >18.160  99.990         -16.47        23.26   -0.049       0.070       
2458451.79257  2458451.79794  2018-11-29.2925675  coadd_bb524606 1.71 -1.87 18.248     >18.248  99.990         -61.09        29.94   -0.131       0.064       
