###  JD        HJD            UT_date             IMAGE          FWHM  Diff Limit      mag   mag_err       counts     count_err  flux (mJy)    flux_err
2458048.86926  2458048.87420  2017-10-22.3692730  coadd_bs005197 2.14 -1.49 19.591     >19.591  99.990          25.79        12.29   0.037        0.018       
2458049.86773  2458049.87271  2017-10-23.3677406  coadd_bs005432 2.35 -1.49 19.507     >19.507  99.990          -7.58        13.28   -0.011       0.019       
2458051.75918  2458051.76422  2017-10-25.2591886  coadd_bs005920 1.47 -1.49 19.198     >19.198  99.990         -47.48        17.64   -0.068       0.025       
2458052.78854  2458052.79360  2017-10-26.2885469  coadd_bs006399 1.98 -1.49 19.778     >19.778  99.990          10.69        10.34   0.015        0.015       
2458053.80147  2458053.80656  2017-10-27.3014692  coadd_bs008577 1.73 -1.49 19.432     >19.432  99.990         -38.00        14.22   -0.055       0.020       
2458054.68275  2458054.68787  2017-10-28.1827472  coadd_bs008905 1.65 -1.49 18.763     >18.763  99.990         -13.43        26.34   -0.019       0.038       
2458055.65672  2458055.66186  2017-10-29.1567230  coadd_bs009342 1.50 -1.49 19.009     >19.009  99.990         -29.50        20.99   -0.042       0.030       
2458056.64171  2458056.64688  2017-10-30.1417145  coadd_bs009789 2.02 -1.49 18.704     >18.704  99.990          -4.89        27.81   -0.007       0.040       
2458057.64597  2458057.65116  2017-10-31.1459721  coadd_bs010228 1.88 -1.49 18.120     >18.120  99.990         -29.96        47.64   -0.043       0.068       
2458058.72973  2458058.73495  2017-11-01.2297437  coadd_bs010487 1.48 -1.49 18.217     >18.217  99.990         -74.40        43.57   -0.107       0.063       
2458059.71034  2458059.71557  2017-11-02.2103407  coadd_bs010910 1.56 -1.49 18.351     >18.351  99.990          -8.26        38.49   -0.012       0.055       
2458064.87506  2458064.88037  2017-11-07.3750633  coadd_bs012870 1.58 -1.49 18.149     >18.149  99.990           1.77        46.37   0.003        0.067       
2458066.91365  2458066.91899  2017-11-09.4136584  coadd_bs013212 2.34 -1.49 18.255     >18.255  99.990          88.35        42.07   0.127        0.060       
2458067.91710  2458067.92244  2017-11-10.4171010  coadd_bs013553 1.50 -1.49 18.991     >18.991  99.990          -7.66        21.35   -0.011       0.031       
2458068.91736  2458068.92271  2017-11-11.4173612  coadd_bs014013 1.62 -1.49 18.924     >18.924  99.990          10.83        22.71   0.016        0.033       
2458069.90511  2458069.91047  2017-11-12.4051182  coadd_bs014473 1.48 -1.49 19.102     >19.102  99.990           5.95        19.27   0.009        0.028       
2458071.85186  2458071.85721  2017-11-14.3518646  coadd_bs015090 1.62 -1.49 19.529     >19.529  99.990         -19.50        13.01   -0.028       0.019       
2458074.79093  2458074.79627  2017-11-17.2909295  coadd_bs015966 1.45 -1.49 19.284     >19.284  99.990         -41.86        16.30   -0.060       0.023       
2458075.78440  2458075.78974  2017-11-18.2844039  coadd_bs016436 1.52 -1.49 19.409     >19.409  99.990         -12.56        14.52   -0.018       0.021       
2458077.80130  2458077.80662  2017-11-20.3013002  coadd_bs017343 2.10 -1.49 19.646     >19.646  99.990          13.89        11.68   0.020        0.017       
2458079.77331  2458079.77861  2017-11-22.2733091  coadd_bs017897 1.68 -1.49 19.578     >19.578  99.990         -10.35        12.43   -0.015       0.018       
2458080.73547  2458080.74076  2017-11-23.2354737  coadd_bs018344 1.71 -1.49 19.539     >19.539  99.990         -17.55        12.89   -0.025       0.019       
2458081.73595  2458081.74122  2017-11-24.2359549  coadd_bs018822 1.46 -1.49 19.472     >19.472  99.990          28.16        13.71   0.040        0.020       
2458083.60641  2458083.61165  2017-11-26.1064120  coadd_bs019527 1.46 -1.49 19.120     >19.120  99.990         -86.15        18.96   -0.124       0.027       
2458084.59583  2458084.60105  2017-11-27.0958328  coadd_bs019976 1.60 -1.49 18.986     >18.986  99.990          46.68        21.46   0.067        0.031       
2458085.62911  2458085.63430  2017-11-28.1291081  coadd_bs020481 1.69 -1.49 18.741     >18.741  99.990         -21.32        26.87   -0.031       0.039       
2458087.54021  2458087.54536  2017-11-30.0402105  coadd_bs021302 2.30 -1.49 17.942     >17.942  99.990        -181.38        56.08   -0.260       0.081       
2458118.77734  2458118.78097  2017-12-31.2773506  coadd_bs031305 1.58 -1.49 17.542     >17.542  99.990          62.86        81.13   0.090        0.116       
2458124.66219  2458124.66539  2018-01-06.1621868  coadd_bs033163 1.49 -1.49 19.496     >19.496  99.990           0.32        13.40   0.000        0.019       
2458126.67733  2458126.68038  2018-01-08.1773332  coadd_bs034023 1.55 -1.49 18.942     >18.942  99.990         -24.68        22.33   -0.035       0.032       
2458127.65468  2458127.65765  2018-01-09.1546885  coadd_bs034483 1.44 -1.49 18.700     >18.700  99.990         -63.58        27.92   -0.091       0.040       
2458128.63971  2458128.64260  2018-01-10.1397084  coadd_bs034949 1.63 -1.49 19.246     >19.246  99.990          -3.45        16.88   -0.005       0.024       
2458129.66086  2458129.66368  2018-01-11.1608679  coadd_bs035400 2.35 -1.49 19.173     >19.173  99.990         -24.89        18.05   -0.036       0.026       
2458132.65418  2458132.65675  2018-01-14.1541877  coadd_bs036021 1.42 -1.49 19.375     >19.375  99.990         -32.95        14.99   -0.047       0.022       
2458133.63627  2458133.63876  2018-01-15.1362731  coadd_bs036480 1.41 -1.49 19.647     >19.647  99.990         -20.31        11.67   -0.029       0.017       
2458145.68819  2458145.68962  2018-01-27.1881908  coadd_bs040603 1.62 -1.49 18.150     >18.150  99.990          25.49        46.31   0.037        0.066       
2458146.72107  2458146.72241  2018-01-28.2210741  coadd_bs041099 1.64 -1.49 17.988     >17.988  99.990          17.16        53.76   0.025        0.077       
2458186.61877  2458186.61644  2018-03-09.1187758  coadd_bs054300 2.08 -1.49 19.373     >19.373  99.990          14.23        15.02   0.020        0.022       
2458193.57867  2458193.57576  2018-03-16.0786696  coadd_bs055763 2.11 -1.49 17.840     >17.840  99.990          71.15        61.66   0.102        0.089       
2458304.95807  2458304.95459  2018-07-05.4580832  coadd_bs084319 1.48 -1.49 16.952     >16.952  99.990          -0.34       139.68   -0.000       0.201       
2458332.96590  2458332.96470  2018-08-02.4659015  coadd_bs089605 1.55 -1.49 17.706     >17.706  99.990        -126.03        69.74   -0.181       0.100       
2458337.94408  2458337.94333  2018-08-07.4440833  coadd_bs091001 1.45 -1.49 19.006     >19.006  99.990          24.87        21.05   0.036        0.030       
2458338.94120  2458338.94054  2018-08-08.4412039  coadd_bs091353 1.47 -1.49 18.684     >18.684  99.990         -62.19        28.32   -0.089       0.041       
2458345.91315  2458345.91313  2018-08-15.4131505  coadd_bs092072 1.67 -1.49 19.349     >19.349  99.990           3.70        15.35   0.005        0.022       
2458356.83632  2458356.83730  2018-08-26.3363216  coadd_bs094732 2.06 -1.49 17.778      17.557  0.298          239.83        65.24   0.344        0.094       
2458365.93120  2458365.93299  2018-09-04.4311995  coadd_bs096535 1.50 -1.49 18.979      18.765  0.300           78.83        21.59   0.113        0.031       
2458366.91398  2458366.91585  2018-09-05.4139894  coadd_bs096813 1.49 -1.49 18.410     >18.410  99.990        -107.82        36.46   -0.155       0.052       
2458371.95471  2458371.95701  2018-09-10.4547115  coadd_bs097258 1.48 -1.49 18.802      18.537  0.286           97.23        25.40   0.140        0.036       
2458374.79214  2458374.79467  2018-09-13.2921512  coadd_bs098302 1.64 -1.49 19.440     >19.440  99.990           5.89        14.12   0.008        0.020       
2458385.82614  2458385.82951  2018-09-24.3261393  coadd_bs099625 1.64 -1.49 18.300     >18.300  99.990          48.39        40.34   0.069        0.058       
2458386.87345  2458386.87690  2018-09-25.3734563  coadd_bs100073 1.43 -1.49 18.160     >18.160  99.990          35.51        45.89   0.051        0.066       
2458405.89126  2458405.89585  2018-10-14.3912626  coadd_bs104281 1.46 -1.49 19.518     >19.518  99.990           9.45        13.15   0.014        0.019       
2458416.68976  2458416.69478  2018-10-25.1897622  coadd_bs104992 1.53 -1.49 17.777     >17.777  99.990          96.33        65.34   0.138        0.094       
2458420.79713  2458420.80228  2018-10-29.2971435  coadd_bs106798 1.64 -1.49 18.618     >18.618  99.990          80.85        30.09   0.116        0.043       
2458421.80342  2458421.80858  2018-10-30.3034184  coadd_bs107247 1.60 -1.49 18.419     >18.419  99.990         -16.79        36.17   -0.024       0.052       
2458430.83596  2458430.84128  2018-11-08.3359576  coadd_bs110357 1.54 -1.49 19.542     >19.542  99.990          12.01        12.85   0.017        0.018       
2458434.76225  2458434.76760  2018-11-12.2622556  coadd_bs111190 1.57 -1.49 17.705     >17.705  99.990         -19.51        69.78   -0.028       0.100       
2458449.68064  2458449.68587  2018-11-27.1806449  coadd_bs115807 1.45 -1.49 18.407      17.666  0.184          217.02        36.55   0.312        0.052       
2458451.64025  2458451.64543  2018-11-29.1402555  coadd_bs116640 1.51 -1.49 19.451     >19.451  99.990          -8.60        13.97   -0.012       0.020       
2458452.88509  2458452.89023  2018-11-30.3850840  coadd_bC000160 1.40 -1.59 19.203     >19.203  99.990          11.15        16.03   0.018        0.025       
2458453.90538  2458453.91050  2018-12-01.4053912  coadd_bC000394 1.45 -1.59 19.105     >19.105  99.990          33.42        17.54   0.053        0.028       
2458455.94360  2458455.94866  2018-12-03.4436031  coadd_bC000738 1.42 -1.59 19.148     >19.148  99.990          40.16        16.86   0.063        0.027       
2458456.89778  2458456.90281  2018-12-04.3977780  coadd_bC001073 1.41 -1.59 19.187     >19.187  99.990          10.66        16.27   0.017        0.026       
2458457.92013  2458457.92512  2018-12-05.4201256  coadd_bC001422 1.44 -1.59 19.307     >19.307  99.990          14.80        14.57   0.023        0.023       
2458458.94013  2458458.94509  2018-12-06.4401392  coadd_bC001830 1.44 -1.59 19.016     >19.016  99.990          -4.18        19.04   -0.007       0.030       
2458459.92490  2458459.92982  2018-12-07.4248960  coadd_bC002250 1.48 -1.59 19.178     >19.178  99.990          26.99        16.39   0.042        0.026       
2458460.91726  2458460.92215  2018-12-08.4172631  coadd_bC002696 1.71 -1.59 19.096     >19.096  99.990           7.03        17.69   0.011        0.028       
2458462.89865  2458462.90346  2018-12-10.3986517  coadd_bC003257 1.66 -1.59 19.169     >19.169  99.990          36.53        16.54   0.057        0.026       
2458464.92204  2458464.92677  2018-12-12.4220483  coadd_bC003787 1.48 -1.59 19.152      18.770  0.256           71.68        16.80   0.113        0.026       
2458465.74443  2458465.74912  2018-12-13.2444359  coadd_bC004101 1.49 -1.59 18.991     >18.991  99.990          29.50        19.48   0.046        0.031       
2458466.77610  2458466.78074  2018-12-14.2761069  coadd_bC004556 2.40 -1.59 18.781      18.767  0.361           71.83        23.65   0.113        0.037       
2458473.83551  2458473.83978  2018-12-21.3355063  coadd_bC006927 1.51 -1.59 17.997     >17.997  99.990          29.96        48.66   0.047        0.077       
2458474.88993  2458474.89414  2018-12-22.3899332  coadd_bC007421 1.51 -1.59 17.783     >17.783  99.990         -15.94        59.25   -0.025       0.093       
2458475.82283  2458475.82699  2018-12-23.3228373  coadd_bs121795 1.53 -1.49 17.812     >17.812  99.990         121.58        63.24   0.175        0.091       
2458476.89168  2458476.89578  2018-12-24.3916862  coadd_bC008243 2.06 -1.59 18.146     >18.146  99.990          93.84        42.44   0.148        0.067       
2458477.79032  2458477.79436  2018-12-25.2903196  coadd_bs122692 1.52 -1.49 18.373     >18.373  99.990         -41.07        37.71   -0.059       0.054       
2458483.87043  2458483.87407  2018-12-31.3704304  coadd_bC009076 1.44 -1.59 19.074     >19.074  99.990          46.37        18.05   0.073        0.028       
2458484.72617  2458484.72975  2019-01-01.2261805  coadd_bs124504 1.46 -1.49 19.327     >19.327  99.990           2.30        15.67   0.003        0.023       
2458485.84792  2458485.85142  2019-01-02.3479278  coadd_bC009805 1.75 -1.59 19.191     >19.191  99.990          -4.13        16.21   -0.007       0.026       
2458487.77850  2458487.78186  2019-01-04.2785082  coadd_bs125139 1.43 -1.49 19.415     >19.415  99.990          -4.20        14.45   -0.006       0.021       
2458488.78381  2458488.78709  2019-01-05.2838064  coadd_bs125588 1.48 -1.49 19.362     >19.362  99.990          12.92        15.17   0.019        0.022       
2458492.85004  2458492.85301  2019-01-09.3500429  coadd_bC012071 1.50 -1.59 19.325     >19.325  99.990           1.69        14.33   0.003        0.023       
2458494.78903  2458494.79185  2019-01-11.2890431  coadd_bC012924 1.52 -1.59 19.273     >19.273  99.990          -0.46        15.03   -0.001       0.024       
2458495.75246  2458495.75520  2019-01-12.2524612  coadd_bs126869 1.61 -1.49 19.489     >19.489  99.990          -6.21        13.49   -0.009       0.019       
2458498.73355  2458498.73605  2019-01-15.2335530  coadd_bC014645 1.48 -1.59 18.561     >18.561  99.990         -10.59        28.94   -0.017       0.046       
2458503.74619  2458503.74826  2019-01-20.2461957  coadd_bs129121 1.44 -1.49 17.693     >17.693  99.990         122.84        70.58   0.176        0.101       
2458504.80958  2458504.81155  2019-01-21.3095769  coadd_bC016622 2.05 -1.59 17.315     >17.315  99.990        -312.43        91.22   -0.492       0.144       
2458506.80629  2458506.80809  2019-01-23.3062920  coadd_bC017521 1.47 -1.59 18.494     >18.494  99.990          17.28        30.78   0.027        0.048       
2458507.81461  2458507.81633  2019-01-24.3146133  coadd_bC017952 1.49 -1.59 18.687     >18.687  99.990          33.55        25.78   0.053        0.041       
2458508.60137  2458508.60301  2019-01-25.1013762  coadd_bs130956 1.49 -1.49 19.315     >19.315  99.990         -25.83        15.84   -0.037       0.023       
2458510.68002  2458510.68148  2019-01-27.1800332  coadd_bs131926 1.49 -1.49 19.316     >19.316  99.990          20.97        15.82   0.030        0.023       
2458515.70853  2458515.70952  2019-02-01.2085331  coadd_bs133086 1.42 -1.49 19.372     >19.372  99.990         -19.85        15.04   -0.029       0.022       
2458531.66162  2458531.66112  2019-02-17.1616253  coadd_bs136547 1.60 -1.49 17.850     >17.850  99.990         -10.55        61.05   -0.015       0.088       
2458539.63635  2458539.63511  2019-02-25.1363607  coadd_bs138109 1.39 -1.49 18.814     >18.814  99.990          17.76        25.14   0.026        0.036       
2458540.63279  2458540.63145  2019-02-26.1327984  coadd_bs138534 1.43 -1.49 19.144     >19.144  99.990         -17.20        18.54   -0.025       0.027       
2458541.63354  2458541.63211  2019-02-27.1335497  coadd_bs138908 1.46 -1.49 19.051     >19.051  99.990         -49.68        20.20   -0.071       0.029       
2458543.62700  2458543.62540  2019-03-01.1270054  coadd_bs139397 1.48 -1.49 18.948     >18.948  99.990         -37.46        22.22   -0.054       0.032       
2458544.62387  2458544.62217  2019-03-02.1238718  coadd_bs139818 1.41 -1.49 18.761     >18.761  99.990          22.64        26.38   0.033        0.038       
2458545.62061  2458545.61882  2019-03-03.1206091  coadd_bs140232 2.01 -1.49 19.294     >19.294  99.990          -2.37        16.15   -0.003       0.023       
2458546.61740  2458546.61552  2019-03-04.1173997  coadd_bs140642 1.58 -1.49 18.955     >18.955  99.990          48.78        22.08   0.070        0.032       
2458549.60391  2458549.60177  2019-03-07.1039150  coadd_bs141058 1.51 -1.49 18.906     >18.906  99.990         -11.23        23.08   -0.016       0.033       
2458550.60499  2458550.60276  2019-03-08.1049892  coadd_bs141457 1.56 -1.49 18.296     >18.296  99.990          94.44        40.50   0.136        0.058       
2458558.58586  2458558.58298  2019-03-16.0858687  coadd_bs142876 2.24 -1.49 18.110     >18.110  99.990        -142.49        48.08   -0.205       0.069       
2458559.58266  2458559.57969  2019-03-17.0826688  coadd_bs143241 2.14 -1.49 17.882     >17.882  99.990         -34.41        59.28   -0.049       0.085       
2458660.11421  2458660.11006  2019-06-25.6142065  coadd_bC049406 1.43 -1.59 17.819     >17.819  99.990         -56.95        57.35   -0.090       0.090       
2458668.09376  2458668.09012  2019-07-03.5937616  coadd_bC050478 1.48 -1.59 19.178     >19.178  99.990          23.28        16.40   0.037        0.026       
2458669.09458  2458669.09101  2019-07-04.5945831  coadd_bC050794 1.43 -1.59 19.125     >19.125  99.990           7.67        17.23   0.012        0.027       
2458671.11255  2458671.10913  2019-07-06.6125528  coadd_bC051504 1.41 -1.59 18.731     >18.731  99.990          12.89        24.75   0.020        0.039       
2458673.95153  2458673.94831  2019-07-09.4515302  coadd_bs170172 1.48 -1.49 18.300     >18.300  99.990           6.79        40.34   0.010        0.058       
2458675.09855  2458675.09542  2019-07-10.5985490  coadd_bC052428 1.46 -1.59 19.251     >19.251  99.990          -7.34        15.34   -0.012       0.024       
2458676.09456  2458676.09150  2019-07-11.5945646  coadd_bC052707 1.55 -1.59 18.921     >18.921  99.990         -19.44        20.79   -0.031       0.033       
2458678.09068  2458678.08777  2019-07-13.5906761  coadd_bC053111 1.57 -1.59 18.921      18.457  0.238           95.57        20.77   0.150        0.033       
2458678.95787  2458678.95503  2019-07-14.4578771  coadd_bs171280 1.50 -1.49 18.045     >18.045  99.990          84.22        51.01   0.121        0.073       
2458683.07395  2458683.07144  2019-07-18.5739504  coadd_bC054768 1.56 -1.59 17.630     >17.630  99.990         -37.88        68.23   -0.060       0.107       
2458684.07380  2458684.07138  2019-07-19.5738050  coadd_bC055122 1.54 -1.59 18.273     >18.273  99.990        -116.96        37.75   -0.184       0.059       
2458693.89571  2458693.89412  2019-07-29.3957177  coadd_bs175350 1.53 -1.49 19.057     >19.057  99.990          48.71        20.09   0.070        0.029       
2458695.06649  2458695.06501  2019-07-30.5664946  coadd_bC057927 1.41 -1.59 19.212     >19.212  99.990          -1.49        15.89   -0.002       0.025       
2458697.93172  2458697.93050  2019-08-02.4317232  coadd_bs176292 1.44 -1.49 19.009     >19.009  99.990          38.20        21.01   0.055        0.030       
2458701.87510  2458701.87423  2019-08-06.3751020  coadd_bs177382 1.43 -1.49 19.143     >19.143  99.990          12.29        18.56   0.018        0.027       
2458704.02107  2458704.02040  2019-08-08.5210758  coadd_bC059568 1.39 -1.59 19.056     >19.056  99.990          22.39        18.35   0.035        0.029       
2458705.02059  2458705.02000  2019-08-09.5205861  coadd_bC059761 1.47 -1.59 19.143     >19.143  99.990         -28.83        16.93   -0.045       0.027       
2458706.02782  2458706.02733  2019-08-10.5278305  coadd_bC060344 1.39 -1.59 19.096     >19.096  99.990         -29.65        17.69   -0.047       0.028       
2458715.87176  2458715.87218  2019-08-20.3717652  coadd_bs180289 1.54 -1.49 17.621     >17.621  99.990        -115.20        75.41   -0.165       0.108       
2458720.96079  2458720.96167  2019-08-25.4607920  coadd_bC065110 1.60 -1.59 18.444     >18.444  99.990         -30.52        32.23   -0.048       0.051       
2458721.89807  2458721.89903  2019-08-26.3980728  coadd_bs182135 1.52 -1.49 18.876     >18.876  99.990          50.70        23.73   0.073        0.034       
2458722.91186  2458722.91291  2019-08-27.4118673  coadd_bs182524 1.50 -1.49 19.244     >19.244  99.990          16.72        16.92   0.024        0.024       
2458723.97889  2458723.98004  2019-08-28.4788994  coadd_bC066129 1.41 -1.59 19.239     >19.239  99.990          -9.92        15.51   -0.016       0.024       
2458725.00044  2458725.00168  2019-08-29.5004478  coadd_bC066564 1.44 -1.59 19.404     >19.404  99.990           2.15        13.32   0.003        0.021       
2458726.89736  2458726.89877  2019-08-31.3973583  coadd_bs183804 1.49 -1.49 19.090     >19.090  99.990          -0.10        19.48   -0.000       0.028       
2458730.92706  2458730.92883  2019-09-04.4270666  coadd_bs185381 1.44 -1.49 19.192     >19.192  99.990         -20.81        17.74   -0.030       0.025       
2458731.95369  2458731.95554  2019-09-05.4536935  coadd_bs185786 1.43 -1.49 19.116     >19.116  99.990         -40.17        19.03   -0.058       0.027       
2458732.95818  2458732.96012  2019-09-06.4581821  coadd_bC068626 1.44 -1.59 19.202     >19.202  99.990          28.04        16.05   0.044        0.025       
2458733.97329  2458733.97532  2019-09-07.4732952  coadd_bC069038 1.44 -1.59 19.096     >19.096  99.990          32.29        17.68   0.051        0.028       
2458752.10688  2458752.11033  2019-09-25.6068903  coadd_bC074121 1.45 -1.59 18.251     >18.251  99.990         -17.07        38.51   -0.027       0.061       
2458752.74101  2458752.74450  2019-09-26.2410138  coadd_bs187248 1.40 -1.49 18.888     >18.888  99.990          -0.27        23.48   -0.000       0.034       
2458754.85698  2458754.86062  2019-09-28.3569853  coadd_bs188143 1.47 -1.49 19.296     >19.296  99.990         -13.83        16.12   -0.020       0.023       
2458755.84603  2458755.84974  2019-09-29.3460299  coadd_bs188496 1.46 -1.49 18.455     >18.455  99.990         -69.17        34.98   -0.099       0.050       
2458757.02955  2458757.03334  2019-09-30.5295506  coadd_bC075711 1.46 -1.59 19.515     >19.515  99.990          -0.84        12.02   -0.001       0.019       
2458758.07450  2458758.07836  2019-10-01.5745055  coadd_bC075937 1.66 -1.59 19.321      19.108  0.300           52.47        14.37   0.083        0.023       
2458760.80530  2458760.80932  2019-10-04.3053020  coadd_bs189504 1.43 -1.49 19.246     >19.246  99.990           4.55        16.88   0.007        0.024       
2458762.95510  2458762.95925  2019-10-06.4551059  coadd_bs190164 1.52 -1.49 18.802     >18.802  99.990          19.51        25.40   0.028        0.036       
2458764.90357  2458764.90783  2019-10-08.4035718  coadd_bC077557 1.39 -1.59 18.471     >18.471  99.990         -21.78        31.46   -0.034       0.050       
2458768.97280  2458768.97728  2019-10-12.4727947  coadd_bC078520 1.48 -1.59 17.112     >17.112  99.990         127.96       109.96   0.201        0.173       
2458770.08713  2458770.09167  2019-10-13.5871313  coadd_bC079024 1.68 -1.59 17.687     >17.687  99.990          67.29        64.75   0.106        0.102       
2458775.67722  2458775.68201  2019-10-19.1772274  coadd_bs194048 1.54 -1.49 18.792     >18.792  99.990           4.53        25.64   0.007        0.037       
2458777.85118  2458777.85606  2019-10-21.3511806  coadd_bC081341 1.71 -1.59 19.186     >19.186  99.990           2.95        16.28   0.005        0.026       
2458779.00293  2458779.00785  2019-10-22.5029292  coadd_bC081833 1.43 -1.59 18.874     >18.874  99.990           2.49        21.70   0.004        0.034       
2458779.81038  2458779.81533  2019-10-23.3103850  coadd_bs195432 1.46 -1.49 19.875     >19.875  99.990          -2.26         9.46   -0.003       0.014       
2458780.84758  2458780.85257  2019-10-24.3475944  coadd_bs195892 1.43 -1.49 19.233     >19.233  99.990         -21.60        17.08   -0.031       0.025       
2458782.81223  2458782.81728  2019-10-26.3122351  coadd_bs196335 1.50 -1.49 19.308     >19.308  99.990           3.73        15.94   0.005        0.023       
2458784.80330  2458784.80841  2019-10-28.3033092  coadd_bs197208 1.45 -1.49 19.273     >19.273  99.990          31.74        16.46   0.046        0.024       
2458786.81810  2458786.82326  2019-10-30.3180967  coadd_bs198074 1.49 -1.49 19.408     >19.408  99.990          14.37        14.55   0.021        0.021       
2458788.88821  2458788.89342  2019-11-01.3882197  coadd_bs198734 1.57 -1.49 19.301     >19.301  99.990          26.97        16.04   0.039        0.023       
2458789.93356  2458789.93879  2019-11-02.4335682  coadd_bC084414 1.44 -1.59 19.127     >19.127  99.990          -4.59        17.18   -0.007       0.027       
2458790.78537  2458790.79062  2019-11-03.2853708  coadd_bC084731 1.41 -1.59 18.814     >18.814  99.990         -41.44        22.92   -0.065       0.036       
2458791.69724  2458791.70251  2019-11-04.1972486  coadd_bG134238 1.47 -2.33 19.698     >19.698  99.990           3.29         5.13   0.010        0.016       
2458791.82609  2458791.83136  2019-11-04.3260928  coadd_bs199988 1.47 -1.49 19.262     >19.262  99.990          26.22        16.63   0.038        0.024       
2458792.04040  2458792.04567  2019-11-04.5403966  coadd_bC085360 1.41 -1.59 18.833     >18.833  99.990         -28.73        22.52   -0.045       0.035       
2458792.79460  2458792.79989  2019-11-05.2946114  coadd_bC085607 1.45 -1.59 19.344     >19.344  99.990         -41.01        14.07   -0.065       0.022       
2458795.68976  2458795.69508  2019-11-08.1897574  coadd_bG135587 1.49 -2.33 17.348     >17.348  99.990         113.49        44.70   0.353        0.139       
2458795.99330  2458795.99862  2019-11-08.4933015  coadd_bC086582 1.44 -1.59 18.026     >18.026  99.990          30.54        47.39   0.048        0.075       
2458801.99222  2458801.99758  2019-11-14.4922310  coadd_bC088994 1.66 -1.59 18.000     >18.000  99.990          82.65        48.52   0.130        0.076       
2458802.82210  2458802.82745  2019-11-15.3221009  coadd_bs203148 1.57 -1.49 18.073     >18.073  99.990          61.77        49.73   0.089        0.071       
2458803.84091  2458803.84626  2019-11-16.3409137  coadd_bs203608 1.52 -1.49 18.445      18.111  0.269          144.01        35.31   0.207        0.051       
2458804.79487  2458804.80022  2019-11-17.2948760  coadd_bs204016 1.55 -1.49 18.672     >18.672  99.990         -12.71        28.64   -0.018       0.041       
2458807.79332  2458807.79865  2019-11-20.2933283  coadd_bC090338 1.50 -1.59 18.699     >18.699  99.990          16.65        25.49   0.026        0.040       
2458808.83488  2458808.84020  2019-11-21.3348805  coadd_bC090697 1.48 -1.59 19.010     >19.010  99.990         -15.57        19.15   -0.024       0.030       
2458810.88831  2458810.89360  2019-11-23.3883114  coadd_bC090991 2.20 -1.59 18.641     >18.641  99.990          68.66        26.89   0.108        0.042       
2458811.89947  2458811.90475  2019-11-24.399475  coadd_bC091231 1.66 -1.59 19.153     >19.153  99.990         -52.85        16.79   -0.083       0.026       
2458812.60804  2458812.61331  2019-11-25.1080440  coadd_bs206811 1.45 -1.49 19.947     >19.947  99.990         -10.46         8.85   -0.015       0.013       
2458818.76688  2458818.77201  2019-12-01.2668868  coadd_bs208229 1.42 -1.49 18.578     >18.578  99.990         -43.41        31.24   -0.062       0.045       
2458819.79668  2458819.80179  2019-12-02.2966861  coadd_bs208708 1.58 -1.49 19.255     >19.255  99.990         -23.24        16.74   -0.033       0.024       
2458820.81686  2458820.82193  2019-12-03.3168567  coadd_bs209181 1.53 -1.49 19.204     >19.204  99.990          46.07        17.55   0.066        0.025       
2458821.81977  2458821.82481  2019-12-04.3197768  coadd_bs209639 1.48 -1.49 18.946     >18.946  99.990          -1.63        22.24   -0.002       0.032       
2458824.71667  2458824.72162  2019-12-07.2166829  coadd_bs210728 1.42 -1.49 18.275     >18.275  99.990         -22.88        41.27   -0.033       0.059       
2458828.90597  2458828.91075  2019-12-11.4059697  coadd_bC096706 1.57 -1.59 17.736     >17.736  99.990          48.49        61.87   0.076        0.097       
2458830.82863  2458830.83333  2019-12-13.3286337  coadd_bs212408 1.63 -1.49 17.708      17.601  0.331          230.43        69.63   0.331        0.100       
2458831.75664  2458831.76129  2019-12-14.2566400  coadd_bs212811 1.63 -1.49 18.334     >18.334  99.990         112.04        39.12   0.161        0.056       
2458832.75758  2458832.76218  2019-12-15.2575873  coadd_bs213272 1.58 -1.49 18.322     >18.322  99.990         -28.36        39.53   -0.041       0.057       
2458833.84810  2458833.85265  2019-12-16.3480997  coadd_bs213802 1.62 -1.49 18.469     >18.469  99.990         -31.31        34.52   -0.045       0.050       
2458835.77205  2458835.77650  2019-12-18.2720515  coadd_bs214423 1.47 -1.49 18.924     >18.924  99.990          66.91        22.71   0.096        0.033       
2458836.83245  2458836.83685  2019-12-19.3324515  coadd_bs214929 1.45 -1.49 18.831     >18.831  99.990          32.17        24.73   0.046        0.036       
2458837.91601  2458837.92035  2019-12-20.4160178  coadd_bC099101 1.42 -1.59 19.040     >19.040  99.990          -1.61        18.62   -0.003       0.029       
2458841.87579  2458841.87990  2019-12-24.3757975  coadd_bC099841 1.42 -1.59 19.265     >19.265  99.990          27.32        15.14   0.043        0.024       
2458846.75809  2458846.76189  2019-12-29.2581012  coadd_bC100766 1.52 -1.59 18.652     >18.652  99.990          24.13        26.63   0.038        0.042       
2458849.76707  2458849.77066  2020-01-01.2670680  coadd_bC102001 2.25 -1.59 18.888     >18.888  99.990           6.94        21.42   0.011        0.034       
2458850.83361  2458850.83713  2020-01-02.3336162  coadd_bC102449 1.48 -1.59 18.957     >18.957  99.990          33.37        20.11   0.053        0.032       
2458853.78760  2458853.79091  2020-01-05.2876116  coadd_bs221288 1.54 -1.49 18.483     >18.483  99.990          33.26        34.10   0.048        0.049       
2458860.77668  2458860.77944  2020-01-12.2766878  coadd_bs224052 1.57 -1.49 17.833     >17.833  99.990         -25.29        62.01   -0.036       0.089       
2458861.77614  2458861.77882  2020-01-13.2761368  coadd_bs224506 1.59 -1.49 18.428     >18.428  99.990         -97.43        35.87   -0.140       0.052       
2458862.76527  2458862.76787  2020-01-14.2652634  coadd_bs224952 1.46 -1.49 16.353     >16.353  99.990         307.09       242.51   0.441        0.348       
2458866.83572  2458866.83798  2020-01-18.3357268  coadd_bC103956 1.56 -1.59 19.334     >19.334  99.990           5.27        14.21   0.008        0.022       
2458867.81812  2458867.82029  2020-01-19.3181165  coadd_bC104393 1.40 -1.59 18.828     >18.828  99.990          -5.64        22.64   -0.009       0.036       
2458868.81719  2458868.81928  2020-01-20.3171958  coadd_bC104843 1.49 -1.59 19.289     >19.289  99.990         -18.73        14.81   -0.029       0.023       
2458869.81390  2458869.81591  2020-01-21.3139093  coadd_bC105288 1.47 -1.59 19.152     >19.152  99.990           0.78        16.80   0.001        0.026       
2458870.82147  2458870.82338  2020-01-22.3214693  coadd_bC105699 1.38 -1.59 18.765     >18.765  99.990          -4.75        23.99   -0.007       0.038       
2458871.80682  2458871.80864  2020-01-23.3068267  coadd_bC106138 1.44 -1.59 19.013     >19.013  99.990          50.47        19.09   0.079        0.030       
2458872.80342  2458872.80516  2020-01-24.3034230  coadd_bC106587 1.43 -1.59 19.163     >19.163  99.990          22.40        16.63   0.035        0.026       
2458873.79998  2458873.80162  2020-01-25.2999775  coadd_bC107029 1.46 -1.59 19.164     >19.164  99.990         -24.96        16.61   -0.039       0.026       
2458874.80038  2458874.80194  2020-01-26.3003835  coadd_bC107479 1.42 -1.59 19.053     >19.053  99.990         -33.03        18.40   -0.052       0.029       
2458875.79684  2458875.79831  2020-01-27.2968438  coadd_bC107926 1.40 -1.59 19.052     >19.052  99.990         -14.82        18.42   -0.023       0.029       
2458876.79334  2458876.79471  2020-01-28.2933358  coadd_bC108373 1.43 -1.59 19.247     >19.247  99.990           8.99        15.40   0.014        0.024       
2458877.78998  2458877.79127  2020-01-29.2899956  coadd_bC108800 1.50 -1.59 18.956     >18.956  99.990         -59.75        20.13   -0.094       0.032       
2458878.78652  2458878.78772  2020-01-30.2865252  coadd_bC109246 1.45 -1.59 18.934     >18.934  99.990          17.98        20.54   0.028        0.032       
2458879.78276  2458879.78386  2020-01-31.2827622  coadd_bC109711 1.43 -1.59 18.637     >18.637  99.990         -11.84        27.01   -0.019       0.042       
2458880.71031  2458880.71132  2020-02-01.2103105  coadd_bs230136 1.49 -1.49 18.539     >18.539  99.990          75.41        32.37   0.108        0.046       
2458883.73394  2458883.73468  2020-02-04.2339456  coadd_bC110837 1.56 -1.59 18.179     >18.179  99.990         -27.76        41.15   -0.044       0.065       
2458884.76529  2458884.76593  2020-02-05.2652921  coadd_bC111272 1.43 -1.59 18.070     >18.070  99.990          40.29        45.49   0.063        0.072       
2458888.76129  2458888.76156  2020-02-09.2612996  coadd_bC111828 1.38 -1.59 17.824     >17.824  99.990          47.85        57.10   0.075        0.090       
2458889.75544  2458889.75561  2020-02-10.2554406  coadd_bC112260 1.50 -1.59 18.031     >18.031  99.990         -50.69        47.19   -0.080       0.074       
2458906.58275  2458906.58134  2020-02-27.0827498  coadd_bs235374 1.76 -1.49 18.998      18.707  0.279           83.21        21.21   0.119        0.030       
2458914.61125  2458914.60913  2020-03-06.11125  coadd_bs236823 1.65 -1.49 17.193      16.844  0.265          462.50       111.88   0.664        0.161       
2458918.60572  2458918.60326  2020-03-10.1057222  coadd_bs237427 1.49 -1.49 17.856     >17.856  99.990         154.56        60.74   0.222        0.087       
2458919.61011  2458919.60757  2020-03-11.1101105  coadd_bs237823 1.47 -1.49 18.650     >18.650  99.990         -22.31        29.24   -0.032       0.042       
2458923.59320  2458923.59034  2020-03-15.0932083  coadd_bs238390 1.58 -1.49 18.392     >18.392  99.990           0.24        37.08   0.000        0.053       
2459024.11090  2459024.10667  2020-06-23.6108973  coadd_bC141655 1.44 -1.59 18.259     >18.259  99.990          84.05        38.23   0.132        0.060       
2459028.10728  2459028.10330  2020-06-27.6072842  coadd_bC142527 1.53 -1.59 18.479     >18.479  99.990         -36.50        31.21   -0.057       0.049       
2459031.09929  2459031.09550  2020-06-30.5992886  coadd_bC143405 1.43 -1.59 18.694     >18.694  99.990          69.99        25.61   0.110        0.040       
2459034.09154  2459034.08795  2020-07-03.5915368  coadd_bC144389 1.47 -1.59 18.213     >18.213  99.990         106.33        39.90   0.167        0.063       
2459044.09462  2459044.09177  2020-07-13.5946164  coadd_bC147635 1.40 -1.59 18.556     >18.556  99.990         -31.38        29.07   -0.049       0.046       
2459052.04976  2459052.04756  2020-07-21.5497665  coadd_bC149890 1.41 -1.59 18.982     >18.982  99.990         -41.00        19.64   -0.065       0.031       
2459059.02794  2459059.02635  2020-07-28.5279414  coadd_bC151333 1.62 -1.59 19.078     >19.078  99.990           9.59        17.98   0.015        0.028       
2459061.02850  2459061.02708  2020-07-30.5285070  coadd_bC152045 1.44 -1.59 18.921     >18.921  99.990          27.81        20.78   0.044        0.033       
2459062.87857  2459062.87732  2020-08-01.3785726  coadd_bs266229 1.42 -1.49 18.215     >18.215  99.990         -16.51        43.64   -0.024       0.063       
2459063.87454  2459063.87337  2020-08-02.3745517  coadd_bs266558 1.57 -1.49 17.509     >17.509  99.990        -168.08        83.61   -0.241       0.120       
2459066.88554  2459066.88464  2020-08-05.3855347  coadd_bs267385 1.49 -1.49 17.917     >17.917  99.990         -42.48        57.39   -0.061       0.082       
2459068.85710  2459068.85639  2020-08-07.3570988  coadd_bs267968 1.41 -1.49 17.426     >17.426  99.990         -28.20        90.22   -0.040       0.130       
2459069.86277  2459069.86215  2020-08-08.3627819  coadd_bs268308 1.47 -1.49 18.019     >18.019  99.990          27.82        52.27   0.040        0.075       
2459071.98613  2459071.98570  2020-08-10.4861244  coadd_bC155235 1.47 -1.59 18.338     >18.338  99.990          38.88        35.55   0.061        0.056       
2459075.96953  2459075.96947  2020-08-14.4695381  coadd_bC156672 1.43 -1.59 19.006     >19.006  99.990          43.68        19.21   0.069        0.030       
2459079.83525  2459079.83555  2020-08-18.3352657  coadd_bs270770 1.47 -1.49 18.922     >18.922  99.990         -28.14        22.74   -0.040       0.033       
2459080.86171  2459080.86210  2020-08-19.3617133  coadd_bs271148 1.50 -1.49 19.140     >19.140  99.990         -35.68        18.61   -0.051       0.027       
2459081.90736  2459081.90785  2020-08-20.4073598  coadd_bs271530 1.46 -1.49 19.138     >19.138  99.990         -31.17        18.65   -0.045       0.027       
2459083.95713  2459083.95780  2020-08-22.4571325  coadd_bC158946 1.55 -1.59 19.087     >19.087  99.990         -21.96        17.83   -0.035       0.028       
2459086.94372  2459086.94467  2020-08-25.4437291  coadd_bC160002 1.40 -1.59 19.125     >19.125  99.990         -17.14        17.21   -0.027       0.027       
2459089.94587  2459089.94708  2020-08-28.4458694  coadd_bC161119 1.45 -1.59 18.267     >18.267  99.990         -41.19        37.97   -0.065       0.060       
2459090.96769  2459090.96900  2020-08-29.4676939  coadd_bs274665 1.43 -1.49 19.127     >19.127  99.990         -25.51        18.84   -0.037       0.027       
2459092.80087  2459092.80233  2020-08-31.3008671  coadd_bs275065 1.50 -1.49 17.555     >17.555  99.990           4.75        80.13   0.007        0.115       
2459093.04138  2459093.04287  2020-08-31.5413848  coadd_bC162218 1.43 -1.59 18.319     >18.319  99.990          46.39        36.17   0.073        0.057       
2459095.79328  2459095.79502  2020-09-03.2932879  coadd_bs275748 1.56 -1.49 17.545     >17.545  99.990         138.02        80.84   0.198        0.116       
2459096.78169  2459096.78351  2020-09-04.2816917  coadd_bs276104 1.49 -1.49 17.787     >17.787  99.990          49.62        64.73   0.071        0.093       
2459097.77992  2459097.78182  2020-09-05.2799196  coadd_bs276470 1.53 -1.49 17.621     >17.621  99.990        -180.10        75.38   -0.259       0.108       
2459102.08406  2459102.08632  2020-09-09.5840563  coadd_bC165636 1.50 -1.59 18.787     >18.787  99.990          22.05        23.51   0.035        0.037       
2459104.09842  2459104.10085  2020-09-11.5984224  coadd_bC166402 1.54 -1.59 19.736     >19.736  99.990          25.14         9.81   0.040        0.015       
2459107.93306  2459107.93580  2020-09-15.4330584  coadd_bC167676 1.52 -1.59 19.050     >19.050  99.990          -2.25        18.45   -0.004       0.029       
2459110.00331  2459110.00621  2020-09-17.5033082  coadd_bC168465 2.02 -1.59 19.114     >19.114  99.990          15.25        17.39   0.024        0.027       
2459113.06199  2459113.06514  2020-09-20.5619968  coadd_bC169417 1.44 -1.59 18.382     >18.382  99.990          -3.09        34.13   -0.005       0.054       
2459117.86746  2459117.87095  2020-09-25.3674718  coadd_bC170623 1.59 -1.59 18.059     >18.059  99.990         -75.77        45.96   -0.119       0.072       
2459120.92654  2459120.93024  2020-09-28.4265541  coadd_bC171668 1.53 -1.59 18.393     >18.393  99.990         -12.10        33.80   -0.019       0.053       
2459126.77812  2459126.78219  2020-10-04.2781166  coadd_bs278381 1.45 -1.49 17.576      17.279  0.278          309.93        78.61   0.445        0.113       
2459130.81636  2459130.82067  2020-10-08.3163648  coadd_bC174414 1.43 -1.59 18.986     >18.986  99.990           7.25        19.58   0.011        0.031       
2459131.79711  2459131.80147  2020-10-09.2971128  coadd_bs280191 1.46 -1.49 18.534     >18.534  99.990          25.70        32.52   0.037        0.047       
2459135.84376  2459135.84833  2020-10-13.3437715  coadd_bC175983 1.51 -1.59 18.783     >18.783  99.990          20.69        23.60   0.033        0.037       
2459137.85080  2459137.85545  2020-10-15.3508023  coadd_bC176684 1.42 -1.59 19.056     >19.056  99.990         -25.13        18.34   -0.040       0.029       
2459139.97420  2459139.97895  2020-10-17.4741960  coadd_bs283109 1.61 -1.49 19.121     >19.121  99.990          -6.16        18.94   -0.009       0.027       
2459142.95398  2459142.95886  2020-10-20.4539902  coadd_bs283996 1.55 -1.49 18.959     >18.959  99.990         -21.43        22.00   -0.031       0.032       
2459145.89236  2459145.89734  2020-10-23.3923616  coadd_bs285185 1.50 -1.49 19.313     >19.313  99.990         -18.00        15.88   -0.026       0.023       
2459148.76169  2459148.76676  2020-10-26.2616915  coadd_bC180271 1.45 -1.59 18.177     >18.177  99.990         -27.51        41.23   -0.043       0.065       
2459153.84758  2459153.85278  2020-10-31.3475799  coadd_bs286478 1.50 -1.49 17.733     >17.733  99.990         -62.34        68.04   -0.090       0.098       
2459156.96434  2459156.96960  2020-11-03.4643402  coadd_bs287848 1.40 -1.49 17.735     >17.735  99.990         100.42        67.87   0.144        0.097       
2459157.96500  2459157.97028  2020-11-04.4650037  coadd_bs288276 1.50 -1.49 17.764     >17.764  99.990         -70.06        66.13   -0.101       0.095       
2459159.01969  2459159.02499  2020-11-05.5196899  coadd_bC182738 1.46 -1.59 17.804     >17.804  99.990         111.06        58.13   0.175        0.091       
2459160.94479  2459160.95011  2020-11-07.4447980  coadd_bs289096 1.46 -1.49 18.365     >18.365  99.990          20.92        38.00   0.030        0.055       
2459162.71637  2459162.72170  2020-11-09.2163712  coadd_bs289637 1.44 -1.49 18.992     >18.992  99.990           1.49        21.34   0.002        0.031       
2459164.86744  2459164.87279  2020-11-11.3674447  coadd_bs290433 1.41 -1.49 19.266     >19.266  99.990         -51.18        16.58   -0.073       0.024       
2459166.70216  2459166.70751  2020-11-13.2021689  coadd_bs291128 1.47 -1.49 19.259     >19.259  99.990          35.50        16.69   0.051        0.024       
2459167.92961  2459167.93496  2020-11-14.4296065  coadd_bs291724 1.48 -1.49 19.043     >19.043  99.990          -0.03        20.36   -0.000       0.029       
2459170.76506  2459170.77041  2020-11-17.2650623  coadd_bs292861 1.43 -1.49 19.260     >19.260  99.990         -20.70        16.66   -0.030       0.024       
2459171.87647  2459171.88181  2020-11-18.3764743  coadd_bs293386 1.51 -1.49 19.002     >19.002  99.990         -42.00        21.14   -0.060       0.030       
2459174.00800  2459174.01332  2020-11-20.5079967  coadd_bC186361 1.58 -1.59 18.918     >18.918  99.990          22.96        20.83   0.036        0.033       
2459175.86754  2459175.87284  2020-11-22.3675496  coadd_bs295108 1.43 -1.49 18.816     >18.816  99.990          16.31        25.09   0.023        0.036       
2459177.91572  2459177.92098  2020-11-24.4157262  coadd_bs295618 1.73 -1.49 19.172     >19.172  99.990         -13.51        18.08   -0.019       0.026       
2459179.75126  2459179.75649  2020-11-26.2512644  coadd_bs296256 1.51 -1.49 18.399     >18.399  99.990         109.96        36.82   0.158        0.053       
2459184.81306  2459184.81817  2020-12-01.3130568  coadd_bC188505 1.49 -1.59 17.736      17.475  0.287          236.13        61.90   0.372        0.097       
2459187.95132  2459187.95633  2020-12-04.4513197  coadd_bC189953 1.44 -1.59 18.222     >18.222  99.990        -101.53        39.57   -0.160       0.062       
2459189.87893  2459189.88388  2020-12-06.3789354  coadd_bs299307 1.50 -1.49 18.397     >18.397  99.990           2.34        36.91   0.003        0.053       
2459191.87960  2459191.88447  2020-12-08.3796043  coadd_bs300157 1.49 -1.49 18.655     >18.655  99.990          26.59        29.08   0.038        0.042       
2459192.82478  2459192.82962  2020-12-09.3247820  coadd_bs300546 1.45 -1.49 18.991     >18.991  99.990          -5.94        21.34   -0.009       0.031       
2459193.85748  2459193.86227  2020-12-10.3574789  coadd_bs301006 1.50 -1.49 17.730     >17.730  99.990         123.60        68.21   0.177        0.098       
2459195.85324  2459195.85795  2020-12-12.3532417  coadd_bC193345 1.46 -1.59 19.753     >19.753  99.990          -9.81         9.65   -0.015       0.015       
2459204.60606  2459204.61032  2020-12-21.1060604  coadd_bs305201 1.50 -1.49 18.877      18.736  0.320           81.01        23.71   0.116        0.034       
2459206.77358  2459206.77771  2020-12-23.2735810  coadd_bC195465 1.45 -1.59 19.111     >19.111  99.990           2.17        17.45   0.003        0.027       
2459212.77203  2459212.77578  2020-12-29.2720417  coadd_bC197551 1.47 -1.59 18.368     >18.368  99.990         -44.05        34.59   -0.069       0.054       
2459217.86134  2459217.86473  2021-01-03.3613396  coadd_bC199313 1.42 -1.59 18.621     >18.621  99.990         -21.19        27.39   -0.033       0.043       
2459219.82416  2459219.82740  2021-01-05.3241545  coadd_bC200152 1.40 -1.59 19.097     >19.097  99.990         -13.52        17.67   -0.021       0.028       
2459221.79507  2459221.79817  2021-01-07.2950746  coadd_bC201003 1.43 -1.59 19.282     >19.282  99.990         -12.85        14.90   -0.020       0.023       
2459222.76628  2459222.76930  2021-01-08.2662795  coadd_bs311928 1.53 -1.49 18.877     >18.877  99.990           4.62        23.72   0.007        0.034       
2459223.72592  2459223.72887  2021-01-09.2259254  coadd_bs312327 1.44 -1.49 19.257     >19.257  99.990         -28.20        16.72   -0.040       0.024       
2459226.80883  2459226.81153  2021-01-12.3088310  coadd_bC202720 1.99 -1.59 19.474     >19.474  99.990         -13.40        12.49   -0.021       0.020       
2459228.75523  2459228.75777  2021-01-14.2552344  coadd_bs313373 1.51 -1.49 19.199     >19.199  99.990         -18.01        17.62   -0.026       0.025       
2459229.75591  2459229.75837  2021-01-15.2559182  coadd_bs313798 1.54 -1.49 19.055     >19.055  99.990         -25.16        20.13   -0.036       0.029       
2459230.75266  2459230.75503  2021-01-16.2526581  coadd_bs314250 1.51 -1.49 19.078     >19.078  99.990         -42.04        19.71   -0.060       0.028       
2459231.77389  2459231.77618  2021-01-17.2739018  coadd_bs314648 1.50 -1.49 19.125     >19.125  99.990          -8.22        18.88   -0.012       0.027       
2459233.74098  2459233.74310  2021-01-19.2409951  coadd_bs315494 1.47 -1.49 19.033     >19.033  99.990         -68.31        20.55   -0.098       0.030       
2459242.79005  2459242.79136  2021-01-28.2900576  coadd_bC206689 1.47 -1.59 17.764     >17.764  99.990         132.75        60.30   0.209        0.095       
2459245.78549  2459245.78652  2021-01-31.2854925  coadd_bC207853 1.52 -1.59 18.464     >18.464  99.990         -67.38        31.65   -0.106       0.050       
2459251.76461  2459251.76508  2021-02-06.2646043  coadd_bC208673 1.53 -1.59 19.103     >19.103  99.990         -51.88        17.57   -0.082       0.028       
2459252.65454  2459252.65493  2021-02-07.1545375  coadd_bs321307 1.49 -1.49 19.242     >19.242  99.990          49.14        16.94   0.071        0.024       
2459254.76586  2459254.76606  2021-02-09.2658695  coadd_bC209570 1.46 -1.59 19.075     >19.075  99.990          -3.61        18.03   -0.006       0.028       
2459256.64980  2459256.64982  2021-02-11.1498046  coadd_bs322992 1.45 -1.49 19.292     >19.292  99.990          29.00        16.18   0.042        0.023       
2459257.68399  2459257.68390  2021-02-12.1839981  coadd_bs323239 1.44 -1.49 19.209     >19.209  99.990         -50.80        17.47   -0.073       0.025       
2459262.73458  2459262.73402  2021-02-17.2345817  coadd_bC211900 1.61 -1.59 18.936     >18.936  99.990          38.51        20.49   0.061        0.032       
2459268.72818  2459268.72706  2021-02-23.2281895  coadd_bC213345 1.50 -1.59 18.245     >18.245  99.990          97.44        38.71   0.153        0.061       
2459269.76003  2459269.75882  2021-02-24.2600314  coadd_bC213676 2.14 -1.59 18.462     >18.462  99.990          -6.81        31.72   -0.011       0.050       
2459271.60933  2459271.60795  2021-02-26.1093442  coadd_bs324471 1.54 -1.49 18.030     >18.030  99.990          25.89        51.72   0.037        0.074       
2459276.62164  2459276.61981  2021-03-03.1216428  coadd_bs325865 1.45 -1.49 19.070     >19.070  99.990          31.01        19.86   0.045        0.029       
2459278.62293  2459278.62092  2021-03-05.1229331  coadd_bs326667 2.05 -1.49 19.166     >19.166  99.990         -16.12        18.17   -0.023       0.026       
2459280.62005  2459280.61787  2021-03-07.1200497  coadd_bs327205 1.42 -1.49 18.860     >18.860  99.990         -60.61        24.09   -0.087       0.035       
2459283.59496  2459283.59253  2021-03-10.0949701  coadd_bs328246 2.20 -1.49 17.496     >17.496  99.990          64.72        84.62   0.093        0.121       
2459288.61304  2459288.61019  2021-03-15.1130409  coadd_bs329257 1.69 -1.49 19.142     >19.142  99.990          25.63        18.57   0.037        0.027       
2459383.11667  2459383.11210  2021-06-17.6166711  coadd_bC243851 1.99 -1.59 16.721     >16.721  99.990         309.59       157.62   0.487        0.248       
2459384.11305  2459384.10853  2021-06-18.6130569  coadd_bC244199 1.44 -1.59 17.190     >17.190  99.990         -29.58       102.37   -0.047       0.161       
2459385.10913  2459385.10467  2021-06-19.6091342  coadd_bC244548 1.50 -1.59 18.245     >18.245  99.990         -25.77        38.71   -0.041       0.061       
2459389.09837  2459389.09413  2021-06-23.5983734  coadd_bC245910 1.43 -1.59 17.991      17.933  0.346          154.89        48.94   0.244        0.077       
2459396.11537  2459396.11157  2021-06-30.6153728  coadd_bC248080 1.70 -1.59 17.905     >17.905  99.990         -35.14        52.98   -0.055       0.083       
2459397.94395  2459397.94027  2021-07-02.4439613  coadd_bs354166 1.56 -1.49 17.607     >17.607  99.990         -35.33        76.40   -0.051       0.110       
2459410.04677  2459410.04397  2021-07-14.5467665  coadd_bC252665 2.24 -1.59 18.808     >18.808  99.990         -41.13        23.07   -0.065       0.036       
2459416.10052  2459416.09822  2021-07-20.6005160  coadd_bC254689 1.46 -1.59 19.091     >19.091  99.990          29.33        17.77   0.046        0.028       
2459418.02941  2459418.02727  2021-07-22.5294190  coadd_bC255371 2.48 -1.59 17.696     >17.696  99.990         154.22        64.19   0.243        0.101       
2459421.92663  2459421.92483  2021-07-26.4266383  coadd_bs358607 1.69 -1.49 17.768     >17.768  99.990         -97.43        65.85   -0.140       0.095       
2459423.88304  2459423.88141  2021-07-28.3830423  coadd_bs359205 1.55 -1.49 17.795     >17.795  99.990         -34.59        64.21   -0.050       0.092       
2459424.88178  2459424.88023  2021-07-29.3817875  coadd_bs359523 2.20 -1.49 18.092     >18.092  99.990        -100.95        48.88   -0.145       0.070       
2459430.08585  2459430.08477  2021-08-03.5858557  coadd_bC258902 1.44 -1.59 18.916     >18.916  99.990         -25.93        20.89   -0.041       0.033       
2459430.85960  2459430.85860  2021-08-04.3596021  coadd_bs360403 1.44 -1.49 18.798     >18.798  99.990         -19.64        25.50   -0.028       0.037       
2459431.86785  2459431.86693  2021-08-05.36785  coadd_bs360692 1.46 -1.49 18.980     >18.980  99.990          14.26        21.57   0.020        0.031       
2459432.85379  2459432.85296  2021-08-06.3537934  coadd_bs361007 1.41 -1.49 18.913     >18.913  99.990         -65.33        22.93   -0.094       0.033       
2459433.84657  2459433.84583  2021-08-07.3465721  coadd_bs361333 1.48 -1.49 18.588     >18.588  99.990        -106.21        30.94   -0.152       0.044       
2459436.85284  2459436.85238  2021-08-10.3528405  coadd_bs362303 1.45 -1.49 18.917     >18.917  99.990         -77.53        22.85   -0.111       0.033       
2459437.97806  2459437.97770  2021-08-11.4780585  coadd_bC261774 1.41 -1.59 19.001     >19.001  99.990         -15.44        19.30   -0.024       0.030       
2459439.99089  2459439.99071  2021-08-13.4908998  coadd_bC262517 1.67 -1.59 18.926     >18.926  99.990         -53.70        20.69   -0.084       0.033       
2459443.98841  2459443.98860  2021-08-17.4884167  coadd_bC263827 1.38 -1.59 19.180     >19.180  99.990          17.96        16.36   0.028        0.026       
2459445.95106  2459445.95144  2021-08-19.4510662  coadd_bC264510 1.44 -1.59 17.830     >17.830  99.990          81.40        56.75   0.128        0.089       
2459448.01197  2459448.01253  2021-08-21.5119775  coadd_bC265312 1.43 -1.59 17.957     >17.957  99.990          20.38        50.51   0.032        0.079       
2459452.93404  2459452.93505  2021-08-26.4340489  coadd_bC266524 1.46 -1.59 17.905     >17.905  99.990          71.25        52.97   0.112        0.083       
2459454.05808  2459454.05919  2021-08-27.5580831  coadd_bC266971 1.49 -1.59 18.377     >18.377  99.990           5.51        34.30   0.009        0.054       
2459461.95255  2459461.95436  2021-09-04.4525531  coadd_bC269560 1.52 -1.59 18.971     >18.971  99.990         -38.06        19.84   -0.060       0.031       
2459462.96553  2459462.96742  2021-09-05.4655361  coadd_bs366275 1.42 -1.49 18.964     >18.964  99.990          52.66        21.90   0.076        0.031       
2459465.90240  2459465.90454  2021-09-08.4024011  coadd_bC270419 1.37 -1.59 18.835     >18.835  99.990         -24.54        22.48   -0.039       0.035       
2459466.77693  2459466.77915  2021-09-09.2769400  coadd_bs367392 1.44 -1.49 18.906     >18.906  99.990           1.37        23.08   0.002        0.033       
2459468.00242  2459468.00474  2021-09-10.5024291  coadd_bC271307 1.50 -1.59 19.151     >19.151  99.990         -14.94        16.82   -0.024       0.026       
2459472.89025  2459472.89297  2021-09-15.3902501  coadd_bC272530 1.47 -1.59 18.134     >18.134  99.990          46.49        42.89   0.073        0.067       
2459475.87890  2459475.88185  2021-09-18.3788997  coadd_bC273139 1.54 -1.59 18.139     >18.139  99.990         -21.99        42.70   -0.035       0.067       
2459479.94320  2459479.94646  2021-09-22.4432027  coadd_bC274725 1.47 -1.59 18.441     >18.441  99.990          52.82        32.34   0.083        0.051       
2459484.93866  2459484.94227  2021-09-27.4386672  coadd_bs372306 1.52 -1.49 18.309     >18.309  99.990        -121.32        40.02   -0.174       0.057       
2459488.06522  2459488.06905  2021-09-30.5652340  coadd_bC277794 1.52 -1.59 18.952     >18.952  99.990          31.01        20.20   0.049        0.032       
