###  JD        HJD            UT_date             IMAGE          FWHM  Diff Limit      mag   mag_err       counts     count_err  flux (mJy)    flux_err
2458063.00463  2458063.00257  2017-11-05.5046347  coadd_br012242 1.87 -1.44 17.913     >17.913  99.990         -48.99        60.37   -0.067       0.083       
2458063.98749  2458063.98551  2017-11-06.4874983  coadd_br012664 1.53 -1.44 17.514     >17.514  99.990         137.43        87.22   0.188        0.120       
2458064.98314  2458064.98125  2017-11-07.4831388  coadd_br012954 1.76 -1.44 17.339     >17.339  99.990         -35.18       102.46   -0.048       0.140       
2458075.01123  2458075.01027  2017-11-17.5112349  coadd_br016143 1.51 -1.44 18.845     >18.845  99.990         -53.55        25.59   -0.073       0.035       
2458076.01233  2458076.01147  2017-11-18.5123359  coadd_br016612 1.51 -1.44 18.702     >18.702  99.990          -7.74        29.20   -0.011       0.040       
2458077.00706  2458077.00629  2017-11-19.5070636  coadd_br017051 1.52 -1.44 17.694     >17.694  99.990          68.53        73.89   0.094        0.101       
2458078.00312  2458078.00245  2017-11-20.5031366  coadd_br017504 1.84 -1.44 19.088     >19.088  99.990         -25.54        20.46   -0.035       0.028       
2458079.00140  2458079.00082  2017-11-21.5014037  coadd_br017612 2.34 -1.44 18.758     >18.758  99.990         -65.89        27.73   -0.090       0.038       
2458079.99904  2458079.99856  2017-11-22.4990486  coadd_br018078 1.44 -1.44 18.766     >18.766  99.990          -2.02        27.53   -0.003       0.038       
2458081.98760  2458081.98730  2017-11-24.4876038  coadd_br019020 1.57 -1.44 19.102     >19.102  99.990          46.17        20.20   0.063        0.028       
2458082.98207  2458082.98187  2017-11-25.4820788  coadd_br019351 1.72 -1.44 19.044     >19.044  99.990         -57.72        21.30   -0.079       0.029       
2458083.97444  2458083.97433  2017-11-26.4744410  coadd_br019822 1.40 -1.44 19.208     >19.208  99.990         -40.53        18.32   -0.056       0.025       
2458084.96704  2458084.96703  2017-11-27.4670451  coadd_br020273 1.57 -1.44 19.329     >19.329  99.990         -31.08        16.40   -0.043       0.022       
2458085.96818  2458085.96827  2017-11-28.4681799  coadd_br020748 1.94 -1.44 19.197     >19.197  99.990          34.52        18.51   0.047        0.025       
2458087.90329  2458087.90356  2017-11-30.4032927  coadd_br021591 1.82 -1.44 18.247     >18.247  99.990         108.15        44.40   0.148        0.061       
2458088.89968  2458088.90005  2017-12-01.3996854  coadd_br021973 1.76 -1.44 16.785     >16.785  99.990         394.62       170.70   0.541        0.234       
2458107.89057  2458107.89270  2017-12-20.3905707  coadd_br027412 1.50 -1.44 19.348     >19.348  99.990         -13.31        16.10   -0.018       0.022       
2458108.87513  2458108.87734  2017-12-21.3751317  coadd_br027654 1.67 -1.44 19.555      19.410  0.319           45.64        13.30   0.063        0.018       
2458112.94506  2458112.94763  2017-12-25.4450670  coadd_br029075 1.52 -1.44 19.680     >19.680  99.990          11.85        11.86   0.016        0.016       
2458113.94177  2458113.94442  2017-12-26.4417699  coadd_br029555 1.49 -1.44 19.078     >19.078  99.990         -63.68        20.65   -0.087       0.028       
2458115.93882  2458115.94164  2017-12-28.4388234  coadd_br030359 1.46 -1.44 19.310     >19.310  99.990         -38.78        16.68   -0.053       0.023       
2458116.82167  2458116.82456  2017-12-29.3216755  coadd_br030606 1.56 -1.44 18.311     >18.311  99.990         -72.05        41.85   -0.099       0.057       
2458117.86414  2458117.86741  2017-12-30.3641480  coadd_bk034349 1.70 -1.80 17.107     >17.107  99.990          99.51        90.80   0.190        0.174       
2458118.83657  2458118.83990  2017-12-31.3365706  coadd_bk034672 1.62 -1.80 18.254     >18.254  99.990          -5.89        31.57   -0.011       0.060       
2458126.81400  2458126.81765  2018-01-08.3140026  coadd_bj036859 1.58 -1.78 18.218     >18.218  99.990          -3.40        33.34   -0.006       0.062       
2458126.81768  2458126.82157  2018-01-08.3176810  coadd_bk036854 1.46 -1.80 17.926     >17.926  99.990         -24.29        42.71   -0.046       0.082       
2458127.81758  2458127.82154  2018-01-09.3175811  coadd_bk037211 1.58 -1.80 18.084      17.819  0.286          141.40        36.92   0.271        0.071       
2458128.80628  2458128.81030  2018-01-10.3062804  coadd_bk037560 1.48 -1.80 18.298     >18.298  99.990          19.57        30.31   0.037        0.058       
2458129.79513  2458129.79921  2018-01-11.2951337  coadd_bk037909 1.53 -1.80 18.517     >18.517  99.990          54.33        24.78   0.104        0.047       
2458130.81735  2458130.82128  2018-01-12.3173547  coadd_bj038190 1.83 -1.78 17.822     >17.822  99.990         -62.47        48.02   -0.117       0.090       
2458132.84385  2458132.84791  2018-01-14.3438494  coadd_bj038595 2.14 -1.78 18.457     >18.457  99.990         -33.52        26.76   -0.063       0.050       
2458132.87875  2458132.88280  2018-01-14.3787466  coadd_br036411 2.03 -1.44 19.055     >19.055  99.990         -29.43        21.09   -0.040       0.029       
2458133.87565  2458133.87977  2018-01-15.3756513  coadd_br036884 2.18 -1.44 19.226     >19.226  99.990          24.75        18.02   0.034        0.025       
2458135.85065  2458135.85489  2018-01-17.3506504  coadd_bj039657 1.67 -1.78 18.892     >18.892  99.990          16.08        17.93   0.030        0.034       
2458136.83558  2458136.83988  2018-01-18.3355810  coadd_bj040003 1.55 -1.78 18.805      18.750  0.347           61.34        19.42   0.115        0.036       
2458137.78533  2458137.78968  2018-01-19.2853293  coadd_bj040323 1.55 -1.78 18.508     >18.508  99.990           7.36        25.55   0.014        0.048       
2458138.78135  2458138.78576  2018-01-20.2813531  coadd_bj040679 1.66 -1.78 18.800     >18.800  99.990          -0.89        19.51   -0.002       0.037       
2458141.88734  2458141.89192  2018-01-23.3873447  coadd_br039100 1.40 -1.44 19.231     >19.231  99.990           4.58        17.93   0.006        0.025       
2458142.78750  2458142.79226  2018-01-24.2874969  coadd_bk042124 1.48 -1.80 18.712     >18.712  99.990          30.54        20.71   0.058        0.040       
2458142.90737  2458142.91201  2018-01-24.4073790  coadd_br039585 1.46 -1.44 19.297     >19.297  99.990         -28.68        16.89   -0.039       0.023       
2458143.76117  2458143.76597  2018-01-25.2611825  coadd_bk042464 1.44 -1.80 18.473     >18.473  99.990         -20.44        25.82   -0.039       0.049       
2458143.90054  2458143.90522  2018-01-25.4005422  coadd_br040049 1.42 -1.44 19.496     >19.496  99.990         -18.87        14.05   -0.026       0.019       
2458144.74117  2458144.74601  2018-01-26.2411707  coadd_bk042812 1.50 -1.80 18.487     >18.487  99.990          46.36        25.48   0.089        0.049       
2458145.74074  2458145.74562  2018-01-27.2407344  coadd_bk043175 1.48 -1.80 18.353     >18.353  99.990         -20.39        28.83   -0.039       0.055       
2458146.73658  2458146.74150  2018-01-28.2365892  coadd_bk043537 1.47 -1.80 17.760     >17.760  99.990         106.19        49.79   0.203        0.095       
2458146.75974  2458146.76455  2018-01-28.2597400  coadd_bj043562 1.67 -1.78 18.232     >18.232  99.990         -67.35        32.93   -0.126       0.062       
2458147.73645  2458147.74140  2018-01-29.2364516  coadd_bk043904 1.46 -1.80 17.497     >17.497  99.990        -104.52        63.44   -0.200       0.121       
2458147.75564  2458147.76050  2018-01-29.2556391  coadd_bj043926 1.61 -1.78 17.647     >17.647  99.990         -95.15        56.45   -0.178       0.106       
2458148.51581  2458148.52070  2018-01-30.0158090  coadd_bn022551 1.75 -1.96 17.415     >17.415  99.990         -33.63        59.22   -0.074       0.131       
2458148.73218  2458148.73717  2018-01-30.2321812  coadd_bk044268 1.59 -1.80 17.402     >17.402  99.990         -63.00        69.23   -0.121       0.132       
2458148.75525  2458148.76015  2018-01-30.2552515  coadd_bj044293 1.54 -1.78 17.632     >17.632  99.990         -69.35        57.23   -0.130       0.107       
2458153.57336  2458153.57845  2018-02-04.0733728  coadd_bn023942 1.52 -1.96 17.795     >17.795  99.990          16.58        41.73   0.037        0.092       
2458153.83219  2458153.83734  2018-02-04.3321982  coadd_bk045905 1.55 -1.80 17.241     >17.241  99.990          -9.85        80.26   -0.019       0.154       
2458153.83588  2458153.84098  2018-02-04.3358857  coadd_bj045915 1.59 -1.78 17.167     >17.167  99.990         -93.21        87.82   -0.175       0.165       
2458154.58080  2458154.58592  2018-02-05.0808050  coadd_bn024355 2.10 -1.96 17.952     >17.952  99.990         -40.03        36.11   -0.088       0.080       
2458155.59861  2458155.60376  2018-02-06.0986105  coadd_bn024735 1.49 -1.96 17.876     >17.876  99.990           7.38        38.74   0.016        0.086       
2458156.59792  2458156.60310  2018-02-07.0979244  coadd_bn025148 1.46 -1.96 18.040     >18.040  99.990          45.20        33.30   0.100        0.074       
2458157.58803  2458157.59324  2018-02-08.0880413  coadd_bn025440 1.59 -1.96 18.358     >18.358  99.990          32.24        24.85   0.071        0.055       
2458158.58201  2458158.58724  2018-02-09.0820185  coadd_bn025790 1.51 -1.96 17.710      17.524  0.308          160.73        45.15   0.355        0.100       
2458158.82089  2458158.82613  2018-02-09.3208983  coadd_br045439 1.48 -1.44 18.815     >18.815  99.990          42.34        26.30   0.058        0.036       
2458159.81384  2458159.81910  2018-02-10.3138400  coadd_br045893 1.52 -1.44 19.307     >19.307  99.990          36.19        16.73   0.050        0.023       
2458160.81102  2458160.81631  2018-02-11.3110276  coadd_br046326 1.45 -1.44 18.652     >18.652  99.990        -125.73        30.58   -0.172       0.042       
2458162.80440  2458162.80973  2018-02-13.3043947  coadd_br047058 1.45 -1.44 19.278     >19.278  99.990         -19.13        17.17   -0.026       0.024       
2458163.47893  2458163.48427  2018-02-13.9789271  coadd_bn026820 1.94 -1.96 18.795     >18.795  99.990          12.68        16.62   0.028        0.037       
2458164.55785  2458164.56321  2018-02-15.0578480  coadd_bn027123 1.53 -1.96 18.444      18.405  0.352           71.41        22.95   0.158        0.051       
2458164.79178  2458164.79715  2018-02-15.2917835  coadd_br047661 1.45 -1.44 18.932     >18.932  99.990          -3.99        23.63   -0.005       0.032       
2458165.55706  2458165.56244  2018-02-16.0570622  coadd_bn027501 1.45 -1.96 18.875     >18.875  99.990          -3.42        15.43   -0.008       0.034       
2458166.72486  2458166.73021  2018-02-17.2248587  coadd_bk049265 1.46 -1.80 18.428     >18.428  99.990         -56.14        26.91   -0.107       0.052       
2458167.53468  2458167.54008  2018-02-18.0346797  coadd_bn028118 1.50 -1.96 18.444      18.102  0.266           94.39        22.96   0.209        0.051       
2458170.68645  2458170.69180  2018-02-21.1864576  coadd_bk050142 1.47 -1.80 18.443     >18.443  99.990          43.49        26.53   0.083        0.051       
2458170.70512  2458170.71055  2018-02-21.2051192  coadd_bj050174 1.56 -1.78 18.828     >18.828  99.990          -1.16        19.01   -0.002       0.036       
2458170.76869  2458170.77412  2018-02-21.2686892  coadd_br049107 1.48 -1.44 19.080     >19.080  99.990         -18.61        20.61   -0.026       0.028       
2458171.79543  2458171.80087  2018-02-22.2954332  coadd_br049562 1.42 -1.44 18.605     >18.605  99.990           9.70        31.94   0.013        0.044       
2458172.83620  2458172.84164  2018-02-23.3361989  coadd_br049977 1.42 -1.44 18.961     >18.961  99.990         -51.30        23.00   -0.070       0.032       
2458173.89707  2458173.90251  2018-02-24.3970680  coadd_br050449 1.42 -1.44 19.305     >19.305  99.990         -59.58        16.76   -0.082       0.023       
2458174.71687  2458174.72231  2018-02-25.2168686  coadd_bj051565 1.55 -1.78 18.413     >18.413  99.990          37.07        27.86   0.069        0.052       
2458174.79759  2458174.80293  2018-02-25.2975965  coadd_bk051612 1.46 -1.80 18.735     >18.735  99.990          19.52        20.28   0.037        0.039       
2458175.47778  2458175.48322  2018-02-25.9777819  coadd_bn029958 1.53 -1.96 18.085     >18.085  99.990         -66.63        31.96   -0.147       0.071       
2458175.75186  2458175.75719  2018-02-26.2518567  coadd_bk051953 1.48 -1.80 18.081     >18.081  99.990          27.21        37.03   0.052        0.071       
2458176.43599  2458176.44143  2018-02-26.9359915  coadd_bn030338 2.01 -1.96 17.706     >17.706  99.990           4.15        45.31   0.009        0.100       
2458176.95190  2458176.95733  2018-02-27.4518983  coadd_br051790 1.53 -1.44 15.870     >15.870  99.990        -709.40       396.36   -0.972       0.543       
2458177.43494  2458177.44038  2018-02-27.9349427  coadd_bn030734 1.59 -1.96 17.075     >17.075  99.990        -184.04        80.98   -0.407       0.179       
2458181.52894  2458181.53434  2018-03-04.0289430  coadd_bn032044 1.56 -1.96 17.037     >17.037  99.990         -12.53        83.92   -0.028       0.185       
2458181.77400  2458181.77924  2018-03-04.2740017  coadd_bk054059 1.56 -1.80 17.543     >17.543  99.990          20.51        60.79   0.039        0.116       
2458181.78876  2458181.79416  2018-03-04.2887630  coadd_bj054088 1.73 -1.78 17.230     >17.230  99.990        -224.95        82.87   -0.421       0.155       
2458182.52803  2458182.53342  2018-03-05.0280370  coadd_bn032485 1.52 -1.96 17.130     >17.130  99.990        -114.05        77.01   -0.252       0.170       
2458182.68394  2458182.68917  2018-03-05.1839460  coadd_bk054372 1.54 -1.80 17.621     >17.621  99.990         129.20        56.56   0.247        0.108       
2458182.75630  2458182.76169  2018-03-05.2563042  coadd_br053391 1.71 -1.44 17.736     >17.736  99.990         -12.22        71.07   -0.017       0.097       
2458182.79907  2458182.80446  2018-03-05.2990802  coadd_bj054481 1.79 -1.78 17.236     >17.236  99.990         155.36        82.41   0.291        0.154       
2458183.49935  2458183.50472  2018-03-05.9993506  coadd_bn032898 1.55 -1.96 17.806     >17.806  99.990          76.14        41.33   0.168        0.091       
2458183.64986  2458183.65507  2018-03-06.1498629  coadd_bk054730 1.51 -1.80 17.630     >17.630  99.990          83.51        56.09   0.160        0.107       
2458183.78333  2458183.78870  2018-03-06.2833346  coadd_bj054853 1.54 -1.78 17.655     >17.655  99.990         -98.45        56.03   -0.184       0.105       
2458184.49919  2458184.50455  2018-03-06.9991900  coadd_bn033238 1.50 -1.96 17.737     >17.737  99.990         -26.11        44.02   -0.058       0.097       
2458184.69568  2458184.70104  2018-03-07.1956814  coadd_bj055136 1.56 -1.78 17.986     >17.986  99.990         -39.47        41.29   -0.074       0.077       
2458184.75572  2458184.76090  2018-03-07.2557248  coadd_bk055165 1.39 -1.80 20.485      20.159  0.268           16.38         4.05   0.031        0.008       
2458189.74783  2458189.75287  2018-03-12.2478366  coadd_bk057127 1.44 -1.80 18.472     >18.472  99.990         -73.65        25.83   -0.141       0.049       
2458189.78507  2458189.79032  2018-03-12.2850763  coadd_bj057174 1.60 -1.78 18.515     >18.515  99.990        -117.23        25.37   -0.220       0.048       
2458190.76951  2458190.77474  2018-03-13.2695121  coadd_bj057488 1.59 -1.78 18.638     >18.638  99.990          50.29        22.66   0.094        0.042       
2458191.75466  2458191.75963  2018-03-14.2546615  coadd_bk057862 1.46 -1.80 18.746     >18.746  99.990          21.36        20.07   0.041        0.038       
2458192.74169  2458192.74686  2018-03-15.2416960  coadd_bj058272 1.52 -1.78 19.107     >19.107  99.990          -3.92        14.70   -0.007       0.028       
2458193.72662  2458193.73152  2018-03-16.2266229  coadd_bk058646 1.43 -1.80 18.435     >18.435  99.990         -22.55        26.73   -0.043       0.051       
2458194.69904  2458194.70415  2018-03-17.1990527  coadd_bj059045 1.54 -1.78 18.713     >18.713  99.990         -15.23        21.13   -0.029       0.040       
2458196.71360  2458196.71838  2018-03-19.2135998  coadd_bk059850 1.41 -1.80 18.549     >18.549  99.990         -55.59        24.06   -0.106       0.046       
2458198.75056  2458198.75553  2018-03-21.2505693  coadd_bj060705 1.54 -1.78 18.545     >18.545  99.990         -65.47        24.67   -0.123       0.046       
2458199.65586  2458199.66079  2018-03-22.1558650  coadd_br057794 1.38 -1.44 19.399     >19.399  99.990         -34.99        15.37   -0.048       0.021       
2458200.69913  2458200.70402  2018-03-23.1991406  coadd_bj061479 1.56 -1.78 18.558     >18.558  99.990         -13.45        24.38   -0.025       0.046       
2458202.64393  2458202.64873  2018-03-25.1439293  coadd_bj062121 1.52 -1.78 18.269     >18.269  99.990          21.34        31.81   0.040        0.060       
2458203.35822  2458203.36299  2018-03-25.8582219  coadd_bn038154 1.80 -1.96 18.178     >18.178  99.990         -88.39        29.33   -0.195       0.065       
2458203.74443  2458203.74918  2018-03-26.2444337  coadd_bj062611 1.60 -1.78 18.486      18.363  0.326           87.61        26.06   0.164        0.049       
2458204.35458  2458204.35931  2018-03-26.8545930  coadd_bn038622 1.45 -1.96 17.784     >17.784  99.990          38.29        42.16   0.085        0.093       
2458210.44983  2458210.45424  2018-04-01.9498300  coadd_bn039565 1.67 -1.96 17.230     >17.230  99.990          55.98        70.25   0.124        0.155       
2458211.63531  2458211.63966  2018-04-03.1353162  coadd_br060916 1.40 -1.44 19.152     >19.152  99.990         -16.08        19.30   -0.022       0.026       
2458211.65518  2458211.65919  2018-04-03.1551866  coadd_bk065885 1.54 -1.80 17.525     >17.525  99.990          95.08        61.83   0.182        0.118       
2458213.69276  2458213.69663  2018-04-05.1927564  coadd_bk066623 1.47 -1.80 17.761     >17.761  99.990          66.28        49.71   0.127        0.095       
2458214.65710  2458214.66091  2018-04-06.1570975  coadd_bk067214 1.44 -1.80 18.089     >18.089  99.990         -39.29        36.77   -0.075       0.070       
2458215.63319  2458215.63694  2018-04-07.1331940  coadd_bk067619 1.46 -1.80 18.579     >18.579  99.990         -48.67        23.41   -0.093       0.045       
2458216.43110  2458216.43516  2018-04-07.9311050  coadd_bn040834 2.17 -1.96 18.477     >18.477  99.990          12.43        22.26   0.027        0.049       
2458216.65146  2458216.65514  2018-04-08.1514577  coadd_bk068056 1.48 -1.80 18.469     >18.469  99.990         -43.89        25.90   -0.084       0.050       
2458217.62896  2458217.63294  2018-04-09.1289633  coadd_bj068475 1.52 -1.78 19.126     >19.126  99.990          11.08        14.45   0.021        0.027       
2458220.55638  2458220.55980  2018-04-12.0563855  coadd_bk069184 1.48 -1.80 18.581     >18.581  99.990         -17.17        23.36   -0.033       0.045       
2458224.66571  2458224.66882  2018-04-16.1657101  coadd_bk070988 1.55 -1.80 18.545     >18.545  99.990           3.16        24.15   0.006        0.046       
2458224.69088  2458224.69439  2018-04-16.1908854  coadd_bj071024 1.58 -1.78 18.666     >18.666  99.990           9.54        22.07   0.018        0.041       
2458226.66054  2458226.66349  2018-04-18.1605335  coadd_bk071859 1.58 -1.80 18.445     >18.445  99.990         -40.64        26.48   -0.078       0.051       
2458226.68651  2458226.68987  2018-04-18.1865193  coadd_bj071895 1.67 -1.78 18.288     >18.288  99.990          31.03        31.26   0.058        0.059       
2458229.33042  2458229.33357  2018-04-20.8304199  coadd_bn043530 1.52 -1.96 18.739     >18.739  99.990         -53.03        17.50   -0.117       0.039       
2458229.65112  2458229.65384  2018-04-21.1511143  coadd_bk073162 1.50 -1.80 17.620     >17.620  99.990         -17.36        56.62   -0.033       0.108       
2458229.67719  2458229.68032  2018-04-21.1771875  coadd_bj073198 1.97 -1.78 18.213     >18.213  99.990          33.20        33.50   0.062        0.063       
2458230.28172  2458230.28480  2018-04-21.7817214  coadd_bn043899 1.50 -1.96 18.185     >18.185  99.990          10.98        29.15   0.024        0.064       
2458231.28079  2458231.28379  2018-04-22.7807902  coadd_bn044316 1.49 -1.96 17.941     >17.941  99.990        -108.70        36.49   -0.240       0.081       
2458235.55690  2458235.55914  2018-04-27.0569003  coadd_bk075373 1.57 -1.80 17.318     >17.318  99.990         133.68        74.76   0.256        0.143       
2458236.55207  2458236.55423  2018-04-28.0520722  coadd_bk075812 1.53 -1.80 17.276     >17.276  99.990         113.42        77.76   0.217        0.149       
2458236.64109  2458236.64366  2018-04-28.1410875  coadd_bj075900 2.04 -1.78 16.452      16.285  0.313          593.89       169.68   1.112        0.318       
2458238.51775  2458238.51974  2018-04-30.0177491  coadd_bk076674 1.59 -1.80 17.339     >17.339  99.990         -54.43        73.34   -0.104       0.140       
2458239.36857  2458239.37092  2018-04-30.8685739  coadd_bn045921 1.52 -1.96 17.685     >17.685  99.990         -67.06        46.21   -0.148       0.102       
2458241.36520  2458241.36738  2018-05-02.8652028  coadd_bn046602 2.19 -1.96 17.495     >17.495  99.990          41.48        55.02   0.092        0.122       
2458241.54939  2458241.55156  2018-05-03.0493958  coadd_bj077857 2.00 -1.78 17.988     >17.988  99.990          25.08        41.21   0.047        0.077       
2458241.55306  2458241.55479  2018-05-03.0530589  coadd_bk077844 1.51 -1.80 17.869     >17.869  99.990          28.80        45.04   0.055        0.086       
2458243.35393  2458243.35594  2018-05-04.8539310  coadd_bn047072 1.46 -1.96 17.956     >17.956  99.990          37.55        35.99   0.083        0.080       
2458244.63535  2458244.63725  2018-05-06.1353546  coadd_br069238 2.38 -1.44 18.719     >18.719  99.990         -23.81        28.75   -0.033       0.039       
2458247.58023  2458247.58143  2018-05-09.0802385  coadd_bk080489 1.51 -1.80 18.282     >18.282  99.990          15.28        30.78   0.029        0.059       
2458247.61365  2458247.61528  2018-05-09.1136506  coadd_bj080532 1.63 -1.78 18.667     >18.667  99.990         -47.82        22.06   -0.090       0.041       
2458249.58666  2458249.58767  2018-05-11.0866604  coadd_bk081137 1.43 -1.80 18.695     >18.695  99.990          16.10        21.04   0.031        0.040       
2458249.59771  2458249.59916  2018-05-11.0977092  coadd_bj081162 1.58 -1.78 18.631     >18.631  99.990          -2.01        22.81   -0.004       0.043       
2458251.57822  2458251.57905  2018-05-13.0782230  coadd_bk082024 1.53 -1.80 18.606     >18.606  99.990          -5.05        22.84   -0.010       0.044       
2458251.58568  2458251.58696  2018-05-13.0856888  coadd_bj082046 1.57 -1.78 18.762      18.285  0.235           94.14        20.21   0.176        0.038       
2458252.73441  2458252.73557  2018-05-14.2344106  coadd_br071793 1.61 -1.44 18.561     >18.561  99.990         -91.52        33.26   -0.125       0.046       
2458253.56999  2458253.57064  2018-05-15.0699930  coadd_bk082649 1.49 -1.80 18.607     >18.607  99.990          19.48        22.81   0.037        0.044       
2458253.58482  2458253.58591  2018-05-15.0848151  coadd_bj082677 1.54 -1.78 18.426      18.291  0.322           93.56        27.54   0.175        0.052       
2458255.56221  2458255.56268  2018-05-17.0622062  coadd_bk083485 1.55 -1.80 18.442     >18.442  99.990         -48.08        26.57   -0.092       0.051       
2458255.59201  2458255.59292  2018-05-17.0920149  coadd_bj083525 1.55 -1.78 18.517     >18.517  99.990           2.41        25.33   0.005        0.047       
2458256.20812  2458256.20897  2018-05-17.7081173  coadd_bn050978 2.49 -1.96 18.680     >18.680  99.990          23.32        18.47   0.052        0.041       
2458257.56127  2458257.56156  2018-05-19.0612733  coadd_bk084278 1.45 -1.80 18.692     >18.692  99.990         -26.79        21.10   -0.051       0.040       
2458257.57986  2458257.58058  2018-05-19.0798599  coadd_bj084309 1.57 -1.78 18.521     >18.521  99.990         -29.09        25.23   -0.054       0.047       
2458262.54454  2458262.54436  2018-05-24.0445452  coadd_bk086535 1.62 -1.80 17.587     >17.587  99.990         102.25        58.36   0.196        0.112       
2458263.55928  2458263.55945  2018-05-25.0592862  coadd_bj087018 1.67 -1.78 17.402     >17.402  99.990          32.09        70.69   0.060        0.132       
2458264.52933  2458264.52897  2018-05-26.0293271  coadd_bk087433 1.68 -1.80 17.457     >17.457  99.990         -99.63        65.78   -0.191       0.126       
2458264.53300  2458264.53308  2018-05-26.0330123  coadd_bj087452 1.60 -1.78 17.102     >17.102  99.990         109.99        93.22   0.206        0.175       
2458265.29058  2458265.29058  2018-05-26.7905821  coadd_bn052265 1.51 -1.96 17.494     >17.494  99.990          33.96        55.08   0.075        0.122       
2458265.53308  2458265.53263  2018-05-27.0330810  coadd_bk087891 1.49 -1.80 17.312     >17.312  99.990         124.45        75.23   0.238        0.144       
2458267.69853  2458267.69831  2018-05-29.1985347  coadd_br075644 1.50 -1.44 17.617     >17.617  99.990          78.33        79.32   0.107        0.109       
2458268.29093  2458268.29065  2018-05-29.7909315  coadd_bn053009 1.76 -1.96 17.313      17.294  0.359          198.58        65.08   0.439        0.144       
2458270.46288  2458270.46198  2018-05-31.9628831  coadd_bk088868 1.51 -1.80 17.830     >17.830  99.990         120.90        46.68   0.231        0.089       
2458270.48757  2458270.48709  2018-05-31.9875733  coadd_bj088904 1.69 -1.78 18.509     >18.509  99.990          44.51        25.52   0.083        0.048       
2458272.20066  2458272.20002  2018-06-02.7006608  coadd_bn053194 1.53 -1.96 18.555      18.518  0.353           64.33        20.73   0.142        0.046       
2458274.20395  2458274.20313  2018-06-04.7039545  coadd_bn053279 1.49 -1.96 18.875     >18.875  99.990          32.08        15.43   0.071        0.034       
2458274.50981  2458274.50855  2018-06-05.0098164  coadd_bk090069 1.48 -1.80 18.261     >18.261  99.990         -27.49        31.37   -0.053       0.060       
2458275.20465  2458275.20374  2018-06-05.7046572  coadd_bn053723 1.52 -1.96 18.886     >18.886  99.990         -10.91        15.28   -0.024       0.034       
2458276.20388  2458276.20287  2018-06-06.7038767  coadd_bn054172 1.72 -1.96 18.794      18.519  0.283           64.29        16.64   0.142        0.037       
2458276.49818  2458276.49674  2018-06-06.9981843  coadd_bk090726 1.56 -1.80 18.658     >18.658  99.990          19.69        21.76   0.038        0.042       
2458277.20569  2458277.20459  2018-06-07.7056873  coadd_bn054463 1.63 -1.96 18.846     >18.846  99.990          -6.96        15.86   -0.015       0.035       
2458278.49474  2458278.49312  2018-06-08.9947414  coadd_bk091645 1.46 -1.80 18.051     >18.051  99.990         -38.08        38.08   -0.073       0.073       
2458280.20004  2458280.19867  2018-06-10.7000399  coadd_bn054979 1.47 -1.96 18.631     >18.631  99.990          41.78        19.33   0.092        0.043       
2458281.20011  2458281.19865  2018-06-11.7001175  coadd_bn055433 1.55 -1.96 18.889     >18.889  99.990         -28.28        15.24   -0.063       0.034       
2458282.20012  2458282.19857  2018-06-12.7001268  coadd_bn055887 1.71 -1.96 18.620     >18.620  99.990         -10.31        19.52   -0.023       0.043       
2458282.66710  2458282.66550  2018-06-13.1671068  coadd_br078794 1.39 -1.44 18.833     >18.833  99.990         -56.22        25.88   -0.077       0.035       
2458283.46501  2458283.46296  2018-06-13.9650108  coadd_bk092689 1.71 -1.80 18.489     >18.489  99.990         -21.51        25.43   -0.041       0.049       
2458283.66372  2458283.66204  2018-06-14.1637252  coadd_br079120 1.55 -1.44 18.879     >18.879  99.990         -17.25        24.81   -0.024       0.034       
2458284.66032  2458284.65854  2018-06-15.1603197  coadd_br079456 1.51 -1.44 18.785     >18.785  99.990          11.08        27.05   0.015        0.037       
2458286.49890  2458286.49697  2018-06-16.9988995  coadd_bj094123 1.61 -1.78 18.666     >18.666  99.990         -46.16        22.07   -0.086       0.041       
2458290.21960  2458290.21734  2018-06-20.7196034  coadd_bn057118 1.79 -1.96 18.079     >18.079  99.990          45.18        32.12   0.100        0.071       
2458290.46585  2458290.46323  2018-06-20.9658556  coadd_bk095963 1.48 -1.80 17.694     >17.694  99.990         -61.84        52.88   -0.118       0.101       
2458290.64327  2458290.64098  2018-06-21.1432761  coadd_br080894 1.46 -1.44 18.292     >18.292  99.990         119.22        42.59   0.163        0.058       
2458291.45849  2458291.45578  2018-06-21.9584883  coadd_bk096428 2.09 -1.80 17.646     >17.646  99.990          55.90        55.27   0.107        0.106       
2458291.63575  2458291.63338  2018-06-22.1357552  coadd_br081215 1.56 -1.44 18.087     >18.087  99.990         -75.99        51.43   -0.104       0.070       
2458292.21412  2458292.21170  2018-06-22.7141215  coadd_bn057665 1.70 -1.96 17.804     >17.804  99.990         -28.29        41.40   -0.063       0.091       
2458292.45621  2458292.45342  2018-06-22.9562158  coadd_bk096896 1.73 -1.80 17.269     >17.269  99.990         -85.36        78.23   -0.163       0.150       
2458292.46243  2458292.45999  2018-06-22.9624333  coadd_bj096917 1.60 -1.78 17.494     >17.494  99.990         -80.17        64.99   -0.150       0.122       
2458295.45292  2458295.44990  2018-06-25.9529261  coadd_bk098205 2.24 -1.80 17.087     >17.087  99.990          27.65        92.49   0.053        0.177       
2458295.47398  2458295.47129  2018-06-25.9739898  coadd_bj098238 2.16 -1.78 17.525     >17.525  99.990        -120.97        63.12   -0.227       0.118       
2458296.20215  2458296.19939  2018-06-26.7021487  coadd_bn058410 1.60 -1.96 17.048     >17.048  99.990          85.68        83.08   0.189        0.184       
2458296.46673  2458296.46395  2018-06-26.9667295  coadd_bj098702 1.66 -1.78 17.342     >17.342  99.990        -388.86        74.74   -0.728       0.140       
2458298.45594  2458298.45301  2018-06-28.9559409  coadd_bj099449 1.65 -1.78 17.486     >17.486  99.990        -161.89        65.46   -0.303       0.123       
2458426.98796  2458426.98578  2018-11-04.4879646  coadd_br108936 1.55 -1.44 18.643     >18.643  99.990          15.75        30.83   0.022        0.042       
2458428.99441  2458428.99240  2018-11-06.4944142  coadd_br109816 1.66 -1.44 17.427     >17.427  99.990        -200.68        94.50   -0.275       0.129       
2458443.93104  2458443.93043  2018-11-21.4310406  coadd_br114602 1.45 -1.44 17.803     >17.803  99.990        -156.47        66.81   -0.214       0.092       
2458449.95848  2458449.95844  2018-11-27.4584770  coadd_br116244 1.54 -1.44 17.806     >17.806  99.990        -235.26        66.63   -0.322       0.091       
2458450.95955  2458450.95961  2018-11-28.4595612  coadd_br116665 1.49 -1.44 18.153     >18.153  99.990          -8.57        48.40   -0.012       0.066       
2458456.13300  2458456.13355  2018-12-03.6330025  coadd_bB000885 2.00 -1.18 19.199     >19.199  99.990          23.10        23.45   0.025        0.025       
2458458.14436  2458458.14510  2018-12-05.6443601  coadd_bB001596 2.21 -1.18 19.361     >19.361  99.990         -33.93        20.20   -0.037       0.022       
2458459.13303  2458459.13386  2018-12-06.6330259  coadd_bB001980 1.99 -1.18 19.409     >19.409  99.990         -33.58        19.33   -0.036       0.021       
2458460.13358  2458460.13452  2018-12-07.6335850  coadd_bB002412 2.16 -1.18 19.246     >19.246  99.990          22.76        22.45   0.025        0.024       
2458461.13352  2458461.13455  2018-12-08.6335204  coadd_bB002864 2.03 -1.18 19.553     >19.553  99.990          16.24        16.92   0.018        0.018       
2458463.11893  2458463.12015  2018-12-10.6189449  coadd_bB003428 2.08 -1.18 19.520     >19.520  99.990          -3.57        17.45   -0.004       0.019       
2458465.13116  2458465.13256  2018-12-12.6311592  coadd_bB003949 2.08 -1.18 19.331     >19.331  99.990         -43.75        20.76   -0.047       0.022       
2458466.13201  2458466.13350  2018-12-13.6320092  coadd_bB004401 1.76 -1.18 19.256     >19.256  99.990          34.02        22.26   0.037        0.024       
2458467.01474  2458467.01631  2018-12-14.5147380  coadd_bB004720 2.11 -1.18 19.547     >19.547  99.990         -26.15        17.03   -0.028       0.018       
2458471.00162  2458471.00356  2018-12-18.5016313  coadd_bB006092 1.74 -1.18 18.478     >18.478  99.990          -9.51        45.56   -0.010       0.049       
2458471.87788  2458471.87989  2018-12-19.3778893  coadd_br120328 2.04 -1.44 18.402     >18.402  99.990          11.88        38.48   0.016        0.053       
2458473.13364  2458473.13577  2018-12-20.6336458  coadd_bB006706 1.77 -1.18 19.513     >19.513  99.990          34.04        17.57   0.037        0.019       
2458476.83973  2458476.84250  2018-12-24.3397318  coadd_bk162694 1.67 -1.80 17.108     >17.108  99.990          50.70        90.74   0.097        0.174       
2458476.94893  2458476.95139  2018-12-24.4489395  coadd_br122570 1.66 -1.44 17.344     >17.344  99.990          -6.20       102.03   -0.008       0.140       
2458483.58800  2458483.59101  2018-12-31.0880092  coadd_bn100237 1.55 -1.96 18.478     >18.478  99.990          24.25        22.26   0.054        0.049       
2458485.04044  2458485.04356  2019-01-01.5404376  coadd_bB009583 2.15 -1.18 19.334     >19.334  99.990         -39.94        20.71   -0.043       0.022       
2458486.86372  2458486.86698  2019-01-03.3637280  coadd_bj166047 1.50 -1.78 17.620     >17.620  99.990         150.37        57.86   0.282        0.108       
2458487.58836  2458487.59168  2019-01-04.0883548  coadd_bn101141 1.51 -1.96 18.713     >18.713  99.990           8.97        17.91   0.020        0.040       
2458490.13209  2458490.13560  2019-01-06.6320939  coadd_bB011222 2.05 -1.18 19.422     >19.422  99.990          29.46        19.10   0.032        0.021       
2458491.12065  2458491.12423  2019-01-07.6206520  coadd_bB011625 2.02 -1.18 19.414     >19.414  99.990         -11.65        19.25   -0.013       0.021       
2458494.02194  2458494.02573  2019-01-10.5219437  coadd_bB012653 2.13 -1.18 19.432     >19.432  99.990          40.18        18.92   0.043        0.020       
2458494.60634  2458494.61016  2019-01-11.1063373  coadd_bn102304 1.60 -1.96 17.824     >17.824  99.990          50.71        40.63   0.112        0.090       
2458495.92636  2458495.93027  2019-01-12.4263582  coadd_bB013480 2.13 -1.18 19.432     >19.432  99.990         -10.46        18.92   -0.011       0.020       
2458498.91985  2458498.92396  2019-01-15.4198574  coadd_bB014788 1.74 -1.18 19.339     >19.339  99.990          -3.12        20.61   -0.003       0.022       
2458499.92559  2458499.92976  2019-01-16.4255956  coadd_bB015170 2.00 -1.18 19.223     >19.223  99.990           6.56        22.93   0.007        0.025       
2458500.77981  2458500.78403  2019-01-17.2798174  coadd_br128191 1.39 -1.44 17.571     >17.571  99.990         -97.61        82.72   -0.134       0.113       
2458501.90914  2458501.91343  2019-01-18.4091422  coadd_bB016019 2.06 -1.18 18.095     >18.095  99.990         -51.00        64.82   -0.055       0.070       
2458503.97944  2458503.98385  2019-01-20.4794480  coadd_bB016372 2.24 -1.18 17.586     >17.586  99.990        -223.81       103.60   -0.242       0.112       
2458508.86485  2458508.86952  2019-01-25.3648496  coadd_bj173333 1.59 -1.78 17.035     >17.035  99.990          -4.30        99.14   -0.008       0.186       
2458509.08253  2458509.08721  2019-01-25.5825348  coadd_bB018607 2.11 -1.18 18.459     >18.459  99.990         -80.54        46.37   -0.087       0.050       
2458509.92644  2458509.93116  2019-01-26.4264451  coadd_br131888 1.54 -1.44 17.908      17.485  0.247          268.75        60.66   0.368        0.083       
2458511.03177  2458511.03655  2019-01-27.5317793  coadd_bB018976 1.74 -1.18 18.838     >18.838  99.990          74.39        32.71   0.080        0.035       
2458511.82566  2458511.83047  2019-01-28.3256674  coadd_br132597 1.83 -1.44 19.035     >19.035  99.990          50.99        21.48   0.070        0.029       
2458515.89694  2458515.90192  2019-02-01.3969458  coadd_br133424 1.67 -1.44 18.401     >18.401  99.990          -4.69        38.53   -0.006       0.053       
2458516.97504  2458516.98006  2019-02-02.4750505  coadd_br133681 1.44 -1.44 19.048     >19.048  99.990          13.78        21.24   0.019        0.029       
2458518.74291  2458518.74799  2019-02-04.2429180  coadd_bj176375 1.62 -1.78 18.732     >18.732  99.990         -51.36        20.77   -0.096       0.039       
2458519.71243  2458519.71759  2019-02-05.2124334  coadd_bk175966 1.45 -1.80 18.600     >18.600  99.990          -4.32        22.96   -0.008       0.044       
2458520.50107  2458520.50620  2019-02-06.0010686  coadd_bn108586 1.57 -1.96 18.709     >18.709  99.990          32.37        17.99   0.072        0.040       
2458520.74025  2458520.74540  2019-02-06.2402531  coadd_bF042040 1.58 -1.89 18.725     >18.725  99.990         -10.35        18.95   -0.021       0.039       
2458521.48806  2458521.49323  2019-02-06.9880614  coadd_bn108904 1.60 -1.96 18.818     >18.818  99.990         -30.22        16.26   -0.067       0.036       
2458521.81418  2458521.81936  2019-02-07.3141815  coadd_bF042420 1.58 -1.89 17.712     >17.712  99.990         -62.98        48.18   -0.130       0.100       
2458522.50598  2458522.51118  2019-02-08.0059939  coadd_bn109232 1.54 -1.96 18.557     >18.557  99.990         -27.27        20.69   -0.060       0.046       
2458524.55191  2458524.55716  2019-02-10.0519082  coadd_bn109620 1.55 -1.96 18.849     >18.849  99.990           3.11        15.81   0.007        0.035       
2458526.72459  2458526.72989  2019-02-12.2245890  coadd_bF044095 1.55 -1.89 18.883     >18.883  99.990          17.73        16.38   0.037        0.034       
2458527.72952  2458527.73484  2019-02-13.2295255  coadd_br135425 1.49 -1.44 17.895     >17.895  99.990         125.23        61.43   0.172        0.084       
2458529.47817  2458529.48352  2019-02-14.9781771  coadd_bn110001 1.53 -1.96 18.477     >18.477  99.990          -8.66        22.26   -0.019       0.049       
2458529.82165  2458529.82698  2019-02-15.3216521  coadd_bk180650 1.52 -1.80 18.339     >18.339  99.990          41.51        29.20   0.079        0.056       
2458530.73841  2458530.74375  2019-02-16.2384113  coadd_bk180950 1.48 -1.80 17.831      17.294  0.223          229.30        46.62   0.439        0.089       
2458530.74450  2458530.74987  2019-02-16.2445021  coadd_bF045496 1.47 -1.89 17.759     >17.759  99.990          71.11        46.13   0.147        0.095       
2458536.71506  2458536.72042  2019-02-22.2150672  coadd_bk183188 1.56 -1.80 17.400     >17.400  99.990          28.95        69.32   0.055        0.133       
2458536.72633  2458536.73177  2019-02-22.2263385  coadd_bj183226 1.62 -1.78 17.104     >17.104  99.990         -39.67        93.06   -0.074       0.174       
2458537.53823  2458537.54367  2019-02-23.0382326  coadd_bn112309 1.50 -1.96 17.407     >17.407  99.990         -86.02        59.67   -0.190       0.132       
2458538.75162  2458538.75697  2019-02-24.2516244  coadd_bk183974 2.00 -1.80 17.652     >17.652  99.990         -23.94        54.98   -0.046       0.105       
2458538.75531  2458538.76075  2019-02-24.2553098  coadd_bj184006 1.51 -1.78 17.841     >17.841  99.990          56.51        47.19   0.106        0.088       
2458539.46402  2458539.46946  2019-02-24.9640206  coadd_bn112992 1.45 -1.96 18.084     >18.084  99.990          80.91        31.97   0.179        0.071       
2458539.94599  2458539.95144  2019-02-25.4459945  coadd_br138574 1.39 -1.44 18.216     >18.216  99.990         -77.68        45.68   -0.106       0.063       
2458541.50866  2458541.51410  2019-02-27.0086570  coadd_bn113521 1.51 -1.96 17.236     >17.236  99.990         -75.59        69.84   -0.167       0.154       
2458541.76248  2458541.76792  2019-02-27.2624890  coadd_br139227 1.44 -1.44 18.008     >18.008  99.990         122.91        55.34   0.168        0.076       
2458542.49156  2458542.49700  2019-02-27.9915622  coadd_bn113766 1.53 -1.96 18.343     >18.343  99.990         -23.16        25.19   -0.051       0.056       
2458544.64736  2458544.65264  2019-03-02.1473550  coadd_bk186133 1.44 -1.80 18.572     >18.572  99.990         -79.46        23.56   -0.152       0.045       
2458544.90655  2458544.91197  2019-03-02.4065577  coadd_br140261 1.39 -1.44 19.146     >19.146  99.990          14.21        19.40   0.019        0.027       
2458545.64548  2458545.65075  2019-03-03.1454910  coadd_bk186484 1.60 -1.80 18.190     >18.190  99.990         -45.48        33.49   -0.087       0.064       
2458545.91845  2458545.92386  2019-03-03.4184519  coadd_br140679 1.57 -1.44 19.016     >19.016  99.990         -14.06        21.86   -0.019       0.030       
2458547.66488  2458547.67027  2019-03-05.1648894  coadd_bF051487 1.50 -1.89 18.500     >18.500  99.990         -19.67        23.31   -0.041       0.048       
2458549.85640  2458549.86176  2019-03-07.3564112  coadd_br141477 1.49 -1.44 18.939     >18.939  99.990         -28.24        23.47   -0.039       0.032       
2458555.39117  2458555.39641  2019-03-12.8911662  coadd_bn116702 1.56 -1.96 18.647     >18.647  99.990          -5.33        19.05   -0.012       0.042       
2458555.61342  2458555.61844  2019-03-13.1134206  coadd_bk190211 1.46 -1.80 18.376     >18.376  99.990          60.17        28.21   0.115        0.054       
2458556.65406  2458556.65927  2019-03-14.1540628  coadd_bj190666 1.68 -1.78 18.489     >18.489  99.990           5.84        25.99   0.011        0.049       
2458556.84969  2458556.85489  2019-03-14.3496988  coadd_br142523 1.60 -1.44 18.941     >18.941  99.990         -12.67        23.42   -0.017       0.032       
2458557.63469  2458557.63987  2019-03-15.1346982  coadd_bj191045 1.57 -1.78 18.025     >18.025  99.990         107.17        39.84   0.201        0.075       
2458557.69063  2458557.69558  2019-03-15.1906346  coadd_bk191061 1.44 -1.80 18.360      18.233  0.325           96.53        28.65   0.185        0.055       
2458558.39096  2458558.39612  2019-03-15.8909581  coadd_bn117892 1.62 -1.96 17.936     >17.936  99.990         -30.17        36.67   -0.067       0.081       
2458559.74158  2458559.74645  2019-03-17.2415821  coadd_bk191896 1.46 -1.80 17.566     >17.566  99.990        -263.34        59.51   -0.504       0.114       
2458560.64587  2458560.65095  2019-03-18.1458663  coadd_bF056335 1.60 -1.89 17.283     >17.283  99.990           7.64        71.53   0.016        0.148       
2458565.90778  2458565.91267  2019-03-23.4077856  coadd_br144948 1.47 -1.44 17.711     >17.711  99.990         -83.45        72.76   -0.114       0.100       
2458566.61901  2458566.62387  2019-03-24.1190199  coadd_bj194664 1.63 -1.78 17.699     >17.699  99.990         139.27        53.80   0.261        0.101       
2458566.63765  2458566.64222  2019-03-24.1376569  coadd_bk194650 2.12 -1.80 17.560     >17.560  99.990        -133.26        59.83   -0.255       0.115       
2458567.63466  2458567.63947  2019-03-25.1346652  coadd_br145528 1.42 -1.44 18.450     >18.450  99.990          74.99        36.83   0.103        0.050       
2458568.65011  2458568.65488  2019-03-26.1501136  coadd_br145940 1.42 -1.44 19.111     >19.111  99.990          20.09        20.03   0.028        0.027       
2458568.69524  2458568.69971  2019-03-26.1952414  coadd_bk195518 1.49 -1.80 17.723     >17.723  99.990        -161.09        51.51   -0.308       0.099       
2458568.99126  2458568.99601  2019-03-26.4912642  coadd_bB020434 2.00 -1.18 18.597      18.453  0.320          139.89        40.81   0.151        0.044       
2458569.92348  2458569.92818  2019-03-27.4234766  coadd_bB020734 2.07 -1.18 19.335     >19.335  99.990         -18.61        20.69   -0.020       0.022       
2458570.75783  2458570.76249  2019-03-28.2578381  coadd_bj196358 1.61 -1.78 17.730     >17.730  99.990         -14.02        52.26   -0.026       0.098       
2458571.69656  2458571.70087  2019-03-29.1965649  coadd_bk196692 1.38 -1.80 18.148     >18.148  99.990         -34.69        34.81   -0.066       0.067       
2458571.95382  2458571.95843  2019-03-29.4538203  coadd_bB021465 2.01 -1.18 19.425     >19.425  99.990          -8.28        19.05   -0.009       0.021       
2458573.80264  2458573.80715  2019-03-31.3026395  coadd_bB022154 2.00 -1.18 19.493     >19.493  99.990           1.08        17.88   0.001        0.019       
2458576.43477  2458576.43914  2019-04-02.9347787  coadd_bn123639 1.64 -1.96 18.200     >18.200  99.990          36.61        28.76   0.081        0.064       
2458577.78386  2458577.78816  2019-04-04.2838756  coadd_bB022973 1.74 -1.18 19.279     >19.279  99.990         -12.51        21.78   -0.013       0.024       
2458578.55755  2458578.56146  2019-04-05.0575605  coadd_bk198746 1.45 -1.80 18.224     >18.224  99.990           0.08        32.46   0.000        0.062       
2458579.33554  2458579.33975  2019-04-05.8355526  coadd_bn124381 1.46 -1.96 18.623     >18.623  99.990         -43.64        19.46   -0.096       0.043       
2458579.57146  2458579.57565  2019-04-06.0714687  coadd_bj199206 1.67 -1.78 18.610     >18.610  99.990         -61.18        23.25   -0.115       0.044       
2458580.84529  2458580.84940  2019-04-07.3452925  coadd_bB024232 2.01 -1.18 19.513     >19.513  99.990         -29.06        17.56   -0.031       0.019       
2458581.95996  2458581.96401  2019-04-08.4599653  coadd_bB024722 1.99 -1.18 19.451     >19.451  99.990         -17.86        18.59   -0.019       0.020       
2458582.69086  2458582.69449  2019-04-09.1908682  coadd_bk200537 1.45 -1.80 18.319     >18.319  99.990         -47.72        29.74   -0.091       0.057       
2458582.94468  2458582.94866  2019-04-09.4446836  coadd_bB025112 1.98 -1.18 19.512     >19.512  99.990           3.20        17.58   0.003        0.019       
2458585.40089  2458585.40470  2019-04-11.9008925  coadd_bn126448 1.46 -1.96 18.595     >18.595  99.990         -16.87        19.97   -0.037       0.044       
2458586.41695  2458586.42069  2019-04-12.9169476  coadd_bn126877 1.59 -1.96 18.518     >18.518  99.990          25.36        21.45   0.056        0.047       
2458587.48721  2458587.49050  2019-04-13.9872192  coadd_bk202494 1.51 -1.80 17.452     >17.452  99.990          40.90        66.12   0.078        0.127       
2458591.60146  2458591.60484  2019-04-18.1014592  coadd_bF068021 2.02 -1.89 16.781     >16.781  99.990         131.84       113.60   0.272        0.235       
2458593.78466  2458593.78788  2019-04-20.2846650  coadd_br153482 1.49 -1.44 17.734     >17.734  99.990         -67.50        71.21   -0.092       0.098       
2458594.90349  2458594.90662  2019-04-21.4034921  coadd_bB028476 2.00 -1.18 18.225     >18.225  99.990        -264.40        57.52   -0.285       0.062       
2458595.60199  2458595.60466  2019-04-22.1019887  coadd_bk205959 1.68 -1.80 17.719     >17.719  99.990          24.43        51.69   0.047        0.099       
2458596.59678  2458596.59978  2019-04-23.0967899  coadd_bj206424 1.60 -1.78 18.044     >18.044  99.990         -91.99        39.16   -0.172       0.073       
2458596.60787  2458596.61046  2019-04-23.1078835  coadd_bk206403 1.75 -1.80 18.004      17.642  0.262          166.43        39.77   0.319        0.076       
2458599.57291  2458599.57526  2019-04-26.0729160  coadd_bk207168 1.47 -1.80 17.538     >17.538  99.990          16.03        61.06   0.031        0.117       
2458599.79387  2458599.79662  2019-04-26.2938729  coadd_bB030344 2.07 -1.18 19.270     >19.270  99.990           0.66        21.97   0.001        0.024       
2458600.69008  2458600.69275  2019-04-27.1900873  coadd_br154412 1.38 -1.44 18.739     >18.739  99.990          20.07        28.21   0.028        0.039       
2458605.71842  2458605.72068  2019-05-02.2184283  coadd_br156147 1.37 -1.44 18.963      18.836  0.325           77.43        22.96   0.106        0.031       
2458606.55308  2458606.55483  2019-05-03.0530922  coadd_bk210258 1.43 -1.80 18.436     >18.436  99.990          28.47        26.71   0.054        0.051       
2458607.52989  2458607.53199  2019-05-04.0298917  coadd_bF073730 1.47 -1.89 18.078      17.992  0.337          111.71        34.39   0.231        0.071       
2458609.57084  2458609.57233  2019-05-06.0708475  coadd_bk211602 1.50 -1.80 17.238     >17.238  99.990         119.68        80.48   0.229        0.154       
2458609.65318  2458609.65510  2019-05-06.1531873  coadd_bF074680 1.56 -1.89 17.230     >17.230  99.990         133.88        75.07   0.277        0.155       
2458609.86531  2458609.86721  2019-05-06.3653140  coadd_bB032297 2.06 -1.18 19.468     >19.468  99.990         -32.11        18.30   -0.035       0.020       
2458611.85985  2458611.86157  2019-05-08.3598498  coadd_bB033063 2.03 -1.18 19.217     >19.217  99.990          19.61        23.06   0.021        0.025       
2458612.77888  2458612.78052  2019-05-09.2788856  coadd_br158281 1.43 -1.44 18.062     >18.062  99.990         -65.58        52.66   -0.090       0.072       
2458614.81061  2458614.81206  2019-05-11.3106094  coadd_bB034186 1.73 -1.18 19.113     >19.113  99.990          37.85        25.38   0.041        0.027       
2458618.88211  2458618.88320  2019-05-15.3821173  coadd_bB035529 2.04 -1.18 17.380     >17.380  99.990          65.99       125.21   0.071        0.135       
2458619.77765  2458619.77866  2019-05-16.2776528  coadd_bB035795 2.00 -1.18 18.108     >18.108  99.990         -44.63        64.07   -0.048       0.069       
2458620.52478  2458620.52571  2019-05-17.0247885  coadd_bj215625 1.61 -1.78 17.209     >17.209  99.990           6.95        84.45   0.013        0.158       
2458621.60145  2458621.60229  2019-05-18.1014534  coadd_bj216139 2.03 -1.78 16.834     >16.834  99.990         -69.76       119.27   -0.131       0.223       
2458622.72466  2458622.72540  2019-05-19.2246688  coadd_br160534 1.46 -1.44 17.304     >17.304  99.990          37.46       105.84   0.051        0.145       
2458624.52363  2458624.52420  2019-05-21.0236417  coadd_bj217081 1.63 -1.78 17.808     >17.808  99.990         -45.64        48.66   -0.086       0.091       
2458625.55388  2458625.55435  2019-05-22.0538835  coadd_bj217558 1.60 -1.78 17.654     >17.654  99.990        -144.18        56.07   -0.270       0.105       
2458626.51425  2458626.51463  2019-05-23.0142488  coadd_bF078700 1.54 -1.89 19.010     >19.010  99.990         -17.30        14.58   -0.036       0.030       
2458627.57552  2458627.57580  2019-05-24.0755206  coadd_bF079185 1.50 -1.89 18.502     >18.502  99.990         -42.11        23.28   -0.087       0.048       
2458628.80802  2458628.80819  2019-05-25.3080195  coadd_bB039019 2.05 -1.18 19.227     >19.227  99.990          16.35        22.85   0.018        0.025       
2458632.76270  2458632.76249  2019-05-29.2626960  coadd_bB040473 1.98 -1.18 19.295     >19.295  99.990           6.34        21.46   0.007        0.023       
2458633.71553  2458633.71524  2019-05-30.2155357  coadd_br162826 1.39 -1.44 18.774     >18.774  99.990          -6.51        27.32   -0.009       0.037       
2458635.81003  2458635.80955  2019-06-01.3100351  coadd_bB041602 1.68 -1.18 19.299     >19.299  99.990          -8.33        21.39   -0.009       0.023       
2458639.77466  2458639.77380  2019-06-05.2746583  coadd_bB042694 2.11 -1.18 19.178     >19.178  99.990          41.22        23.91   0.044        0.026       
2458640.69597  2458640.69503  2019-06-06.1959765  coadd_br163697 1.44 -1.44 18.821     >18.821  99.990          12.03        26.17   0.016        0.036       
2458641.71271  2458641.71168  2019-06-07.2127105  coadd_br163971 1.41 -1.44 18.573     >18.573  99.990         -34.19        32.88   -0.047       0.045       
2458642.68652  2458642.68540  2019-06-08.1865304  coadd_br164216 1.39 -1.44 18.535     >18.535  99.990          74.02        34.04   0.101        0.047       
2458647.51228  2458647.51072  2019-06-13.0122837  coadd_bF085696 1.60 -1.89 17.315     >17.315  99.990          20.55        69.43   0.042        0.143       
2458648.51675  2458648.51511  2019-06-14.0167585  coadd_bj226041 1.73 -1.78 17.365     >17.365  99.990         154.93        73.16   0.290        0.137       
2458650.53215  2458650.53032  2019-06-16.0321494  coadd_bF086696 1.64 -1.89 17.401     >17.401  99.990         -31.92        64.17   -0.066       0.133       
2458651.52497  2458651.52305  2019-06-17.0249700  coadd_bj227075 2.01 -1.78 17.001     >17.001  99.990         -77.34       102.36   -0.145       0.192       
2458652.65473  2458652.65271  2019-06-18.1547319  coadd_br166302 1.57 -1.44 17.538     >17.538  99.990        -285.50        85.34   -0.391       0.117       
2458653.52481  2458653.52272  2019-06-19.0248170  coadd_bF087877 1.85 -1.89 17.132     >17.132  99.990          26.43        82.21   0.055        0.170       
2458654.48406  2458654.48153  2019-06-19.9840625  coadd_bk228241 1.44 -1.80 18.243     >18.243  99.990         -38.21        31.89   -0.073       0.061       
2458654.65791  2458654.65572  2019-06-20.1579145  coadd_br166933 1.38 -1.44 18.611     >18.611  99.990          52.58        31.74   0.072        0.043       
2458655.48802  2458655.48542  2019-06-20.9880258  coadd_bk228708 1.43 -1.80 17.254     >17.254  99.990         -73.75        79.29   -0.141       0.152       
2458656.47316  2458656.47082  2019-06-21.9731729  coadd_bj229190 1.56 -1.78 17.841     >17.841  99.990           4.40        47.20   0.008        0.088       
2458657.48075  2458657.47798  2019-06-22.9807521  coadd_bk229627 1.45 -1.80 18.270     >18.270  99.990         -69.83        31.12   -0.134       0.060       
2458658.23435  2458658.23186  2019-06-23.7343472  coadd_bn146126 1.51 -1.96 18.600     >18.600  99.990          13.56        19.88   0.030        0.044       
2458658.47724  2458658.47440  2019-06-23.9772526  coadd_bk230086 1.48 -1.80 17.616     >17.616  99.990          40.41        56.86   0.077        0.109       
2458662.46683  2458662.46399  2019-06-27.9668368  coadd_bj230981 1.72 -1.78 18.439     >18.439  99.990          29.35        27.22   0.055        0.051       
2458667.47909  2458667.47586  2019-07-02.9790871  coadd_bj231534 1.57 -1.78 18.099     >18.099  99.990          54.63        37.21   0.102        0.070       
2458668.47568  2458668.47238  2019-07-03.9756879  coadd_bj231955 1.60 -1.78 18.386     >18.386  99.990         -41.09        28.56   -0.077       0.054       
2458669.47225  2458669.46887  2019-07-04.9722518  coadd_bj232378 1.72 -1.78 18.449     >18.449  99.990         -44.89        26.97   -0.084       0.051       
2458674.49700  2458674.49326  2019-07-09.9970005  coadd_bj234164 1.65 -1.78 16.576     >16.576  99.990         -46.72       151.39   -0.088       0.284       
2458676.49933  2458676.49546  2019-07-11.9993324  coadd_bF094666 1.64 -1.89 17.023     >17.023  99.990         244.75        90.91   0.506        0.188       
2458785.01166  2458785.00887  2019-10-28.5116725  coadd_br197566 1.45 -1.44 16.705     >16.705  99.990        -471.98       183.68   -0.647       0.252       
2458787.00701  2458787.00438  2019-10-30.5070125  coadd_br198442 1.39 -1.44 18.254     >18.254  99.990         -67.58        44.13   -0.093       0.060       
2458790.14975  2458790.14739  2019-11-02.6497559  coadd_bB084567 1.98 -1.18 17.956     >17.956  99.990          39.94        73.69   0.043        0.080       
2458792.11124  2458792.10905  2019-11-04.6112450  coadd_bB085406 1.76 -1.18 18.983     >18.983  99.990          72.31        28.60   0.078        0.031       
2458796.97280  2458796.97104  2019-11-09.4728056  coadd_br201633 1.39 -1.44 18.240     >18.240  99.990          -0.72        44.68   -0.001       0.061       
2458801.98921  2458801.98792  2019-11-14.4892194  coadd_br203052 1.56 -1.44 18.071     >18.071  99.990        -118.25        52.23   -0.162       0.072       
2458811.02112  2458811.02068  2019-11-23.5211239  coadd_br206448 1.42 -1.44 18.073     >18.073  99.990          16.43        52.14   0.023        0.071       
2458814.08483  2458814.08469  2019-11-26.5848366  coadd_bB092044 2.15 -1.18 19.508     >19.508  99.990          31.79        17.65   0.034        0.019       
2458816.08489  2458816.08493  2019-11-28.5848883  coadd_bB092939 1.78 -1.18 18.656     >18.656  99.990          48.39        38.65   0.052        0.042       
2458817.13436  2458817.13451  2019-11-29.6343655  coadd_bB093234 2.27 -1.18 19.190     >19.190  99.990         -48.28        23.66   -0.052       0.026       
2458823.97914  2458823.97994  2019-12-06.4791391  coadd_br210697 1.46 -1.44 18.985     >18.985  99.990         -36.49        22.50   -0.050       0.031       
2458825.93020  2458825.93119  2019-12-08.4302041  coadd_br211475 1.54 -1.44 19.042     >19.042  99.990         -19.81        21.35   -0.027       0.029       
2458845.93955  2458845.94233  2019-12-28.4395561  coadd_br218951 1.55 -1.44 18.776     >18.776  99.990          72.46        27.27   0.099        0.037       
2458847.95908  2458847.96201  2019-12-30.4590781  coadd_br219660 1.50 -1.44 19.136     >19.136  99.990         -24.99        19.58   -0.034       0.027       
2458848.98232  2458848.98534  2019-12-31.4823297  coadd_br219937 1.39 -1.44 19.135     >19.135  99.990          -9.55        19.59   -0.013       0.027       
2458851.81787  2458851.82111  2020-01-03.3178686  coadd_bF151906 1.51 -1.89 18.524     >18.524  99.990          58.65        22.81   0.121        0.047       
2458854.86043  2458854.86390  2020-01-06.3604282  coadd_br222020 1.43 -1.44 18.229     >18.229  99.990          -8.66        45.12   -0.012       0.062       
2458866.98326  2458866.98754  2020-01-18.4832657  coadd_br226026 1.53 -1.44 19.101     >19.101  99.990         -16.57        20.23   -0.023       0.028       
2458867.97785  2458867.98219  2020-01-19.4778511  coadd_br226477 1.44 -1.44 18.870     >18.870  99.990          70.59        25.02   0.097        0.034       
2458871.99262  2458871.99718  2020-01-23.4926245  coadd_br227252 1.43 -1.44 18.998     >18.998  99.990          14.08        22.24   0.019        0.030       
2458873.00142  2458873.00603  2020-01-24.5014179  coadd_br227709 1.46 -1.44 19.221     >19.221  99.990         -10.26        18.10   -0.014       0.025       
2458875.94624  2458875.95100  2020-01-27.4462414  coadd_br228518 1.54 -1.44 19.234     >19.234  99.990          47.23        17.89   0.065        0.025       
2458876.93448  2458876.93928  2020-01-28.4344841  coadd_br228680 1.78 -1.44 19.087     >19.087  99.990         -41.30        20.49   -0.057       0.028       
2458877.96919  2458877.97404  2020-01-29.4691932  coadd_br229139 1.43 -1.44 19.050     >19.050  99.990           3.81        21.20   0.005        0.029       
2458878.91365  2458878.91853  2020-01-30.4136491  coadd_br229382 1.39 -1.44 19.265     >19.265  99.990          -9.97        17.38   -0.014       0.024       
2458880.90273  2458880.90770  2020-02-01.4027328  coadd_br230097 1.42 -1.44 19.219     >19.219  99.990         -14.33        18.13   -0.020       0.025       
2458882.87142  2458882.87646  2020-02-03.3714209  coadd_br230954 1.46 -1.44 18.999     >18.999  99.990           0.80        22.22   0.001        0.030       
2458884.06940  2458884.07448  2020-02-04.5693988  coadd_bB110880 1.78 -1.18 19.507     >19.507  99.990         -13.39        17.65   -0.014       0.019       
2458885.06769  2458885.07281  2020-02-05.5676928  coadd_bB111319 2.16 -1.18 19.002     >19.002  99.990        -116.19        28.11   -0.125       0.030       
2458885.76307  2458885.76821  2020-02-06.2630734  coadd_bF160633 1.47 -1.89 17.903     >17.903  99.990          78.96        40.41   0.163        0.084       
2458887.85554  2458887.86074  2020-02-08.3555425  coadd_br231641 1.49 -1.44 17.532     >17.532  99.990        -490.77        85.80   -0.672       0.118       
2458891.72357  2458891.72887  2020-02-12.2235667  coadd_bj307743 1.79 -1.78 16.151     >16.151  99.990          27.35       223.77   0.051        0.419       
2458892.73143  2458892.73673  2020-02-13.2314251  coadd_bk307616 1.66 -1.80 17.386     >17.386  99.990         -48.70        70.23   -0.093       0.134       
2458893.73757  2458893.74289  2020-02-14.2375822  coadd_bk307985 1.44 -1.80 17.520     >17.520  99.990          29.85        62.08   0.057        0.119       
2458893.96707  2458893.97241  2020-02-14.4670763  coadd_br233015 1.47 -1.44 18.257     >18.257  99.990          55.09        43.99   0.075        0.060       
2458894.69967  2458894.70500  2020-02-15.1996790  coadd_bk308319 1.47 -1.80 17.622     >17.622  99.990         -92.11        56.51   -0.176       0.108       
2458895.00076  2458895.00612  2020-02-15.5007687  coadd_br233459 1.39 -1.44 17.857      17.182  0.196          355.22        63.61   0.487        0.087       
2458896.98999  2458896.99538  2020-02-17.4899922  coadd_br234100 1.42 -1.44 18.210     >18.210  99.990         -33.10        45.95   -0.045       0.063       
2458898.52440  2458898.52981  2020-02-19.0244033  coadd_bn202294 1.58 -1.96 18.257     >18.257  99.990          16.75        27.27   0.037        0.060       
2458898.67887  2458898.68428  2020-02-19.1788719  coadd_bF164313 1.55 -1.89 18.655     >18.655  99.990         -16.55        20.22   -0.034       0.042       
2458899.66597  2458899.67139  2020-02-20.1659763  coadd_bF164604 1.55 -1.89 18.542     >18.542  99.990          37.91        22.42   0.078        0.046       
2458899.85500  2458899.86042  2020-02-20.3550045  coadd_bj309839 1.58 -1.78 18.092     >18.092  99.990         -47.49        37.47   -0.089       0.070       
2458901.57934  2458901.58477  2020-02-22.0793378  coadd_bn202939 1.60 -1.96 18.522     >18.522  99.990          -2.15        21.37   -0.005       0.047       
2458901.85369  2458901.85912  2020-02-22.3536876  coadd_bj310394 1.61 -1.78 18.071     >18.071  99.990           3.82        38.20   0.007        0.072       
2458902.75786  2458902.76322  2020-02-23.2578658  coadd_bk310301 1.52 -1.80 18.417     >18.417  99.990         -61.13        27.19   -0.117       0.052       
2458903.65861  2458903.66405  2020-02-24.1586197  coadd_bF165745 1.47 -1.89 17.971     >17.971  99.990          33.11        37.95   0.068        0.078       
2458903.72978  2458903.73512  2020-02-24.2297768  coadd_bk310654 1.42 -1.80 18.140     >18.140  99.990          -4.94        35.06   -0.009       0.067       
2458904.52770  2458904.53314  2020-02-25.0277069  coadd_bn203656 1.54 -1.96 18.754     >18.754  99.990          -1.01        17.26   -0.002       0.038       
2458905.01910  2458905.02455  2020-02-25.5191048  coadd_bB112538 2.03 -1.18 19.400     >19.400  99.990          12.46        19.50   0.013        0.021       
2458905.71859  2458905.72393  2020-02-26.2185972  coadd_bk311395 1.45 -1.80 18.068     >18.068  99.990         -56.73        37.46   -0.109       0.072       
2458907.65619  2458907.66163  2020-02-28.1561922  coadd_bF167146 2.15 -1.89 18.514     >18.514  99.990         -24.35        23.01   -0.050       0.048       
2458907.74295  2458907.74827  2020-02-28.2429565  coadd_bk312121 1.45 -1.80 18.322     >18.322  99.990        -143.58        29.66   -0.275       0.057       
2458908.64928  2458908.65471  2020-02-29.1492807  coadd_bF167507 1.56 -1.89 18.858     >18.858  99.990         -58.55        16.76   -0.121       0.035       
2458909.39412  2458909.39955  2020-02-29.8941210  coadd_bn204596 1.50 -1.96 18.706     >18.706  99.990          49.69        18.03   0.110        0.040       
2458910.70687  2458910.71228  2020-03-02.2068700  coadd_bj313467 1.55 -1.78 18.205     >18.205  99.990         -62.41        33.76   -0.117       0.063       
2458911.38923  2458911.39464  2020-03-02.8892295  coadd_bn205046 1.74 -1.96 17.976     >17.976  99.990         -32.27        35.34   -0.071       0.078       
2458911.88951  2458911.89491  2020-03-03.3895106  coadd_bB113422 1.77 -1.18 19.018     >19.018  99.990          13.17        27.72   0.014        0.030       
2458912.38756  2458912.39296  2020-03-03.8875577  coadd_bn205392 1.54 -1.96 17.895     >17.895  99.990           8.73        38.06   0.019        0.084       
2458913.64564  2458913.65102  2020-03-05.1456476  coadd_bF169286 1.57 -1.89 17.601     >17.601  99.990         -71.88        53.34   -0.149       0.110       
2458915.62993  2458915.63528  2020-03-07.1299263  coadd_bF169974 2.04 -1.89 17.076     >17.076  99.990         144.43        86.55   0.298        0.179       
2458920.60469  2458920.60993  2020-03-12.1046894  coadd_bj317063 1.57 -1.78 17.886     >17.886  99.990         107.72        45.29   0.202        0.085       
2458920.64612  2458920.65115  2020-03-12.1461223  coadd_bk316846 1.50 -1.80 17.104     >17.104  99.990          51.63        91.11   0.099        0.174       
2458922.35656  2458922.36175  2020-03-13.8565575  coadd_bn206427 1.49 -1.96 17.805     >17.805  99.990         119.84        41.37   0.265        0.091       
2458923.35492  2458923.36009  2020-03-14.8549221  coadd_bn206719 1.51 -1.96 18.667     >18.667  99.990          28.85        18.70   0.064        0.041       
2458923.61851  2458923.62367  2020-03-15.1185098  coadd_bF172783 1.45 -1.89 18.698     >18.698  99.990          -2.53        19.44   -0.005       0.040       
2458923.78863  2458923.79378  2020-03-15.2886321  coadd_bj318261 1.60 -1.78 17.707     >17.707  99.990        -177.54        53.39   -0.333       0.100       
2458924.56367  2458924.56856  2020-03-16.0636666  coadd_bk318207 1.48 -1.80 17.981     >17.981  99.990         -14.76        40.63   -0.028       0.078       
2458924.71012  2458924.71524  2020-03-16.2101153  coadd_bj318574 1.62 -1.78 18.073     >18.073  99.990         -19.89        38.12   -0.037       0.071       
2458925.52744  2458925.53254  2020-03-17.0274450  coadd_bn207023 1.63 -1.96 17.788      17.184  0.209          219.83        42.01   0.486        0.093       
2458925.75269  2458925.75777  2020-03-17.2526863  coadd_bj318985 1.60 -1.78 17.974     >17.974  99.990         -52.47        41.75   -0.098       0.078       
2458926.34726  2458926.35233  2020-03-17.8472706  coadd_bn207236 1.50 -1.96 18.614     >18.614  99.990         -15.50        19.62   -0.034       0.043       
2458928.35840  2458928.36340  2020-03-19.8584033  coadd_bn207984 1.49 -1.96 18.628     >18.628  99.990          18.53        19.37   0.041        0.043       
2458930.92465  2458930.92954  2020-03-22.4246475  coadd_bB116079 2.28 -1.18 19.045     >19.045  99.990           3.23        27.03   0.003        0.029       
2458933.78675  2458933.79153  2020-03-25.2867527  coadd_bB117166 2.26 -1.18 19.347     >19.347  99.990          28.45        20.46   0.031        0.022       
2458941.89406  2458941.89842  2020-04-02.3940658  coadd_bB118463 1.78 -1.18 18.555     >18.555  99.990          -9.38        42.45   -0.010       0.046       
2458951.92743  2458951.93116  2020-04-12.4274369  coadd_bB120437 2.39 -1.18 18.370     >18.370  99.990          65.46        50.33   0.071        0.054       
2458955.79142  2458955.79487  2020-04-16.2914151  coadd_br240853 2.35 -1.44 18.942     >18.942  99.990         -22.70        23.41   -0.031       0.032       
2458957.84259  2458957.84590  2020-04-18.3425902  coadd_br241380 1.54 -1.44 18.731     >18.731  99.990         -56.12        28.42   -0.077       0.039       
2458958.76772  2458958.77096  2020-04-19.2677211  coadd_br241673 1.46 -1.44 18.924     >18.924  99.990          33.49        23.79   0.046        0.033       
2458959.82266  2458959.82582  2020-04-20.3226556  coadd_br242062 1.56 -1.44 18.502     >18.502  99.990          31.16        35.10   0.043        0.048       
2458962.82584  2458962.82876  2020-04-23.3258383  coadd_br242793 1.41 -1.44 18.835     >18.835  99.990         -96.83        25.84   -0.133       0.035       
2458964.77774  2458964.78051  2020-04-25.2777432  coadd_br243422 1.39 -1.44 18.854     >18.854  99.990         -34.48        25.38   -0.047       0.035       
2458967.85654  2458967.85906  2020-04-28.3565530  coadd_bB125283 1.78 -1.18 19.568     >19.568  99.990         -15.74        16.69   -0.017       0.018       
2458969.87198  2458969.87433  2020-04-30.3719785  coadd_bB126031 1.75 -1.18 18.645     >18.645  99.990          39.20        39.07   0.042        0.042       
2458973.88828  2458973.89028  2020-05-04.3882799  coadd_bB127433 2.04 -1.18 17.956     >17.956  99.990         -51.61        73.71   -0.056       0.080       
2458975.76731  2458975.76915  2020-05-06.2673104  coadd_br245850 1.42 -1.44 17.151      16.978  0.312          428.51       121.88   0.587        0.167       
2458979.30240  2458979.30393  2020-05-09.8023986  coadd_bn211495 1.58 -1.96 17.372     >17.372  99.990          55.83        61.63   0.123        0.136       
2458980.77223  2458980.77362  2020-05-11.2722336  coadd_br247278 1.36 -1.44 18.016      17.935  0.340          177.43        54.95   0.243        0.075       
2458982.84267  2458982.84388  2020-05-13.3426722  coadd_bB128539 1.75 -1.18 19.173     >19.173  99.990          31.76        24.03   0.034        0.026       
2458983.76469  2458983.76581  2020-05-14.2646903  coadd_br247879 1.41 -1.44 18.846     >18.846  99.990          10.65        25.57   0.015        0.035       
2458985.85011  2458985.85104  2020-05-16.3501138  coadd_bB129528 1.80 -1.18 19.098     >19.098  99.990         -18.35        25.74   -0.020       0.028       
2458986.73575  2458986.73660  2020-05-17.2357501  coadd_br248644 1.42 -1.44 18.835     >18.835  99.990          51.12        25.83   0.070        0.035       
2458988.74853  2458988.74920  2020-05-19.2485394  coadd_br249084 1.37 -1.44 18.516     >18.516  99.990         -39.67        34.65   -0.054       0.047       
2458992.26904  2458992.26937  2020-05-22.7690350  coadd_bn215592 1.51 -1.96 18.500     >18.500  99.990         -34.84        21.80   -0.077       0.048       
2458993.27561  2458993.27585  2020-05-23.7756143  coadd_bn215999 1.59 -1.96 18.670     >18.670  99.990          12.50        18.65   0.028        0.041       
2459002.80210  2459002.80145  2020-06-02.3021027  coadd_bB134558 2.06 -1.18 18.186     >18.186  99.990        -152.46        59.64   -0.165       0.064       
2459004.68256  2459004.68174  2020-06-04.1825643  coadd_br253185 1.35 -1.44 17.648     >17.648  99.990         149.79        77.08   0.205        0.106       
2459007.21533  2459007.21428  2020-06-06.7153362  coadd_bn219795 1.55 -1.96 17.530     >17.530  99.990           9.99        53.25   0.022        0.118       
2459008.23712  2459008.23597  2020-06-07.7371200  coadd_bn220230 1.57 -1.96 17.830     >17.830  99.990         -53.39        40.41   -0.118       0.089       
2459009.69273  2459009.69145  2020-06-09.1927313  coadd_br254450 1.45 -1.44 18.685     >18.685  99.990          54.28        29.65   0.074        0.041       
2459013.67851  2459013.67688  2020-06-13.1785236  coadd_br255345 1.40 -1.44 18.798     >18.798  99.990          42.13        26.72   0.058        0.037       
2459015.65308  2459015.65127  2020-06-15.1530858  coadd_br255935 1.43 -1.44 18.788     >18.788  99.990          32.39        26.99   0.044        0.037       
2459016.66447  2459016.66257  2020-06-16.1644797  coadd_br256248 1.43 -1.44 18.815     >18.815  99.990          67.00        26.30   0.092        0.036       
2459017.68633  2459017.68434  2020-06-17.1863328  coadd_br256524 2.01 -1.44 18.653     >18.653  99.990         -14.39        30.53   -0.020       0.042       
2459019.65397  2459019.65181  2020-06-19.1539821  coadd_br256811 1.47 -1.44 18.951     >18.951  99.990          -7.12        23.21   -0.010       0.032       
2459020.24972  2459020.24751  2020-06-19.7497258  coadd_bn223425 1.55 -1.96 18.375     >18.375  99.990         -16.16        24.46   -0.036       0.054       
2459022.65060  2459022.64818  2020-06-22.1506041  coadd_br257484 2.13 -1.44 18.656     >18.656  99.990          13.71        30.46   0.019        0.042       
2459029.63255  2459029.62957  2020-06-29.1325518  coadd_br258911 1.47 -1.44 17.481     >17.481  99.990         243.02        89.88   0.333        0.123       
2459034.20392  2459034.20058  2020-07-03.703925  coadd_bn226737 1.63 -1.96 17.336     >17.336  99.990         -10.44        63.72   -0.023       0.141       
2459039.19810  2459039.19441  2020-07-08.6981050  coadd_bn228277 2.28 -1.96 16.760     >16.760  99.990        -154.86       108.31   -0.342       0.239       
2459138.13777  2459138.13404  2020-10-15.6377723  coadd_bB177182 1.99 -1.18 18.662     >18.662  99.990          11.74        38.47   0.013        0.042       
2459140.98461  2459140.98109  2020-10-18.4846193  coadd_br282418 1.52 -1.44 18.274     >18.274  99.990        -173.51        43.31   -0.238       0.059       
2459143.14315  2459143.13979  2020-10-20.6431545  coadd_bB178862 1.70 -1.18 18.147     >18.147  99.990        -113.38        61.82   -0.122       0.067       
2459148.11811  2459148.11514  2020-10-25.6181128  coadd_bB180598 1.99 -1.18 18.939     >18.939  99.990          14.39        29.81   0.016        0.032       
2459162.08716  2459162.08540  2020-11-08.5871628  coadd_bB183895 2.05 -1.18 18.292      18.259  0.354          167.15        54.05   0.180        0.058       
2459167.07238  2459167.07107  2020-11-13.5723824  coadd_bB185024 2.02 -1.18 19.567     >19.567  99.990         -32.02        16.71   -0.035       0.018       
2459171.06877  2459171.06784  2020-11-17.5687752  coadd_bB186220 2.25 -1.18 18.997     >18.997  99.990         -62.66        28.23   -0.068       0.030       
2459172.92523  2459172.92447  2020-11-19.4252297  coadd_br292568 1.45 -1.44 18.709     >18.709  99.990         -80.68        29.02   -0.111       0.040       
2459179.04803  2459179.04786  2020-11-25.5480293  coadd_bB187486 2.46 -1.18 19.030     >19.030  99.990          32.71        27.41   0.035        0.030       
2459182.94822  2459182.94842  2020-11-29.4482237  coadd_br296074 1.55 -1.44 18.010     >18.010  99.990        -148.41        55.21   -0.203       0.076       
2459184.91500  2459184.91539  2020-12-01.4150096  coadd_br296586 1.55 -1.44 16.497     >16.497  99.990        -148.78       222.55   -0.204       0.305       
2459185.87472  2459185.87520  2020-12-02.3747228  coadd_br296986 1.73 -1.44 17.753     >17.753  99.990          78.44        70.00   0.107        0.096       
2459188.00831  2459188.00899  2020-12-04.5083070  coadd_bB190588 1.97 -1.18 18.143     >18.143  99.990          51.12        62.05   0.055        0.067       
2459192.99092  2459192.99207  2020-12-09.4909168  coadd_bB192699 2.00 -1.18 19.053     >19.053  99.990          79.85        26.83   0.086        0.029       
2459194.99941  2459195.00075  2020-12-11.4994098  coadd_br299901 1.57 -1.44 18.775     >18.775  99.990         -40.35        27.29   -0.055       0.037       
2459198.11766  2459198.11929  2020-12-14.6176681  coadd_bB194235 1.70 -1.18 19.320     >19.320  99.990         -70.58        20.98   -0.076       0.023       
2459201.82307  2459201.82539  2020-12-18.3230780  coadd_bk336324 1.63 -1.80 18.524     >18.524  99.990         -20.73        24.62   -0.040       0.047       
2459201.83501  2459201.83697  2020-12-18.3350093  coadd_bF188575 1.54 -1.89 18.413     >18.413  99.990          38.85        25.26   0.080        0.052       
2459203.82153  2459203.82367  2020-12-20.3215375  coadd_br303645 1.45 -1.44 18.925     >18.925  99.990         -60.87        23.78   -0.083       0.033       
2459205.91003  2459205.91235  2020-12-22.4100259  coadd_br304590 1.46 -1.44 19.196     >19.196  99.990         -44.20        18.52   -0.061       0.025       
2459206.97301  2459206.97543  2020-12-23.4730082  coadd_br305045 1.79 -1.44 18.852     >18.852  99.990         -64.73        25.42   -0.089       0.035       
2459207.82858  2459207.83107  2020-12-24.3285787  coadd_bj338426 1.62 -1.78 18.540     >18.540  99.990         -91.02        24.78   -0.170       0.046       
2459209.96184  2459209.96451  2020-12-26.4618416  coadd_bB197475 2.08 -1.18 17.846     >17.846  99.990        -246.41        81.56   -0.266       0.088       
2459212.95402  2459212.95694  2020-12-29.4540224  coadd_bB198267 2.01 -1.18 17.420     >17.420  99.990          60.23       120.72   0.065        0.130       
2459215.81997  2459215.82311  2021-01-01.3199672  coadd_br307808 1.48 -1.44 17.474     >17.474  99.990          76.51        90.47   0.105        0.124       
2459220.07142  2459220.07489  2021-01-05.5714234  coadd_bB200922 2.08 -1.18 18.421     >18.421  99.990          59.15        48.02   0.064        0.052       
2459222.10986  2459222.11347  2021-01-07.6098575  coadd_bB201824 2.07 -1.18 19.008     >19.008  99.990          30.23        27.97   0.033        0.030       
2459222.83463  2459222.83853  2021-01-08.3346298  coadd_bk342734 1.47 -1.80 18.056     >18.056  99.990          42.45        37.89   0.081        0.073       
2459223.94923  2459223.95297  2021-01-09.4492268  coadd_bB202537 2.00 -1.18 19.310     >19.310  99.990         -48.48        21.17   -0.052       0.023       
2459226.78079  2459226.78473  2021-01-12.2807861  coadd_bF195657 1.51 -1.89 19.067     >19.067  99.990          -1.61        13.83   -0.003       0.029       
2459227.78476  2459227.78876  2021-01-13.2847612  coadd_bj344534 1.65 -1.78 18.651      18.165  0.233          105.12        22.38   0.197        0.042       
2459228.58861  2459228.59266  2021-01-14.0886101  coadd_bn270088 1.52 -1.96 18.434     >18.434  99.990           9.07        23.18   0.020        0.051       
2459229.96879  2459229.97293  2021-01-15.4687893  coadd_br312680 1.42 -1.44 19.184     >19.184  99.990         -15.53        18.73   -0.021       0.026       
2459232.93484  2459232.93916  2021-01-18.4348396  coadd_br313924 1.51 -1.44 19.172     >19.172  99.990          33.27        18.94   0.046        0.026       
2459237.86566  2459237.87025  2021-01-23.3656574  coadd_bB206587 2.07 -1.18 18.527     >18.527  99.990         -23.92        43.54   -0.026       0.047       
2459239.72903  2459239.73384  2021-01-25.2290418  coadd_bk347819 1.59 -1.80 16.879      16.698  0.310          396.83       112.06   0.759        0.214       
2459240.71297  2459240.71770  2021-01-26.2129664  coadd_br316042 1.75 -1.44 17.688     >17.688  99.990        -234.46        74.30   -0.321       0.102       
2459247.03223  2459247.03723  2021-02-01.5322268  coadd_bB208916 2.03 -1.18 18.306      17.868  0.244          239.58        53.40   0.259        0.058       
2459248.76613  2459248.77119  2021-02-03.2661296  coadd_br318554 1.43 -1.44 18.186     >18.186  99.990          -7.77        46.96   -0.011       0.064       
2459250.71084  2459250.71602  2021-02-05.2108496  coadd_bk350959 1.48 -1.80 18.068     >18.068  99.990          32.81        37.47   0.063        0.072       
2459250.73366  2459250.73879  2021-02-05.2336586  coadd_br319277 1.55 -1.44 18.976     >18.976  99.990         -16.69        22.69   -0.023       0.031       
2459251.84842  2459251.85359  2021-02-06.3484265  coadd_br319780 1.71 -1.44 19.303     >19.303  99.990          -6.28        16.78   -0.009       0.023       
2459254.46751  2459254.47274  2021-02-08.9675059  coadd_bn277022 1.50 -1.96 18.658     >18.658  99.990          11.48        18.85   0.025        0.042       
2459255.81828  2459255.82356  2021-02-10.3182847  coadd_bk352750 1.50 -1.80 18.281     >18.281  99.990          47.03        30.82   0.090        0.059       
2459255.98673  2459255.99201  2021-02-10.4867355  coadd_br321551 1.41 -1.44 19.091     >19.091  99.990          50.58        20.41   0.069        0.028       
2459256.80566  2459256.81095  2021-02-11.3056649  coadd_bk353090 1.61 -1.80 18.254     >18.254  99.990          11.40        31.59   0.022        0.060       
2459257.69977  2459257.70508  2021-02-12.1997731  coadd_bj353627 1.56 -1.78 18.247     >18.247  99.990          53.16        32.47   0.100        0.061       
2459257.77771  2459257.78303  2021-02-12.2777097  coadd_br322026 1.53 -1.44 18.923     >18.923  99.990         -42.95        23.83   -0.059       0.033       
2459259.73558  2459259.74094  2021-02-14.2355951  coadd_bj354350 1.49 -1.78 18.289     >18.289  99.990          33.41        31.23   0.063        0.058       
2459261.72399  2459261.72933  2021-02-16.2239943  coadd_bk354777 1.55 -1.80 18.576     >18.576  99.990          15.52        23.47   0.030        0.045       
2459262.65792  2459262.66327  2021-02-17.1579240  coadd_bk355065 1.50 -1.80 18.204     >18.204  99.990         -33.99        33.05   -0.065       0.063       
2459263.02005  2459263.02545  2021-02-17.5200484  coadd_bB212701 1.78 -1.18 19.145     >19.145  99.990          59.40        24.65   0.064        0.027       
2459265.50977  2459265.51519  2021-02-20.0097664  coadd_bn279815 1.48 -1.96 18.715     >18.715  99.990          45.52        17.89   0.101        0.040       
2459266.72318  2459266.72861  2021-02-21.2231833  coadd_bj356828 1.62 -1.78 18.461     >18.461  99.990           7.16        26.66   0.013        0.050       
2459269.80217  2459269.80762  2021-02-24.3021758  coadd_bB214284 2.11 -1.18 17.936      17.532  0.252          326.58        75.06   0.352        0.081       
2459270.84820  2459270.85365  2021-02-25.3482032  coadd_br323032 1.46 -1.44 17.932     >17.932  99.990           3.54        59.36   0.005        0.081       
2459274.81814  2459274.82356  2021-03-01.3181369  coadd_bj359804 1.70 -1.78 16.662     >16.662  99.990         310.75       139.77   0.582        0.262       
2459275.50128  2459275.50670  2021-03-02.0012892  coadd_bn282449 2.15 -1.96 16.957     >16.957  99.990        -286.59        90.31   -0.633       0.200       
2459277.65361  2459277.65901  2021-03-04.1536128  coadd_bj360751 1.57 -1.78 17.580     >17.580  99.990          56.06        60.01   0.105        0.112       
2459278.93310  2459278.93848  2021-03-05.4331049  coadd_br325615 1.54 -1.44 18.440     >18.440  99.990         -44.36        37.15   -0.061       0.051       
2459279.77221  2459279.77758  2021-03-06.2722104  coadd_bF210655 1.54 -1.89 18.217     >18.217  99.990          19.95        30.27   0.041        0.063       
2459280.80570  2459280.81105  2021-03-07.3057090  coadd_bF211019 1.60 -1.89 18.107     >18.107  99.990         -13.26        33.49   -0.027       0.069       
2459282.77368  2459282.77880  2021-03-09.2736876  coadd_bk362298 1.70 -1.80 18.060      17.842  0.299          138.40        37.75   0.265        0.072       
2459282.79953  2459282.80484  2021-03-09.2995340  coadd_bF211707 1.58 -1.89 18.348     >18.348  99.990          25.39        26.83   0.052        0.055       
2459283.64366  2459283.64876  2021-03-10.1436731  coadd_bk362553 1.67 -1.80 18.188     >18.188  99.990         -66.58        33.56   -0.127       0.064       
2459284.75013  2459284.75540  2021-03-11.2501274  coadd_bj363270 1.60 -1.78 17.643     >17.643  99.990          67.92        56.64   0.127        0.106       
2459285.79486  2459285.80011  2021-03-12.2948671  coadd_bF212742 1.58 -1.89 18.369     >18.369  99.990          67.44        26.32   0.139        0.054       
2459288.75115  2459288.75631  2021-03-15.2511550  coadd_br328063 2.20 -1.44 19.232     >19.232  99.990          25.79        17.92   0.035        0.025       
2459290.65340  2459290.65850  2021-03-17.1533991  coadd_bj365175 1.60 -1.78 18.846     >18.846  99.990         -20.82        18.70   -0.039       0.035       
2459292.88628  2459292.89131  2021-03-19.3862842  coadd_bB216750 2.13 -1.18 19.112     >19.112  99.990          19.38        25.41   0.021        0.027       
2459295.58157  2459295.58649  2021-03-22.0815843  coadd_bj366499 1.62 -1.78 17.958     >17.958  99.990          40.76        42.37   0.076        0.079       
2459295.64644  2459295.65136  2021-03-22.1464417  coadd_bF215515 1.55 -1.89 18.197     >18.197  99.990         -11.86        30.82   -0.025       0.064       
2459296.66495  2459296.66983  2021-03-23.1649616  coadd_bj366956 1.65 -1.78 17.888     >17.888  99.990          84.12        45.21   0.158        0.085       
2459302.84915  2459302.85374  2021-03-29.3491600  coadd_br331788 1.45 -1.44 17.277     >17.277  99.990         116.82       108.45   0.160        0.149       
2459303.64558  2459303.64981  2021-03-30.1455833  coadd_bk369430 1.44 -1.80 17.319     >17.319  99.990        -124.91        74.72   -0.239       0.143       
2459306.45473  2459306.45913  2021-04-01.9547262  coadd_bn289875 1.51 -1.96 16.824     >16.824  99.990        -366.17       102.10   -0.809       0.226       
2459306.73340  2459306.73779  2021-04-02.2334062  coadd_bF219381 1.48 -1.89 17.367      17.209  0.316          229.77        66.22   0.475        0.137       
2459307.87014  2459307.87446  2021-04-03.3701359  coadd_bB220921 2.00 -1.18 19.426     >19.426  99.990         -17.93        19.03   -0.019       0.021       
2459311.58702  2459311.59076  2021-04-07.0870206  coadd_bk372504 1.50 -1.80 18.650      18.450  0.304           79.06        21.93   0.151        0.042       
2459311.86346  2459311.86753  2021-04-07.3634542  coadd_bB221698 1.74 -1.18 19.340     >19.340  99.990         -22.10        20.60   -0.024       0.022       
2459313.79573  2459313.79968  2021-04-09.2957248  coadd_bB222412 1.75 -1.18 19.461     >19.461  99.990          39.08        18.43   0.042        0.020       
2459314.84545  2459314.84934  2021-04-10.3454545  coadd_br335542 1.42 -1.44 18.848     >18.848  99.990          -8.92        25.52   -0.012       0.035       
2459317.88180  2459317.88549  2021-04-13.3818045  coadd_bB223582 2.06 -1.18 19.418     >19.418  99.990         -28.05        19.17   -0.030       0.021       
2459318.59566  2459318.59891  2021-04-14.0956726  coadd_bk375425 1.47 -1.80 18.263     >18.263  99.990          31.36        31.31   0.060        0.060       
2459318.69625  2459318.69987  2021-04-14.1962464  coadd_bF223663 1.63 -1.89 18.532     >18.532  99.990         -24.92        22.63   -0.052       0.047       
2459319.85098  2459319.85453  2021-04-15.3509842  coadd_br336919 1.44 -1.44 18.474     >18.474  99.990        -126.48        36.01   -0.173       0.049       
2459320.80726  2459320.81074  2021-04-16.3072584  coadd_br337150 1.47 -1.44 18.572     >18.572  99.990        -136.67        32.91   -0.187       0.045       
2459322.55110  2459322.55445  2021-04-18.0511052  coadd_bj377046 1.53 -1.78 18.278     >18.278  99.990         -40.52        31.56   -0.076       0.059       
2459324.77241  2459324.77559  2021-04-20.2724059  coadd_br337574 1.41 -1.44 18.481     >18.481  99.990        -122.52        35.79   -0.168       0.049       
2459325.28686  2459325.29000  2021-04-20.7868646  coadd_bn296191 1.46 -1.96 16.628     >16.628  99.990         272.15       122.27   0.601        0.270       
2459331.74510  2459331.74773  2021-04-27.2450986  coadd_bB228252 1.84 -1.18 17.668     >17.668  99.990         -99.69        96.11   -0.108       0.104       
2459332.63268  2459332.63481  2021-04-28.1326803  coadd_bk380977 1.47 -1.80 16.951     >16.951  99.990        -274.30       104.87   -0.525       0.201       
2459336.81552  2459336.81772  2021-05-02.3155173  coadd_bB229261 2.00 -1.18 19.418     >19.418  99.990         -18.02        19.16   -0.019       0.021       
2459337.50524  2459337.50696  2021-05-03.0052468  coadd_bk382180 1.60 -1.80 18.410     >18.410  99.990          78.36        27.35   0.150        0.052       
2459338.61462  2459338.61624  2021-05-04.1146223  coadd_bk382684 1.65 -1.80 18.092     >18.092  99.990        -136.41        36.67   -0.261       0.070       
2459341.67153  2459341.67332  2021-05-07.1715377  coadd_br341065 1.68 -1.44 18.896     >18.896  99.990         -33.59        24.43   -0.046       0.033       
2459344.50569  2459344.50678  2021-05-10.0056895  coadd_bk384281 1.55 -1.80 18.186     >18.186  99.990           6.53        33.62   0.012        0.064       
2459345.53581  2459345.53681  2021-05-11.0358108  coadd_bk384569 1.51 -1.80 18.696      18.405  0.279           82.41        21.01   0.158        0.040       
2459345.82070  2459345.82211  2021-05-11.3207019  coadd_bB231546 2.11 -1.18 19.674     >19.674  99.990          -8.26        15.14   -0.009       0.016       
2459348.47475  2459348.47593  2021-05-13.9747568  coadd_bF233234 1.68 -1.89 18.657     >18.657  99.990         -17.40        20.17   -0.036       0.042       
2459349.53498  2459349.53605  2021-05-15.0349819  coadd_bj385971 1.61 -1.78 18.204     >18.204  99.990          39.35        33.79   0.074        0.063       
2459352.54732  2459352.54768  2021-05-18.0473194  coadd_bk387164 1.48 -1.80 17.793     >17.793  99.990          58.18        48.29   0.111        0.092       
2459353.22670  2459353.22743  2021-05-18.7266983  coadd_bn302993 1.52 -1.96 17.768     >17.768  99.990         109.30        42.79   0.242        0.095       
2459356.75997  2459356.76037  2021-05-22.2599780  coadd_bB235224 2.14 -1.18 18.026     >18.026  99.990          13.73        69.07   0.015        0.075       
2459359.70945  2459359.70958  2021-05-25.2094458  coadd_br344849 1.50 -1.44 17.183     >17.183  99.990        -124.98       118.28   -0.171       0.162       
2459360.72439  2459360.72442  2021-05-26.2243899  coadd_br345157 1.48 -1.44 17.133     >17.133  99.990        -396.18       123.84   -0.543       0.170       
2459361.54608  2459361.54561  2021-05-27.0460877  coadd_bk389939 1.64 -1.80 16.928     >16.928  99.990         156.37       107.12   0.299        0.205       
2459362.80774  2459362.80758  2021-05-28.3077358  coadd_bB237448 1.74 -1.18 18.370     >18.370  99.990        -129.93        50.31   -0.140       0.054       
2459363.56872  2459363.56849  2021-05-29.0687165  coadd_bj390414 1.71 -1.78 17.328     >17.328  99.990          57.66        75.69   0.108        0.142       
2459364.71506  2459364.71472  2021-05-30.2150628  coadd_br346152 1.43 -1.44 18.433     >18.433  99.990          73.49        37.41   0.101        0.051       
2459366.79374  2459366.79321  2021-06-01.2937369  coadd_bB238906 2.17 -1.18 19.083     >19.083  99.990         -17.89        26.09   -0.019       0.028       
2459367.55591  2459367.55531  2021-06-02.0559144  coadd_bj392130 1.63 -1.78 18.150     >18.150  99.990          97.54        35.51   0.183        0.067       
2459369.66912  2459369.66833  2021-06-04.1691276  coadd_br346547 1.81 -1.44 19.268     >19.268  99.990          -9.79        17.33   -0.013       0.024       
2459370.52982  2459370.52894  2021-06-05.0298187  coadd_bF241103 1.54 -1.89 18.234     >18.234  99.990          -2.64        29.78   -0.005       0.062       
2459371.52564  2459371.52426  2021-06-06.0256434  coadd_bk393814 1.50 -1.80 17.473     >17.473  99.990         -67.86        64.83   -0.130       0.124       
2459371.55223  2459371.55126  2021-06-06.0522240  coadd_bj393815 1.65 -1.78 17.961     >17.961  99.990          14.20        42.25   0.027        0.079       
2459373.68261  2459373.68144  2021-06-08.1826053  coadd_br347572 1.38 -1.44 18.703     >18.703  99.990          81.82        29.16   0.112        0.040       
2459374.68530  2459374.68405  2021-06-09.1853043  coadd_br347855 1.36 -1.44 18.569     >18.569  99.990         -41.54        33.01   -0.057       0.045       
2459375.47105  2459375.46972  2021-06-09.9710545  coadd_bj395509 1.64 -1.78 18.347     >18.347  99.990          18.43        29.62   0.035        0.055       
2459376.68594  2459376.68450  2021-06-11.1859369  coadd_br348447 1.46 -1.44 18.591     >18.591  99.990          76.22        32.35   0.104        0.044       
2459377.27710  2459377.27561  2021-06-11.7770987  coadd_bn308324 1.62 -1.96 18.266     >18.266  99.990          79.73        27.06   0.176        0.060       
2459380.45547  2459380.45370  2021-06-14.9554712  coadd_bj397698 1.64 -1.78 17.758     >17.758  99.990         -22.98        50.95   -0.043       0.095       
2459384.24154  2459384.23943  2021-06-18.7415418  coadd_bn309493 1.53 -1.96 17.537     >17.537  99.990         -56.10        52.95   -0.124       0.117       
2459385.63602  2459385.63379  2021-06-20.1360164  coadd_br350953 2.33 -1.44 17.650     >17.650  99.990          31.03        76.92   0.043        0.105       
2459387.47004  2459387.46732  2021-06-21.9700476  coadd_bk400012 1.61 -1.80 17.186     >17.186  99.990         177.97        84.43   0.341        0.162       
2459387.66046  2459387.65806  2021-06-22.1604599  coadd_br351486 1.51 -1.44 17.327     >17.327  99.990         180.24       103.58   0.247        0.142       
2459390.45537  2459390.45241  2021-06-24.9553747  coadd_bk400989 2.08 -1.80 16.784     >16.784  99.990        -169.85       122.32   -0.325       0.234       
2459390.65681  2459390.65416  2021-06-25.1568222  coadd_br352255 1.81 -1.44 17.176     >17.176  99.990         -32.29       119.07   -0.044       0.163       
2459392.48439  2459392.48160  2021-06-26.9843914  coadd_bj401462 1.60 -1.78 18.391     >18.391  99.990          12.32        28.44   0.023        0.053       
2459394.49480  2459394.49185  2021-06-28.9948017  coadd_bj402348 1.64 -1.78 17.667     >17.667  99.990          36.82        55.38   0.069        0.104       
2459395.47678  2459395.47375  2021-06-29.9767846  coadd_bF250077 1.56 -1.89 18.053     >18.053  99.990         -42.74        35.18   -0.088       0.073       
2459396.44914  2459396.44603  2021-06-30.9491415  coadd_bj403187 1.76 -1.78 17.385     >17.385  99.990         -28.70        71.81   -0.054       0.135       
2459397.47601  2459397.47282  2021-07-01.9760145  coadd_bj403640 1.60 -1.78 17.966     >17.966  99.990           5.46        42.05   0.010        0.079       
2459401.46572  2459401.46223  2021-07-05.9657150  coadd_bj405361 1.67 -1.78 18.133     >18.133  99.990          24.91        36.06   0.047        0.068       
2459402.45464  2459402.45108  2021-07-06.9546399  coadd_bF252894 1.82 -1.89 17.323     >17.323  99.990          -8.17        68.94   -0.017       0.142       
2459404.45878  2459404.45508  2021-07-08.9587837  coadd_bj406648 1.87 -1.78 17.798     >17.798  99.990         127.76        49.12   0.239        0.092       
2459406.19735  2459406.19353  2021-07-10.6973524  coadd_bn312831 2.05 -1.96 16.273     >16.273  99.990         146.64       169.53   0.324        0.375       
