###  JD        HJD            UT_date             IMAGE          FWHM  Diff Limit      mag   mag_err       counts     count_err  flux (mJy)    flux_err
2455946.77428  2455946.77530  2012-01-20.2742818  coadd_ba003162 2.47 -1.40 18.548     >18.548  99.990          52.89        34.91   0.074        0.049       
2455950.76875  2455950.76957  2012-01-24.2687501  coadd_ba003615 2.16 -1.40 18.356     >18.356  99.990          60.89        41.64   0.085        0.058       
2455968.72717  2455968.72704  2012-02-11.2271736  coadd_ba006397 2.16 -1.40 19.117     >19.117  99.990         -44.53        20.65   -0.062       0.029       
2455972.73617  2455972.73582  2012-02-15.2361743  coadd_ba007402 2.04 -1.40 19.228     >19.228  99.990          -5.74        18.65   -0.008       0.026       
2456832.94643  2456832.94406  2014-06-24.4460275  coadd_bf014651 1.59 -2.35 18.032     >18.032  99.990         -11.99        23.34   -0.040       0.078       
2456837.94387  2456837.94166  2014-06-29.4434687  coadd_bf016097 1.79 -2.35 18.065     >18.065  99.990          28.93        22.66   0.097        0.076       
2456838.94412  2456838.94195  2014-06-30.4437218  coadd_bf016480 1.56 -2.35 17.794      17.755  0.352           90.40        29.08   0.303        0.098       
2456846.94450  2456846.94264  2014-07-08.4440984  coadd_bf019010 1.49 -2.35 17.574     >17.574  99.990           7.93        35.60   0.027        0.119       
2456848.91601  2456848.91423  2014-07-10.4156101  coadd_bf019822 1.48 -2.35 18.641     >18.641  99.990          11.35        13.32   0.038        0.045       
2456855.91866  2456855.91718  2014-07-17.4182630  coadd_bf021829 1.51 -2.35 17.896      17.676  0.298           97.16        26.47   0.326        0.089       
2456856.92163  2456856.92020  2014-07-18.4212285  coadd_bf022228 1.63 -2.35 18.329     >18.329  99.990          -2.54        17.77   -0.009       0.060       
2456859.89460  2456859.89331  2014-07-21.3942021  coadd_bf023366 1.45 -2.35 18.599     >18.599  99.990          21.46        13.84   0.072        0.046       
2456862.89683  2456862.89568  2014-07-24.3964348  coadd_bf023830 1.44 -2.35 18.568     >18.568  99.990           5.32        14.25   0.018        0.048       
2456864.93716  2456864.93610  2014-07-26.4367568  coadd_bf024554 1.57 -2.35 18.518     >18.518  99.990           9.52        14.93   0.032        0.050       
2456874.87311  2456874.87255  2014-08-05.3727125  coadd_bf027261 1.47 -2.35 18.687      18.581  0.331           42.23        12.78   0.142        0.043       
2456878.87081  2456878.87045  2014-08-09.3704038  coadd_bf028575 1.50 -2.35 17.769     >17.769  99.990         -38.40        29.75   -0.129       0.100       
2456881.85693  2456881.85671  2014-08-12.3565267  coadd_bf029714 1.53 -2.35 17.649     >17.649  99.990          84.72        33.22   0.284        0.111       
2456882.85343  2456882.85327  2014-08-13.3530305  coadd_bf030114 1.53 -2.35 17.942      17.893  0.349           79.60        25.37   0.267        0.085       
2456884.84822  2456884.84816  2014-08-15.3478230  coadd_bf030815 1.43 -2.35 18.067     >18.067  99.990          52.03        22.61   0.175        0.076       
2456885.92159  2456885.92159  2014-08-16.4211905  coadd_bf031253 1.48 -2.35 18.389     >18.389  99.990          27.88        16.80   0.094        0.056       
2456886.92069  2456886.92073  2014-08-17.4202863  coadd_bf031642 1.51 -2.35 18.419     >18.419  99.990          -7.54        16.35   -0.025       0.055       
2456890.84716  2456890.84741  2014-08-21.3467561  coadd_bf032365 1.47 -2.35 18.846      18.325  0.225           53.47        11.04   0.179        0.037       
2456895.83487  2456895.83537  2014-08-26.3344655  coadd_bf034578 1.60 -2.35 18.613     >18.613  99.990         -15.27        13.67   -0.051       0.046       
2456904.80485  2456904.80580  2014-09-04.3044535  coadd_bf036096 1.39 -2.35 18.569     >18.569  99.990          -9.35        14.23   -0.031       0.048       
2456906.81109  2456906.81213  2014-09-06.3106899  coadd_bf036583 1.60 -2.35 18.305     >18.305  99.990          38.91        18.16   0.131        0.061       
2456910.80686  2456910.80809  2014-09-10.3064549  coadd_bf037443 1.54 -2.35 17.831     >17.831  99.990         -22.34        28.09   -0.075       0.094       
2456911.80109  2456911.80238  2014-09-11.3006899  coadd_bf037827 1.54 -2.35 16.157     >16.157  99.990         220.20       131.28   0.739        0.441       
2456918.81454  2456918.81613  2014-09-18.3141325  coadd_bf039578 1.40 -2.35 18.657     >18.657  99.990          -0.61        13.13   -0.002       0.044       
2456919.79510  2456919.79674  2014-09-19.2946986  coadd_bf039946 1.53 -2.35 18.369     >18.369  99.990          43.17        17.12   0.145        0.057       
2456923.78902  2456923.79083  2014-09-23.2886138  coadd_bf041197 1.51 -2.35 18.561     >18.561  99.990          39.55        14.35   0.133        0.048       
2456924.77941  2456924.78125  2014-09-24.2790063  coadd_bf041566 1.43 -2.35 18.997     >18.997  99.990           8.59         9.60   0.029        0.032       
2456927.78062  2456927.78259  2014-09-27.2802273  coadd_bf042447 1.46 -2.35 18.849     >18.849  99.990           8.04        11.00   0.027        0.037       
2456932.76787  2456932.77002  2014-10-02.2674747  coadd_bf044156 1.49 -2.35 18.579      18.013  0.217           71.26        14.11   0.239        0.047       
2456933.76518  2456933.76736  2014-10-03.2647759  coadd_bf044507 1.52 -2.35 18.498     >18.498  99.990          31.58        15.20   0.106        0.051       
2456936.76055  2456936.76284  2014-10-06.2601457  coadd_bf045296 1.54 -2.35 17.842     >17.842  99.990          35.31        27.81   0.118        0.093       
2456938.69997  2456938.70233  2014-10-08.1995699  coadd_bf045984 1.61 -2.35 17.661     >17.661  99.990         -11.58        32.87   -0.039       0.110       
2456944.79724  2456944.79977  2014-10-14.2968361  coadd_bf048145 1.66 -2.35 17.665     >17.665  99.990          27.34        32.74   0.092        0.110       
2456953.73838  2456953.74113  2014-10-23.2379846  coadd_bf050806 1.49 -2.35 18.619      18.523  0.334           44.53        13.59   0.149        0.046       
2456960.72551  2456960.72838  2014-10-30.2251081  coadd_bf052270 1.41 -2.35 18.754     >18.754  99.990          18.85        12.00   0.063        0.040       
2456967.71121  2456967.71416  2014-11-06.2108099  coadd_bf054132 1.45 -2.35 17.685     >17.685  99.990          41.47        32.13   0.139        0.108       
2456971.69476  2456971.69774  2014-11-10.1943574  coadd_bf055457 1.44 -2.35 17.950     >17.950  99.990          68.28        25.19   0.229        0.085       
2456973.69055  2456973.69353  2014-11-12.1901459  coadd_bf056109 1.49 -2.35 18.339      17.856  0.234           82.30        17.59   0.276        0.059       
2456975.80238  2456975.80536  2014-11-14.3019736  coadd_bf056851 1.39 -2.35 18.500      18.261  0.293           56.71        15.17   0.190        0.051       
2456977.83161  2456977.83460  2014-11-16.3312104  coadd_bf057498 1.44 -2.35 18.763     >18.763  99.990          -5.59        11.91   -0.019       0.040       
2456980.68265  2456980.68563  2014-11-19.1822442  coadd_bf058258 1.43 -2.35 18.616      18.548  0.343           43.53        13.64   0.146        0.046       
2456984.67949  2456984.68244  2014-11-23.1790812  coadd_bf059342 1.49 -2.35 18.807     >18.807  99.990          -3.53        11.44   -0.012       0.038       
2456989.57425  2456989.57716  2014-11-28.0738527  coadd_bf060415 1.48 -2.35 17.217     >17.217  99.990          87.25        49.47   0.293        0.166       
2456990.66605  2456990.66895  2014-11-29.1656523  coadd_bf060769 1.44 -2.35 17.504     >17.504  99.990          41.06        37.97   0.138        0.127       
2456993.65931  2456993.66217  2014-12-02.1589074  coadd_bf061583 1.42 -2.35 18.227     >18.227  99.990          37.97        19.51   0.127        0.065       
2456997.65418  2456997.65697  2014-12-06.1537756  coadd_bf062642 1.49 -2.35 17.651      17.585  0.344          105.68        33.18   0.355        0.111       
2457000.65319  2457000.65591  2014-12-09.1527824  coadd_bf063592 1.48 -2.35 18.201     >18.201  99.990           4.21        19.99   0.014        0.067       
2457002.74135  2457002.74404  2014-12-11.2409497  coadd_bf064160 1.46 -2.35 18.149     >18.149  99.990           5.66        20.97   0.019        0.070       
2457003.75216  2457003.75482  2014-12-12.2517545  coadd_bf064486 1.44 -2.35 18.397     >18.397  99.990          14.96        16.68   0.050        0.056       
2457004.80477  2457004.80740  2014-12-13.3043650  coadd_bf064840 1.47 -2.35 18.295     >18.295  99.990          -9.85        18.33   -0.033       0.061       
2457005.80702  2457005.80963  2014-12-14.3066168  coadd_bf065161 1.52 -2.35 18.409     >18.409  99.990          25.07        16.50   0.084        0.055       
2457006.65653  2457006.65912  2014-12-15.1561299  coadd_bf065377 1.44 -2.35 18.837      18.487  0.264           46.03        11.13   0.154        0.037       
2457007.65371  2457007.65627  2014-12-16.1533050  coadd_bf065693 1.46 -2.35 18.469     >18.469  99.990          45.19        15.61   0.152        0.052       
2457010.64362  2457010.64609  2014-12-19.1432157  coadd_bf066638 1.44 -2.35 18.664     >18.664  99.990         -14.76        13.04   -0.050       0.044       
2457013.64098  2457013.64337  2014-12-22.1405778  coadd_bf067569 1.43 -2.35 18.772     >18.772  99.990          23.51        11.81   0.079        0.040       
2457016.63391  2457016.63619  2014-12-25.1335026  coadd_bf068473 1.43 -2.35 18.735     >18.735  99.990          30.85        12.22   0.104        0.041       
2457019.63486  2457019.63704  2014-12-28.1344557  coadd_bf069407 1.47 -2.35 18.604      18.540  0.344           43.86        13.79   0.147        0.046       
2457022.62546  2457022.62753  2014-12-31.1250546  coadd_bf070312 1.48 -2.35 18.035     >18.035  99.990         -25.96        23.29   -0.087       0.078       
2457026.62681  2457026.62872  2015-01-04.1264005  coadd_bf071520 1.53 -2.35 17.990     >17.990  99.990         -22.30        24.27   -0.075       0.081       
2457027.62403  2457027.62590  2015-01-05.1236233  coadd_bf071579 1.52 -2.35 17.487     >17.487  99.990        -105.66        38.58   -0.355       0.129       
2457030.74553  2457030.74727  2015-01-08.2451245  coadd_bf072489 1.53 -2.35 18.090     >18.090  99.990         -53.71        22.13   -0.180       0.074       
2457032.76330  2457032.76495  2015-01-10.2628913  coadd_bf072979 1.56 -2.35 17.879     >17.879  99.990          20.28        26.88   0.068        0.090       
2457034.73431  2457034.73588  2015-01-12.2339090  coadd_bf073577 1.64 -2.35 18.085     >18.085  99.990         -49.92        22.24   -0.168       0.075       
2457037.60285  2457037.60428  2015-01-15.1024413  coadd_bf074400 1.53 -2.35 18.918     >18.918  99.990         -28.32        10.33   -0.095       0.035       
2457040.70549  2457040.70678  2015-01-18.2050886  coadd_bf075371 1.50 -2.35 18.901     >18.901  99.990          -8.33        10.49   -0.028       0.035       
2457043.61056  2457043.61171  2015-01-21.1101556  coadd_bf075996 1.48 -2.35 18.667     >18.667  99.990          37.44        13.01   0.126        0.044       
2457046.60729  2457046.60830  2015-01-24.1068917  coadd_bf076880 1.46 -2.35 18.782     >18.782  99.990           8.12        11.70   0.027        0.039       
2457050.60303  2457050.60383  2015-01-28.1026219  coadd_bf077856 1.44 -2.35 18.139     >18.139  99.990          15.94        21.16   0.053        0.071       
2457055.58655  2457055.58710  2015-02-02.0861446  coadd_bf078998 1.70 -2.35 18.054     >18.054  99.990          26.52        22.88   0.089        0.077       
2457057.67791  2457057.67835  2015-02-04.1775049  coadd_bf079659 1.78 -2.35 17.744     >17.744  99.990          -9.86        30.45   -0.033       0.102       
2457062.65186  2457062.65205  2015-02-09.1514626  coadd_bf080732 1.82 -2.35 18.119     >18.119  99.990         -43.20        21.54   -0.145       0.072       
2457067.56286  2457067.56279  2015-02-14.0624591  coadd_bf082028 1.61 -2.35 18.846     >18.846  99.990         -14.47        11.03   -0.049       0.037       
2457071.56881  2457071.56852  2015-02-18.0684027  coadd_bf083376 1.43 -2.35 18.874     >18.874  99.990          -1.76        10.75   -0.006       0.036       
2457076.63602  2457076.63547  2015-02-23.1356167  coadd_bf084626 1.50 -2.35 18.655     >18.655  99.990           7.76        13.15   0.026        0.044       
2457080.58613  2457080.58538  2015-02-27.0857284  coadd_bf085970 1.48 -2.35 17.974     >17.974  99.990         -35.10        24.63   -0.118       0.083       
2457084.58894  2457084.58799  2015-03-03.0885390  coadd_bf087185 1.47 -2.35 17.790     >17.790  99.990          49.01        29.19   0.164        0.098       
2457087.52963  2457087.52853  2015-03-06.0292217  coadd_bf088208 1.63 -2.35 18.010     >18.010  99.990         -12.02        23.83   -0.040       0.080       
2457090.59727  2457090.59602  2015-03-09.0968648  coadd_bf089257 1.51 -2.35 17.824     >17.824  99.990           7.65        28.29   0.026        0.095       
2457094.55663  2457094.55519  2015-03-13.0562203  coadd_bf090586 1.47 -2.35 18.736     >18.736  99.990          -7.26        12.21   -0.024       0.041       
2457097.57448  2457097.57291  2015-03-16.0740755  coadd_bf091650 1.45 -2.35 18.542     >18.542  99.990          -9.06        14.60   -0.030       0.049       
2457100.56762  2457100.56592  2015-03-19.0676231  coadd_bf092309 1.45 -2.35 18.519     >18.519  99.990         -14.34        14.91   -0.048       0.050       
2457107.52751  2457107.52552  2015-03-26.0275138  coadd_bf093193 1.54 -2.35 18.176      17.541  0.203          110.07        20.46   0.369        0.069       
2457111.54112  2457111.53897  2015-03-30.0411236  coadd_bf094309 1.43 -2.35 18.020     >18.020  99.990          11.32        23.60   0.038        0.079       
2457115.52990  2457115.52761  2015-04-03.0299060  coadd_bf095830 1.44 -2.35 17.627     >17.627  99.990         -53.41        33.90   -0.179       0.114       
2457118.51510  2457118.51271  2015-04-06.0150974  coadd_bf096929 1.44 -2.35 17.742     >17.742  99.990          49.02        30.49   0.164        0.102       
2457123.50391  2457123.50136  2015-04-11.0039067  coadd_bf098222 1.55 -2.35 18.637     >18.637  99.990          -6.16        13.37   -0.021       0.045       
2457129.49066  2457129.48796  2015-04-16.9906645  coadd_bf099772 1.44 -2.35 18.467     >18.467  99.990          42.66        15.65   0.143        0.053       
2457134.47003  2457134.46722  2015-04-21.9700347  coadd_bf101259 1.45 -2.35 18.145     >18.145  99.990          24.00        21.05   0.081        0.071       
2457135.47539  2457135.47256  2015-04-22.9753912  coadd_bf101464 1.43 -2.35 18.458     >18.458  99.990         -11.18        15.77   -0.038       0.053       
2457139.46378  2457139.46088  2015-04-26.9637825  coadd_bf103019 1.66 -2.35 17.523     >17.523  99.990          -1.10        37.32   -0.004       0.125       
2457198.94829  2457198.94595  2015-06-25.4482951  coadd_bf122629 1.71 -2.35 17.432     >17.432  99.990          11.00        40.56   0.037        0.136       
2457199.94557  2457199.94326  2015-06-26.4455753  coadd_bf122960 1.50 -2.35 17.758     >17.758  99.990         -22.12        30.05   -0.074       0.101       
2457206.93952  2457206.93745  2015-07-03.4395188  coadd_bf126172 1.42 -2.35 17.662     >17.662  99.990         -94.92        32.82   -0.318       0.110       
2457218.92295  2457218.92137  2015-07-15.4229490  coadd_bf127683 1.38 -2.35 18.396     >18.396  99.990          20.39        16.70   0.068        0.056       
2457219.91021  2457219.90868  2015-07-16.4102153  coadd_bf127799 1.61 -2.35 18.739     >18.739  99.990           5.38        12.17   0.018        0.041       
2457224.89479  2457224.89348  2015-07-21.3947915  coadd_bf129618 1.41 -2.35 18.696     >18.696  99.990           2.06        12.66   0.007        0.042       
2457232.86911  2457232.86819  2015-07-29.3691163  coadd_bf132010 1.49 -2.35 17.084     >17.084  99.990          -4.50        55.92   -0.015       0.188       
2457233.86539  2457233.86452  2015-07-30.3653935  coadd_bf132341 1.53 -2.35 17.589     >17.589  99.990        -185.83        35.13   -0.624       0.118       
2457247.83140  2457247.83123  2015-08-13.3314016  coadd_bf134121 1.43 -2.35 18.365     >18.365  99.990         -49.50        17.19   -0.166       0.058       
2457249.89004  2457249.88997  2015-08-15.3900378  coadd_bf134910 1.39 -2.35 18.569     >18.569  99.990          41.39        14.24   0.139        0.048       
2457253.80004  2457253.80017  2015-08-19.3000434  coadd_bf136195 2.01 -2.35 18.624     >18.624  99.990          -8.70        13.54   -0.029       0.045       
2457257.81768  2457257.81801  2015-08-23.3176776  coadd_bf137517 1.41 -2.35 18.909     >18.909  99.990          20.08        10.41   0.067        0.035       
2457265.77880  2457265.77954  2015-08-31.2788030  coadd_bf139739 1.42 -2.35 18.023     >18.023  99.990          -1.58        23.54   -0.005       0.079       
2457267.78712  2457267.78796  2015-09-02.2871219  coadd_bf140602 1.43 -2.35 17.665     >17.665  99.990           3.33        32.74   0.011        0.110       
2457269.87718  2457269.87812  2015-09-04.3771807  coadd_bf141795 1.45 -2.35 18.205      18.157  0.349           62.42        19.90   0.209        0.067       
2457276.76039  2457276.76166  2015-09-11.2603975  coadd_bf143400 1.46 -2.35 18.580     >18.580  99.990         -17.38        14.09   -0.058       0.047       
2457277.85580  2457277.85711  2015-09-12.3557954  coadd_bf143990 1.40 -2.35 18.586     >18.586  99.990          10.68        14.01   0.036        0.047       
2457278.84728  2457278.84864  2015-09-13.3472784  coadd_bf144476 1.37 -2.35 18.629     >18.629  99.990          22.46        13.48   0.075        0.045       
2457283.73983  2457283.74141  2015-09-18.2398335  coadd_bf145326 1.44 -2.35 18.440     >18.440  99.990         -25.64        16.03   -0.086       0.054       
2457287.72825  2457287.73000  2015-09-22.2282538  coadd_bf146283 1.48 -2.35 18.284     >18.284  99.990         -15.22        18.51   -0.051       0.062       
2457291.71683  2457291.71874  2015-09-26.2168335  coadd_bf147221 1.45 -2.35 17.361     >17.361  99.990           6.66        43.31   0.022        0.145       
2457292.74731  2457292.74927  2015-09-27.2473149  coadd_bf147580 1.55 -2.35 17.823     >17.823  99.990           0.78        28.29   0.003        0.095       
2457294.82221  2457294.82425  2015-09-29.3222159  coadd_bf148225 1.62 -2.35 16.806     >16.806  99.990        -183.86        72.19   -0.617       0.242       
2457295.70294  2457295.70501  2015-09-30.2029465  coadd_bf148497 1.52 -2.35 18.177     >18.177  99.990          52.50        20.44   0.176        0.069       
2457302.85486  2457302.85718  2015-10-07.3548625  coadd_bf150127 1.85 -2.35 18.269     >18.269  99.990          -2.43        18.77   -0.008       0.063       
2457304.79431  2457304.79669  2015-10-09.2943158  coadd_bf150679 1.57 -2.35 18.742     >18.742  99.990          34.11        12.14   0.114        0.041       
2457307.67854  2457307.68101  2015-10-12.1785457  coadd_bf151435 1.44 -2.35 17.902     >17.902  99.990         -13.63        26.32   -0.046       0.088       
2457311.85925  2457311.86184  2015-10-16.3592562  coadd_bf151935 1.45 -2.35 18.755     >18.755  99.990          20.81        11.99   0.070        0.040       
2457318.80176  2457318.80450  2015-10-23.3017634  coadd_bf153629 1.47 -2.35 18.765     >18.765  99.990          -1.83        11.88   -0.006       0.040       
2457319.78827  2457319.79103  2015-10-24.2882831  coadd_bf153971 1.45 -2.35 18.334     >18.334  99.990         -20.78        17.68   -0.070       0.059       
2457325.67054  2457325.67340  2015-10-30.1705429  coadd_bf155264 1.38 -2.35 17.955     >17.955  99.990         -42.51        25.07   -0.143       0.084       
2457332.83431  2457332.83725  2015-11-06.3343120  coadd_bf157039 1.38 -2.35 18.634     >18.634  99.990          11.60        13.41   0.039        0.045       
2457335.80095  2457335.80391  2015-11-09.3009495  coadd_bf157873 1.44 -2.35 17.856     >17.856  99.990         -75.61        27.46   -0.254       0.092       
2457336.81719  2457336.82016  2015-11-10.3171905  coadd_bf158178 1.50 -2.35 18.932     >18.932  99.990          -2.32        10.19   -0.008       0.034       
2457339.66797  2457339.67095  2015-11-13.1679699  coadd_bf158918 1.39 -2.35 18.985     >18.985  99.990          13.47         9.71   0.045        0.033       
2457345.73598  2457345.73896  2015-11-19.2359826  coadd_bf160261 2.10 -2.35 19.014     >19.014  99.990         -15.59         9.45   -0.052       0.032       
2457347.76491  2457347.76788  2015-11-21.2649193  coadd_bf160945 1.51 -2.35 18.643     >18.643  99.990         -13.30        13.29   -0.045       0.045       
2457348.71982  2457348.72278  2015-11-22.2198182  coadd_bf161222 1.55 -2.35 18.414     >18.414  99.990          16.22        16.42   0.054        0.055       
2457350.63787  2457350.64082  2015-11-24.1378739  coadd_bf161665 5.15 -2.35 15.498     >15.498  99.990        -140.84       240.83   -0.473       0.808       
2457354.83321  2457354.83612  2015-11-28.3332146  coadd_bf162866 1.51 -2.35 18.079     >18.079  99.990         -32.93        22.35   -0.110       0.075       
2457356.77050  2457356.77338  2015-11-30.2705018  coadd_bf163466 1.36 -2.35 18.232     >18.232  99.990         -10.76        19.42   -0.036       0.065       
2457357.58481  2457357.58769  2015-12-01.0848182  coadd_bf163648 3.06 -2.35 19.037     >19.037  99.990          17.01         9.25   0.057        0.031       
2457361.52418  2457361.52699  2015-12-05.0241784  coadd_bf164391 2.04 -2.35 18.223     >18.223  99.990         -63.15        19.59   -0.212       0.066       
2457362.79658  2457362.79937  2015-12-06.2965843  coadd_bf164916 1.46 -2.35 18.647      18.206  0.243           59.65        13.25   0.200        0.044       
2457364.70021  2457364.70296  2015-12-08.2002142  coadd_bf165481 1.47 -2.35 18.106     >18.106  99.990          17.78        21.81   0.060        0.073       
2457365.54243  2457365.54516  2015-12-09.0424299  coadd_bf165679 2.21 -2.35 18.553     >18.553  99.990          10.28        14.45   0.034        0.048       
2457367.70818  2457367.71086  2015-12-11.2081790  coadd_bf166100 1.47 -2.35 18.945     >18.945  99.990         -24.61        10.07   -0.083       0.034       
2457371.71025  2457371.71284  2015-12-15.2102565  coadd_bf166814 1.40 -2.35 18.823     >18.823  99.990          -8.43        11.27   -0.028       0.038       
2457373.59368  2457373.59622  2015-12-17.0936856  coadd_bf167342 1.42 -2.35 19.106     >19.106  99.990          -1.87         8.68   -0.006       0.029       
2457375.65367  2457375.65615  2015-12-19.1536744  coadd_bf168019 1.45 -2.35 18.495     >18.495  99.990          23.63        15.24   0.079        0.051       
2457376.77751  2457376.77996  2015-12-20.2775103  coadd_bf168427 1.46 -2.35 18.942     >18.942  99.990           1.22        10.10   0.004        0.034       
2457377.72061  2457377.72302  2015-12-21.2206075  coadd_bf168702 1.42 -2.35 18.356     >18.356  99.990         -15.68        17.32   -0.053       0.058       
2457379.71342  2457379.71578  2015-12-23.2134237  coadd_bf169329 1.46 -2.35 17.901     >17.901  99.990         -71.63        26.35   -0.240       0.088       
2457383.76400  2457383.76622  2015-12-27.2640004  coadd_bf170148 1.48 -2.35 17.827     >17.827  99.990         -51.62        28.20   -0.173       0.095       
2457385.76832  2457385.77047  2015-12-29.2683256  coadd_bf170789 1.49 -2.35 18.187     >18.187  99.990          -1.69        20.23   -0.006       0.068       
2457386.64041  2457386.64253  2015-12-30.1404127  coadd_bf171010 1.43 -2.35 18.727     >18.727  99.990          12.70        12.32   0.043        0.041       
2457388.56853  2457388.57057  2016-01-01.0685305  coadd_bf171517 1.41 -2.35 18.880     >18.880  99.990         -24.68        10.70   -0.083       0.036       
2457389.53119  2457389.53319  2016-01-02.0311902  coadd_bf171768 1.49 -2.35 18.248     >18.248  99.990          37.90        19.14   0.127        0.064       
2457390.78106  2457390.78301  2016-01-03.2810605  coadd_bf172262 1.43 -2.35 18.725     >18.725  99.990          12.13        12.34   0.041        0.041       
2457394.69766  2457394.69946  2016-01-07.1976640  coadd_bf172690 1.48 -2.35 18.794     >18.794  99.990         -49.79        11.57   -0.167       0.039       
2457396.62492  2457396.62663  2016-01-09.1249233  coadd_bf173161 1.42 -2.35 18.808     >18.808  99.990         -20.47        11.43   -0.069       0.038       
2457399.75731  2457399.75889  2016-01-12.2573163  coadd_bf174226 1.51 -2.35 18.683     >18.683  99.990         -29.57        12.82   -0.099       0.043       
2457401.68556  2457401.68705  2016-01-14.1855631  coadd_bf174755 1.44 -2.35 18.807     >18.807  99.990         -27.75        11.44   -0.093       0.038       
2457403.74632  2457403.74771  2016-01-16.2463212  coadd_bf175287 1.47 -2.35 18.574     >18.574  99.990         -37.23        14.18   -0.125       0.048       
2457405.73048  2457405.73178  2016-01-18.2304822  coadd_bf175889 1.45 -2.35 18.768     >18.768  99.990         -16.87        11.86   -0.057       0.040       
2457407.73778  2457407.73899  2016-01-20.2377864  coadd_bf176532 1.44 -2.35 17.569     >17.569  99.990         -79.66        35.76   -0.267       0.120       
2457410.72905  2457410.73011  2016-01-23.2290530  coadd_bf177490 1.46 -2.35 17.321     >17.321  99.990          55.39        44.92   0.186        0.151       
2457412.70584  2457412.70680  2016-01-25.2058452  coadd_bf177843 1.55 -2.35 17.447     >17.447  99.990         -29.74        40.02   -0.100       0.134       
2457413.64100  2457413.64192  2016-01-26.1410076  coadd_bf178116 1.44 -2.35 17.947     >17.947  99.990          37.09        25.26   0.124        0.085       
2457416.71069  2457416.71146  2016-01-29.2106983  coadd_bf178801 1.44 -2.35 18.148     >18.148  99.990         -16.37        20.99   -0.055       0.070       
2457418.66420  2457418.66486  2016-01-31.1641989  coadd_bf179141 1.42 -2.35 18.646     >18.646  99.990         -28.95        13.26   -0.097       0.045       
2457420.62244  2457420.62300  2016-02-02.1224434  coadd_bf179633 1.39 -2.35 18.952     >18.952  99.990          -6.69        10.00   -0.022       0.034       
2457422.69740  2457422.69785  2016-02-04.1973982  coadd_bf180361 1.39 -2.35 18.336     >18.336  99.990         -16.73        17.65   -0.056       0.059       
2457423.64847  2457423.64888  2016-02-05.1484752  coadd_bf180692 1.39 -2.35 18.297     >18.297  99.990           7.08        18.29   0.024        0.061       
2457425.68989  2457425.69019  2016-02-07.1898921  coadd_bf181479 1.41 -2.35 18.447     >18.447  99.990         -53.61        15.93   -0.180       0.053       
2457427.67873  2457427.67893  2016-02-09.1787361  coadd_bf182158 1.43 -2.35 18.619     >18.619  99.990         -13.14        13.60   -0.044       0.046       
2457428.59004  2457428.59019  2016-02-10.0900424  coadd_bf182439 1.46 -2.35 18.752     >18.752  99.990           0.89        12.03   0.003        0.040       
2457436.65696  2457436.65669  2016-02-18.1569673  coadd_bf184745 1.41 -2.35 18.075     >18.075  99.990          12.75        22.43   0.043        0.075       
2457439.65071  2457439.65027  2016-02-21.1507138  coadd_bf185806 1.42 -2.35 17.764     >17.764  99.990         -54.09        29.90   -0.181       0.100       
2457441.63961  2457441.63907  2016-02-23.1396085  coadd_bf186517 1.45 -2.35 17.624     >17.624  99.990         -86.38        34.01   -0.290       0.114       
2457444.63150  2457444.63081  2016-02-26.1315009  coadd_bf187044 1.57 -2.35 17.841     >17.841  99.990          46.13        27.85   0.155        0.093       
2457446.53362  2457446.53284  2016-02-28.0336269  coadd_bf187701 1.44 -2.35 18.986     >18.986  99.990          -2.60         9.70   -0.009       0.033       
2457447.51327  2457447.51243  2016-02-29.0132696  coadd_bf188053 1.47 -2.35 18.602     >18.602  99.990         -32.31        13.81   -0.108       0.046       
2457452.61416  2457452.61307  2016-03-05.1141681  coadd_bf189519 1.52 -2.35 18.559     >18.559  99.990         -27.62        14.37   -0.093       0.048       
2457458.59393  2457458.59255  2016-03-11.0939295  coadd_bf191134 1.49 -2.35 18.520     >18.520  99.990          24.80        14.89   0.083        0.050       
2457459.49929  2457459.49786  2016-03-11.9992871  coadd_bf191390 1.91 -2.35 18.332     >18.332  99.990          24.41        17.71   0.082        0.059       
2457464.57067  2457464.56903  2016-03-17.0706776  coadd_bf192589 1.48 -2.35 17.698      17.417  0.282          123.32        31.76   0.414        0.107       
2457466.57177  2457466.57003  2016-03-19.0717700  coadd_bf193782 1.43 -2.35 17.843     >17.843  99.990         -53.15        27.80   -0.178       0.093       
2457467.56757  2457467.56579  2016-03-20.0675707  coadd_bf194225 1.47 -2.35 17.858     >17.858  99.990           2.96        27.41   0.010        0.092       
2457470.55712  2457470.55521  2016-03-23.0571182  coadd_bf195274 1.65 -2.35 17.581     >17.581  99.990         -53.81        35.37   -0.181       0.119       
2457476.53819  2457476.53605  2016-03-29.0381900  coadd_bf196633 1.50 -2.35 18.757     >18.757  99.990         -33.16        11.97   -0.111       0.040       
2457477.48793  2457477.48576  2016-03-29.9879355  coadd_bf196989 1.46 -2.35 18.375     >18.375  99.990         -27.20        17.03   -0.091       0.057       
2457480.54363  2457480.54134  2016-04-02.0436289  coadd_bf198074 1.47 -2.35 18.189     >18.189  99.990          51.58        20.20   0.173        0.068       
2457485.51289  2457485.51044  2016-04-07.0128905  coadd_bf199082 1.54 -2.35 18.738     >18.738  99.990           3.33        12.19   0.011        0.041       
2457577.92141  2457577.91957  2016-07-08.4214061  coadd_bf212090 1.63 -2.35 18.646     >18.646  99.990          13.65        13.26   0.046        0.045       
2457587.90841  2457587.90700  2016-07-18.4084079  coadd_bf213999 1.46 -2.35 18.075     >18.075  99.990         -31.05        22.45   -0.104       0.075       
2457592.89043  2457592.88925  2016-07-23.3904291  coadd_bf215254 2.01 -2.35 18.109     >18.109  99.990         -14.85        21.75   -0.050       0.073       
2457597.88181  2457597.88087  2016-07-28.3818084  coadd_bf216655 1.58 -2.35 16.566     >16.566  99.990          41.68        90.06   0.140        0.302       
2457598.90421  2457598.90332  2016-07-29.4042166  coadd_bf217098 1.38 -2.35 18.334     >18.334  99.990          15.64        17.67   0.052        0.059       
2457602.86318  2457602.86248  2016-08-02.3631822  coadd_bf218397 1.45 -2.35 18.762     >18.762  99.990          -9.54        11.92   -0.032       0.040       
2457603.86044  2457603.85980  2016-08-03.3604444  coadd_bf218819 1.38 -2.35 18.646     >18.646  99.990           2.88        13.26   0.010        0.044       
2457606.85363  2457606.85314  2016-08-06.3536347  coadd_bf220067 1.42 -2.35 18.850     >18.850  99.990           4.10        10.99   0.014        0.037       
2457609.84854  2457609.84820  2016-08-09.3485394  coadd_bf221302 1.45 -2.35 18.394     >18.394  99.990          24.16        16.73   0.081        0.056       
2457610.84090  2457610.84061  2016-08-10.3409065  coadd_bf221650 1.53 -2.35 18.935     >18.935  99.990          13.81        10.17   0.046        0.034       
2457615.82705  2457615.82701  2016-08-15.3270487  coadd_bf223254 1.45 -2.35 18.199     >18.199  99.990          44.95        20.01   0.151        0.067       
2457616.82733  2457616.82734  2016-08-16.3273292  coadd_bf223668 1.46 -2.35 18.005     >18.005  99.990          14.88        23.94   0.050        0.080       
2457617.82744  2457617.82750  2016-08-17.3274383  coadd_bf224083 1.60 -2.35 17.960     >17.960  99.990          -3.70        24.94   -0.012       0.084       
2457618.82014  2457618.82026  2016-08-18.3201428  coadd_bf224492 1.42 -2.35 17.660     >17.660  99.990         -87.40        32.90   -0.293       0.110       
2457622.81366  2457622.81398  2016-08-22.3136589  coadd_bf226121 1.63 -2.35 18.141     >18.141  99.990           7.50        21.11   0.025        0.071       
2457625.90585  2457625.90633  2016-08-25.4058565  coadd_bf227418 1.49 -2.35 18.544     >18.544  99.990           0.35        14.56   0.001        0.049       
2457630.78652  2457630.78725  2016-08-30.2865280  coadd_bf228630 1.50 -2.35 18.668     >18.668  99.990          13.29        13.00   0.045        0.044       
2457632.91823  2457632.91906  2016-09-01.4182329  coadd_bf229349 2.17 -2.35 18.328     >18.328  99.990         -12.23        17.78   -0.041       0.060       
2457633.78766  2457633.78853  2016-09-02.2876622  coadd_bf229652 2.36 -2.35 18.660     >18.660  99.990          -5.77        13.09   -0.019       0.044       
2457636.88392  2457636.88495  2016-09-05.3839265  coadd_bf230818 1.52 -2.35 18.817     >18.817  99.990           9.23        11.33   0.031        0.038       
2457639.76396  2457639.76512  2016-09-08.2639564  coadd_bf231775 1.46 -2.35 18.786     >18.786  99.990          -6.60        11.66   -0.022       0.039       
2457640.90911  2457640.91033  2016-09-09.4091138  coadd_bf232243 1.52 -2.35 18.631     >18.631  99.990          26.48        13.45   0.089        0.045       
2457643.75347  2457643.75482  2016-09-12.2534722  coadd_bf233305 1.66 -2.35 18.107     >18.107  99.990         -13.65        21.78   -0.046       0.073       
2457647.75903  2457647.76055  2016-09-16.2590297  coadd_bf234583 1.49 -2.35 17.587     >17.587  99.990         -23.28        35.17   -0.078       0.118       
2457651.73851  2457651.74021  2016-09-20.2385082  coadd_bf235624 1.45 -2.35 17.597     >17.597  99.990          -6.28        34.85   -0.021       0.117       
2457652.86377  2457652.86551  2016-09-21.3637656  coadd_bf236100 1.44 -2.35 17.457     >17.457  99.990           6.36        39.65   0.021        0.133       
2457653.79889  2457653.80067  2016-09-22.2988906  coadd_bf236431 1.41 -2.35 18.251     >18.251  99.990          10.91        19.08   0.037        0.064       
2457655.81562  2457655.81749  2016-09-24.3156203  coadd_bf237207 1.48 -2.35 18.725     >18.725  99.990          -7.73        12.34   -0.026       0.041       
2457658.71763  2457658.71961  2016-09-27.2176306  coadd_bf238275 1.45 -2.35 18.980     >18.980  99.990          -9.42         9.75   -0.032       0.033       
2457662.70143  2457662.70356  2016-10-01.2014312  coadd_bf239774 1.52 -2.35 18.669     >18.669  99.990         -47.30        12.98   -0.159       0.044       
2457664.69442  2457664.69663  2016-10-03.1944224  coadd_bf240515 1.61 -2.35 18.859     >18.859  99.990          11.78        10.90   0.040        0.037       
2457668.68840  2457668.69074  2016-10-07.1884037  coadd_bf241677 1.53 -2.35 18.619     >18.619  99.990         -50.00        13.59   -0.168       0.046       
2457670.67777  2457670.68017  2016-10-09.1777694  coadd_bf242403 1.50 -2.35 17.992     >17.992  99.990          51.07        24.22   0.171        0.081       
2457671.76146  2457671.76389  2016-10-10.2614586  coadd_bf242830 1.50 -2.35 18.734     >18.734  99.990          19.49        12.23   0.065        0.041       
2457672.70286  2457672.70532  2016-10-11.2028662  coadd_bf243023 1.47 -2.35 17.840     >17.840  99.990         -46.63        27.86   -0.156       0.093       
2457674.87402  2457674.87653  2016-10-13.3740182  coadd_bf243426 1.46 -2.35 18.564     >18.564  99.990          35.91        14.31   0.120        0.048       
2457684.72290  2457684.72566  2016-10-23.2229034  coadd_bf245160 1.67 -2.35 18.911     >18.911  99.990          10.06        10.39   0.034        0.035       
2457689.62721  2457689.63006  2016-10-28.1272144  coadd_bf246320 1.45 -2.35 18.610      18.036  0.215           69.76        13.71   0.234        0.046       
2457695.76093  2457695.76385  2016-11-03.2609311  coadd_bf247897 1.38 -2.35 18.300     >18.300  99.990          11.13        18.24   0.037        0.061       
2457698.74720  2457698.75014  2016-11-06.2471961  coadd_bf248632 1.42 -2.35 18.765     >18.765  99.990          -1.56        11.89   -0.005       0.040       
2457702.78376  2457702.78674  2016-11-10.2837623  coadd_bf249745 1.44 -2.35 18.606     >18.606  99.990          13.26        13.76   0.044        0.046       
2457708.68878  2457708.69176  2016-11-16.1887815  coadd_bf251174 1.47 -2.35 17.749     >17.749  99.990         -37.42        30.31   -0.126       0.102       
2457711.81973  2457711.82270  2016-11-19.3197302  coadd_bf251973 1.45 -2.35 18.045     >18.045  99.990          23.21        23.07   0.078        0.077       
2457713.59727  2457713.60024  2016-11-21.0972739  coadd_bf252415 1.50 -2.35 18.827     >18.827  99.990           9.52        11.23   0.032        0.038       
2457718.53506  2457718.53799  2016-11-26.0350637  coadd_bf253478 1.54 -2.35 18.705     >18.705  99.990          32.00        12.56   0.107        0.042       
2457720.85359  2457720.85649  2016-11-28.3535918  coadd_bf254351 1.47 -2.35 18.134     >18.134  99.990         -43.53        21.26   -0.146       0.071       
2457721.68759  2457721.69048  2016-11-29.1875901  coadd_bf254542 1.42 -2.35 18.722     >18.722  99.990          23.26        12.37   0.078        0.042       
2457722.52964  2457722.53252  2016-11-30.0296427  coadd_bf254742 1.53 -2.35 18.468     >18.468  99.990          -8.11        15.62   -0.027       0.052       
2457726.68247  2457726.68529  2016-12-04.1824769  coadd_bf255908 1.44 -2.35 18.949     >18.949  99.990          13.86        10.04   0.047        0.034       
2457727.57204  2457727.57484  2016-12-05.0720440  coadd_bf256146 1.45 -2.35 18.613     >18.613  99.990          27.73        13.67   0.093        0.046       
2457730.60117  2457730.60391  2016-12-08.1011697  coadd_bf257115 1.43 -2.35 18.503     >18.503  99.990         -21.94        15.14   -0.074       0.051       
2457737.74841  2457737.75098  2016-12-15.2484078  coadd_bf258025 1.57 -2.35 17.537     >17.537  99.990           6.08        36.82   0.020        0.124       
2457740.75367  2457740.75615  2016-12-18.2536730  coadd_bf258974 1.38 -2.35 18.119     >18.119  99.990          53.61        21.55   0.180        0.072       
2457743.68695  2457743.68934  2016-12-21.1869497  coadd_bf259865 1.48 -2.35 18.775     >18.775  99.990         -18.23        11.78   -0.061       0.040       
2457744.53284  2457744.53521  2016-12-22.0328467  coadd_bf260062 1.87 -2.35 17.729     >17.729  99.990        -109.23        30.88   -0.366       0.104       
2457745.80896  2457745.81129  2016-12-23.3089625  coadd_bf260583 1.42 -2.35 18.560     >18.560  99.990          15.62        14.36   0.052        0.048       
2457746.65961  2457746.66191  2016-12-24.1596123  coadd_bf260755 1.40 -2.35 18.779     >18.779  99.990         -11.52        11.73   -0.039       0.039       
2457748.53798  2457748.54021  2016-12-26.0379781  coadd_bf261238 1.40 -2.35 18.638      18.448  0.306           47.75        13.36   0.160        0.045       
2457751.57829  2457751.58042  2016-12-29.0782975  coadd_bf261953 1.47 -2.35 18.883     >18.883  99.990          15.43        10.67   0.052        0.036       
2457752.53879  2457752.54089  2016-12-30.0387958  coadd_bf262238 1.60 -2.35 18.581     >18.581  99.990         -12.69        14.08   -0.043       0.047       
2457755.61057  2457755.61254  2017-01-02.1105738  coadd_bf263238 1.52 -2.35 18.650     >18.650  99.990         -41.20        13.22   -0.138       0.044       
2457756.54717  2457756.54910  2017-01-03.0471662  coadd_bf263504 1.59 -2.35 18.677     >18.677  99.990          11.62        12.89   0.039        0.043       
2457757.58675  2457757.58865  2017-01-04.0867542  coadd_bf263851 1.47 -2.35 18.825     >18.825  99.990          14.86        11.24   0.050        0.038       
2457758.63065  2457758.63250  2017-01-05.1306553  coadd_bf264201 1.50 -2.35 18.637     >18.637  99.990           9.16        13.37   0.031        0.045       
2457760.66114  2457760.66291  2017-01-07.1611484  coadd_bf264765 1.44 -2.35 18.330     >18.330  99.990           7.28        17.75   0.024        0.060       
2457762.70958  2457762.71126  2017-01-09.2095813  coadd_bf265439 1.43 -2.35 17.414     >17.414  99.990          59.75        41.26   0.200        0.138       
2457763.74728  2457763.74891  2017-01-10.2472848  coadd_bf265786 1.49 -2.35 17.613     >17.613  99.990          25.39        34.35   0.085        0.115       
2457765.70570  2457765.70725  2017-01-12.2057038  coadd_bf266396 1.41 -2.35 17.193     >17.193  99.990        -116.34        50.57   -0.390       0.170       
2457768.72290  2457768.72431  2017-01-15.2229030  coadd_bf267371 1.54 -2.35 17.660     >17.660  99.990        -116.80        32.88   -0.392       0.110       
2457771.74217  2457771.74344  2017-01-18.2421777  coadd_bf268165 1.42 -2.35 18.131     >18.131  99.990           6.21        21.32   0.021        0.072       
2457772.61626  2457772.61749  2017-01-19.1162642  coadd_bf268393 1.45 -2.35 18.737     >18.737  99.990          29.00        12.20   0.097        0.041       
2457773.53732  2457773.53850  2017-01-20.0373239  coadd_bf268656 1.43 -2.35 18.701     >18.701  99.990           7.72        12.60   0.026        0.042       
2457778.63782  2457778.63875  2017-01-25.1378236  coadd_bf270076 1.43 -2.35 18.625     >18.625  99.990          12.44        13.52   0.042        0.045       
2457781.54243  2457781.54322  2017-01-28.0424355  coadd_bf270985 1.52 -2.35 18.649     >18.649  99.990          -9.10        13.22   -0.031       0.044       
2457782.52589  2457782.52663  2017-01-29.0258951  coadd_bf271291 1.57 -2.35 18.009      17.826  0.308           84.67        23.84   0.284        0.080       
2457783.54942  2457783.55010  2017-01-30.0494268  coadd_bf271637 1.43 -2.35 18.885     >18.885  99.990          -2.29        10.65   -0.008       0.036       
2457784.54094  2457784.54157  2017-01-31.0409483  coadd_bf271962 1.43 -2.35 18.699     >18.699  99.990          14.97        12.63   0.050        0.042       
2457787.53135  2457787.53183  2017-02-03.0313569  coadd_bf272862 1.43 -2.35 18.197     >18.197  99.990          26.51        20.06   0.089        0.067       
2457791.58091  2457791.58118  2017-02-07.0809175  coadd_bf273994 1.46 -2.35 18.273     >18.273  99.990          20.51        18.71   0.069        0.063       
2457795.66126  2457795.66131  2017-02-11.1612673  coadd_bf275157 1.50 -2.35 16.856     >16.856  99.990        -157.48        68.94   -0.528       0.231       
2457798.66727  2457798.66716  2017-02-14.1672707  coadd_bf276104 1.38 -2.35 17.732     >17.732  99.990         -57.38        30.78   -0.193       0.103       
2457800.60261  2457800.60240  2017-02-16.1026119  coadd_bf276750 1.55 -2.35 18.724     >18.724  99.990         -15.98        12.34   -0.054       0.041       
2457802.51351  2457802.51320  2017-02-18.0135091  coadd_bf277382 1.93 -2.35 17.715      17.623  0.336          102.02        31.27   0.342        0.105       
2457805.64703  2457805.64655  2017-02-21.1470277  coadd_bf278535 1.41 -2.35 18.465      18.116  0.264           64.83        15.68   0.218        0.053       
2457806.61784  2457806.61732  2017-02-22.1178422  coadd_bf278866 1.49 -2.35 18.666     >18.666  99.990           6.51        13.03   0.022        0.044       
2457808.64195  2457808.64132  2017-02-24.1419523  coadd_bf279506 1.43 -2.35 18.605     >18.605  99.990         -32.39        13.77   -0.109       0.046       
2457816.61947  2457816.61844  2017-03-04.1194680  coadd_bf280547 1.59 -2.35 18.385     >18.385  99.990         -29.01        16.87   -0.097       0.057       
2457818.60899  2457818.60786  2017-03-06.1089878  coadd_bf281243 1.47 -2.35 18.116     >18.116  99.990         -46.61        21.61   -0.156       0.073       
2457823.57207  2457823.57071  2017-03-11.0720758  coadd_bf282539 1.55 -2.35 17.492     >17.492  99.990         -98.81        38.41   -0.332       0.129       
2457826.58949  2457826.58799  2017-03-14.0894936  coadd_bf283637 1.47 -2.35 17.402     >17.402  99.990         -85.32        41.70   -0.286       0.140       
2457828.54002  2457828.53842  2017-03-16.0400207  coadd_bf284351 1.42 -2.35 18.761     >18.761  99.990          23.05        11.93   0.077        0.040       
2457834.53859  2457834.53674  2017-03-22.0385886  coadd_bf286530 1.44 -2.35 18.664     >18.664  99.990         -54.20        13.05   -0.182       0.044       
2457835.55357  2457835.55168  2017-03-23.0535733  coadd_bf286920 1.41 -2.35 18.751     >18.751  99.990           4.68        12.04   0.016        0.040       
2457837.48440  2457837.48243  2017-03-24.9844059  coadd_bf287621 1.53 -2.35 17.563     >17.563  99.990          28.96        35.95   0.097        0.121       
2457838.53578  2457838.53377  2017-03-26.0357895  coadd_bf288045 1.43 -2.35 18.699     >18.699  99.990          -5.65        12.63   -0.019       0.042       
2457839.53502  2457839.53297  2017-03-27.0350285  coadd_bf288418 1.41 -2.35 18.631     >18.631  99.990          32.21        13.45   0.108        0.045       
2457844.53427  2457844.53203  2017-04-01.0342709  coadd_bf289384 1.43 -2.35 18.450     >18.450  99.990          26.27        15.89   0.088        0.053       
2457846.52900  2457846.52669  2017-04-03.0290021  coadd_bf290162 1.42 -2.35 18.133     >18.133  99.990         -22.54        21.28   -0.076       0.071       
2457848.52333  2457848.52095  2017-04-05.0233319  coadd_bf290917 1.45 -2.35 17.937     >17.937  99.990          63.00        25.48   0.211        0.086       
2457851.50744  2457851.50497  2017-04-08.0074425  coadd_bf291859 1.49 -2.35 17.870     >17.870  99.990          51.38        27.10   0.172        0.091       
2457852.50326  2457852.50077  2017-04-09.0032678  coadd_bf292264 1.55 -2.35 17.819     >17.819  99.990         -18.20        28.41   -0.061       0.095       
2457853.50200  2457853.49948  2017-04-10.0020035  coadd_bf292671 1.65 -2.35 17.617     >17.617  99.990          40.34        34.22   0.135        0.115       
2457854.47056  2457854.46800  2017-04-10.9705622  coadd_bf293051 1.70 -2.35 16.928     >16.928  99.990        -186.84        64.55   -0.627       0.217       
2457857.48760  2457857.48496  2017-04-13.9876027  coadd_bf294243 1.50 -2.35 18.697     >18.697  99.990          17.80        12.65   0.060        0.042       
2457864.47102  2457864.46822  2017-04-20.9710253  coadd_bf295666 1.60 -2.35 18.220     >18.220  99.990         -12.21        19.63   -0.041       0.066       
2457942.91706  2457942.91521  2017-07-08.4170656  coadd_bf321590 1.52 -2.35 17.570     >17.570  99.990         -14.42        35.72   -0.048       0.120       
2457945.91022  2457945.90849  2017-07-11.4102186  coadd_bf322906 1.43 -2.35 17.816      17.323  0.232          134.55        28.48   0.451        0.096       
2457951.91204  2457951.91058  2017-07-17.4120489  coadd_bf325110 1.47 -2.35 18.690     >18.690  99.990           6.94        12.73   0.023        0.043       
2457956.89365  2457956.89242  2017-07-22.3936548  coadd_bf326914 1.43 -2.35 18.660     >18.660  99.990          22.88        13.10   0.077        0.044       
2457959.89088  2457959.88979  2017-07-25.3908877  coadd_bf328125 1.42 -2.35 18.682     >18.682  99.990          13.30        12.83   0.045        0.043       
2457963.88129  2457963.88038  2017-07-29.3812965  coadd_bf329852 1.48 -2.35 17.512     >17.512  99.990         -42.93        37.71   -0.144       0.127       
2457966.90114  2457966.90038  2017-08-01.4011383  coadd_bf331157 1.63 -2.35 18.759     >18.759  99.990          29.35        11.96   0.098        0.040       
2457969.86047  2457969.85987  2017-08-04.3604780  coadd_bf332348 1.51 -2.35 18.625     >18.625  99.990          -2.92        13.52   -0.010       0.045       
2457970.86080  2457970.86024  2017-08-05.3608086  coadd_bf332780 1.43 -2.35 18.133     >18.133  99.990         -10.66        21.27   -0.036       0.071       
2457971.85609  2457971.85559  2017-08-06.3560956  coadd_bf333195 1.40 -2.35 18.069     >18.069  99.990           3.77        22.57   0.013        0.076       
2457972.87885  2457972.87839  2017-08-07.3788502  coadd_bf333520 1.46 -2.35 16.949     >16.949  99.990         -27.45        63.31   -0.092       0.212       
2457978.84897  2457978.84882  2017-08-13.3489693  coadd_bf334913 2.13 -2.35 18.079     >18.079  99.990          -3.43        22.37   -0.011       0.075       
2457979.85242  2457979.85232  2017-08-14.3524208  coadd_bf335340 1.41 -2.35 18.267     >18.267  99.990         -57.75        18.81   -0.194       0.063       
2457983.81986  2457983.81996  2017-08-18.3198644  coadd_bf336888 1.47 -2.35 18.674     >18.674  99.990          35.09        12.93   0.118        0.043       
2457996.83228  2457996.83304  2017-08-31.3322780  coadd_bf338777 1.38 -2.35 17.565     >17.565  99.990          25.25        35.91   0.085        0.120       
2457999.78400  2457999.78491  2017-09-03.2840041  coadd_bf339426 1.55 -2.35 18.127     >18.127  99.990          16.96        21.39   0.057        0.072       
2458001.87695  2458001.87796  2017-09-05.3769534  coadd_bf340181 1.61 -2.35 17.965     >17.965  99.990          47.28        24.84   0.159        0.083       
2458005.76140  2458005.76259  2017-09-09.2614016  coadd_bf341324 1.65 -2.35 17.671     >17.671  99.990         -77.91        32.57   -0.261       0.109       
2458009.83834  2458009.83972  2017-09-13.3383378  coadd_bf342177 1.76 -2.35 18.558     >18.558  99.990          20.61        14.38   0.069        0.048       
2458012.74727  2458012.74878  2017-09-16.2472711  coadd_bf343199 2.03 -2.35 18.922     >18.922  99.990         -27.52        10.29   -0.092       0.035       
2458015.73551  2458015.73715  2017-09-19.2355053  coadd_bf344235 1.46 -2.35 18.633     >18.633  99.990          24.24        13.42   0.081        0.045       
2458019.72467  2458019.72648  2017-09-23.2246831  coadd_bf345679 1.45 -2.35 18.884     >18.884  99.990           6.39        10.65   0.021        0.036       
2458022.80965  2458022.81158  2017-09-26.3096471  coadd_bf346697 1.45 -2.35 18.903     >18.903  99.990          13.70        10.47   0.046        0.035       
2458028.80720  2458028.80937  2017-10-02.3072062  coadd_bf348179 1.38 -2.35 18.344     >18.344  99.990         -27.34        17.52   -0.092       0.059       
2458029.69981  2458029.70201  2017-10-03.1998207  coadd_bf348449 1.45 -2.35 17.888     >17.888  99.990          25.19        26.65   0.085        0.089       
2458033.73727  2458033.73960  2017-10-07.2372765  coadd_bf349900 1.47 -2.35 17.853     >17.853  99.990          28.67        27.53   0.096        0.092       
2458036.73506  2458036.73748  2017-10-10.2350589  coadd_bf351002 1.48 -2.35 18.165     >18.165  99.990          37.36        20.66   0.125        0.069       
2458040.79034  2458040.79288  2017-10-14.2903459  coadd_bf352482 2.10 -2.35 18.763     >18.763  99.990          -1.21        11.91   -0.004       0.040       
2458043.70459  2458043.70721  2017-10-17.2046049  coadd_bf353357 1.48 -2.35 18.557     >18.557  99.990         -35.46        14.39   -0.119       0.048       
2458084.54244  2458084.54536  2017-11-27.0424431  coadd_bf362465 1.42 -2.35 18.407     >18.407  99.990         -41.45        16.54   -0.139       0.055       
2458085.55907  2458085.56198  2017-11-28.0590755  coadd_bf362803 1.45 -2.35 18.425     >18.425  99.990          22.55        16.26   0.076        0.055       
2458086.70896  2458086.71185  2017-11-29.2089613  coadd_bf363243 1.48 -2.35 18.399     >18.399  99.990          -6.63        16.65   -0.022       0.056       
2458087.52130  2458087.52418  2017-11-30.0213016  coadd_bf363423 1.58 -2.35 17.717     >17.717  99.990          87.77        31.22   0.295        0.105       
2458091.58179  2458091.58461  2017-12-04.0817870  coadd_bf364597 1.54 -2.35 17.769     >17.769  99.990         -60.93        29.74   -0.204       0.100       
2458095.80171  2458095.80445  2017-12-08.3017129  coadd_bf365656 1.40 -2.35 18.289     >18.289  99.990           4.15        18.43   0.014        0.062       
2458097.62360  2458097.62630  2017-12-10.1236061  coadd_bf366154 1.45 -2.35 18.754     >18.754  99.990           0.06        12.01   0.000        0.040       
2458099.52935  2458099.53201  2017-12-12.0293559  coadd_bf366382 1.50 -2.35 18.287     >18.287  99.990          23.72        18.47   0.080        0.062       
2458101.73309  2458101.73569  2017-12-14.2330918  coadd_bf367035 1.51 -2.35 18.816     >18.816  99.990          12.65        11.34   0.042        0.038       
2458102.54536  2458102.54794  2017-12-15.0453600  coadd_bf367209 2.48 -2.35 18.370     >18.370  99.990         -18.13        17.11   -0.061       0.057       
2458103.73804  2458103.74059  2017-12-16.2380475  coadd_bf367677 1.45 -2.35 18.567     >18.567  99.990         -17.75        14.26   -0.060       0.048       
2458104.53076  2458104.53328  2017-12-17.0307583  coadd_bf367838 1.45 -2.35 18.477     >18.477  99.990           1.11        15.50   0.004        0.052       
2458117.75855  2458117.76065  2017-12-30.2585513  coadd_bf369682 1.44 -2.35 17.566     >17.566  99.990          -3.25        35.86   -0.011       0.120       
2458146.64166  2458146.64245  2018-01-28.1416579  coadd_bf377803 1.41 -2.35 17.833     >17.833  99.990          40.46        28.05   0.136        0.094       
2458171.54946  2458171.54895  2018-02-22.0494584  coadd_bf384506 1.39 -2.35 18.455     >18.455  99.990         -13.82        15.82   -0.046       0.053       
2458173.63757  2458173.63695  2018-02-24.1375687  coadd_bf385190 1.41 -2.35 18.207     >18.207  99.990         -32.43        19.87   -0.109       0.067       
2458175.62014  2458175.61942  2018-02-26.1201407  coadd_bf385902 1.45 -2.35 17.882     >17.882  99.990         -47.88        26.80   -0.161       0.090       
2458176.62980  2458176.62904  2018-02-27.1298033  coadd_bf386275 1.58 -2.35 17.606     >17.606  99.990          51.81        34.55   0.174        0.116       
2458178.62097  2458178.62010  2018-03-01.1209714  coadd_bf386970 1.49 -2.35 17.277     >17.277  99.990          99.04        46.81   0.332        0.157       
2458179.51986  2458179.51895  2018-03-02.0198582  coadd_bf387230 1.41 -2.35 17.463     >17.463  99.990           0.21        39.44   0.001        0.132       
2458189.58474  2458189.58334  2018-03-12.0847384  coadd_bf390687 1.40 -2.35 18.742     >18.742  99.990          -4.98        12.14   -0.017       0.041       
2458192.57459  2458192.57305  2018-03-15.0745966  coadd_bf391771 1.38 -2.35 18.674     >18.674  99.990         -20.60        12.92   -0.069       0.043       
2458195.57213  2458195.57046  2018-03-18.0721350  coadd_bf392930 1.55 -2.35 18.536     >18.536  99.990         -35.00        14.68   -0.117       0.049       
2458196.56375  2458196.56203  2018-03-19.0637484  coadd_bf393314 1.41 -2.35 18.636     >18.636  99.990          -1.06        13.39   -0.004       0.045       
2458197.56692  2458197.56516  2018-03-20.0669215  coadd_bf393707 1.39 -2.35 18.667     >18.667  99.990          -0.95        13.01   -0.003       0.044       
2458198.56829  2458198.56649  2018-03-21.0682944  coadd_bf394098 1.44 -2.35 18.441     >18.441  99.990         -38.49        16.01   -0.129       0.054       
2458199.52632  2458199.52448  2018-03-22.0263261  coadd_bf394445 1.43 -2.35 18.658     >18.658  99.990          -3.22        13.11   -0.011       0.044       
2458207.54193  2458207.53978  2018-03-30.0419376  coadd_bf397196 1.55 -2.35 17.427     >17.427  99.990          71.63        40.77   0.240        0.137       
2458208.55343  2458208.55124  2018-03-31.0534362  coadd_bf397610 1.62 -2.35 16.715     >16.715  99.990          80.79        78.50   0.271        0.263       
2458209.53651  2458209.53428  2018-04-01.0365118  coadd_bf398017 1.45 -2.35 17.226     >17.226  99.990         109.16        49.03   0.366        0.165       
2458210.52863  2458210.52637  2018-04-02.0286399  coadd_bf398433 1.44 -2.35 17.875     >17.875  99.990          78.71        26.98   0.264        0.091       
2458211.50453  2458211.50224  2018-04-03.0045368  coadd_bf398828 1.40 -2.35 18.540     >18.540  99.990         -31.68        14.62   -0.106       0.049       
2458214.50854  2458214.50614  2018-04-06.0085407  coadd_bf400232 1.49 -2.35 18.733     >18.733  99.990          12.80        12.25   0.043        0.041       
2458215.51251  2458215.51008  2018-04-07.0125105  coadd_bf400641 1.44 -2.35 18.370     >18.370  99.990          26.38        17.11   0.089        0.057       
2458216.51089  2458216.50844  2018-04-08.0108987  coadd_bf401047 1.45 -2.35 18.544     >18.544  99.990          -3.30        14.56   -0.011       0.049       
2458220.50432  2458220.50174  2018-04-12.0043184  coadd_bf402207 1.42 -2.35 18.455     >18.455  99.990         -19.72        15.82   -0.066       0.053       
2458224.49604  2458224.49336  2018-04-15.9960451  coadd_bf403431 1.51 -2.35 17.801     >17.801  99.990          16.56        28.88   0.056        0.097       
2458225.48197  2458225.47927  2018-04-16.9819770  coadd_bf403844 1.40 -2.35 17.680     >17.680  99.990         -16.81        32.28   -0.056       0.108       
2458232.46158  2458232.45872  2018-04-23.9615796  coadd_bf406721 1.57 -2.35 16.916     >16.916  99.990          -6.95        65.29   -0.023       0.219       
2458304.94129  2458304.93931  2018-07-05.4412914  coadd_bf414676 1.60 -2.35 17.289     >17.289  99.990          15.94        46.29   0.053        0.155       
2458308.92496  2458308.92314  2018-07-09.4249618  coadd_bf415841 1.43 -2.35 18.517     >18.517  99.990         -15.53        14.93   -0.052       0.050       
2458325.89144  2458325.89038  2018-07-26.3914473  coadd_bf422328 1.44 -2.35 17.796     >17.796  99.990          20.34        29.02   0.068        0.097       
2458328.88467  2458328.88375  2018-07-29.3846702  coadd_bf423060 1.47 -2.35 18.016     >18.016  99.990         -43.46        23.69   -0.146       0.079       
2458332.87053  2458332.86981  2018-08-02.3705305  coadd_bf424769 1.63 -2.35 17.774     >17.774  99.990         -89.85        29.62   -0.301       0.099       
2458341.91146  2458341.91119  2018-08-11.4114578  coadd_bf428394 1.45 -2.35 18.948     >18.948  99.990           5.38        10.04   0.018        0.034       
2458344.84858  2458344.84847  2018-08-14.3485784  coadd_bf429626 1.42 -2.35 18.882     >18.882  99.990           9.65        10.67   0.032        0.036       
2458345.83747  2458345.83741  2018-08-15.3374681  coadd_bf430044 1.44 -2.35 18.974     >18.974  99.990          -6.39         9.81   -0.021       0.033       
2458347.83039  2458347.83043  2018-08-17.3304019  coadd_bf430506 1.45 -2.35 18.873     >18.873  99.990           2.30        10.76   0.008        0.036       
2458352.82816  2458352.82846  2018-08-22.3281593  coadd_bf432042 1.45 -2.35 18.586     >18.586  99.990          20.51        14.02   0.069        0.047       
2458353.81805  2458353.81840  2018-08-23.3180503  coadd_bf432329 1.59 -2.35 17.416     >17.416  99.990           1.83        41.16   0.006        0.138       
2458355.81080  2458355.81125  2018-08-25.3108021  coadd_bf433158 1.49 -2.35 17.872     >17.872  99.990          16.91        27.05   0.057        0.091       
2458358.80014  2458358.80074  2018-08-28.3001436  coadd_bf433993 1.67 -2.35 17.798     >17.798  99.990          49.96        28.97   0.168        0.097       
2458360.83867  2458360.83938  2018-08-30.3386766  coadd_bf434847 1.71 -2.35 18.175     >18.175  99.990         -23.54        20.47   -0.079       0.069       
2458364.90645  2458364.90735  2018-09-03.4064489  coadd_bf436265 1.45 -2.35 18.476     >18.476  99.990         -46.19        15.50   -0.155       0.052       
2458366.79534  2458366.79633  2018-09-05.2953403  coadd_bf436995 1.42 -2.35 18.853     >18.853  99.990         -14.95        10.96   -0.050       0.037       
2458367.78104  2458367.78208  2018-09-06.2810353  coadd_bf437378 1.41 -2.35 18.613     >18.613  99.990          37.20        13.68   0.125        0.046       
2458372.76346  2458372.76474  2018-09-11.2634641  coadd_bf439369 1.68 -2.35 18.914     >18.914  99.990         -10.70        10.37   -0.036       0.035       
2458375.76095  2458375.76237  2018-09-14.2609504  coadd_bf440207 1.50 -2.35 18.859     >18.859  99.990          -5.64        10.90   -0.019       0.037       
2458377.79152  2458377.79303  2018-09-16.2915217  coadd_bf441023 1.69 -2.35 18.798     >18.798  99.990          30.76        11.53   0.103        0.039       
2458383.74158  2458383.74335  2018-09-22.2415829  coadd_bf443234 1.51 -2.35 17.952     >17.952  99.990          28.37        25.13   0.095        0.084       
2458384.73023  2458384.73204  2018-09-23.2302399  coadd_bf443621 1.46 -2.35 17.597     >17.597  99.990          76.21        34.86   0.256        0.117       
2458385.73467  2458385.73651  2018-09-24.2346659  coadd_bf444018 1.40 -2.35 17.476     >17.476  99.990          40.06        38.97   0.134        0.131       
