###  JD        HJD            UT_date             IMAGE          FWHM  Diff Limit      mag   mag_err       counts     count_err  flux (mJy)    flux_err
2456337.01598  2456337.01662  2013-02-13.5159824  coadd_bb036295 2.24 -1.86 19.234     >19.234  99.990          -7.09        12.12   -0.015       0.026       
2456345.10838  2456345.10973  2013-02-21.6084188  coadd_bb037517 2.95 -1.86 18.912     >18.912  99.990         -16.06        16.31   -0.034       0.035       
2456359.08025  2456359.08274  2013-03-07.5802510  coadd_bb040320 3.21 -1.86 18.757     >18.757  99.990         -51.05        18.80   -0.109       0.040       
2456370.99745  2456371.00081  2013-03-19.4974553  coadd_bb041495 2.10 -1.86 18.850     >18.850  99.990         -22.90        17.25   -0.049       0.037       
2456386.96676  2456386.97105  2013-04-04.4667641  coadd_bb043078 1.81 -1.86 19.090     >19.090  99.990          20.77        13.84   0.044        0.030       
2456389.07286  2456389.07725  2013-04-06.5728693  coadd_bb043697 2.02 -1.86 18.982     >18.982  99.990         -13.07        15.29   -0.028       0.033       
2456390.06646  2456390.07089  2013-04-07.5664626  coadd_bb043977 2.02 -1.86 19.060     >19.060  99.990          -6.77        14.22   -0.014       0.030       
2456397.97375  2456397.97849  2013-04-15.4737549  coadd_bb045595 2.04 -1.86 18.783     >18.783  99.990         -33.92        18.36   -0.072       0.039       
2456400.96793  2456400.97277  2013-04-18.4679405  coadd_bb046425 1.85 -1.86 18.887      18.882  0.363           50.27        16.68   0.107        0.036       
2456402.97878  2456402.98368  2013-04-20.4787855  coadd_bb046966 2.04 -1.86 18.712     >18.712  99.990        -113.79        19.59   -0.243       0.042       
2456411.93343  2456411.93851  2013-04-29.4334365  coadd_bb048923 2.43 -1.86 17.308     >17.308  99.990          -2.11        71.39   -0.005       0.153       
2456417.05745  2456417.06258  2013-05-04.5574612  coadd_bb049923 1.99 -1.86 18.731     >18.731  99.990          23.84        19.26   0.051        0.041       
2456443.89688  2456443.90166  2013-05-31.3968869  coadd_bb051673 1.73 -1.86 18.953     >18.953  99.990          -0.23        15.69   -0.000       0.034       
2456449.88711  2456449.89167  2013-06-06.3871119  coadd_bb052881 1.77 -1.86 18.598     >18.598  99.990         -28.78        21.76   -0.062       0.047       
2456458.86316  2456458.86730  2013-06-15.3631585  coadd_bb055094 1.80 -1.86 18.681     >18.681  99.990         -97.36        20.16   -0.208       0.043       
2456462.85873  2456462.86267  2013-06-19.3587341  coadd_bb056260 1.81 -1.86 17.825     >17.825  99.990          -3.75        44.37   -0.008       0.095       
2456468.84849  2456468.85206  2013-06-25.3484895  coadd_bb058071 2.02 -1.86 17.234     >17.234  99.990         159.61        76.44   0.341        0.163       
2456473.84573  2456473.84899  2013-06-30.3457343  coadd_bb059404 2.00 -1.86 18.786     >18.786  99.990         -48.14        18.30   -0.103       0.039       
2456477.83127  2456477.83425  2013-07-04.3312738  coadd_bb060560 2.01 -1.86 18.859     >18.859  99.990          10.43        17.12   0.022        0.037       
2456482.83350  2456482.83612  2013-07-09.3335074  coadd_bb062218 1.99 -1.86 18.762     >18.762  99.990         -42.31        18.72   -0.090       0.040       
2456486.81181  2456486.81412  2013-07-13.3118105  coadd_bb063373 1.74 -1.86 18.940     >18.940  99.990         -15.53        15.89   -0.033       0.034       
2456491.80731  2456491.80923  2013-07-18.3073125  coadd_bb065141 2.09 -1.86 18.073     >18.073  99.990         -43.87        35.31   -0.094       0.075       
2456497.81675  2456497.81818  2013-07-24.3167526  coadd_bb066781 2.18 -1.86 17.815     >17.815  99.990         -85.39        44.76   -0.182       0.096       
2456510.80503  2456510.80535  2013-08-06.3050351  coadd_bb068822 2.51 -1.86 19.058     >19.058  99.990           7.95        14.25   0.017        0.030       
2456512.79318  2456512.79334  2013-08-08.2931893  coadd_bb069361 2.02 -1.86 18.812     >18.812  99.990         -22.52        17.86   -0.048       0.038       
2456519.76015  2456519.75970  2013-08-15.2601476  coadd_bb071197 2.43 -1.86 18.206     >18.206  99.990          23.96        31.22   0.051        0.067       
2456525.74011  2456525.73915  2013-08-21.2401180  coadd_bb072823 2.87 -1.86 17.689     >17.689  99.990         105.44        50.29   0.225        0.107       
2456644.15879  2456644.15501  2013-12-17.6587952  coadd_bb097317 2.31 -1.86 17.293     >17.293  99.990         -56.40        72.44   -0.121       0.155       
2456657.12412  2456657.12116  2013-12-30.6241210  coadd_bb099982 2.83 -1.86 18.541     >18.541  99.990          10.74        22.95   0.023        0.049       
2456658.14270  2456658.13982  2013-12-31.6427027  coadd_bb100137 1.79 -1.86 18.330     >18.330  99.990        -139.06        27.86   -0.297       0.060       
2456701.03097  2456701.03151  2014-02-12.5309760  coadd_bb102656 1.76 -1.86 17.781     >17.781  99.990          21.84        46.18   0.047        0.099       
2456730.08401  2456730.08693  2014-03-13.5836038  coadd_bb103335 1.98 -1.86 18.344     >18.344  99.990         -39.56        27.51   -0.085       0.059       
2456731.06433  2456731.06732  2014-03-14.5639233  coadd_bb103528 1.82 -1.86 18.033     >18.033  99.990        -144.54        36.62   -0.309       0.078       
2456736.00983  2456736.01317  2014-03-19.5094284  coadd_bb104561 1.73 -1.86 17.755     >17.755  99.990         -46.35        47.31   -0.099       0.101       
2456741.11766  2456741.12133  2014-03-24.6172590  coadd_bb105517 2.42 -1.86 18.422     >18.422  99.990          36.11        25.61   0.077        0.055       
2456743.99201  2456743.99585  2014-03-27.4916011  coadd_bb106039 2.27 -1.86 19.013     >19.013  99.990         -21.02        14.86   -0.045       0.032       
2456755.97319  2456755.97765  2014-04-08.4727883  coadd_bb107388 1.99 -1.86 18.469     >18.469  99.990          -0.59        24.51   -0.001       0.052       
2456757.92475  2456757.92929  2014-04-10.4243443  coadd_bb108055 1.75 -1.86 18.184     >18.184  99.990         -56.64        31.88   -0.121       0.068       
2456758.95237  2456758.95695  2014-04-11.4519666  coadd_bb108373 1.73 -1.86 18.078     >18.078  99.990        -115.74        35.13   -0.247       0.075       
2456771.09116  2456771.09612  2014-04-23.5907590  coadd_bb110083 2.22 -1.86 17.574     >17.574  99.990          44.01        55.90   0.094        0.119       
2456781.92961  2456781.93474  2014-05-04.4292079  coadd_bb111075 1.95 -1.86 18.486     >18.486  99.990         -29.85        24.13   -0.064       0.052       
2456782.79133  2456782.79646  2014-05-05.2909278  coadd_bb111306 1.78 -1.86 18.370     >18.370  99.990           4.10        26.86   0.009        0.057       
2456783.94130  2456783.94644  2014-05-06.4408951  coadd_bb111552 1.72 -1.86 18.771     >18.771  99.990          40.86        18.56   0.087        0.040       
2456784.93031  2456784.93545  2014-05-07.4299027  coadd_bb111885 1.62 -1.86 18.704     >18.704  99.990          -5.78        19.75   -0.012       0.042       
2456785.78385  2456785.78899  2014-05-08.2834460  coadd_bb112104 1.77 -1.86 17.990      17.682  0.275          151.80        38.11   0.324        0.081       
2456795.01917  2456795.02426  2014-05-17.5187630  coadd_bb113535 1.81 -1.86 18.100     >18.100  99.990          53.58        34.42   0.114        0.074       
2456797.02904  2456797.03410  2014-05-19.5286349  coadd_bb114183 1.69 -1.86 18.056     >18.056  99.990          -1.49        35.85   -0.003       0.077       
2456797.97102  2456797.97607  2014-05-20.4706157  coadd_bb114504 1.68 -1.86 18.610     >18.610  99.990         -56.34        21.53   -0.120       0.046       
2456798.97031  2456798.97534  2014-05-21.4699055  coadd_bb114862 1.69 -1.86 18.421     >18.421  99.990           4.37        25.63   0.009        0.055       
2456801.90459  2456801.90957  2014-05-24.4041931  coadd_bb115739 1.76 -1.86 18.775     >18.775  99.990          21.79        18.50   0.047        0.040       
2456804.90309  2456804.90799  2014-05-27.4026893  coadd_bb116663 1.63 -1.86 18.720     >18.720  99.990          -8.47        19.46   -0.018       0.042       
2456807.90309  2456807.90790  2014-05-30.4026818  coadd_bb117434 2.02 -1.86 18.883     >18.883  99.990           9.58        16.74   0.020        0.036       
2456810.88569  2456810.89040  2014-06-02.3852846  coadd_bb118344 2.10 -1.86 18.742     >18.742  99.990         -26.16        19.07   -0.056       0.041       
2456811.77236  2456811.77705  2014-06-03.2719604  coadd_bb118602 1.66 -1.86 18.480     >18.480  99.990         -71.88        24.26   -0.154       0.052       
2456812.88432  2456812.88896  2014-06-04.3839148  coadd_bb118975 1.85 -1.86 18.846     >18.846  99.990          10.65        17.32   0.023        0.037       
2456813.79133  2456813.79593  2014-06-05.2909215  coadd_bb119176 1.77 -1.86 17.505     >17.505  99.990         -69.91        59.57   -0.149       0.127       
2456815.88061  2456815.88514  2014-06-07.3802134  coadd_bb119883 1.78 -1.86 18.385     >18.385  99.990          -3.19        26.49   -0.007       0.057       
2456820.87524  2456820.87955  2014-06-12.3748416  coadd_bb121430 1.89 -1.86 17.045      16.652  0.255          392.05        91.03   0.838        0.195       
2456821.94315  2456821.94741  2014-06-13.4427480  coadd_bb121799 1.95 -1.86 17.084     >17.084  99.990        -141.19        87.75   -0.302       0.188       
2456823.88275  2456823.88691  2014-06-15.3823495  coadd_bb122418 2.13 -1.86 17.810     >17.810  99.990        -189.59        44.99   -0.405       0.096       
2456824.94830  2456824.95240  2014-06-16.4478916  coadd_bb122743 1.84 -1.86 18.218     >18.218  99.990         -61.23        30.90   -0.131       0.066       
2456825.87303  2456825.87708  2014-06-17.3726268  coadd_bb123035 2.15 -1.86 18.109     >18.109  99.990          56.08        34.14   0.120        0.073       
2456827.86428  2456827.86823  2014-06-19.3638795  coadd_bb123686 1.99 -1.86 18.651     >18.651  99.990          13.88        20.73   0.030        0.044       
2456829.86217  2456829.86600  2014-06-21.3617625  coadd_bb124306 2.23 -1.86 18.945      18.762  0.308           56.13        15.81   0.120        0.034       
2456832.85841  2456832.86206  2014-06-24.3580021  coadd_bb124964 1.68 -1.86 19.086     >19.086  99.990          15.30        13.89   0.033        0.030       
2456834.86884  2456834.87237  2014-06-26.3684322  coadd_bb125360 1.77 -1.86 18.782     >18.782  99.990         -55.98        18.38   -0.120       0.039       
2456847.85057  2456847.85321  2014-07-09.3501670  coadd_bb126286 1.74 -1.86 17.349     >17.349  99.990          71.84        68.75   0.154        0.147       
2456848.84666  2456848.84922  2014-07-10.3462550  coadd_bb126612 1.76 -1.86 17.275     >17.275  99.990         183.32        73.59   0.392        0.157       
2456851.83529  2456851.83763  2014-07-13.3348883  coadd_bb127605 1.82 -1.86 17.664     >17.664  99.990          82.89        51.46   0.177        0.110       
2456855.82754  2456855.82956  2014-07-17.3271376  coadd_bb128451 1.71 -1.86 18.689     >18.689  99.990         -27.72        20.02   -0.059       0.043       
2456856.82386  2456856.82580  2014-07-18.3234604  coadd_bb128757 1.62 -1.86 18.949     >18.949  99.990          19.70        15.75   0.042        0.034       
2456857.76477  2456857.76663  2014-07-19.2643671  coadd_bb129057 1.69 -1.86 18.864     >18.864  99.990         -49.90        17.04   -0.107       0.036       
2456862.83264  2456862.83409  2014-07-24.3322370  coadd_bb129848 1.70 -1.86 18.429     >18.429  99.990          16.27        25.44   0.035        0.054       
2456863.81576  2456863.81712  2014-07-25.3153509  coadd_bb130177 1.60 -1.86 18.656     >18.656  99.990          32.94        20.64   0.070        0.044       
2456864.81363  2456864.81492  2014-07-26.3132302  coadd_bb130531 1.64 -1.86 18.970     >18.970  99.990         -19.80        15.45   -0.042       0.033       
2456865.81418  2456865.81538  2014-07-27.3137760  coadd_bb130800 1.70 -1.86 18.838     >18.838  99.990          49.93        17.46   0.107        0.037       
2456866.81416  2456866.81528  2014-07-28.3137579  coadd_bb131139 1.87 -1.86 19.061     >19.061  99.990          -1.25        14.21   -0.003       0.030       
2456867.81485  2456867.81589  2014-07-29.3144481  coadd_bb131467 1.68 -1.86 18.845     >18.845  99.990          -8.03        17.33   -0.017       0.037       
2456881.77623  2456881.77607  2014-08-12.2758295  coadd_bb133869 1.66 -1.86 17.893     >17.893  99.990         -68.93        41.66   -0.147       0.089       
2456882.77858  2456882.77833  2014-08-13.2781725  coadd_bb134272 1.63 -1.86 18.626     >18.626  99.990         -53.21        21.21   -0.114       0.045       
2456884.77925  2456884.77882  2014-08-15.2788438  coadd_bb134744 1.77 -1.86 18.598     >18.598  99.990         -12.56        21.77   -0.027       0.047       
2456885.74598  2456885.74547  2014-08-16.2455791  coadd_bb135084 1.79 -1.86 18.886     >18.886  99.990           8.91        16.70   0.019        0.036       
2456886.77395  2456886.77335  2014-08-17.2735407  coadd_bb135446 1.74 -1.86 18.778     >18.778  99.990         -64.73        18.44   -0.138       0.039       
2456887.77154  2456887.77086  2014-08-18.2711387  coadd_bb135695 1.72 -1.86 19.031     >19.031  99.990           3.54        14.61   0.008        0.031       
2456890.76077  2456890.75984  2014-08-21.2603693  coadd_bb135958 1.70 -1.86 18.589     >18.589  99.990          20.68        21.96   0.044        0.047       
2456894.75024  2456894.74897  2014-08-25.2498353  coadd_bb137818 1.66 -1.86 18.978     >18.978  99.990         -15.69        15.34   -0.034       0.033       
2456897.73969  2456897.73817  2014-08-28.2392895  coadd_bb138823 1.61 -1.86 18.807     >18.807  99.990          -2.16        17.95   -0.005       0.038       
2456904.72371  2456904.72163  2014-09-04.2233093  coadd_bb140644 1.85 -1.86 17.272     >17.272  99.990         -67.95        73.82   -0.145       0.158       
2456909.72051  2456909.71804  2014-09-09.2201129  coadd_bb141857 2.06 -1.86 17.203     >17.203  99.990        -233.94        78.64   -0.500       0.168       
2457012.16967  2457012.16589  2014-12-20.6692711  coadd_bb165279 2.21 -1.86 17.102     >17.102  99.990        -128.42        86.31   -0.274       0.184       
2457018.13642  2457018.13301  2014-12-26.6360189  coadd_bb166369 2.07 -1.86 18.457     >18.457  99.990         -23.57        24.78   -0.050       0.053       
2457021.15274  2457021.14954  2014-12-29.6523539  coadd_bb167099 2.35 -1.86 18.633     >18.633  99.990           9.96        21.08   0.021        0.045       
2457031.12454  2457031.12207  2015-01-08.6241380  coadd_bb168462 1.73 -1.86 17.929     >17.929  99.990          66.12        40.31   0.141        0.086       
2457032.13413  2457032.13173  2015-01-09.6337251  coadd_bb168889 1.76 -1.86 17.829     >17.829  99.990          37.10        44.20   0.079        0.094       
2457038.12202  2457038.12010  2015-01-15.6216149  coadd_bb170947 1.99 -1.86 18.550     >18.550  99.990          49.82        22.75   0.106        0.049       
2457040.12009  2457040.11833  2015-01-17.6196821  coadd_bb171777 1.75 -1.86 18.402     >18.402  99.990          43.29        26.07   0.093        0.056       
2457042.11799  2457042.11640  2015-01-19.6175814  coadd_bb172495 2.09 -1.86 18.910     >18.910  99.990         -28.79        16.33   -0.062       0.035       
2457044.11087  2457044.10946  2015-01-21.6104710  coadd_bb173320 1.64 -1.86 18.617     >18.617  99.990         -21.26        21.40   -0.045       0.046       
2457046.10373  2457046.10248  2015-01-23.6033248  coadd_bb174140 2.03 -1.86 18.780     >18.780  99.990         -15.60        18.40   -0.033       0.039       
2457048.10642  2457048.10535  2015-01-25.6060181  coadd_bb174953 2.08 -1.86 18.654     >18.654  99.990         -24.34        20.68   -0.052       0.044       
2457050.09847  2457050.09757  2015-01-27.5981075  coadd_bb175576 1.85 -1.86 18.671     >18.671  99.990          -4.14        20.35   -0.009       0.043       
2457052.09633  2457052.09561  2015-01-29.5959273  coadd_bb176194 2.16 -1.86 18.745     >18.745  99.990          15.21        19.02   0.033        0.041       
2457054.09521  2457054.09466  2015-01-31.5948083  coadd_bb176863 2.54 -1.86 18.348     >18.348  99.990          57.48        27.41   0.123        0.059       
2457056.09014  2457056.08977  2015-02-02.5897332  coadd_bb177672 1.87 -1.86 17.840     >17.840  99.990           7.19        43.74   0.015        0.093       
2457061.08388  2457061.08396  2015-02-07.5834833  coadd_bb178090 1.74 -1.86 17.816     >17.816  99.990         -14.23        44.72   -0.030       0.096       
2457069.06907  2457069.06985  2015-02-15.5686556  coadd_bb179636 1.70 -1.86 18.855     >18.855  99.990         -12.64        17.18   -0.027       0.037       
2457071.03079  2457071.03174  2015-02-17.5303575  coadd_bb180385 1.64 -1.86 18.891     >18.891  99.990          47.26        16.62   0.101        0.036       
2457074.05476  2457074.05597  2015-02-20.5543439  coadd_bb181285 1.78 -1.86 18.937     >18.937  99.990           8.06        15.93   0.017        0.034       
2457078.05149  2457078.05305  2015-02-24.5510663  coadd_bb182102 1.84 -1.86 18.764     >18.764  99.990         -53.00        18.69   -0.113       0.040       
2457081.04649  2457081.04830  2015-02-27.5460868  coadd_bb183025 1.69 -1.86 18.682     >18.682  99.990          -1.23        20.14   -0.003       0.043       
2457084.04584  2457084.04789  2015-03-02.5454379  coadd_bb183514 1.95 -1.86 18.022     >18.022  99.990         -28.05        37.01   -0.060       0.079       
2457092.02501  2457092.02769  2015-03-10.5246101  coadd_bb184530 1.87 -1.86 17.845     >17.845  99.990        -147.20        43.54   -0.315       0.093       
2457095.98101  2457095.98398  2015-03-14.4806019  coadd_bb185086 1.75 -1.86 18.581     >18.581  99.990         -55.80        22.12   -0.119       0.047       
2457098.94321  2457098.94639  2015-03-17.4428086  coadd_bb186037 1.73 -1.86 18.421     >18.421  99.990          72.53        25.62   0.155        0.055       
2457101.10323  2457101.10655  2015-03-19.6032380  coadd_bb186799 1.73 -1.86 18.881     >18.881  99.990         -16.58        16.77   -0.035       0.036       
2457104.03057  2457104.03409  2015-03-22.5305773  coadd_bb187607 1.74 -1.86 18.677     >18.677  99.990          -7.58        20.24   -0.016       0.043       
2457106.98950  2457106.99321  2015-03-25.4895108  coadd_bb188569 1.75 -1.86 18.544     >18.544  99.990         -23.70        22.89   -0.051       0.049       
2457109.91316  2457109.91704  2015-03-28.4131723  coadd_bb189278 1.72 -1.86 19.062     >19.062  99.990         -12.88        14.19   -0.028       0.030       
2457110.91678  2457110.92072  2015-03-29.4167958  coadd_bb189614 1.69 -1.86 18.952     >18.952  99.990          -4.76        15.71   -0.010       0.034       
2457111.90724  2457111.91124  2015-03-30.4072567  coadd_bb189917 1.80 -1.86 18.861     >18.861  99.990          11.13        17.08   0.024        0.037       
2457112.90410  2457112.90814  2015-03-31.4041114  coadd_bb190252 1.73 -1.86 18.503     >18.503  99.990         -15.00        23.75   -0.032       0.051       
2457113.95565  2457113.95975  2015-04-01.4556589  coadd_bb190635 1.80 -1.86 17.925     >17.925  99.990          34.25        40.47   0.073        0.086       
2457120.13691  2457120.14132  2015-04-07.6369245  coadd_bb192180 1.98 -1.86 17.448     >17.448  99.990         -12.54        62.76   -0.027       0.134       
2457123.13106  2457123.13560  2015-04-10.6310744  coadd_bb193076 1.69 -1.86 18.039     >18.039  99.990         -31.80        36.42   -0.068       0.078       
2457125.04473  2457125.04934  2015-04-12.5447489  coadd_bb193390 2.00 -1.86 18.527     >18.527  99.990           0.14        23.24   0.000        0.050       
2457125.95200  2457125.95665  2015-04-13.4520140  coadd_bb193667 1.63 -1.86 18.727     >18.727  99.990          41.02        19.32   0.088        0.041       
2457128.95624  2457128.96100  2015-04-16.4562501  coadd_bb194289 1.74 -1.86 18.671     >18.671  99.990         -36.71        20.36   -0.078       0.043       
2457130.91186  2457130.91668  2015-04-18.4118746  coadd_bb194569 1.73 -1.86 18.781     >18.781  99.990         -10.29        18.39   -0.022       0.039       
2457132.95737  2457132.96225  2015-04-20.4573858  coadd_bb195268 1.68 -1.86 18.458     >18.458  99.990          26.33        24.77   0.056        0.053       
2457136.86543  2457136.87041  2015-04-24.3654460  coadd_bb196194 1.64 -1.86 18.363     >18.363  99.990        -102.17        27.01   -0.218       0.058       
2457137.96870  2457137.97370  2015-04-25.4687085  coadd_bb196596 1.89 -1.86 18.856      18.557  0.277           67.82        17.16   0.145        0.037       
2457149.98828  2457149.99342  2015-05-07.4882826  coadd_bb198342 1.71 -1.86 17.815     >17.815  99.990          30.67        44.77   0.066        0.096       
2457154.03451  2457154.03965  2015-05-11.5345128  coadd_bb199220 1.70 -1.86 17.676     >17.676  99.990        -169.53        50.87   -0.362       0.109       
2457155.93864  2457155.94377  2015-05-13.4386388  coadd_bb199730 1.80 -1.86 18.524      18.425  0.333           76.58        23.29   0.164        0.050       
2457156.93229  2457156.93742  2015-05-14.4322964  coadd_bb199996 1.80 -1.86 18.833     >18.833  99.990         -20.42        17.53   -0.044       0.037       
2457160.91828  2457160.92336  2015-05-18.4182792  coadd_bb200685 1.74 -1.86 18.893     >18.893  99.990         -59.43        16.58   -0.127       0.035       
2457163.94432  2457163.94936  2015-05-21.4443304  coadd_bb201595 1.67 -1.86 18.503     >18.503  99.990          42.67        23.75   0.091        0.051       
2457166.74675  2457166.75173  2015-05-24.2467656  coadd_bb202152 1.84 -1.86 18.609     >18.609  99.990          -1.09        21.55   -0.002       0.046       
2457167.95607  2457167.96102  2015-05-25.4560880  coadd_bb202528 1.68 -1.86 18.370     >18.370  99.990         -10.87        26.85   -0.023       0.057       
2457171.88026  2457171.88511  2015-05-29.3802706  coadd_bb203165 1.68 -1.86 17.982     >17.982  99.990        -103.24        38.40   -0.221       0.082       
2457173.78541  2457173.79020  2015-05-31.2854224  coadd_bb203604 1.99 -1.86 17.631     >17.631  99.990         123.67        53.02   0.264        0.113       
2457177.95277  2457177.95742  2015-06-04.4527864  coadd_bb204416 1.71 -1.86 17.914     >17.914  99.990         -64.04        40.88   -0.137       0.087       
2457178.82766  2457178.83228  2015-06-05.3276807  coadd_bb204656 1.83 -1.86 18.157     >18.157  99.990         -56.47        32.67   -0.121       0.070       
2457180.96625  2457180.97078  2015-06-07.4662530  coadd_bb205338 1.70 -1.86 18.331     >18.331  99.990          43.14        27.83   0.092        0.059       
2457181.93123  2457181.93572  2015-06-08.4312392  coadd_bb205636 1.66 -1.86 18.622     >18.622  99.990          28.42        21.30   0.061        0.046       
2457183.86016  2457183.86457  2015-06-10.3601751  coadd_bb206033 1.81 -1.86 18.978     >18.978  99.990          13.41        15.34   0.029        0.033       
2457188.88796  2457188.89213  2015-06-15.3879890  coadd_bb206768 1.70 -1.86 18.630     >18.630  99.990           6.88        21.14   0.015        0.045       
2457191.90161  2457191.90562  2015-06-18.4016076  coadd_bb207647 1.65 -1.86 18.828     >18.828  99.990         -24.65        17.61   -0.053       0.038       
2457193.85997  2457193.86387  2015-06-20.3599761  coadd_bb208117 1.81 -1.86 18.739     >18.739  99.990          50.20        19.12   0.107        0.041       
2457195.89572  2457195.89950  2015-06-22.3957309  coadd_bb208721 2.00 -1.86 18.910     >18.910  99.990         -19.20        16.33   -0.041       0.035       
2457199.78856  2457199.79211  2015-06-26.2885778  coadd_bb209570 1.75 -1.86 18.108     >18.108  99.990         -32.93        34.19   -0.070       0.073       
2457203.87215  2457203.87543  2015-06-30.3721476  coadd_bb210814 1.72 -1.86 17.419     >17.419  99.990          71.16        64.50   0.152        0.138       
2457205.86869  2457205.87184  2015-07-02.3686902  coadd_bb211335 1.70 -1.86 17.495     >17.495  99.990        -111.44        60.09   -0.238       0.128       
2457206.80411  2457206.80720  2015-07-03.3041096  coadd_bb211601 1.85 -1.86 17.777     >17.777  99.990          31.78        46.38   0.068        0.099       
2457209.89034  2457209.89321  2015-07-06.3903408  coadd_bb212246 1.73 -1.86 18.176     >18.176  99.990          41.25        32.11   0.088        0.069       
2457210.80768  2457210.81048  2015-07-07.3076814  coadd_bb212488 1.71 -1.86 18.716     >18.716  99.990           0.86        19.52   0.002        0.042       
2457216.83906  2457216.84142  2015-07-13.3390637  coadd_bb213644 2.11 -1.86 18.972     >18.972  99.990           2.17        15.42   0.005        0.033       
2457222.80972  2457222.81160  2015-07-19.3097225  coadd_bb214585 1.80 -1.86 18.657     >18.657  99.990          41.38        20.61   0.088        0.044       
2457227.82876  2457227.83023  2015-07-24.3287577  coadd_bb215358 1.89 -1.86 18.338     >18.338  99.990          44.51        27.66   0.095        0.059       
2457228.82870  2457228.83008  2015-07-25.3286972  coadd_bb215658 1.64 -1.86 18.142     >18.142  99.990          64.14        33.13   0.137        0.071       
2457233.81545  2457233.81642  2015-07-30.3154556  coadd_bb217091 2.08 -1.86 17.654     >17.654  99.990          -9.67        51.95   -0.021       0.111       
2457235.78855  2457235.78935  2015-08-01.2885462  coadd_bb217423 1.99 -1.86 17.789     >17.789  99.990         -97.50        45.85   -0.208       0.098       
2457240.79655  2457240.79693  2015-08-06.2965564  coadd_bb218334 1.90 -1.86 18.713     >18.713  99.990          47.93        19.59   0.102        0.042       
2457242.75272  2457242.75293  2015-08-08.2527255  coadd_bb218884 2.02 -1.86 18.795     >18.795  99.990         -37.97        18.16   -0.081       0.039       
2457244.79556  2457244.79559  2015-08-10.2955576  coadd_bb219604 2.11 -1.86 18.817     >18.817  99.990         -16.60        17.80   -0.035       0.038       
2457246.77693  2457246.77678  2015-08-12.2769305  coadd_bb220275 1.75 -1.86 18.550     >18.550  99.990         -67.27        22.75   -0.144       0.049       
2457250.76364  2457250.76316  2015-08-16.2636444  coadd_bb221106 2.13 -1.86 18.425     >18.425  99.990         -17.21        25.53   -0.037       0.055       
2457255.75141  2457255.75050  2015-08-21.2514118  coadd_bb221632 1.90 -1.86 18.322     >18.322  99.990        -102.25        28.07   -0.219       0.060       
2457263.72899  2457263.72741  2015-08-29.2289951  coadd_bb222943 2.37 -1.86 17.247     >17.247  99.990        -109.62        75.54   -0.234       0.161       
2457380.15920  2457380.15559  2015-12-23.6592038  coadd_bb252067 1.85 -1.86 18.442     >18.442  99.990         -10.65        25.12   -0.023       0.054       
2457395.13736  2457395.13479  2016-01-07.6373618  coadd_bb256851 2.55 -1.86 18.633     >18.633  99.990          55.55        21.08   0.119        0.045       
2457398.12355  2457398.12121  2016-01-10.6235519  coadd_bb258109 1.73 -1.86 18.562     >18.562  99.990          33.84        22.50   0.072        0.048       
2457400.12069  2457400.11851  2016-01-12.6206947  coadd_bb258976 1.75 -1.86 18.659     >18.659  99.990          29.01        20.59   0.062        0.044       
2457403.11822  2457403.11627  2016-01-15.6182174  coadd_bb259841 1.66 -1.86 18.963     >18.963  99.990          43.79        15.55   0.094        0.033       
2457404.13357  2457404.13171  2016-01-16.6335694  coadd_bb260267 1.72 -1.86 18.951     >18.951  99.990          30.30        15.73   0.065        0.034       
2457410.09102  2457410.08967  2016-01-22.5910267  coadd_bb262803 1.79 -1.86 17.616     >17.616  99.990          19.57        53.78   0.042        0.115       
2457412.09165  2457412.09046  2016-01-24.5916509  coadd_bb263666 2.01 -1.86 17.531     >17.531  99.990        -162.77        58.14   -0.348       0.124       
2457414.10366  2457414.10265  2016-01-26.6036653  coadd_bb264541 1.73 -1.86 18.151     >18.151  99.990         -79.04        32.84   -0.169       0.070       
2457417.09373  2457417.09298  2016-01-29.5937349  coadd_bb265809 1.73 -1.86 17.927      17.671  0.289          153.35        40.39   0.328        0.086       
2457421.15563  2457421.15524  2016-02-02.6556327  coadd_bb267560 1.65 -1.86 18.517     >18.517  99.990         -49.07        23.46   -0.105       0.050       
2457424.13335  2457424.13322  2016-02-05.6333491  coadd_bb268926 1.85 -1.86 18.749     >18.749  99.990          20.45        18.93   0.044        0.040       
2457427.06720  2457427.06733  2016-02-08.5672009  coadd_bb269535 2.28 -1.86 19.080     >19.080  99.990          21.39        13.96   0.046        0.030       
2457430.03757  2457430.03797  2016-02-11.5375775  coadd_bb270764 1.84 -1.86 18.973     >18.973  99.990         -22.42        15.42   -0.048       0.033       
2457431.03408  2457431.03457  2016-02-12.5340839  coadd_bb271185 1.66 -1.86 18.989     >18.989  99.990          31.11        15.19   0.066        0.032       
2457433.02707  2457433.02774  2016-02-14.5270763  coadd_bb271904 2.27 -1.86 19.004     >19.004  99.990           1.53        14.98   0.003        0.032       
2457434.03514  2457434.03589  2016-02-15.5351460  coadd_bb272201 2.30 -1.86 19.003     >19.003  99.990          10.99        15.00   0.023        0.032       
2457435.03154  2457435.03238  2016-02-16.5315449  coadd_bb272541 2.69 -1.86 18.474     >18.474  99.990          -8.33        24.40   -0.018       0.052       
2457438.01772  2457438.01881  2016-02-19.5177180  coadd_bb273558 2.18 -1.86 17.609     >17.609  99.990          69.43        54.12   0.148        0.116       
2457440.01780  2457440.01907  2016-02-21.5178015  coadd_bb274387 1.82 -1.86 18.040     >18.040  99.990         -59.43        36.39   -0.127       0.078       
2457442.06371  2457442.06516  2016-02-23.5637131  coadd_bb275229 1.75 -1.86 17.630     >17.630  99.990         -19.53        53.09   -0.042       0.113       
2457445.01170  2457445.01340  2016-02-26.5117037  coadd_bb276372 1.82 -1.86 18.185     >18.185  99.990          17.31        31.85   0.037        0.068       
2457450.09249  2457450.09460  2016-03-02.5924879  coadd_bb278356 1.66 -1.86 18.648     >18.648  99.990          18.93        20.79   0.040        0.044       
2457451.11145  2457451.11365  2016-03-03.6114502  coadd_bb278782 1.62 -1.86 18.524     >18.524  99.990          48.34        23.30   0.103        0.050       
2457454.01391  2457454.01633  2016-03-06.5139098  coadd_bb279944 1.72 -1.86 18.901     >18.901  99.990          -5.88        16.46   -0.013       0.035       
2457456.00672  2457456.00930  2016-03-08.5067224  coadd_bb280751 1.59 -1.86 18.361     >18.361  99.990         -50.37        27.08   -0.108       0.058       
2457457.98816  2457457.99089  2016-03-10.4881579  coadd_bb281191 1.71 -1.86 19.029     >19.029  99.990           9.07        14.64   0.019        0.031       
2457460.00787  2457460.01075  2016-03-12.5078723  coadd_bb282000 1.75 -1.86 18.926     >18.926  99.990          14.55        16.09   0.031        0.034       
2457463.04245  2457463.04555  2016-03-15.5424480  coadd_bb283036 1.61 -1.86 18.882     >18.882  99.990          28.02        16.75   0.060        0.036       
2457465.94442  2457465.94772  2016-03-18.4444253  coadd_bb283891 1.87 -1.86 18.364     >18.364  99.990          36.80        26.99   0.079        0.058       
2457467.97550  2457467.97894  2016-03-20.4755061  coadd_bb284780 1.59 -1.86 17.969     >17.969  99.990          98.10        38.83   0.210        0.083       
2457473.08232  2457473.08608  2016-03-25.5823222  coadd_bb286333 2.01 -1.86 17.768     >17.768  99.990         -68.58        46.77   -0.147       0.100       
2457478.02320  2457478.02724  2016-03-30.5232002  coadd_bb287364 1.81 -1.86 18.305     >18.305  99.990         -87.23        28.52   -0.186       0.061       
2457478.95879  2457478.96288  2016-03-31.4587905  coadd_bb287709 1.76 -1.86 18.888     >18.888  99.990         -44.18        16.67   -0.094       0.036       
2457482.04653  2457482.05078  2016-04-03.5465351  coadd_bb288821 1.67 -1.86 19.135     >19.135  99.990           7.56        13.27   0.016        0.028       
2457487.89299  2457487.89751  2016-04-09.3929922  coadd_bb290002 1.69 -1.86 18.464     >18.464  99.990          45.89        24.63   0.098        0.053       
2457489.92739  2457489.93199  2016-04-11.4273944  coadd_bb290801 1.71 -1.86 18.677     >18.677  99.990          36.90        20.25   0.079        0.043       
2457492.89477  2457492.89948  2016-04-14.3947693  coadd_bb291838 1.76 -1.86 18.521     >18.521  99.990          27.10        23.37   0.058        0.050       
2457493.99659  2457494.00133  2016-04-15.4965895  coadd_bb292299 1.75 -1.86 18.796     >18.796  99.990          -9.81        18.14   -0.021       0.039       
2457498.90211  2457498.90701  2016-04-20.4021188  coadd_bb293455 1.66 -1.86 17.612     >17.612  99.990        -153.53        53.96   -0.328       0.115       
2457502.85739  2457502.86239  2016-04-24.3573959  coadd_bb294779 1.85 -1.86 17.407     >17.407  99.990         -30.35        65.18   -0.065       0.139       
2457504.93650  2457504.94154  2016-04-26.4365059  coadd_bb295591 1.72 -1.86 18.285     >18.285  99.990         -43.85        29.04   -0.094       0.062       
2457505.86627  2457505.87132  2016-04-27.3662729  coadd_bb295906 1.79 -1.86 18.771     >18.771  99.990          -8.10        18.57   -0.017       0.040       
2457508.94467  2457508.94977  2016-04-30.4446771  coadd_bb297005 1.66 -1.86 18.895     >18.895  99.990         -13.48        16.56   -0.029       0.035       
2457511.92251  2457511.92763  2016-05-03.4225123  coadd_bb297889 1.78 -1.86 19.138     >19.138  99.990          -4.57        13.23   -0.010       0.028       
2457514.96928  2457514.97442  2016-05-06.4692820  coadd_bb299032 1.70 -1.86 19.183     >19.183  99.990           2.90        12.70   0.006        0.027       
2457523.83908  2457523.84419  2016-05-15.3390814  coadd_bb300272 1.59 -1.86 18.463     >18.463  99.990          16.66        24.64   0.036        0.053       
2457527.90580  2457527.91085  2016-05-19.4057982  coadd_bb301220 1.91 -1.86 17.933     >17.933  99.990          36.74        40.17   0.079        0.086       
2457530.01217  2457530.01719  2016-05-21.5121745  coadd_bb301982 1.73 -1.86 17.503     >17.503  99.990         -24.93        59.69   -0.053       0.128       
2457531.86165  2457531.86664  2016-05-23.3616572  coadd_bb302462 2.00 -1.86 17.678     >17.678  99.990           6.24        50.77   0.013        0.108       
2457535.99571  2457536.00060  2016-05-27.4957162  coadd_bb303287 1.65 -1.86 18.488     >18.488  99.990          29.81        24.09   0.064        0.051       
2457538.94723  2457538.95203  2016-05-30.4472335  coadd_bb304145 1.72 -1.86 18.936     >18.936  99.990         -63.86        15.94   -0.136       0.034       
2457542.89537  2457542.90003  2016-06-03.3953667  coadd_bb305039 1.84 -1.86 19.069     >19.069  99.990          21.00        14.10   0.045        0.030       
2457546.91583  2457546.92034  2016-06-07.4158347  coadd_bb306142 1.76 -1.86 18.975     >18.975  99.990         -65.45        15.38   -0.140       0.033       
2457547.91126  2457547.91572  2016-06-08.4112619  coadd_bb306472 1.73 -1.86 18.873     >18.873  99.990         -40.87        16.90   -0.087       0.036       
2457549.90497  2457549.90935  2016-06-10.4049766  coadd_bb307139 1.80 -1.86 18.862     >18.862  99.990         -27.07        17.07   -0.058       0.036       
2457552.85010  2457552.85433  2016-06-13.3501012  coadd_bb307727 2.08 -1.86 18.144     >18.144  99.990         -90.00        33.08   -0.192       0.071       
2457558.82951  2457558.83343  2016-06-19.3295094  coadd_bb308909 1.74 -1.86 17.874     >17.874  99.990          -0.43        42.39   -0.001       0.091       
2457560.92582  2457560.92962  2016-06-21.425825  coadd_bb309682 1.75 -1.86 17.863     >17.863  99.990         -49.84        42.83   -0.107       0.092       
2457562.91766  2457562.92134  2016-06-23.4176587  coadd_bb310320 1.67 -1.86 18.005     >18.005  99.990          52.27        37.60   0.112        0.080       
2457566.82872  2457566.83216  2016-06-27.3287211  coadd_bb311024 1.74 -1.86 19.058     >19.058  99.990          15.55        14.25   0.033        0.030       
2457574.88366  2457574.88655  2016-07-05.3836613  coadd_bb312823 1.74 -1.86 18.893     >18.893  99.990           0.42        16.59   0.001        0.035       
2457576.87830  2457576.88104  2016-07-07.3782988  coadd_bb313461 1.71 -1.86 18.975     >18.975  99.990          22.36        15.37   0.048        0.033       
2457578.87543  2457578.87802  2016-07-09.3754252  coadd_bb314167 1.79 -1.86 19.017      18.545  0.236           68.54        14.80   0.146        0.032       
2457581.86419  2457581.86656  2016-07-12.3641864  coadd_bb314785 1.84 -1.86 18.176     >18.176  99.990          69.11        32.11   0.148        0.069       
2457582.86945  2457582.87174  2016-07-13.3694547  coadd_bb315018 1.65 -1.86 18.348     >18.348  99.990         -56.65        27.40   -0.121       0.059       
2457586.84812  2457586.85011  2016-07-17.3481262  coadd_bb315876 1.86 -1.86 18.138     >18.138  99.990          43.75        33.25   0.093        0.071       
2457589.75942  2457589.76117  2016-07-20.2594254  coadd_bb316531 2.40 -1.86 17.770     >17.770  99.990          19.78        46.65   0.042        0.100       
2457591.75868  2457591.76026  2016-07-22.2586796  coadd_bb316776 1.78 -1.86 18.858     >18.858  99.990          17.76        17.13   0.038        0.037       
2457597.82130  2457597.82237  2016-07-28.3213021  coadd_bb318174 1.79 -1.86 19.112     >19.112  99.990         -36.80        13.56   -0.079       0.029       
2457600.80539  2457600.80621  2016-07-31.3053949  coadd_bb318988 1.78 -1.86 18.992     >18.992  99.990          -2.58        15.14   -0.006       0.032       
2457602.80070  2457602.80136  2016-08-02.3007057  coadd_bb319594 1.77 -1.86 19.027     >19.027  99.990          27.83        14.66   0.059        0.031       
2457604.79600  2457604.79649  2016-08-04.2960082  coadd_bb320316 1.71 -1.86 19.150     >19.150  99.990         -22.58        13.09   -0.048       0.028       
2457606.79156  2457606.79187  2016-08-06.2915623  coadd_bb320848 1.76 -1.86 18.843     >18.843  99.990         -10.11        17.36   -0.022       0.037       
2457609.78202  2457609.78207  2016-08-09.2820204  coadd_bb321881 1.82 -1.86 18.835     >18.835  99.990           6.38        17.50   0.014        0.037       
2457612.76705  2457612.76684  2016-08-12.2670521  coadd_bb322825 1.77 -1.86 18.179      18.057  0.327          107.40        32.02   0.230        0.068       
2457616.76915  2457616.76860  2016-08-16.2691530  coadd_bb323857 1.87 -1.86 17.980     >17.980  99.990          40.27        38.45   0.086        0.082       
2457618.75457  2457618.75385  2016-08-18.2545701  coadd_bb324510 2.33 -1.86 17.759     >17.759  99.990        -107.23        47.14   -0.229       0.101       
2457620.74951  2457620.74862  2016-08-20.2495129  coadd_bb325242 1.94 -1.86 19.039     >19.039  99.990          -4.98        14.50   -0.011       0.031       
2457627.72979  2457627.72831  2016-08-27.2297922  coadd_bb326517 1.70 -1.86 17.756     >17.756  99.990         -16.98        47.25   -0.036       0.101       
2457629.53606  2457629.53443  2016-08-29.0360634  coadd_bf228049 1.63 -2.52 18.403     >18.403  99.990          15.49        14.20   0.061        0.056       
2457630.52395  2457630.52224  2016-08-30.0239567  coadd_bf228433 1.44 -2.52 18.718     >18.718  99.990           8.84        10.63   0.035        0.042       
2457631.52538  2457631.52359  2016-08-31.0253812  coadd_bf228836 1.68 -2.52 18.603     >18.603  99.990           6.67        11.82   0.026        0.046       
2457633.52106  2457633.51911  2016-09-02.0210622  coadd_bf229452 1.67 -2.52 18.552     >18.552  99.990         -11.83        12.38   -0.046       0.049       
2457634.51406  2457634.51203  2016-09-03.0140642  coadd_bf229847 1.55 -2.52 18.755     >18.755  99.990          -5.81        10.28   -0.023       0.040       
2457635.50591  2457635.50381  2016-09-04.0059156  coadd_bf230238 1.50 -2.52 18.495     >18.495  99.990         -33.55        13.05   -0.131       0.051       
2457637.48336  2457637.48109  2016-09-05.9833598  coadd_bf230915 1.98 -2.52 18.037     >18.037  99.990          15.86        19.91   0.062        0.078       
2457641.49272  2457641.49015  2016-09-09.9927186  coadd_bf232324 1.67 -2.52 18.103     >18.103  99.990          27.57        18.73   0.108        0.073       
2457757.14752  2457757.14470  2017-01-03.6475200  coadd_bb358926 1.69 -1.86 18.719     >18.719  99.990         -15.61        19.46   -0.033       0.042       
2457762.13821  2457762.13577  2017-01-08.6382068  coadd_bb360634 1.63 -1.86 18.886     >18.886  99.990          11.27        16.70   0.024        0.036       
2457767.11767  2457767.11563  2017-01-13.6176738  coadd_bb362817 1.93 -1.86 18.060     >18.060  99.990          64.24        35.72   0.137        0.076       
2457777.11444  2457777.11323  2017-01-23.6144385  coadd_bb366198 1.68 -1.86 18.696     >18.696  99.990          14.32        19.89   0.031        0.043       
2457781.13571  2457781.13486  2017-01-27.6357094  coadd_bb367836 1.66 -1.86 18.718     >18.718  99.990         -43.74        19.49   -0.093       0.042       
2457782.87908  2457782.87838  2017-01-29.3790844  coadd_bf271553 1.56 -2.52 17.766      17.644  0.326           85.73        25.54   0.336        0.100       
2457785.16323  2457785.16273  2017-01-31.6632328  coadd_bb369455 1.99 -1.86 18.808     >18.808  99.990          36.14        17.94   0.077        0.038       
2457788.05780  2457788.05755  2017-02-03.5577991  coadd_bb370449 1.98 -1.86 18.882     >18.882  99.990          18.62        16.75   0.040        0.036       
2457793.05946  2457793.05966  2017-02-08.5594612  coadd_bb371684 2.06 -1.86 18.074     >18.074  99.990          94.87        35.28   0.203        0.075       
2457793.88123  2457793.88151  2017-02-09.3812343  coadd_bf274640 1.47 -2.52 18.484     >18.484  99.990          17.65        13.18   0.069        0.052       
2457795.03788  2457795.03826  2017-02-10.5378841  coadd_bb372501 1.80 -1.86 17.490     >17.490  99.990        -103.15        60.40   -0.220       0.129       
2457798.03115  2457798.03179  2017-02-13.5311539  coadd_bb373156 1.86 -1.86 17.915     >17.915  99.990          76.74        40.82   0.164        0.087       
2457801.12315  2457801.12406  2017-02-16.6231527  coadd_bb374375 2.00 -1.86 18.191     >18.191  99.990         -81.64        31.66   -0.174       0.068       
2457804.08223  2457804.08340  2017-02-19.5822383  coadd_bb375441 1.85 -1.86 18.688      18.335  0.264           83.17        20.03   0.178        0.043       
2457807.09094  2457807.09237  2017-02-22.5909420  coadd_bb376404 1.68 -1.86 19.019     >19.019  99.990         -13.81        14.77   -0.030       0.032       
2457810.03846  2457810.04014  2017-02-25.5384626  coadd_bb377327 1.75 -1.86 18.440     >18.440  99.990           2.18        25.18   0.005        0.054       
2457817.01395  2457817.01619  2017-03-04.5139476  coadd_bb378037 2.08 -1.86 18.927     >18.927  99.990          14.17        16.08   0.030        0.034       
2457817.98698  2457817.98930  2017-03-05.4869782  coadd_bb378405 2.07 -1.86 18.832     >18.832  99.990          -8.49        17.55   -0.018       0.038       
2457818.98727  2457818.98968  2017-03-06.4872758  coadd_bb378724 1.79 -1.86 18.689     >18.689  99.990          17.18        20.02   0.037        0.043       
2457819.98069  2457819.98318  2017-03-07.4806974  coadd_bb379061 1.85 -1.86 18.156     >18.156  99.990         -32.08        32.70   -0.069       0.070       
2457822.85254  2457822.85525  2017-03-10.3525439  coadd_bf282378 1.84 -2.52 18.409     >18.409  99.990          -3.66        14.13   -0.014       0.055       
2457823.77226  2457823.77503  2017-03-11.2722583  coadd_bf282685 1.60 -2.52 17.409     >17.409  99.990          99.37        35.49   0.389        0.139       
2457825.76661  2457825.76953  2017-03-13.2666128  coadd_bf283402 1.51 -2.52 17.117     >17.117  99.990        -234.86        46.44   -0.920       0.182       
2457828.79770  2457828.80084  2017-03-16.2977061  coadd_bf284543 1.54 -2.52 17.600     >17.600  99.990         -33.62        29.76   -0.132       0.117       
2457832.08517  2457832.08853  2017-03-19.5851746  coadd_bb382512 1.70 -1.86 18.584     >18.584  99.990          39.74        22.04   0.085        0.047       
2457836.10126  2457836.10488  2017-03-23.6012598  coadd_bb384059 1.81 -1.86 18.961     >18.961  99.990         -41.42        15.58   -0.089       0.033       
2457838.74570  2457838.74949  2017-03-26.2457083  coadd_bf288198 1.58 -2.52 17.928     >17.928  99.990          34.73        22.01   0.136        0.086       
2457840.02666  2457840.03052  2017-03-27.5266623  coadd_bb385371 1.77 -1.86 19.003     >19.003  99.990         -44.78        14.99   -0.096       0.032       
2457844.96300  2457844.96713  2017-04-01.463  coadd_bb386795 1.66 -1.86 18.965     >18.965  99.990         -12.36        15.52   -0.026       0.033       
2457847.90324  2457847.90752  2017-04-04.4032385  coadd_bb387737 1.68 -1.86 17.975     >17.975  99.990           6.45        38.62   0.014        0.083       
2457849.05111  2457849.05544  2017-04-05.5511065  coadd_bb388223 1.82 -1.86 18.833     >18.833  99.990          43.69        17.53   0.093        0.037       
2457849.88657  2457849.89095  2017-04-06.3865731  coadd_bb388472 1.75 -1.86 18.139      18.036  0.332          109.59        33.23   0.234        0.071       
2457851.11047  2457851.11490  2017-04-07.6104770  coadd_bb389003 1.85 -1.86 18.916     >18.916  99.990         -15.40        16.24   -0.033       0.035       
2457851.87976  2457851.88423  2017-04-08.3797665  coadd_bb389211 1.77 -1.86 17.999     >17.999  99.990          40.00        37.79   0.085        0.081       
2457854.05110  2457854.05566  2017-04-10.5511045  coadd_bb390001 1.83 -1.86 16.453     >16.453  99.990        -132.64       157.03   -0.283       0.336       
2457854.93306  2457854.93765  2017-04-11.4330665  coadd_bb390262 1.84 -1.86 17.618     >17.618  99.990        -118.33        53.69   -0.253       0.115       
2457855.79078  2457855.79541  2017-04-12.2907863  coadd_bf293705 1.63 -2.52 17.430     >17.430  99.990         -19.89        34.80   -0.078       0.136       
2457858.83020  2457858.83494  2017-04-15.3302052  coadd_bf294918 1.50 -2.52 17.771     >17.771  99.990         -69.85        25.43   -0.274       0.100       
2457864.05895  2457864.06384  2017-04-20.5589468  coadd_bb392181 1.78 -1.86 18.901     >18.901  99.990          19.53        16.47   0.042        0.035       
2457866.77145  2457866.77641  2017-04-23.2714504  coadd_bf296496 1.45 -2.52 18.632     >18.632  99.990         -17.05        11.51   -0.067       0.045       
2457870.91672  2457870.92176  2017-04-27.4167192  coadd_bb393583 1.82 -1.86 19.109     >19.109  99.990         -62.60        13.59   -0.134       0.029       
2457873.67698  2457873.68206  2017-04-30.1769793  coadd_bf299138 1.49 -2.52 18.524     >18.524  99.990           7.44        12.71   0.029        0.050       
2457875.64513  2457875.65024  2017-05-02.1451289  coadd_bf299963 1.40 -2.52 17.797     >17.797  99.990          42.17        24.82   0.165        0.097       
2457876.96040  2457876.96552  2017-05-03.4604069  coadd_bb394204 1.67 -1.86 18.896     >18.896  99.990         -80.69        16.54   -0.172       0.035       
2457878.63252  2457878.63765  2017-05-05.1325234  coadd_bf301064 1.44 -2.52 17.763     >17.763  99.990         -59.72        25.62   -0.234       0.100       
2457881.86384  2457881.86898  2017-05-08.3638390  coadd_bb395935 2.04 -1.86 17.272     >17.272  99.990         -11.90        73.84   -0.025       0.158       
2457882.94788  2457882.95302  2017-05-09.4478799  coadd_bb396149 1.91 -1.86 17.809     >17.809  99.990         -22.05        45.02   -0.047       0.096       
2457887.90810  2457887.91322  2017-05-14.4081034  coadd_bb397330 2.05 -1.86 18.241     >18.241  99.990          79.85        30.24   0.171        0.065       
2457890.74698  2457890.75207  2017-05-17.2469818  coadd_bf304324 1.41 -2.52 18.163     >18.163  99.990          29.03        17.72   0.114        0.069       
2457891.82455  2457891.82963  2017-05-18.3245490  coadd_bb398250 1.98 -1.86 18.922     >18.922  99.990          23.87        16.14   0.051        0.035       
2457894.94035  2457894.94538  2017-05-21.4403553  coadd_bb399326 1.73 -1.86 19.106     >19.106  99.990          -2.51        13.64   -0.005       0.029       
2457896.74512  2457896.75011  2017-05-23.2451221  coadd_bb399875 2.09 -1.86 17.909     >17.909  99.990          43.66        41.06   0.093        0.088       
2457898.00263  2457898.00759  2017-05-24.5026334  coadd_bb400279 1.74 -1.86 18.515     >18.515  99.990          23.36        23.49   0.050        0.050       
2457898.99530  2457899.00024  2017-05-25.4952976  coadd_bb400617 1.70 -1.86 18.701     >18.701  99.990          39.62        19.80   0.085        0.042       
2457901.95437  2457901.95923  2017-05-28.4543761  coadd_bb401566 1.65 -1.86 18.942     >18.942  99.990         -51.89        15.85   -0.111       0.034       
2457904.58434  2457904.58913  2017-05-31.0843468  coadd_bf307605 1.41 -2.52 17.986     >17.986  99.990          -8.82        20.87   -0.035       0.082       
2457905.76378  2457905.76852  2017-06-01.2637795  coadd_bf308184 1.52 -2.52 18.529     >18.529  99.990         -22.54        12.65   -0.088       0.050       
2457906.65398  2457906.65869  2017-06-02.1539776  coadd_bf308541 1.59 -2.52 18.688     >18.688  99.990          13.53        10.93   0.053        0.043       
2457906.89058  2457906.89529  2017-06-02.3905833  coadd_bb402748 1.69 -1.86 17.788     >17.788  99.990         -74.99        45.90   -0.160       0.098       
2457907.86964  2457907.87431  2017-06-03.3696384  coadd_bb403046 1.73 -1.86 18.627     >18.627  99.990         -20.33        21.19   -0.043       0.045       
2457913.80477  2457913.80920  2017-06-09.3047665  coadd_bb404789 2.08 -1.86 17.376     >17.376  99.990        -171.07        67.11   -0.366       0.143       
2457917.94757  2457917.95181  2017-06-13.4475715  coadd_bb405765 1.71 -1.86 17.936     >17.936  99.990          71.34        40.06   0.152        0.086       
2457920.85991  2457920.86401  2017-06-16.3599165  coadd_bb406070 1.70 -1.86 18.886     >18.886  99.990         -13.14        16.70   -0.028       0.036       
2457926.92738  2457926.93114  2017-06-22.4273936  coadd_bb407409 1.85 -1.86 18.548     >18.548  99.990           6.47        22.79   0.014        0.049       
2457927.91147  2457927.91517  2017-06-23.4114758  coadd_bb407705 1.72 -1.86 19.128     >19.128  99.990          15.71        13.36   0.034        0.029       
2457930.86263  2457930.86614  2017-06-26.3626310  coadd_bb408571 1.65 -1.86 18.816     >18.816  99.990          15.67        17.81   0.033        0.038       
2457934.59151  2457934.59479  2017-06-30.0915234  coadd_bf318584 1.46 -2.52 18.443     >18.443  99.990         -13.14        13.69   -0.051       0.054       
2457937.59959  2457937.60266  2017-07-03.0995978  coadd_bf319924 1.60 -2.52 18.371     >18.371  99.990           8.95        14.63   0.035        0.057       
2457940.80905  2457940.81189  2017-07-06.3090553  coadd_bb411032 1.79 -1.86 17.932     >17.932  99.990          81.19        40.18   0.174        0.086       
2457953.84933  2457953.85117  2017-07-19.3493274  coadd_bb411382 1.78 -1.86 19.029      18.994  0.354           45.33        14.64   0.097        0.031       
2457957.77997  2457957.78149  2017-07-23.2799754  coadd_bb411806 1.84 -1.86 18.749     >18.749  99.990          33.12        18.94   0.071        0.040       
2457960.82738  2457960.82864  2017-07-26.3273832  coadd_bb412556 1.63 -1.86 18.703     >18.703  99.990          -6.23        19.77   -0.013       0.042       
2457967.78973  2457967.79040  2017-08-02.2897304  coadd_bb414066 1.75 -1.86 18.206     >18.206  99.990          49.20        31.23   0.105        0.067       
2457970.58826  2457970.58870  2017-08-05.0882753  coadd_bf332571 1.47 -2.52 17.501     >17.501  99.990          63.52        32.62   0.249        0.128       
2457972.76433  2457972.76458  2017-08-07.2643381  coadd_bb415440 1.91 -1.86 17.469      17.399  0.343          196.99        61.57   0.421        0.132       
2457973.78760  2457973.78776  2017-08-08.2876046  coadd_bb415812 1.68 -1.86 17.915     >17.915  99.990         119.76        40.83   0.256        0.087       
2457977.77494  2457977.77476  2017-08-12.2749453  coadd_bb417072 1.78 -1.86 19.047     >19.047  99.990         -31.39        14.40   -0.067       0.031       
2457980.76416  2457980.76371  2017-08-15.2641623  coadd_bb418132 1.80 -1.86 18.942     >18.942  99.990          28.23        15.86   0.060        0.034       
2457982.75920  2457982.75859  2017-08-17.2592012  coadd_bb418837 1.66 -1.86 18.900     >18.900  99.990         -20.37        16.49   -0.044       0.035       
2457984.75492  2457984.75414  2017-08-19.2549230  coadd_bb419553 1.66 -1.86 18.978     >18.978  99.990          -2.84        15.34   -0.006       0.033       
2457989.73572  2457989.73451  2017-08-24.2357216  coadd_bb420421 1.69 -1.86 18.459     >18.459  99.990         -23.99        24.74   -0.051       0.053       
2457996.50422  2457996.50245  2017-08-31.0042244  coadd_bf338525 1.45 -2.52 17.883     >17.883  99.990          35.56        22.93   0.139        0.090       
2458008.48613  2458008.48344  2017-09-11.9861402  coadd_bf341832 1.51 -2.52 18.490     >18.490  99.990          34.74        13.12   0.136        0.051       
2458013.47581  2458013.47276  2017-09-16.9758160  coadd_bf343381 2.27 -2.52 17.235     >17.235  99.990          46.32        41.65   0.181        0.163       
2458111.16520  2458111.16162  2017-12-23.6652054  coadd_bb448805 1.72 -1.86 17.823     >17.823  99.990          11.91        44.45   0.025        0.095       
2458112.15664  2458112.15312  2017-12-24.6566484  coadd_bb449065 2.18 -1.86 18.468     >18.468  99.990          32.70        24.53   0.070        0.052       
2458144.88374  2458144.88275  2018-01-26.3837402  coadd_bf377319 1.49 -2.52 16.590     >16.590  99.990          18.85        75.43   0.074        0.296       
2458145.87939  2458145.87849  2018-01-27.3793901  coadd_bf377650 1.42 -2.52 17.705     >17.705  99.990        -124.79        27.02   -0.489       0.106       
2458147.87102  2458147.87029  2018-01-29.3710228  coadd_bf378314 1.51 -2.52 18.260     >18.260  99.990           0.20        16.21   0.001        0.064       
2458148.87057  2458148.86993  2018-01-30.3705673  coadd_bf378650 1.62 -2.52 18.167     >18.167  99.990         -31.93        17.66   -0.125       0.069       
2458149.86624  2458149.86569  2018-01-31.3662369  coadd_bf378981 1.62 -2.52 17.039     >17.039  99.990         -59.37        49.88   -0.233       0.195       
2458161.87286  2458161.87337  2018-02-12.3728614  coadd_bf381909 1.46 -2.52 18.319     >18.319  99.990          23.57        15.35   0.092        0.060       
2458162.84974  2458162.85035  2018-02-13.3497494  coadd_bf382244 1.43 -2.52 18.281     >18.281  99.990         -20.43        15.90   -0.080       0.062       
2458180.04723  2458180.04930  2018-03-02.5472331  coadd_bb464022 1.71 -1.86 17.626     >17.626  99.990         -66.90        53.29   -0.143       0.114       
2458187.99948  2458188.00218  2018-03-10.4994923  coadd_bb465932 1.67 -1.86 18.033     >18.033  99.990          -3.86        36.64   -0.008       0.078       
2458219.01774  2458219.02228  2018-04-10.5177417  coadd_bb469509 1.65 -1.86 18.877     >18.877  99.990          29.31        16.83   0.063        0.036       
2458221.93881  2458221.94347  2018-04-13.4388141  coadd_bb470149 2.09 -1.86 19.089     >19.089  99.990          30.29        13.85   0.065        0.030       
2458225.91602  2458225.92082  2018-04-17.4160288  coadd_bb470855 1.66 -1.86 18.323     >18.323  99.990          70.05        28.04   0.150        0.060       
2458231.06650  2458231.07144  2018-04-22.5665075  coadd_bb472329 1.73 -1.86 17.645     >17.645  99.990         -35.43        52.35   -0.076       0.112       
2458231.94531  2458231.95027  2018-04-23.4453114  coadd_bb472597 1.68 -1.86 18.284     >18.284  99.990          -9.59        29.06   -0.020       0.062       
2458232.88498  2458232.88996  2018-04-24.3849814  coadd_bb472889 1.64 -1.86 18.944     >18.944  99.990         -12.22        15.82   -0.026       0.034       
2458233.84523  2458233.85024  2018-04-25.3452357  coadd_bb473228 1.71 -1.86 18.819     >18.819  99.990         -16.26        17.77   -0.035       0.038       
2458235.00012  2458235.00514  2018-04-26.5001260  coadd_bb473527 2.03 -1.86 17.942     >17.942  99.990           6.03        39.84   0.013        0.085       
2458243.82498  2458243.83012  2018-05-05.3249905  coadd_bf410815 1.46 -2.52 17.898     >17.898  99.990         -16.64        22.63   -0.065       0.089       
2458245.97627  2458245.98141  2018-05-07.4762777  coadd_bb474697 1.63 -1.86 17.919     >17.919  99.990           1.56        40.68   0.003        0.087       
2458246.98816  2458246.99330  2018-05-08.4881640  coadd_bb474930 2.01 -1.86 18.827     >18.827  99.990          47.19        17.63   0.101        0.038       
2458248.84165  2458248.84679  2018-05-10.3416600  coadd_bb475330 1.68 -1.86 18.969     >18.969  99.990          11.71        15.47   0.025        0.033       
2458252.01542  2458252.02055  2018-05-13.5154246  coadd_bb475990 2.16 -1.86 18.893     >18.893  99.990         -11.43        16.59   -0.024       0.035       
2458252.96382  2458252.96894  2018-05-14.4638211  coadd_bb476304 2.13 -1.86 19.115     >19.115  99.990          26.24        13.52   0.056        0.029       
2458257.92978  2458257.93485  2018-05-19.4297857  coadd_bb477349 1.75 -1.86 18.903     >18.903  99.990          27.80        16.43   0.059        0.035       
2458258.92564  2458258.93069  2018-05-20.4256453  coadd_bb477694 2.06 -1.86 18.967     >18.967  99.990         -19.93        15.50   -0.043       0.033       
2458270.90741  2458270.91216  2018-06-01.4074133  coadd_bb480136 1.67 -1.86 17.820     >17.820  99.990        -168.32        44.57   -0.360       0.095       
2458277.94295  2458277.94743  2018-06-08.4429555  coadd_bb481769 1.76 -1.86 18.984     >18.984  99.990           5.88        15.26   0.013        0.033       
2458279.95538  2458279.95977  2018-06-10.4553796  coadd_bb482226 1.67 -1.86 18.737     >18.737  99.990          14.52        19.16   0.031        0.041       
2458280.81722  2458280.82158  2018-06-11.3172277  coadd_bb482436 1.65 -1.86 18.969     >18.969  99.990          38.58        15.47   0.082        0.033       
2458281.88454  2458281.88884  2018-06-12.3845378  coadd_bb482786 1.73 -1.86 18.993     >18.993  99.990         -21.77        15.13   -0.047       0.032       
2458296.89209  2458296.89555  2018-06-27.3920918  coadd_bb486604 2.02 -1.86 17.671     >17.671  99.990        -100.46        51.11   -0.215       0.109       
2458299.92114  2458299.92441  2018-06-30.4211504  coadd_bb487544 2.11 -1.86 17.740     >17.740  99.990         118.61        47.98   0.253        0.103       
2458300.66767  2458300.67088  2018-07-01.1676687  coadd_bf413082 1.67 -2.52 17.882     >17.882  99.990          51.99        22.96   0.204        0.090       
2458300.81453  2458300.81774  2018-07-01.3145333  coadd_bb487651 1.67 -1.86 18.741     >18.741  99.990          46.86        19.08   0.100        0.041       
2458306.45060  2458306.45342  2018-07-06.9506068  coadd_bf415012 1.54 -2.52 17.744     >17.744  99.990         -21.79        26.07   -0.085       0.102       
2458308.49802  2458308.50069  2018-07-08.9980247  coadd_bf415518 1.60 -2.52 18.822     >18.822  99.990          -1.50         9.66   -0.006       0.038       
2458308.88128  2458308.88392  2018-07-09.3812872  coadd_bb489217 1.67 -1.86 18.971     >18.971  99.990         -14.03        15.44   -0.030       0.033       
2458312.78683  2458312.78917  2018-07-13.2868366  coadd_bb490519 1.70 -1.86 18.202     >18.202  99.990         -24.28        31.34   -0.052       0.067       
2458313.87896  2458313.88122  2018-07-14.3789623  coadd_bb490841 1.70 -1.86 18.886     >18.886  99.990         -36.47        16.70   -0.078       0.036       
2458316.79537  2458316.79739  2018-07-17.2953684  coadd_bb491451 2.11 -1.86 19.012     >19.012  99.990         -12.25        14.87   -0.026       0.032       
2458322.83826  2458322.83980  2018-07-23.3382662  coadd_bb493208 1.75 -1.86 18.039     >18.039  99.990         -42.63        36.44   -0.091       0.078       
2458325.82329  2458325.82457  2018-07-26.3232938  coadd_bb494174 2.17 -1.86 17.882     >17.882  99.990         -96.72        42.08   -0.207       0.090       
2458329.82292  2458329.82387  2018-07-30.3229194  coadd_bb495485 2.24 -1.86 17.187     >17.187  99.990        -161.43        79.82   -0.345       0.171       
2458330.60957  2458330.61046  2018-07-31.1095755  coadd_bf423706 1.46 -2.52 16.982     >16.982  99.990         -67.88        52.60   -0.266       0.206       
2458331.61790  2458331.61870  2018-08-01.1179024  coadd_bf424145 1.38 -2.52 17.769     >17.769  99.990         -16.46        25.49   -0.065       0.100       
2458331.80622  2458331.80701  2018-08-01.3062280  coadd_bb495986 1.68 -1.86 17.531     >17.531  99.990          37.13        58.15   0.079        0.124       
2458336.79065  2458336.79100  2018-08-06.2906547  coadd_bb497409 2.04 -1.86 19.187     >19.187  99.990          -8.56        12.65   -0.018       0.027       
2458338.78575  2458338.78593  2018-08-08.2857503  coadd_bb498077 1.75 -1.86 18.796     >18.796  99.990         -52.15        18.14   -0.111       0.039       
2458342.78770  2458342.78754  2018-08-12.2877040  coadd_bb498815 2.14 -1.86 19.116     >19.116  99.990          35.86        13.51   0.077        0.029       
2458359.53466  2458359.53308  2018-08-29.0346663  coadd_bf434202 1.57 -2.52 18.086     >18.086  99.990         -35.78        19.02   -0.140       0.075       
