###  JD        HJD            UT_date             IMAGE          FWHM  Diff Limit      mag   mag_err       counts     count_err  flux (mJy)    flux_err
2456005.12690  2456005.13025  2012-03-18.6269062  coadd_bb010317 2.03 -1.48 21.055      20.974  0.336           10.44         3.23   0.016        0.005       
2456014.07557  2456014.07951  2012-03-27.5755682  coadd_bb010817 1.72 -1.48 20.490     >20.490  99.990         -29.55         5.44   -0.044       0.008       
2456018.08219  2456018.08637  2012-03-31.5821962  coadd_bb011722 1.72 -1.48 21.984     >21.984  99.990           1.89         1.37   0.003        0.002       
2456022.08775  2456022.09215  2012-04-04.5877539  coadd_bb012695 1.71 -1.48 19.091      17.045  0.055          389.31        19.73   0.583        0.030       
2456028.04957  2456028.05424  2012-04-10.5495696  coadd_bb013602 1.75 -1.48 19.761     >19.761  99.990        -113.20        10.64   -0.170       0.016       
2456037.02260  2456037.02761  2012-04-19.5226040  coadd_bb014257 1.77 -1.48 19.767      18.398  0.103          112.00        10.58   0.168        0.016       
2456042.00520  2456042.01034  2012-04-24.5052045  coadd_bb015253 1.81 -1.48 19.083      17.030  0.055          394.78        19.87   0.591        0.030       
2456085.88134  2456085.88605  2012-06-07.3813475  coadd_bb016607 2.08 -1.48 19.787      18.437  0.104          108.01        10.39   0.162        0.016       
2456337.01598  2456337.01625  2013-02-13.5159818  coadd_ba040010 2.14 -1.87 18.509     >18.509  99.990          69.29        23.52   0.149        0.050       
2456345.10838  2456345.10936  2013-02-21.6084186  coadd_ba041294 1.66 -1.87 18.462     >18.462  99.990          72.58        24.56   0.156        0.053       
2456355.03457  2456355.03638  2013-03-03.5345703  coadd_ba042919 2.09 -1.87 17.808     >17.808  99.990         -17.65        44.86   -0.038       0.096       
2456359.07848  2456359.08062  2013-03-07.5784842  coadd_ba044114 1.79 -1.87 18.660     >18.660  99.990         -23.46        20.47   -0.050       0.044       
2456370.99745  2456371.00048  2013-03-19.4974568  coadd_ba045346 2.02 -1.87 18.438     >18.438  99.990          52.20        25.10   0.112        0.054       
2456386.96676  2456386.97079  2013-04-04.4668092  coadd_ba047059 2.51 -1.87 18.477     >18.477  99.990          63.14        24.23   0.136        0.052       
2456389.07286  2456389.07700  2013-04-06.5728693  coadd_ba047697 2.04 -1.87 18.651     >18.651  99.990          61.80        20.64   0.133        0.044       
2456390.06646  2456390.07065  2013-04-07.5664629  coadd_ba047977 2.03 -1.87 18.583     >18.583  99.990          14.85        21.96   0.032        0.047       
2456393.94928  2456393.95365  2013-04-11.4492780  coadd_ba048963 2.27 -1.87 18.306      18.300  0.363           85.49        28.36   0.184        0.061       
2456397.97375  2456397.97830  2013-04-15.4737550  coadd_ba049811 2.13 -1.87 18.705     >18.705  99.990         -34.92        19.63   -0.075       0.042       
2456400.96793  2456400.97259  2013-04-18.4679401  coadd_ba050641 2.21 -1.87 18.492     >18.492  99.990          -9.47        23.89   -0.020       0.051       
2456402.97877  2456402.98350  2013-04-20.4787820  coadd_ba051182 2.05 -1.87 18.251     >18.251  99.990          56.55        29.82   0.121        0.064       
2456411.93343  2456411.93839  2013-04-29.4334393  coadd_ba053136 2.17 -1.87 16.725     >16.725  99.990         -81.21       121.57   -0.174       0.261       
2456417.05745  2456417.06249  2013-05-04.5574642  coadd_ba054136 1.82 -1.87 18.366     >18.366  99.990          39.87        26.82   0.086        0.058       
2456443.89688  2456443.90174  2013-05-31.3968880  coadd_ba055885 2.56 -1.87 18.321     >18.321  99.990           0.15        27.97   0.000        0.060       
2456449.88711  2456449.89179  2013-06-06.3871122  coadd_ba057088 2.63 -1.87 18.100     >18.100  99.990          82.22        34.28   0.177        0.074       
2456458.86316  2456458.86748  2013-06-15.3631586  coadd_ba059318 2.13 -1.87 18.383     >18.383  99.990          76.19        26.41   0.164        0.057       
2456462.85873  2456462.86286  2013-06-19.3587344  coadd_ba060484 1.84 -1.87 17.896     >17.896  99.990           1.89        41.34   0.004        0.089       
2456468.84849  2456468.85230  2013-06-25.3484896  coadd_ba062298 1.82 -1.87 16.638     >16.638  99.990         324.93       131.70   0.698        0.283       
2456473.84573  2456473.84924  2013-06-30.3457326  coadd_ba063631 2.20 -1.87 17.996      17.471  0.225          183.44        37.73   0.394        0.081       
2456477.83127  2456477.83453  2013-07-04.3312740  coadd_ba064786 1.66 -1.87 18.439      18.102  0.267          102.66        25.09   0.220        0.054       
2456482.83350  2456482.83642  2013-07-09.3335071  coadd_ba066444 2.19 -1.87 18.492     >18.492  99.990          48.39        23.88   0.104        0.051       
2456486.81181  2456486.81444  2013-07-13.3118106  coadd_ba067599 1.99 -1.87 18.061      17.504  0.219          178.03        35.54   0.382        0.076       
2456491.80731  2456491.80956  2013-07-18.3073135  coadd_ba069367 1.79 -1.87 17.837     >17.837  99.990          47.74        43.68   0.102        0.094       
2456497.81675  2456497.81853  2013-07-24.3167534  coadd_ba071007 1.81 -1.87 17.446     >17.446  99.990         122.88        62.60   0.264        0.134       
2456510.80501  2456510.80571  2013-08-06.3050236  coadd_ba073048 1.78 -1.87 18.266      18.035  0.295          109.18        29.41   0.234        0.063       
2456512.79319  2456512.79373  2013-08-08.2931930  coadd_ba073587 2.01 -1.87 18.356      17.988  0.260          113.95        27.08   0.245        0.058       
2456519.76015  2456519.76009  2013-08-15.2601476  coadd_ba075423 1.72 -1.87 17.907      17.510  0.253          177.01        40.94   0.380        0.088       
2456525.74011  2456525.73954  2013-08-21.2401186  coadd_ba077047 2.02 -1.87 17.577      17.134  0.243          250.35        55.48   0.538        0.119       
2456531.77155  2456531.77047  2013-08-27.2715572  coadd_ba078195 2.59 -1.87 18.231     >18.231  99.990          86.87        30.37   0.187        0.065       
2456658.14270  2456658.13956  2013-12-31.6427031  coadd_ba104367 2.12 -1.87 17.998     >17.998  99.990          51.51        37.66   0.111        0.081       
2456676.08271  2456676.08073  2014-01-18.5827174  coadd_ba106803 1.72 -1.87 17.394      16.788  0.209          344.22        65.65   0.739        0.141       
2456678.11095  2456678.10914  2014-01-20.6109590  coadd_ba107570 2.02 -1.87 17.131      16.481  0.201          456.53        83.68   0.980        0.180       
2456701.03097  2456701.03113  2014-02-12.5309756  coadd_ba109832 1.67 -1.87 17.462     >17.462  99.990          83.07        61.66   0.178        0.132       
2456730.08401  2456730.08659  2014-03-13.5836034  coadd_ba110511 2.18 -1.87 17.821      17.416  0.252          192.99        44.33   0.414        0.095       
2456731.06433  2456731.06698  2014-03-14.5639231  coadd_ba110704 1.64 -1.87 17.767     >17.767  99.990         -70.00        46.57   -0.150       0.100       
2456736.00983  2456736.01285  2014-03-19.5094285  coadd_ba111737 1.68 -1.87 17.222     >17.222  99.990        -194.91        76.96   -0.418       0.165       
2456741.11766  2456741.12103  2014-03-24.6172585  coadd_ba112815 2.15 -1.87 18.028     >18.028  99.990          96.70        36.63   0.208        0.079       
2456743.99200  2456743.99555  2014-03-27.4916002  coadd_ba113336 1.67 -1.87 18.610     >18.610  99.990         -64.34        21.42   -0.138       0.046       
2456755.97319  2456755.97741  2014-04-08.4727879  coadd_ba114673 2.53 -1.87 18.636     >18.636  99.990         -37.86        20.92   -0.081       0.045       
2456757.92475  2456757.92906  2014-04-10.4243437  coadd_ba115334 1.73 -1.87 18.100     >18.100  99.990          14.06        34.27   0.030        0.074       
2456758.95237  2456758.95673  2014-04-11.4519672  coadd_ba115662 2.29 -1.87 17.766     >17.766  99.990        -139.30        46.62   -0.299       0.100       
2456771.09116  2456771.09597  2014-04-23.5907594  coadd_ba117365 2.50 -1.87 18.298     >18.298  99.990        -124.21        28.57   -0.267       0.061       
2456781.92961  2456781.93465  2014-05-04.4292076  coadd_ba118357 2.20 -1.87 18.528     >18.528  99.990          19.45        23.10   0.042        0.050       
2456782.79133  2456782.79638  2014-05-05.2909280  coadd_ba118588 1.70 -1.87 18.251     >18.251  99.990         -27.62        29.83   -0.059       0.064       
2456783.94130  2456783.94636  2014-05-06.4408953  coadd_ba118833 1.85 -1.87 18.614     >18.614  99.990          57.18        21.34   0.123        0.046       
2456785.78385  2456785.78892  2014-05-08.2834460  coadd_ba119384 1.63 -1.87 17.558     >17.558  99.990          33.09        56.45   0.071        0.121       
2456795.01917  2456795.02426  2014-05-17.5187642  coadd_ba120812 1.68 -1.87 17.615     >17.615  99.990         -20.99        53.57   -0.045       0.115       
2456797.02904  2456797.03411  2014-05-19.5286340  coadd_ba121460 2.11 -1.87 18.007     >18.007  99.990          -1.75        37.35   -0.004       0.080       
2456797.97102  2456797.97608  2014-05-20.4706148  coadd_ba121781 2.04 -1.87 18.373     >18.373  99.990          59.51        26.65   0.128        0.057       
2456798.97031  2456798.97536  2014-05-21.4699056  coadd_ba122138 2.02 -1.87 18.197     >18.197  99.990          90.69        31.35   0.195        0.067       
2456801.90459  2456801.90961  2014-05-24.4041935  coadd_ba123015 2.08 -1.87 18.726     >18.726  99.990          40.03        19.25   0.086        0.041       
2456804.90309  2456804.90805  2014-05-27.4026880  coadd_ba123939 2.09 -1.87 18.524     >18.524  99.990          48.33        23.19   0.104        0.050       
2456807.90308  2456807.90797  2014-05-30.4026806  coadd_ba124710 2.50 -1.87 18.366     >18.366  99.990          42.66        26.82   0.092        0.058       
2456810.88569  2456810.89050  2014-06-02.3852842  coadd_ba125620 2.50 -1.87 18.284      18.244  0.352           90.03        28.93   0.193        0.062       
2456811.77236  2456811.77715  2014-06-03.2719596  coadd_ba125878 2.07 -1.87 18.422      18.010  0.250          111.65        25.47   0.240        0.055       
2456812.88432  2456812.88907  2014-06-04.3839151  coadd_ba126251 1.67 -1.87 18.406      18.096  0.274          103.19        25.86   0.222        0.056       
2456813.79280  2456813.79752  2014-06-05.2923929  coadd_ba126453 2.26 -1.87 17.098     >17.098  99.990         192.19        86.25   0.413        0.185       
2456815.88061  2456815.88527  2014-06-07.3802136  coadd_ba127158 1.65 -1.87 18.127      17.101  0.142          257.98        33.42   0.554        0.072       
2456821.94315  2456821.94757  2014-06-13.4427478  coadd_ba129104 1.83 -1.87 16.999     >16.999  99.990          76.75        94.50   0.165        0.203       
2456823.88275  2456823.88708  2014-06-15.3823498  coadd_ba129723 2.19 -1.87 17.401      17.223  0.310          230.67        65.26   0.495        0.140       
2456824.94830  2456824.95258  2014-06-16.4478921  coadd_ba130048 1.65 -1.87 17.857     >17.857  99.990           4.66        42.86   0.010        0.092       
2456825.87303  2456825.87727  2014-06-17.3726268  coadd_ba130340 1.63 -1.87 17.800     >17.800  99.990         121.72        45.16   0.261        0.097       
2456827.86428  2456827.86843  2014-06-19.3638797  coadd_ba130991 1.65 -1.87 18.585     >18.585  99.990          13.03        21.93   0.028        0.047       
2456829.86217  2456829.86621  2014-06-21.3617623  coadd_ba131611 1.65 -1.87 18.447     >18.447  99.990           8.22        24.91   0.018        0.053       
2456832.85841  2456832.86229  2014-06-24.3580013  coadd_ba132269 1.73 -1.87 18.451     >18.451  99.990         -47.27        24.81   -0.101       0.053       
2456834.86884  2456834.87260  2014-06-26.3684328  coadd_ba132665 2.21 -1.87 18.462     >18.462  99.990          26.21        24.56   0.056        0.053       
2456847.85057  2456847.85350  2014-07-09.3501667  coadd_ba133589 2.03 -1.87 17.068      16.803  0.286          339.51        88.64   0.729        0.190       
2456848.84666  2456848.84952  2014-07-10.3462554  coadd_ba133915 2.05 -1.87 17.072     >17.072  99.990         131.96        88.38   0.283        0.190       
2456851.83529  2456851.83794  2014-07-13.3348896  coadd_ba134908 1.74 -1.87 17.240     >17.240  99.990         107.38        75.65   0.231        0.162       
2456855.82754  2456855.82989  2014-07-17.3271383  coadd_ba135754 1.81 -1.87 18.752     >18.752  99.990          17.45        18.80   0.037        0.040       
2456856.82386  2456856.82613  2014-07-18.3234600  coadd_ba136060 1.66 -1.87 18.778     >18.778  99.990          13.27        18.36   0.028        0.039       
2456857.76477  2456857.76696  2014-07-19.2643672  coadd_ba136360 2.22 -1.87 18.916      18.202  0.189           93.58        16.17   0.201        0.035       
2456862.83264  2456862.83444  2014-07-24.3322375  coadd_ba137151 2.09 -1.87 18.631     >18.631  99.990          22.32        21.01   0.048        0.045       
2456863.81576  2456863.81747  2014-07-25.3153521  coadd_ba137480 2.04 -1.87 18.758     >18.758  99.990         -41.12        18.70   -0.088       0.040       
2456864.81363  2456864.81527  2014-07-26.3132312  coadd_ba137834 1.74 -1.87 18.845     >18.845  99.990          -8.84        17.26   -0.019       0.037       
2456865.81418  2456865.81573  2014-07-27.3137770  coadd_ba138103 1.74 -1.87 18.620     >18.620  99.990         -21.77        21.22   -0.047       0.046       
2456866.81416  2456866.81564  2014-07-28.3137628  coadd_ba138442 2.01 -1.87 18.845     >18.845  99.990         -13.81        17.25   -0.030       0.037       
2456867.81488  2456867.81627  2014-07-29.3144826  coadd_ba138770 1.67 -1.87 18.590     >18.590  99.990         -18.17        21.82   -0.039       0.047       
2456881.77623  2456881.77645  2014-08-12.2758297  coadd_ba141238 2.19 -1.87 18.042     >18.042  99.990          99.99        36.14   0.215        0.078       
2456882.77858  2456882.77871  2014-08-13.2781736  coadd_ba141137 2.09 -1.87 18.294      18.185  0.330           95.08        28.67   0.204        0.062       
2456884.77925  2456884.77921  2014-08-15.2788443  coadd_ba142050 2.14 -1.87 18.880     >18.880  99.990          17.49        16.72   0.038        0.036       
2456885.74598  2456885.74586  2014-08-16.2455793  coadd_ba142390 2.32 -1.87 18.293     >18.293  99.990          32.08        28.68   0.069        0.062       
2456886.77395  2456886.77373  2014-08-17.2735410  coadd_ba142752 2.09 -1.87 18.612     >18.612  99.990          19.37        21.38   0.042        0.046       
2456887.77154  2456887.77125  2014-08-18.2711383  coadd_ba143001 1.77 -1.87 18.874     >18.874  99.990          -7.51        16.79   -0.016       0.036       
2456890.76077  2456890.76022  2014-08-21.2603697  coadd_ba143296 2.14 -1.87 18.486     >18.486  99.990          18.42        24.03   0.040        0.052       
2456894.75024  2456894.74935  2014-08-25.2498356  coadd_ba145122 2.13 -1.87 18.442     >18.442  99.990          50.12        25.00   0.108        0.054       
2456897.73969  2456897.73855  2014-08-28.2392892  coadd_ba146127 2.19 -1.87 18.786     >18.786  99.990          41.00        18.21   0.088        0.039       
2456904.72371  2456904.72200  2014-09-04.2233087  coadd_ba147948 2.39 -1.87 17.267     >17.267  99.990         154.67        73.83   0.332        0.159       
2456909.72051  2456909.71840  2014-09-09.2201125  coadd_ba149161 2.80 -1.87 16.981     >16.981  99.990         214.65        96.07   0.461        0.206       
2457012.16967  2457012.16569  2014-12-20.6692643  coadd_ba172698 1.73 -1.87 16.630     >16.630  99.990         137.45       132.77   0.295        0.285       
2457018.13642  2457018.13278  2014-12-26.6360187  coadd_ba173784 1.71 -1.87 18.079     >18.079  99.990        -121.25        34.94   -0.260       0.075       
2457021.15274  2457021.14929  2014-12-29.6523533  coadd_ba174513 1.62 -1.87 18.411     >18.411  99.990          39.92        25.75   0.086        0.055       
2457031.12454  2457031.12178  2015-01-08.6241378  coadd_ba175894 1.70 -1.87 17.508     >17.508  99.990         -39.34        59.12   -0.084       0.127       
2457032.13413  2457032.13144  2015-01-09.6337248  coadd_ba176320 1.70 -1.87 17.937      17.726  0.301          145.08        39.84   0.311        0.086       
2457038.12202  2457038.11978  2015-01-15.6216146  coadd_ba178419 1.65 -1.87 18.107     >18.107  99.990          57.49        34.06   0.123        0.073       
2457040.12009  2457040.11801  2015-01-17.6196812  coadd_ba179249 1.70 -1.87 18.438     >18.438  99.990           7.64        25.11   0.016        0.054       
2457042.11798  2457042.11606  2015-01-19.6175799  coadd_ba179968 1.67 -1.87 18.410     >18.410  99.990           4.74        25.76   0.010        0.055       
2457044.11087  2457044.10912  2015-01-21.6104799  coadd_ba180793 1.76 -1.87 18.353     >18.353  99.990         -60.96        27.16   -0.131       0.058       
2457046.10373  2457046.10214  2015-01-23.6033233  coadd_ba181613 1.64 -1.87 18.619     >18.619  99.990         -81.04        21.26   -0.174       0.046       
2457048.10642  2457048.10500  2015-01-25.6060173  coadd_ba182428 1.69 -1.87 18.279     >18.279  99.990         -44.94        29.07   -0.096       0.062       
2457050.09847  2457050.09722  2015-01-27.5980696  coadd_ba183198 1.69 -1.87 18.477     >18.477  99.990         -50.23        24.23   -0.108       0.052       
2457052.09633  2457052.09525  2015-01-29.5959256  coadd_ba183817 1.73 -1.87 18.454     >18.454  99.990          32.46        24.75   0.070        0.053       
2457054.09521  2457054.09430  2015-01-31.5948077  coadd_ba184487 1.76 -1.87 18.034     >18.034  99.990          -8.95        36.43   -0.019       0.078       
2457056.09014  2457056.08940  2015-02-02.5897324  coadd_ba185296 1.64 -1.87 17.330     >17.330  99.990          25.89        69.68   0.056        0.150       
2457061.08388  2457061.08358  2015-02-07.5834836  coadd_ba185714 1.67 -1.87 17.861     >17.861  99.990         -41.68        42.71   -0.089       0.092       
2457069.06907  2457069.06947  2015-02-15.5686593  coadd_ba187260 1.75 -1.87 18.468     >18.468  99.990          15.36        24.42   0.033        0.052       
2457071.03079  2457071.03137  2015-02-17.5303890  coadd_ba188009 1.57 -1.87 18.322     >18.322  99.990         -36.03        27.94   -0.077       0.060       
2457074.05476  2457074.05560  2015-02-20.5543526  coadd_ba188909 1.70 -1.87 18.603     >18.603  99.990         -51.82        21.56   -0.111       0.046       
2457078.05149  2457078.05267  2015-02-24.5510810  coadd_ba189726 1.73 -1.87 18.481     >18.481  99.990        -123.92        24.12   -0.266       0.052       
2457081.04649  2457081.04793  2015-02-27.5460877  coadd_ba190659 1.65 -1.87 18.365     >18.365  99.990         -80.23        26.86   -0.172       0.058       
2457084.04584  2457084.04753  2015-03-02.5454406  coadd_ba191148 1.81 -1.87 17.715     >17.715  99.990         -44.04        48.84   -0.095       0.105       
2457092.02501  2457092.02734  2015-03-10.5246100  coadd_ba192164 1.99 -1.87 17.478     >17.478  99.990         -13.49        60.76   -0.029       0.130       
2457095.98101  2457095.98364  2015-03-14.4806017  coadd_ba192730 1.85 -1.87 18.538     >18.538  99.990          -6.24        22.91   -0.013       0.049       
2457098.94321  2457098.94606  2015-03-17.4428104  coadd_ba193683 1.71 -1.87 18.304     >18.304  99.990          17.16        28.40   0.037        0.061       
2457101.10323  2457101.10623  2015-03-19.6032376  coadd_ba194445 1.65 -1.87 18.754     >18.754  99.990          19.45        18.77   0.042        0.040       
2457104.03057  2457104.03377  2015-03-22.5305777  coadd_ba195254 1.64 -1.87 18.572      18.431  0.320           75.81        22.19   0.163        0.048       
2457106.98950  2457106.99290  2015-03-25.4895107  coadd_ba196217 1.64 -1.87 18.222     >18.222  99.990          57.08        30.62   0.123        0.066       
2457109.91315  2457109.91675  2015-03-28.4131711  coadd_ba196936 1.61 -1.87 18.984     >18.984  99.990         -43.19        15.18   -0.093       0.033       
2457110.91678  2457110.92044  2015-03-29.4167958  coadd_ba197283 1.63 -1.87 18.681     >18.681  99.990         -19.01        20.08   -0.041       0.043       
2457111.90724  2457111.91096  2015-03-30.4072547  coadd_ba197586 1.65 -1.87 18.647     >18.647  99.990         -11.53        20.70   -0.025       0.044       
2457112.90408  2457112.90785  2015-03-31.4040947  coadd_ba197931 1.65 -1.87 18.358     >18.358  99.990         -80.22        27.04   -0.172       0.058       
2457113.95565  2457113.95948  2015-04-01.4556589  coadd_ba198314 1.70 -1.87 17.785     >17.785  99.990          29.94        45.82   0.064        0.098       
2457120.13691  2457120.14108  2015-04-07.6369244  coadd_ba199880 1.80 -1.87 16.697     >16.697  99.990         174.97       124.79   0.376        0.268       
2457123.13106  2457123.13537  2015-04-10.6310740  coadd_ba200776 1.77 -1.87 17.969     >17.969  99.990          36.97        38.68   0.079        0.083       
2457125.04473  2457125.04913  2015-04-12.5447452  coadd_ba201091 2.08 -1.87 18.241     >18.241  99.990          18.70        30.09   0.040        0.065       
2457125.95200  2457125.95644  2015-04-13.4520133  coadd_ba201378 1.73 -1.87 18.527     >18.527  99.990         -45.72        23.12   -0.098       0.050       
2457128.95623  2457128.96079  2015-04-16.4562497  coadd_ba202001 1.77 -1.87 17.960     >17.960  99.990        -142.05        39.01   -0.305       0.084       
2457130.91186  2457130.91649  2015-04-18.4118736  coadd_ba202291 1.70 -1.87 18.584     >18.584  99.990          10.13        21.95   0.022        0.047       
2457132.95737  2457132.96208  2015-04-20.4573843  coadd_ba202991 1.67 -1.87 18.594     >18.594  99.990           3.15        21.75   0.007        0.047       
2457136.86543  2457136.87026  2015-04-24.3654456  coadd_ba203917 1.60 -1.87 18.147     >18.147  99.990          45.21        32.83   0.097        0.070       
2457137.96870  2457137.97355  2015-04-25.4687079  coadd_ba204319 1.63 -1.87 18.734     >18.734  99.990         -28.86        19.12   -0.062       0.041       
2457149.98828  2457149.99335  2015-05-07.4882802  coadd_ba206095 1.66 -1.87 17.692     >17.692  99.990         115.64        49.89   0.248        0.107       
2457154.03451  2457154.03961  2015-05-11.5345123  coadd_ba206973 1.78 -1.87 17.699     >17.699  99.990          68.88        49.57   0.148        0.106       
2457155.93864  2457155.94373  2015-05-13.4386380  coadd_ba207483 1.74 -1.87 18.333     >18.333  99.990         -15.87        27.65   -0.034       0.059       
2457156.93229  2457156.93739  2015-05-14.4322960  coadd_ba207749 2.01 -1.87 18.485     >18.485  99.990         -56.26        24.04   -0.121       0.052       
2457160.91828  2457160.92336  2015-05-18.4182777  coadd_ba208438 1.65 -1.87 18.649     >18.649  99.990          52.69        20.67   0.113        0.044       
2457163.94432  2457163.94938  2015-05-21.4443303  coadd_ba209348 1.73 -1.87 18.683     >18.683  99.990           7.18        20.04   0.015        0.043       
2457166.74674  2457166.75176  2015-05-24.2467651  coadd_ba209905 1.73 -1.87 18.559     >18.559  99.990           7.13        22.46   0.015        0.048       
2457167.95607  2457167.96107  2015-05-25.4560872  coadd_ba210281 1.65 -1.87 18.442     >18.442  99.990          74.57        25.02   0.160        0.054       
2457171.88026  2457171.88519  2015-05-29.3802701  coadd_ba210919 1.62 -1.87 17.947      17.926  0.359          120.67        39.47   0.259        0.085       
2457173.78541  2457173.79029  2015-05-31.2854223  coadd_ba211368 1.66 -1.87 17.203     >17.203  99.990        -130.52        78.27   -0.280       0.168       
2457177.95277  2457177.95752  2015-06-04.4527859  coadd_ba212191 1.61 -1.87 17.247     >17.247  99.990         198.45        75.21   0.426        0.161       
2457178.82766  2457178.83239  2015-06-05.3276810  coadd_ba212431 1.58 -1.87 17.565     >17.565  99.990          96.06        56.09   0.206        0.120       
2457180.96625  2457180.97091  2015-06-07.4662526  coadd_ba213113 1.69 -1.87 18.252     >18.252  99.990          11.53        29.80   0.025        0.064       
2457181.93123  2457181.93585  2015-06-08.4312386  coadd_ba213411 1.66 -1.87 17.877     >17.877  99.990          52.53        42.11   0.113        0.090       
2457183.86016  2457183.86471  2015-06-10.3601744  coadd_ba213808 1.83 -1.87 18.652     >18.652  99.990         -21.16        20.61   -0.045       0.044       
2457185.88412  2457185.88860  2015-06-12.3841393  coadd_ba214345 1.67 -1.87 18.890     >18.890  99.990         -23.46        16.56   -0.050       0.036       
2457188.88796  2457188.89231  2015-06-15.3879891  coadd_ba214789 1.67 -1.87 18.455     >18.455  99.990          13.43        24.71   0.029        0.053       
2457191.90161  2457191.90581  2015-06-18.4016078  coadd_ba215668 1.64 -1.87 18.540     >18.540  99.990         -25.73        22.85   -0.055       0.049       
2457193.85997  2457193.86407  2015-06-20.3599761  coadd_ba216138 1.70 -1.87 18.769     >18.769  99.990         -17.42        18.51   -0.037       0.040       
2457195.89572  2457195.89972  2015-06-22.3957291  coadd_ba216742 1.72 -1.87 18.517     >18.517  99.990         -60.66        23.33   -0.130       0.050       
2457199.78856  2457199.79234  2015-06-26.2885745  coadd_ba217591 1.89 -1.87 18.001     >18.001  99.990         -87.72        37.53   -0.188       0.081       
2457203.87215  2457203.87569  2015-06-30.3721471  coadd_ba218835 1.67 -1.87 17.858     >17.858  99.990          -1.39        42.84   -0.003       0.092       
2457205.86868  2457205.87210  2015-07-02.3686891  coadd_ba219366 1.63 -1.87 17.432     >17.432  99.990        -165.39        63.38   -0.355       0.136       
2457206.80411  2457206.80746  2015-07-03.3041081  coadd_ba219632 1.61 -1.87 17.481     >17.481  99.990        -111.65        60.62   -0.240       0.130       
2457209.89034  2457209.89349  2015-07-06.3903402  coadd_ba220288 1.75 -1.87 18.041     >18.041  99.990         -21.33        36.19   -0.046       0.078       
2457210.80765  2457210.81074  2015-07-07.3076509  coadd_ba220530 1.65 -1.87 18.671     >18.671  99.990         -42.12        20.26   -0.090       0.043       
2457216.83906  2457216.84173  2015-07-13.3390630  coadd_ba221686 2.03 -1.87 18.796     >18.796  99.990         -52.82        18.06   -0.113       0.039       
2457222.80972  2457222.81194  2015-07-19.3097221  coadd_ba222627 1.70 -1.87 18.658     >18.658  99.990         -28.62        20.51   -0.061       0.044       
2457227.82876  2457227.83058  2015-07-24.3287579  coadd_ba223400 1.66 -1.87 17.835      16.013  0.068          703.00        43.76   1.509        0.094       
2457228.82870  2457228.83043  2015-07-25.3286959  coadd_ba223700 1.67 -1.87 18.171     >18.171  99.990        -124.41        32.12   -0.267       0.069       
2457232.82151  2457232.82293  2015-07-29.3215135  coadd_ba224817 1.73 -1.87 16.320     >16.320  99.990         238.01       176.60   0.511        0.379       
2457233.81545  2457233.81679  2015-07-30.3154542  coadd_ba225144 2.09 -1.87 17.433     >17.433  99.990         -67.84        63.33   -0.146       0.136       
2457235.78855  2457235.78972  2015-08-01.2885462  coadd_ba225476 1.82 -1.87 17.429     >17.429  99.990         -47.42        63.58   -0.102       0.136       
2457240.79655  2457240.79730  2015-08-06.2965559  coadd_ba226387 1.72 -1.87 18.389     >18.389  99.990          -0.66        26.27   -0.001       0.056       
2457242.75272  2457242.75331  2015-08-08.252725  coadd_ba226937 1.77 -1.87 18.308     >18.308  99.990         -31.66        28.30   -0.068       0.061       
2457244.79556  2457244.79597  2015-08-10.2955577  coadd_ba227657 1.80 -1.87 18.596     >18.596  99.990         -23.51        21.71   -0.050       0.047       
2457246.77693  2457246.77717  2015-08-12.2769302  coadd_ba228328 1.69 -1.87 18.314     >18.314  99.990         -24.16        28.13   -0.052       0.060       
2457250.76364  2457250.76353  2015-08-16.2636443  coadd_ba229159 1.79 -1.87 18.385     >18.385  99.990         -31.99        26.36   -0.069       0.057       
2457255.75141  2457255.75088  2015-08-21.2514145  coadd_ba229687 1.73 -1.87 18.006     >18.006  99.990         -65.55        37.39   -0.141       0.080       
2457263.72899  2457263.72779  2015-08-29.2289949  coadd_ba231009 2.10 -1.87 16.951     >16.951  99.990         174.19        98.79   0.374        0.212       
2457380.15920  2457380.15537  2015-12-23.6592032  coadd_ba260184 1.76 -1.87 18.314     >18.314  99.990          22.50        28.14   0.048        0.060       
2457395.13736  2457395.13450  2016-01-07.6373609  coadd_ba264988 1.81 -1.87 18.579      18.458  0.327           73.92        22.05   0.159        0.047       
2457398.12355  2457398.12091  2016-01-10.6235512  coadd_ba266266 1.69 -1.87 18.378      17.884  0.232          125.42        26.53   0.269        0.057       
2457400.12069  2457400.11820  2016-01-12.6206939  coadd_ba267133 1.78 -1.87 18.621      17.823  0.175          132.65        21.20   0.285        0.046       
2457403.11822  2457403.11596  2016-01-15.6182170  coadd_ba267998 1.69 -1.87 18.669     >18.669  99.990          26.00        20.28   0.056        0.044       
2457404.13357  2457404.13139  2016-01-16.6335687  coadd_ba268424 1.69 -1.87 18.578      18.317  0.287           84.15        22.07   0.181        0.047       
2457410.09102  2457410.08933  2016-01-22.5910256  coadd_ba270960 1.74 -1.87 17.032     >17.032  99.990         -36.65        91.65   -0.079       0.197       
2457412.09165  2457412.09012  2016-01-24.5916503  coadd_ba271823 1.73 -1.87 17.210      17.086  0.326          261.61        77.80   0.562        0.167       
2457414.10366  2457414.10230  2016-01-26.6036663  coadd_ba272698 1.65 -1.87 17.812     >17.812  99.990          83.73        44.67   0.180        0.096       
2457417.09373  2457417.09263  2016-01-29.5937344  coadd_ba273966 1.69 -1.87 17.754     >17.754  99.990          66.13        47.14   0.142        0.101       
2457421.15563  2457421.15488  2016-02-02.6556320  coadd_ba275717 1.69 -1.87 18.280     >18.280  99.990          50.94        29.04   0.109        0.062       
2457424.13335  2457424.13285  2016-02-05.6333487  coadd_ba277083 1.70 -1.87 18.559     >18.559  99.990          53.03        22.46   0.114        0.048       
2457427.06720  2457427.06696  2016-02-08.5672004  coadd_ba277702 2.19 -1.87 18.547     >18.547  99.990          62.70        22.71   0.135        0.049       
2457430.03757  2457430.03760  2016-02-11.5375770  coadd_ba278931 1.66 -1.87 18.458     >18.458  99.990          68.28        24.65   0.147        0.053       
2457431.03408  2457431.03420  2016-02-12.5340844  coadd_ba279352 1.70 -1.87 18.490      18.209  0.282           92.94        23.93   0.200        0.051       
2457433.02707  2457433.02736  2016-02-14.5270762  coadd_ba280787 1.81 -1.87 18.493     >18.493  99.990          69.89        23.87   0.150        0.051       
2457434.03514  2457434.03552  2016-02-15.5351452  coadd_ba280253 2.08 -1.87 18.615      18.047  0.216          107.96        21.33   0.232        0.046       
2457435.03154  2457435.03200  2016-02-16.5315449  coadd_ba280598 2.23 -1.87 18.622     >18.622  99.990          46.01        21.19   0.099        0.046       
2457438.01772  2457438.01844  2016-02-19.5177179  coadd_ba281717 2.59 -1.87 17.224     >17.224  99.990         117.83        76.80   0.253        0.165       
2457440.01780  2457440.01870  2016-02-21.5178001  coadd_ba282556 1.63 -1.87 17.512     >17.512  99.990        -244.48        58.90   -0.525       0.126       
2457442.06371  2457442.06479  2016-02-23.5637128  coadd_ba283398 1.65 -1.87 17.465     >17.465  99.990         152.76        61.49   0.328        0.132       
2457445.01170  2457445.01303  2016-02-26.5117034  coadd_ba284541 2.04 -1.87 17.524     >17.524  99.990         -98.97        58.26   -0.212       0.125       
2457450.09249  2457450.09424  2016-03-02.5924875  coadd_ba286525 1.71 -1.87 18.443     >18.443  99.990          72.19        24.99   0.155        0.054       
2457451.11145  2457451.11328  2016-03-03.6114495  coadd_ba286951 1.77 -1.87 18.475      18.436  0.353           75.47        24.27   0.162        0.052       
2457454.01391  2457454.01598  2016-03-06.5139098  coadd_ba288113 1.81 -1.87 18.684     >18.684  99.990           8.30        20.01   0.018        0.043       
2457456.00672  2457456.00895  2016-03-08.5067216  coadd_ba288920 1.65 -1.87 18.379     >18.379  99.990          51.84        26.51   0.111        0.057       
2457457.98816  2457457.99054  2016-03-10.4881581  coadd_ba289360 2.02 -1.87 18.780     >18.780  99.990          25.26        18.32   0.054        0.039       
2457460.00787  2457460.01041  2016-03-12.5078715  coadd_ba290169 2.07 -1.87 18.702     >18.702  99.990          23.60        19.69   0.051        0.042       
2457463.04245  2457463.04521  2016-03-15.5424478  coadd_ba291205 1.67 -1.87 18.962     >18.962  99.990          24.63        15.50   0.053        0.033       
2457465.94440  2457465.94738  2016-03-18.4444042  coadd_ba292060 2.04 -1.87 18.035     >18.035  99.990         -19.04        36.39   -0.041       0.078       
2457467.97550  2457467.97862  2016-03-20.4755054  coadd_ba292949 1.68 -1.87 17.879     >17.879  99.990         -67.26        42.03   -0.144       0.090       
2457473.08232  2457473.08578  2016-03-25.5823221  coadd_ba294502 2.18 -1.87 17.466     >17.466  99.990          75.72        61.47   0.163        0.132       
2457478.02320  2457478.02696  2016-03-30.5231994  coadd_ba295543 1.82 -1.87 18.174     >18.174  99.990          25.19        32.02   0.054        0.069       
2457478.95879  2457478.96261  2016-03-31.4587905  coadd_ba295888 1.82 -1.87 18.564     >18.564  99.990          61.93        22.35   0.133        0.048       
2457482.04653  2457482.05052  2016-04-03.5465350  coadd_ba297000 1.75 -1.87 18.727     >18.727  99.990           0.34        19.24   0.001        0.041       
2457487.89299  2457487.89728  2016-04-09.3929928  coadd_ba298181 1.85 -1.87 18.444     >18.444  99.990         -55.37        24.96   -0.119       0.054       
2457489.92739  2457489.93177  2016-04-11.4273937  coadd_ba298980 1.86 -1.87 18.690     >18.690  99.990         -77.92        19.91   -0.167       0.043       
2457492.89477  2457492.89927  2016-04-14.3947690  coadd_ba300017 1.78 -1.87 18.091     >18.091  99.990        -119.67        34.57   -0.257       0.074       
2457493.99659  2457494.00114  2016-04-15.4965883  coadd_ba300478 1.79 -1.87 18.457     >18.457  99.990         -63.06        24.66   -0.135       0.053       
2457498.90211  2457498.90684  2016-04-20.4021186  coadd_ba301644 1.67 -1.87 17.282     >17.282  99.990        -248.18        72.82   -0.533       0.156       
2457502.85739  2457502.86224  2016-04-24.3573958  coadd_ba302968 1.68 -1.87 17.043     >17.043  99.990           6.58        90.73   0.014        0.195       
2457504.93650  2457504.94140  2016-04-26.4365054  coadd_ba303780 1.66 -1.87 17.832     >17.832  99.990         -60.64        43.86   -0.130       0.094       
2457505.86627  2457505.87119  2016-04-27.3662718  coadd_ba304095 1.71 -1.87 18.338     >18.338  99.990          10.62        27.52   0.023        0.059       
2457508.94467  2457508.94966  2016-04-30.4446770  coadd_ba305195 1.78 -1.87 18.681     >18.681  99.990          34.43        20.07   0.074        0.043       
2457511.92251  2457511.92754  2016-05-03.4225113  coadd_ba306079 1.80 -1.87 18.599     >18.599  99.990          63.51        21.65   0.136        0.046       
2457514.96928  2457514.97435  2016-05-06.4692822  coadd_ba307222 1.82 -1.87 18.696     >18.696  99.990          48.69        19.79   0.105        0.042       
2457523.83908  2457523.84417  2016-05-15.3390819  coadd_ba308462 1.65 -1.87 18.187     >18.187  99.990          25.49        31.64   0.055        0.068       
2457527.90580  2457527.91086  2016-05-19.4057973  coadd_ba309420 1.85 -1.87 17.695     >17.695  99.990        -115.88        49.76   -0.249       0.107       
2457530.01217  2457530.01722  2016-05-21.5121736  coadd_ba310182 1.76 -1.87 16.959     >16.959  99.990         -90.49        98.02   -0.194       0.210       
2457531.86165  2457531.86667  2016-05-23.3616564  coadd_ba310662 2.02 -1.87 17.624     >17.624  99.990          68.70        53.13   0.147        0.114       
2457535.99571  2457536.00066  2016-05-27.4957158  coadd_ba311487 1.66 -1.87 18.133     >18.133  99.990         -41.22        33.26   -0.088       0.071       
2457538.94723  2457538.95211  2016-05-30.4472331  coadd_ba312345 1.64 -1.87 18.860     >18.860  99.990         -28.51        17.02   -0.061       0.037       
2457542.89537  2457542.90013  2016-06-03.3953696  coadd_ba313239 1.64 -1.87 18.710     >18.710  99.990          14.26        19.54   0.031        0.042       
2457546.91583  2457546.92047  2016-06-07.4158343  coadd_ba314342 1.64 -1.87 18.823     >18.823  99.990          -4.99        17.61   -0.011       0.038       
2457547.91126  2457547.91586  2016-06-08.4112606  coadd_ba314672 1.62 -1.87 18.581     >18.581  99.990         -31.58        22.00   -0.068       0.047       
2457549.90497  2457549.90950  2016-06-10.4049763  coadd_ba315339 1.83 -1.87 19.147     >19.147  99.990          15.79        13.07   0.034        0.028       
2457552.84883  2457552.85324  2016-06-13.3488376  coadd_ba315936 2.13 -1.87 18.254     >18.254  99.990          23.56        29.74   0.051        0.064       
2457558.82951  2457558.83363  2016-06-19.3295084  coadd_ba317120 1.66 -1.87 17.407     >17.407  99.990        -123.65        64.92   -0.265       0.139       
2457560.92582  2457560.92983  2016-06-21.4258253  coadd_ba317893 1.63 -1.87 17.399     >17.399  99.990         104.05        65.35   0.223        0.140       
2457562.91766  2457562.92156  2016-06-23.4176584  coadd_ba318541 1.66 -1.87 17.945     >17.945  99.990          16.45        39.54   0.035        0.085       
2457566.82872  2457566.83240  2016-06-27.3287204  coadd_ba319255 1.69 -1.87 18.885     >18.885  99.990         -28.64        16.63   -0.061       0.036       
2457574.88366  2457574.88683  2016-07-05.3836614  coadd_ba321054 1.62 -1.87 18.905     >18.905  99.990         -44.23        16.33   -0.095       0.035       
2457576.87830  2457576.88133  2016-07-07.3782989  coadd_ba321692 1.65 -1.87 18.604     >18.604  99.990          32.32        21.55   0.069        0.046       
2457578.87541  2457578.87831  2016-07-09.3754143  coadd_ba322398 2.00 -1.87 18.444     >18.444  99.990         -94.91        24.97   -0.204       0.054       
2457581.86419  2457581.86687  2016-07-12.3641869  coadd_ba323016 1.71 -1.87 17.960      17.049  0.158          270.62        39.00   0.581        0.084       
2457582.86945  2457582.87206  2016-07-13.3694555  coadd_ba323249 1.66 -1.87 18.232     >18.232  99.990         -37.97        30.34   -0.082       0.065       
2457586.84812  2457586.85043  2016-07-17.3481262  coadd_ba324108 1.74 -1.87 17.858     >17.858  99.990         -72.26        42.83   -0.155       0.092       
2457589.75942  2457589.76150  2016-07-20.2594256  coadd_ba324762 2.24 -1.87 17.580     >17.580  99.990         -38.85        55.32   -0.083       0.119       
2457591.75868  2457591.76060  2016-07-22.2586788  coadd_ba325007 1.77 -1.87 18.683     >18.683  99.990         -33.86        20.03   -0.073       0.043       
2457597.82130  2457597.82273  2016-07-28.3213013  coadd_ba326405 1.81 -1.87 18.719     >18.719  99.990         -54.30        19.38   -0.117       0.042       
2457600.80539  2457600.80658  2016-07-31.3053939  coadd_ba327219 1.63 -1.87 18.790     >18.790  99.990         -53.32        18.15   -0.114       0.039       
2457602.80070  2457602.80173  2016-08-02.3007054  coadd_ba327825 1.65 -1.87 18.721     >18.721  99.990          32.47        19.34   0.070        0.042       
2457604.79600  2457604.79686  2016-08-04.2960071  coadd_ba328547 1.62 -1.87 19.069     >19.069  99.990         -26.13        14.04   -0.056       0.030       
2457606.79156  2457606.79224  2016-08-06.2915605  coadd_ba329089 2.01 -1.87 18.405     >18.405  99.990         -28.29        25.89   -0.061       0.056       
2457609.78202  2457609.78245  2016-08-09.2820204  coadd_ba330122 1.86 -1.87 18.275     >18.275  99.990          -4.26        29.18   -0.009       0.063       
2457612.76705  2457612.76723  2016-08-12.2670526  coadd_ba331067 2.04 -1.87 17.861     >17.861  99.990         -64.87        42.73   -0.139       0.092       
2457616.76915  2457616.76898  2016-08-16.2691535  coadd_ba332099 1.62 -1.87 17.044     >17.044  99.990         -20.51        90.66   -0.044       0.195       
2457618.75457  2457618.75423  2016-08-18.2545700  coadd_ba332752 1.77 -1.87 17.439     >17.439  99.990        -147.87        62.98   -0.317       0.135       
2457620.74951  2457620.74900  2016-08-20.2495129  coadd_ba333484 1.70 -1.87 18.349     >18.349  99.990         -95.42        27.26   -0.205       0.059       
2457627.72978  2457627.72868  2016-08-27.2297844  coadd_ba334769 1.68 -1.87 17.663     >17.663  99.990          47.76        51.24   0.103        0.110       
2457629.53606  2457629.53481  2016-08-29.0360626  coadd_be229856 1.64 -2.38 18.496     >18.496  99.990          16.98        14.91   0.058        0.051       
2457630.52395  2457630.52262  2016-08-30.0239568  coadd_be230250 1.50 -2.38 18.210     >18.210  99.990         -27.06        19.40   -0.093       0.067       
2457631.52538  2457631.52397  2016-08-31.0253811  coadd_be230653 2.04 -2.38 18.305     >18.305  99.990         -26.15        17.77   -0.090       0.061       
2457633.52106  2457633.51948  2016-09-02.0210629  coadd_be231269 1.58 -2.38 18.244     >18.244  99.990         -14.96        18.80   -0.051       0.064       
2457634.51406  2457634.51240  2016-09-03.0140631  coadd_be231664 1.58 -2.38 18.175     >18.175  99.990          17.12        20.04   0.059        0.069       
2457635.50591  2457635.50418  2016-09-04.0059163  coadd_be232055 1.47 -2.38 18.273     >18.273  99.990          18.63        18.31   0.064        0.063       
2457637.48336  2457637.48146  2016-09-05.9833587  coadd_be232732 2.21 -2.38 17.674     >17.674  99.990          57.00        31.79   0.195        0.109       
2457641.49272  2457641.49051  2016-09-09.9927193  coadd_be234141 1.57 -2.38 17.589     >17.589  99.990          72.20        34.36   0.247        0.118       
2457757.14752  2457757.14443  2017-01-03.6475207  coadd_ba367219 1.67 -1.87 18.430     >18.430  99.990          20.03        25.29   0.043        0.054       
2457762.13821  2457762.13547  2017-01-08.6382069  coadd_ba368927 1.65 -1.87 18.550     >18.550  99.990          -9.02        22.64   -0.019       0.049       
2457767.11767  2457767.11532  2017-01-13.6176729  coadd_ba371110 1.73 -1.87 17.481     >17.481  99.990          16.00        60.62   0.034        0.130       
2457777.11444  2457777.11289  2017-01-23.6144384  coadd_ba374492 1.66 -1.87 18.681     >18.681  99.990         -62.16        20.07   -0.133       0.043       
2457781.13571  2457781.13450  2017-01-27.6357101  coadd_ba376131 1.71 -1.87 18.529     >18.529  99.990          -5.07        23.09   -0.011       0.050       
2457782.87908  2457782.87802  2017-01-29.3790846  coadd_be274397 1.50 -2.38 17.645     >17.645  99.990         -53.79        32.64   -0.184       0.112       
2457785.16323  2457785.16237  2017-01-31.6632333  coadd_ba377751 1.80 -1.87 18.527     >18.527  99.990          32.04        23.12   0.069        0.050       
2457788.05777  2457788.05716  2017-02-03.5577741  coadd_ba378745 1.83 -1.87 18.792     >18.792  99.990          -4.02        18.12   -0.009       0.039       
2457793.05946  2457793.05929  2017-02-08.5594606  coadd_ba379980 1.83 -1.87 17.652     >17.652  99.990         -18.01        51.80   -0.039       0.111       
2457793.88123  2457793.88114  2017-02-09.3812341  coadd_be277495 1.55 -2.38 18.096     >18.096  99.990          12.09        21.54   0.041        0.074       
2457795.03788  2457795.03788  2017-02-10.5378840  coadd_ba380797 1.69 -1.87 16.818     >16.818  99.990         -43.66       111.58   -0.094       0.240       
2457798.03115  2457798.03142  2017-02-13.5311532  coadd_ba381453 1.72 -1.87 17.581     >17.581  99.990          -5.17        55.27   -0.011       0.119       
2457801.12315  2457801.12369  2017-02-16.6231531  coadd_ba382674 1.66 -1.87 18.096     >18.096  99.990         -41.54        34.41   -0.089       0.074       
2457804.08223  2457804.08303  2017-02-19.5822383  coadd_ba383741 1.70 -1.87 18.384     >18.384  99.990         -15.93        26.38   -0.034       0.057       
2457807.09094  2457807.09199  2017-02-22.5909425  coadd_ba384705 1.62 -1.87 18.624     >18.624  99.990         -84.30        21.15   -0.181       0.045       
2457810.03846  2457810.03977  2017-02-25.5384631  coadd_ba385628 1.61 -1.87 18.508     >18.508  99.990          -4.39        23.54   -0.009       0.051       
2457817.01395  2457817.01583  2017-03-04.5139471  coadd_ba386564 1.63 -1.87 18.851     >18.851  99.990           7.91        17.16   0.017        0.037       
2457817.98698  2457817.98895  2017-03-05.4869777  coadd_ba386932 1.67 -1.87 18.739     >18.739  99.990          37.42        19.03   0.080        0.041       
2457818.98727  2457818.98932  2017-03-06.4872748  coadd_ba387171 1.58 -1.87 18.513     >18.513  99.990         -33.87        23.44   -0.073       0.050       
2457819.98069  2457819.98282  2017-03-07.4806961  coadd_ba387363 1.62 -1.87 17.894     >17.894  99.990         -48.80        41.42   -0.105       0.089       
2457822.85254  2457822.85490  2017-03-10.3525479  coadd_be285431 1.43 -2.38 17.926     >17.926  99.990         -71.76        25.20   -0.246       0.086       
2457823.77226  2457823.77468  2017-03-11.2722582  coadd_be285738 1.49 -2.38 17.154     >17.154  99.990          49.48        51.31   0.170        0.176       
2457825.76661  2457825.76919  2017-03-13.2666123  coadd_be286455 1.56 -2.38 16.991     >16.991  99.990          61.92        59.61   0.212        0.204       
2457828.79770  2457828.80050  2017-03-16.2977062  coadd_be287597 1.46 -2.38 17.357     >17.357  99.990         -80.11        42.55   -0.275       0.146       
2457832.08517  2457832.08821  2017-03-19.5851767  coadd_ba390817 1.69 -1.87 18.276     >18.276  99.990          18.50        29.13   0.040        0.063       
2457836.10126  2457836.10457  2017-03-23.6012597  coadd_ba392364 1.69 -1.87 18.604     >18.604  99.990          37.28        21.54   0.080        0.046       
2457838.74570  2457838.74919  2017-03-26.2457106  coadd_be291287 1.50 -2.38 17.154     >17.154  99.990         -29.07        51.32   -0.100       0.176       
2457840.02666  2457840.03022  2017-03-27.5266621  coadd_ba393676 1.68 -1.87 18.596     >18.596  99.990           3.40        21.71   0.007        0.047       
2457844.96300  2457844.96686  2017-04-01.4630004  coadd_ba395102 1.70 -1.87 18.486     >18.486  99.990         -47.36        24.02   -0.102       0.052       
2457847.90324  2457847.90726  2017-04-04.4032383  coadd_ba396044 1.65 -1.87 17.864     >17.864  99.990          64.92        42.58   0.139        0.091       
2457849.05111  2457849.05519  2017-04-05.5511077  coadd_ba396530 1.87 -1.87 18.853     >18.853  99.990          41.10        17.13   0.088        0.037       
2457849.88657  2457849.89070  2017-04-06.3865728  coadd_ba396779 2.00 -1.87 17.703     >17.703  99.990         104.34        49.38   0.224        0.106       
2457851.11047  2457851.11466  2017-04-07.6104766  coadd_ba397312 1.78 -1.87 18.636     >18.636  99.990         -30.87        20.91   -0.066       0.045       
2457851.87976  2457851.88399  2017-04-08.3797666  coadd_ba397520 1.86 -1.87 17.505     >17.505  99.990          54.87        59.29   0.118        0.127       
2457854.05110  2457854.05543  2017-04-10.5511040  coadd_ba398310 1.76 -1.87 15.958     >15.958  99.990        -577.28       246.38   -1.239       0.529       
2457854.93306  2457854.93743  2017-04-11.4330668  coadd_ba398571 1.76 -1.87 16.892     >16.892  99.990          78.07       104.31   0.168        0.224       
2457855.79078  2457855.79519  2017-04-12.2907859  coadd_be296796 1.46 -2.38 17.218     >17.218  99.990        -106.59        48.40   -0.365       0.166       
2457858.83020  2457858.83474  2017-04-15.3302053  coadd_be298010 1.46 -2.38 17.510     >17.510  99.990         -88.31        36.98   -0.303       0.127       
2457864.05895  2457864.06367  2017-04-20.5589471  coadd_ba400501 1.67 -1.87 18.227     >18.227  99.990          -6.48        30.49   -0.014       0.065       
2457866.77145  2457866.77625  2017-04-23.2714491  coadd_be299836 1.50 -2.38 18.184     >18.184  99.990          -8.99        19.88   -0.031       0.068       
2457870.91672  2457870.92163  2017-04-27.4167218  coadd_ba401903 1.77 -1.87 18.769     >18.769  99.990         -17.65        18.50   -0.038       0.040       
2457873.67698  2457873.68195  2017-04-30.1769788  coadd_be302480 1.42 -2.38 17.849     >17.849  99.990         -10.91        27.06   -0.037       0.093       
2457875.64513  2457875.65013  2017-05-02.1451299  coadd_be303305 1.44 -2.38 17.283     >17.283  99.990         -71.97        45.59   -0.247       0.156       
2457876.96040  2457876.96543  2017-05-03.4604063  coadd_ba402534 1.61 -1.87 18.601     >18.601  99.990         -56.38        21.61   -0.121       0.046       
2457878.63252  2457878.63757  2017-05-05.1325233  coadd_be304406 1.43 -2.38 17.765     >17.765  99.990          13.07        29.22   0.045        0.100       
2457881.86384  2457881.86892  2017-05-08.3638385  coadd_ba404266 2.07 -1.87 17.052     >17.052  99.990         132.41        89.98   0.284        0.193       
2457882.94788  2457882.95296  2017-05-09.4478818  coadd_ba404480 1.74 -1.87 17.479     >17.479  99.990         147.09        60.73   0.316        0.130       
2457887.90810  2457887.91320  2017-05-14.4081035  coadd_ba405661 2.03 -1.87 17.699     >17.699  99.990          56.88        49.60   0.122        0.106       
2457890.74698  2457890.75207  2017-05-17.2469818  coadd_be307669 1.40 -2.38 17.755     >17.755  99.990         -43.14        29.51   -0.148       0.101       
2457891.82455  2457891.82963  2017-05-18.3245494  coadd_ba406581 1.73 -1.87 18.674     >18.674  99.990          -8.39        20.20   -0.018       0.043       
2457894.94035  2457894.94540  2017-05-21.4403548  coadd_ba407669 1.73 -1.87 18.770     >18.770  99.990         -25.50        18.49   -0.055       0.040       
2457896.74512  2457896.75015  2017-05-23.2451211  coadd_ba408219 2.17 -1.87 17.426     >17.426  99.990         -92.03        63.75   -0.198       0.137       
2457898.00263  2457898.00764  2017-05-24.5026324  coadd_ba408625 1.71 -1.87 18.392     >18.392  99.990          41.22        26.18   0.089        0.056       
2457898.99530  2457899.00029  2017-05-25.4952986  coadd_ba408963 1.60 -1.87 18.805     >18.805  99.990         -16.98        17.90   -0.036       0.038       
2457901.95437  2457901.95930  2017-05-28.4543765  coadd_ba409922 1.63 -1.87 18.988     >18.988  99.990         -23.52        15.13   -0.051       0.032       
2457904.58434  2457904.58921  2017-05-31.0843462  coadd_be310956 1.58 -2.38 17.630     >17.630  99.990         -25.23        33.10   -0.086       0.113       
2457905.76378  2457905.76861  2017-06-01.2637788  coadd_be311535 1.50 -2.38 18.152     >18.152  99.990           9.87        20.47   0.034        0.070       
2457906.65398  2457906.65879  2017-06-02.1539769  coadd_be311892 1.73 -2.38 18.419     >18.419  99.990           2.05        16.00   0.007        0.055       
2457906.89058  2457906.89539  2017-06-02.3905829  coadd_ba411104 1.69 -1.87 17.680     >17.680  99.990          -8.90        50.46   -0.019       0.108       
2457907.86964  2457907.87441  2017-06-03.3696380  coadd_ba411403 1.67 -1.87 18.378     >18.378  99.990          -4.34        26.54   -0.009       0.057       
2457913.80477  2457913.80934  2017-06-09.3047675  coadd_ba413147 2.18 -1.87 17.082     >17.082  99.990         200.78        87.54   0.431        0.188       
2457917.94757  2457917.95197  2017-06-13.4475717  coadd_ba414124 1.70 -1.87 17.712     >17.712  99.990          -3.25        48.98   -0.007       0.105       
2457920.85991  2457920.86419  2017-06-16.3599166  coadd_ba414429 1.67 -1.87 18.803     >18.803  99.990         -26.85        17.93   -0.058       0.039       
2457926.92739  2457926.93137  2017-06-22.4273946  coadd_ba415771 2.11 -1.87 18.619     >18.619  99.990         -76.43        21.26   -0.164       0.046       
2457927.91147  2457927.91539  2017-06-23.4114755  coadd_ba416067 1.62 -1.87 18.699     >18.699  99.990         -50.08        19.74   -0.108       0.042       
2457930.86262  2457930.86638  2017-06-26.3626309  coadd_ba416937 1.64 -1.87 18.672     >18.672  99.990         -83.02        20.24   -0.178       0.043       
2457934.59151  2457934.59504  2017-06-30.0915231  coadd_be321563 1.49 -2.38 18.080     >18.080  99.990         -36.98        21.87   -0.127       0.075       
2457937.59959  2457937.60293  2017-07-03.0995983  coadd_be322904 1.63 -2.38 17.946     >17.946  99.990          41.29        24.74   0.141        0.085       
2457940.80905  2457940.81217  2017-07-06.3090559  coadd_ba419411 1.75 -1.87 17.482     >17.482  99.990         -77.23        60.53   -0.166       0.130       
2457944.87271  2457944.87555  2017-07-10.3727119  coadd_ba420782 1.70 -1.87 17.730     >17.730  99.990         -48.13        48.17   -0.103       0.103       
2457948.85449  2457948.85705  2017-07-14.3544951  coadd_ba421715 1.69 -1.87 18.645     >18.645  99.990         -21.72        20.75   -0.047       0.045       
2457949.74962  2457949.75211  2017-07-15.2496354  coadd_ba421977 1.69 -1.87 17.501     >17.501  99.990         -13.77        59.51   -0.030       0.128       
2457953.84932  2457953.85150  2017-07-19.3493269  coadd_ba422695 1.73 -1.87 18.845     >18.845  99.990         -30.66        17.26   -0.066       0.037       
2457957.77997  2457957.78183  2017-07-23.2799753  coadd_ba423119 2.00 -1.87 18.676     >18.676  99.990         -42.79        20.16   -0.092       0.043       
2457960.82738  2457960.82900  2017-07-26.3273825  coadd_ba423869 1.71 -1.87 18.798     >18.798  99.990         -40.22        18.03   -0.086       0.039       
2457967.78973  2457967.79077  2017-08-02.2897298  coadd_ba425379 1.65 -1.87 17.898     >17.898  99.990         -80.99        41.28   -0.174       0.089       
2457970.58826  2457970.58907  2017-08-05.0882751  coadd_be335577 1.51 -2.38 17.502     >17.502  99.990          88.44        37.23   0.303        0.128       
2457972.76434  2457972.76496  2017-08-07.2643373  coadd_ba426756 1.77 -1.87 16.914     >16.914  99.990        -151.15       102.18   -0.325       0.219       
2457973.78760  2457973.78814  2017-08-08.2876041  coadd_ba427128 1.77 -1.87 17.629     >17.629  99.990         -13.76        52.91   -0.030       0.114       
2457977.77494  2457977.77514  2017-08-12.2749452  coadd_ba428388 1.83 -1.87 18.748     >18.748  99.990         -14.58        18.87   -0.031       0.041       
2457980.76416  2457980.76410  2017-08-15.2641628  coadd_ba429448 1.78 -1.87 18.634     >18.634  99.990         -27.94        20.95   -0.060       0.045       
2457982.75920  2457982.75897  2017-08-17.2592016  coadd_ba430153 1.64 -1.87 18.761     >18.761  99.990         -17.21        18.65   -0.037       0.040       
2457984.75492  2457984.75452  2017-08-19.2549236  coadd_ba430869 1.66 -1.87 18.684     >18.684  99.990         -60.85        20.02   -0.131       0.043       
2457989.73572  2457989.73489  2017-08-24.2357218  coadd_ba431739 1.75 -1.87 18.261     >18.261  99.990        -120.90        29.55   -0.260       0.063       
2457996.50422  2457996.50283  2017-08-31.0042244  coadd_be341542 1.42 -2.38 17.548     >17.548  99.990         -75.77        35.71   -0.260       0.122       
2458008.48613  2458008.48379  2017-09-11.9861391  coadd_be344872 1.48 -2.38 17.999     >17.999  99.990           8.92        23.56   0.031        0.081       
2458013.47581  2458013.47310  2017-09-16.9758164  coadd_be346432 2.27 -2.38 17.005     >17.005  99.990         -83.84        58.85   -0.287       0.202       
2458111.16520  2458111.16140  2017-12-23.6652053  coadd_ba460311 1.73 -1.87 17.659     >17.659  99.990         -18.09        51.45   -0.039       0.110       
2458112.15664  2458112.15289  2017-12-24.6566480  coadd_ba460631 1.69 -1.87 18.317     >18.317  99.990         -51.56        28.05   -0.111       0.060       
2458114.15292  2458114.14930  2017-12-26.6529248  coadd_ba461226 1.71 -1.87 18.194     >18.194  99.990         -62.83        31.42   -0.135       0.067       
2458144.88374  2458144.88240  2018-01-26.3837396  coadd_be381469 1.44 -2.38 16.428     >16.428  99.990        -143.96       100.17   -0.493       0.343       
2458145.87938  2458145.87813  2018-01-27.3793901  coadd_be381800 1.45 -2.38 17.435     >17.435  99.990          61.86        39.61   0.212        0.136       
2458147.87102  2458147.86994  2018-01-29.3710230  coadd_be382465 1.46 -2.38 17.787      17.634  0.317           98.89        28.65   0.339        0.098       
2458148.87057  2458148.86957  2018-01-30.3705677  coadd_be382801 1.49 -2.38 17.717     >17.717  99.990         -80.05        30.56   -0.274       0.105       
2458149.86623  2458149.86532  2018-01-31.3662371  coadd_be383132 1.45 -2.38 16.871     >16.871  99.990          62.23        66.58   0.213        0.228       
2458161.87285  2458161.87300  2018-02-12.3728609  coadd_be386060 1.39 -2.38 17.897     >17.897  99.990          42.55        25.88   0.146        0.089       
2458162.84974  2458162.84997  2018-02-13.3497489  coadd_be386395 1.42 -2.38 18.140      17.734  0.251           90.20        20.70   0.309        0.071       
2458180.04723  2458180.04893  2018-03-02.5472321  coadd_ba476081 2.03 -1.87 17.449     >17.449  99.990          73.14        62.43   0.157        0.134       
2458188.00078  2458188.00312  2018-03-10.5007814  coadd_ba477993 1.66 -1.87 17.673     >17.673  99.990         -95.20        50.77   -0.204       0.109       
2458219.01774  2458219.02206  2018-04-10.5177420  coadd_ba481572 1.72 -1.87 18.519     >18.519  99.990          16.42        23.30   0.035        0.050       
2458221.93881  2458221.94325  2018-04-13.4388140  coadd_ba482212 1.72 -1.87 18.121     >18.121  99.990         -97.06        33.62   -0.208       0.072       
2458225.91602  2458225.92063  2018-04-17.4160291  coadd_ba482919 1.60 -1.87 18.127     >18.127  99.990          71.71        33.42   0.154        0.072       
2458231.94531  2458231.95012  2018-04-23.4453116  coadd_ba484662 1.62 -1.87 18.261     >18.261  99.990          19.87        29.54   0.043        0.063       
2458232.88498  2458232.88981  2018-04-24.3849818  coadd_ba484954 1.69 -1.87 18.602      18.252  0.264           89.38        21.59   0.192        0.046       
2458233.84523  2458233.85009  2018-04-25.3452357  coadd_ba485293 1.59 -1.87 18.232      17.687  0.221          150.43        30.36   0.323        0.065       
2458235.00012  2458235.00501  2018-04-26.5001262  coadd_ba485592 1.79 -1.87 17.448     >17.448  99.990         -40.08        62.50   -0.086       0.134       
2458236.85744  2458236.86237  2018-04-28.3574478  coadd_be412571 1.58 -2.38 15.633     >15.633  99.990         222.08       208.26   0.761        0.714       
2458243.82499  2458243.83004  2018-05-05.3249895  coadd_be414994 1.58 -2.38 17.413     >17.413  99.990          -8.07        40.41   -0.028       0.138       
2458245.77452  2458245.77959  2018-05-07.2745219  coadd_be415774 1.52 -2.38 17.523     >17.523  99.990         -23.65        36.53   -0.081       0.125       
2458245.97627  2458245.98134  2018-05-07.4762774  coadd_ba486762 1.69 -1.87 17.453     >17.453  99.990         104.93        62.21   0.225        0.134       
2458246.98816  2458246.99324  2018-05-08.4881644  coadd_ba486995 1.61 -1.87 18.466      18.133  0.269           99.74        24.46   0.214        0.053       
2458248.84293  2458248.84802  2018-05-10.3429329  coadd_ba487397 1.60 -1.87 18.209     >18.209  99.990           4.89        30.99   0.010        0.067       
2458252.01542  2458252.02052  2018-05-13.5154245  coadd_ba488056 2.09 -1.87 18.566     >18.566  99.990          49.97        22.32   0.107        0.048       
2458252.96382  2458252.96891  2018-05-14.4638209  coadd_ba488370 2.07 -1.87 18.458      17.607  0.167          161.87        24.66   0.348        0.053       
2458257.92978  2458257.93486  2018-05-19.4297849  coadd_ba489415 1.73 -1.87 18.490      18.190  0.277           94.65        23.93   0.203        0.051       
2458258.92564  2458258.93070  2018-05-20.4256443  coadd_ba489760 2.01 -1.87 18.563      18.071  0.232          105.54        22.37   0.227        0.048       
2458270.90741  2458270.91225  2018-06-01.4074131  coadd_ba492225 1.64 -1.87 17.770      17.720  0.349          145.84        46.45   0.313        0.100       
2458277.94295  2458277.94757  2018-06-08.4429561  coadd_ba493858 1.64 -1.87 18.779      18.105  0.196          102.35        18.33   0.220        0.039       
2458279.95538  2458279.95992  2018-06-10.4553803  coadd_ba494315 1.75 -1.87 18.499     >18.499  99.990          61.98        23.73   0.133        0.051       
2458280.81723  2458280.82174  2018-06-11.3172322  coadd_ba494525 1.63 -1.87 18.503      17.954  0.220          117.64        23.65   0.253        0.051       
2458281.88454  2458281.88900  2018-06-12.3845387  coadd_ba494875 1.67 -1.87 18.798      18.149  0.201           98.26        18.03   0.211        0.039       
2458296.89209  2458296.89580  2018-06-27.3920925  coadd_ba498696 1.72 -1.87 17.441     >17.441  99.990         -74.01        62.90   -0.159       0.135       
2458299.92114  2458299.92467  2018-06-30.42115  coadd_ba499636 2.22 -1.87 17.946     >17.946  99.990          31.49        39.50   0.068        0.085       
2458300.66767  2458300.67115  2018-07-01.1676738  coadd_be417262 1.71 -2.38 17.881     >17.881  99.990          35.62        26.27   0.122        0.090       
2458300.81453  2458300.81800  2018-07-01.3145335  coadd_ba499743 1.67 -1.87 18.176     >18.176  99.990         -39.35        31.96   -0.084       0.069       
2458306.45061  2458306.45371  2018-07-06.9506067  coadd_be419193 1.56 -2.38 17.478      17.286  0.306          136.27        38.08   0.467        0.131       
2458308.49802  2458308.50098  2018-07-08.9980239  coadd_be419699 1.73 -2.38 18.484     >18.484  99.990         -12.45        15.08   -0.043       0.052       
2458308.88128  2458308.88421  2018-07-09.3812785  coadd_ba501307 1.65 -1.87 18.588     >18.588  99.990         -93.52        21.87   -0.201       0.047       
2458312.78810  2458312.79075  2018-07-13.2881062  coadd_ba502610 1.68 -1.87 17.958     >17.958  99.990         -94.08        39.06   -0.202       0.084       
2458313.87896  2458313.88153  2018-07-14.3789620  coadd_ba502932 1.67 -1.87 18.459     >18.459  99.990        -101.38        24.62   -0.218       0.053       
2458316.79537  2458316.79772  2018-07-17.2953680  coadd_ba503542 2.30 -1.87 18.483     >18.483  99.990         -47.46        24.08   -0.102       0.052       
2458322.83827  2458322.84014  2018-07-23.3382666  coadd_ba505300 2.02 -1.87 17.569     >17.569  99.990        -148.66        55.90   -0.319       0.120       
2458325.82329  2458325.82493  2018-07-26.3232940  coadd_ba506267 1.60 -1.87 17.486     >17.486  99.990        -159.28        60.31   -0.342       0.129       
2458329.82291  2458329.82423  2018-07-30.3229193  coadd_ba507580 1.79 -1.87 17.150     >17.150  99.990          -9.37        82.25   -0.020       0.177       
2458330.60957  2458330.61082  2018-07-31.1095758  coadd_be427901 1.48 -2.38 16.904     >16.904  99.990         -38.55        64.60   -0.132       0.221       
2458331.61790  2458331.61907  2018-08-01.1179026  coadd_be428341 1.46 -2.38 17.787     >17.787  99.990         -59.81        28.65   -0.205       0.098       
2458335.76165  2458335.76246  2018-08-05.2616525  coadd_ba509128 1.82 -1.87 18.144     >18.144  99.990         -56.60        32.91   -0.122       0.071       
2458336.79065  2458336.79138  2018-08-06.2906546  coadd_ba509504 1.80 -1.87 18.799     >18.799  99.990          46.40        18.01   0.100        0.039       
2458338.78574  2458338.78630  2018-08-08.2857494  coadd_ba510172 1.64 -1.87 18.658     >18.658  99.990         -52.45        20.50   -0.113       0.044       
2458342.78770  2458342.78792  2018-08-12.2877032  coadd_ba510912 1.68 -1.87 18.686     >18.686  99.990         -35.49        19.97   -0.076       0.043       
2458359.53466  2458359.53345  2018-08-29.0346663  coadd_be438410 1.45 -2.38 17.940     >17.940  99.990          26.16        24.89   0.090        0.085       
