###  JD        HJD            UT_date             IMAGE          FWHM  Diff Limit      mag   mag_err       counts     count_err  flux (mJy)    flux_err
2458098.02771  2458098.02469  2017-12-10.5277146  coadd_bt023979 2.01 -1.71 17.600     >17.600  99.990          21.72        63.10   0.038        0.110       
2458104.01794  2458104.01542  2017-12-16.5179473  coadd_bt025834 1.51 -1.71 18.984     >18.984  99.990          -9.05        17.63   -0.016       0.031       
2458104.98793  2458104.98549  2017-12-17.4879379  coadd_bt026228 1.71 -1.71 18.995     >18.995  99.990           5.39        17.45   0.009        0.031       
2458105.98441  2458105.98206  2017-12-18.4844138  coadd_bt026710 1.51 -1.71 19.283     >19.283  99.990          -8.68        13.38   -0.015       0.023       
2458106.99456  2458106.99230  2017-12-19.4945629  coadd_bt027029 1.52 -1.71 18.960     >18.960  99.990          20.22        18.02   0.035        0.032       
2458112.98311  2458112.98139  2017-12-25.4831090  coadd_bt029058 1.80 -1.71 19.166     >19.166  99.990          22.17        14.90   0.039        0.026       
2458115.96939  2458115.96795  2017-12-28.4693980  coadd_bt030336 1.47 -1.71 18.991     >18.991  99.990         -35.90        17.52   -0.063       0.031       
2458117.93979  2458117.93853  2017-12-30.4397900  coadd_bt031119 1.53 -1.71 18.206     >18.206  99.990         -10.29        36.09   -0.018       0.063       
2458118.94016  2458118.93900  2017-12-31.4401633  coadd_bt031600 1.56 -1.71 17.969     >17.969  99.990           3.68        44.89   0.006        0.079       
2458120.93365  2458120.93268  2018-01-02.4336577  coadd_bt032133 1.56 -1.71 17.595     >17.595  99.990        -146.22        63.34   -0.256       0.111       
2458121.93044  2458121.92957  2018-01-03.4304466  coadd_bt032611 1.79 -1.71 17.626     >17.626  99.990        -101.49        61.59   -0.178       0.108       
2458124.93192  2458124.93133  2018-01-06.4319245  coadd_bt033543 1.59 -1.71 18.272     >18.272  99.990           7.31        33.97   0.013        0.059       
2458125.92103  2458125.92055  2018-01-07.4210351  coadd_bt033943 1.65 -1.71 17.174     >17.174  99.990         -52.88        93.36   -0.093       0.163       
2458132.61265  2458132.61281  2018-01-14.1126545  coadd_bp019058 2.34 -1.70 17.608     >17.608  99.990         -31.48        63.31   -0.054       0.110       
2458133.85108  2458133.85136  2018-01-15.3510819  coadd_bl038966 2.14 -1.64 19.265     >19.265  99.990           9.57        14.44   0.016        0.024       
2458134.84342  2458134.84380  2018-01-16.3434285  coadd_bl039319 1.58 -1.64 19.479     >19.479  99.990           3.71        11.87   0.006        0.020       
2458135.83581  2458135.83628  2018-01-17.3358155  coadd_bl039650 1.71 -1.64 19.244     >19.244  99.990          10.46        14.73   0.017        0.024       
2458136.58576  2458136.58631  2018-01-18.0857638  coadd_bp020206 1.65 -1.70 19.198     >19.198  99.990         -13.92        14.65   -0.024       0.025       
2458137.56958  2458137.57023  2018-01-19.0695872  coadd_bp020477 1.48 -1.70 18.932     >18.932  99.990         -24.45        18.70   -0.042       0.032       
2458138.83035  2458138.83111  2018-01-20.3303487  coadd_bl040723 1.68 -1.64 19.395     >19.395  99.990          12.25        12.81   0.020        0.021       
2458139.57350  2458139.57433  2018-01-21.0734962  coadd_bp020755 1.66 -1.70 19.242     >19.242  99.990           3.19        14.06   0.006        0.024       
2458139.81160  2458139.81246  2018-01-21.3115982  coadd_bl041069 1.63 -1.64 19.460     >19.460  99.990          -2.67        12.07   -0.004       0.020       
2458140.80753  2458140.80849  2018-01-22.3075383  coadd_bl041427 1.61 -1.64 19.174     >19.174  99.990         -20.53        15.71   -0.034       0.026       
2458145.86374  2458145.86517  2018-01-27.3637415  coadd_bt040910 1.73 -1.71 18.171     >18.171  99.990         -40.04        37.29   -0.070       0.065       
2458146.86054  2458146.86207  2018-01-28.3605457  coadd_bt041377 2.11 -1.71 18.118     >18.118  99.990         -41.88        39.14   -0.073       0.068       
2458147.56534  2458147.56693  2018-01-29.0653427  coadd_bp022212 1.60 -1.70 18.811     >18.811  99.990         -56.43        20.91   -0.098       0.036       
2458147.78537  2458147.78698  2018-01-29.2853693  coadd_bl043955 1.49 -1.64 18.223     >18.223  99.990         -16.88        37.73   -0.028       0.062       
2458149.78218  2458149.78397  2018-01-31.2821809  coadd_bl044684 1.68 -1.64 17.446     >17.446  99.990         -68.66        77.14   -0.113       0.127       
2458150.78041  2458150.78230  2018-02-01.2804093  coadd_bl045052 1.61 -1.64 17.594     >17.594  99.990         -41.10        67.33   -0.068       0.111       
2458150.84884  2458150.85074  2018-02-01.3488488  coadd_bt042772 1.82 -1.71 16.961     >16.961  99.990        -179.11       113.60   -0.313       0.199       
2458157.90354  2458157.90607  2018-02-08.4035472  coadd_bt045001 1.44 -1.71 18.484     >18.484  99.990         -12.56        27.93   -0.022       0.049       
2458158.60599  2458158.60857  2018-02-09.1059914  coadd_bp025809 1.77 -1.70 18.634     >18.634  99.990          14.98        24.61   0.026        0.043       
2458158.92375  2458158.92636  2018-02-09.4237503  coadd_bt045472 1.58 -1.71 18.875     >18.875  99.990         -15.29        19.49   -0.027       0.034       
2458159.86183  2458159.86452  2018-02-10.3618327  coadd_bl047196 1.48 -1.64 19.057     >19.057  99.990         -12.95        17.49   -0.021       0.029       
2458159.91667  2458159.91937  2018-02-10.4166800  coadd_bt045926 1.62 -1.71 19.458     >19.458  99.990          12.66        11.39   0.022        0.020       
2458160.84263  2458160.84540  2018-02-11.3426259  coadd_bl047559 1.49 -1.64 19.136     >19.136  99.990         -39.87        16.27   -0.066       0.027       
2458161.80040  2458161.80325  2018-02-12.3003978  coadd_bl047911 1.43 -1.64 19.186     >19.186  99.990         -39.81        15.54   -0.066       0.026       
2458161.91990  2458161.92276  2018-02-12.4199119  coadd_bt046644 1.50 -1.71 19.165     >19.165  99.990          24.91        14.93   0.044        0.026       
2458162.79220  2458162.79514  2018-02-13.2922053  coadd_bl048252 1.45 -1.64 19.262     >19.262  99.990         -22.24        14.49   -0.037       0.024       
2458163.49496  2458163.49795  2018-02-13.9949643  coadd_bp026829 1.58 -1.70 19.014     >19.014  99.990           0.75        17.35   0.001        0.030       
2458164.60334  2458164.60642  2018-02-15.1033451  coadd_bp027157 1.44 -1.70 19.665     >19.665  99.990           5.57         9.52   0.010        0.016       
2458165.61100  2458165.61416  2018-02-16.1110074  coadd_bp027541 1.52 -1.70 19.409     >19.409  99.990         -24.93        12.05   -0.043       0.021       
2458165.80517  2458165.80834  2018-02-16.3051682  coadd_bl048973 1.49 -1.64 19.209     >19.209  99.990         -30.54        15.21   -0.050       0.025       
2458166.73663  2458166.73989  2018-02-17.2366328  coadd_bl049286 1.47 -1.64 19.229     >19.229  99.990         -24.09        14.93   -0.040       0.025       
2458170.72372  2458170.72728  2018-02-21.2237193  coadd_bl050184 1.55 -1.64 19.225     >19.225  99.990         -10.04        14.99   -0.017       0.025       
2458171.81994  2458171.82358  2018-02-22.3199465  coadd_bl050627 1.51 -1.64 19.117     >19.117  99.990          -5.60        16.55   -0.009       0.027       
2458173.79880  2458173.80258  2018-02-24.2988040  coadd_bt050324 1.54 -1.71 18.544     >18.544  99.990          21.33        26.43   0.037        0.046       
2458176.86512  2458176.86911  2018-02-27.3651209  coadd_bl052432 1.62 -1.64 19.503     >19.503  99.990          12.89        11.61   0.021        0.019       
2458177.44972  2458177.45376  2018-02-27.9497260  coadd_bp030743 1.61 -1.70 17.945     >17.945  99.990         -14.99        46.42   -0.026       0.080       
2458178.71411  2458178.71823  2018-03-01.2141159  coadd_bl053039 1.86 -1.64 17.559     >17.559  99.990        -228.11        69.53   -0.376       0.115       
2458184.89286  2458184.89736  2018-03-07.3928608  coadd_bl055285 1.49 -1.64 18.041     >18.041  99.990          -1.27        44.59   -0.002       0.074       
2458185.88155  2458185.88610  2018-03-08.3815538  coadd_bl055665 1.53 -1.64 18.237     >18.237  99.990         103.55        37.22   0.171        0.061       
2458186.82770  2458186.83230  2018-03-09.3276998  coadd_bl056010 1.53 -1.64 18.846     >18.846  99.990          30.40        21.24   0.050        0.035       
2458187.77909  2458187.78374  2018-03-10.2790927  coadd_bl056359 1.45 -1.64 18.934     >18.934  99.990         -21.92        19.60   -0.036       0.032       
2458190.79544  2458190.80025  2018-03-13.2954459  coadd_bl057504 1.47 -1.64 19.381     >19.381  99.990         -13.97        12.98   -0.023       0.021       
2458193.80022  2458193.80517  2018-03-16.3002200  coadd_bl058717 1.52 -1.64 19.213     >19.213  99.990          32.63        15.16   0.054        0.025       
2458196.78766  2458196.79273  2018-03-19.2876608  coadd_bl059922 1.51 -1.64 19.044     >19.044  99.990         -30.55        17.71   -0.050       0.029       
2458197.55214  2458197.55724  2018-03-20.0521365  coadd_bp036190 1.49 -1.70 19.450     >19.450  99.990          20.64        11.61   0.036        0.020       
2458198.55297  2458198.55811  2018-03-21.0529753  coadd_bp036651 1.53 -1.70 19.434     >19.434  99.990          26.22        11.78   0.045        0.020       
2458199.65511  2458199.66030  2018-03-22.1551165  coadd_bl061028 1.50 -1.64 19.275     >19.275  99.990         -15.60        14.32   -0.026       0.024       
2458200.42439  2458200.42960  2018-03-22.9243980  coadd_bp037150 1.66 -1.70 19.483     >19.483  99.990          11.81        11.26   0.020        0.019       
2458201.71954  2458201.72479  2018-03-24.2195429  coadd_bt058522 1.47 -1.71 18.584     >18.584  99.990          -1.67        25.49   -0.003       0.045       
2458202.68132  2458202.68661  2018-03-25.181325  coadd_bl062146 1.45 -1.64 19.183     >19.183  99.990         -38.01        15.58   -0.063       0.026       
2458204.37298  2458204.37831  2018-03-26.8729796  coadd_bp038633 1.53 -1.70 18.441     >18.441  99.990         -26.48        29.40   -0.046       0.051       
2458205.83624  2458205.84161  2018-03-28.3362415  coadd_bl063489 1.53 -1.64 19.243     >19.243  99.990           1.62        14.74   0.003        0.024       
2458206.62557  2458206.63096  2018-03-29.1255721  coadd_bl063732 1.57 -1.64 18.123     >18.123  99.990        -104.23        41.36   -0.172       0.068       
2458212.86015  2458212.86566  2018-04-04.3601510  coadd_bl066479 1.55 -1.64 17.734     >17.734  99.990        -153.42        59.18   -0.253       0.098       
2458213.86322  2458213.86874  2018-04-05.3632229  coadd_bl066770 1.46 -1.64 18.208     >18.208  99.990          37.55        38.25   0.062        0.063       
2458214.86587  2458214.87140  2018-04-06.3658692  coadd_bl067393 1.47 -1.64 18.313     >18.313  99.990          28.93        34.71   0.048        0.057       
2458215.83169  2458215.83724  2018-04-07.3316959  coadd_bl067789 1.49 -1.64 18.591     >18.591  99.990         -60.36        26.88   -0.100       0.044       
2458216.82722  2458216.83277  2018-04-08.3272215  coadd_bl068206 1.50 -1.64 18.951     >18.951  99.990          -9.46        19.30   -0.016       0.032       
2458217.84873  2458217.85429  2018-04-09.3487386  coadd_bl068646 1.48 -1.64 18.535     >18.535  99.990         -11.20        28.31   -0.018       0.047       
2458219.83897  2458219.84454  2018-04-11.3389743  coadd_bl069056 1.58 -1.64 18.773     >18.773  99.990           0.23        22.72   0.000        0.037       
2458221.72068  2458221.72625  2018-04-13.2206836  coadd_bl069753 1.54 -1.64 19.160     >19.160  99.990          -0.51        15.91   -0.001       0.026       
2458224.76014  2458224.76571  2018-04-16.2601493  coadd_bl071075 1.56 -1.64 19.624     >19.624  99.990         -23.99        10.38   -0.040       0.017       
2458228.77673  2458228.78227  2018-04-20.2767370  coadd_bl072836 1.52 -1.64 19.044     >19.044  99.990          52.56        17.71   0.087        0.029       
2458229.82893  2458229.83445  2018-04-21.3289359  coadd_bl073314 1.43 -1.64 18.832     >18.832  99.990         -19.27        21.53   -0.032       0.035       
2458230.67432  2458230.67982  2018-04-22.1743160  coadd_bl073630 1.50 -1.64 19.337     >19.337  99.990         -19.55        13.52   -0.032       0.022       
2458231.29563  2458231.30113  2018-04-22.7956303  coadd_bp044325 1.62 -1.70 18.701     >18.701  99.990         -20.58        23.15   -0.036       0.040       
2458233.29087  2458233.29634  2018-04-24.7908769  coadd_bp044776 1.51 -1.70 18.138     >18.138  99.990          47.74        38.86   0.083        0.067       
2458240.42344  2458240.42873  2018-05-01.9234466  coadd_bp046382 1.77 -1.70 17.520     >17.520  99.990         -53.41        68.71   -0.092       0.119       
2458240.74257  2458240.74785  2018-05-02.2425681  coadd_bl077565 1.52 -1.64 17.939     >17.939  99.990         -22.77        48.99   -0.038       0.081       
2458241.35042  2458241.35568  2018-05-02.8504171  coadd_bp046587 1.62 -1.70 18.184     >18.184  99.990         -17.85        37.26   -0.031       0.064       
2458249.70218  2458249.70712  2018-05-11.2021787  coadd_bl081242 1.44 -1.64 19.384     >19.384  99.990         -36.69        12.95   -0.060       0.021       
2458251.67101  2458251.67587  2018-05-13.1710108  coadd_bl082111 1.46 -1.64 19.113     >19.113  99.990         -34.97        16.61   -0.058       0.027       
2458254.65912  2458254.66383  2018-05-16.1591224  coadd_bl083125 1.52 -1.64 18.794     >18.794  99.990         -14.10        22.29   -0.023       0.037       
2458256.71316  2458256.71776  2018-05-18.2131583  coadd_bl083959 1.48 -1.64 19.143     >19.143  99.990         -63.04        16.16   -0.104       0.027       
2458261.57138  2458261.57571  2018-05-23.0713856  coadd_bl086114 1.46 -1.64 18.635     >18.635  99.990        -130.01        25.82   -0.214       0.043       
2458268.33272  2458268.33662  2018-05-29.8327166  coadd_bp053039 1.74 -1.70 18.225     >18.225  99.990         -74.40        35.88   -0.129       0.062       
2458271.63606  2458271.63973  2018-06-02.1360648  coadd_bl089479 1.63 -1.64 18.646     >18.646  99.990           7.96        25.54   0.013        0.042       
2458274.57662  2458274.58008  2018-06-05.0766194  coadd_bl090135 2.15 -1.64 19.499     >19.499  99.990           9.21        11.64   0.015        0.019       
2458276.69522  2458276.69852  2018-06-07.1952215  coadd_bl090897 1.54 -1.64 19.152     >19.152  99.990          -4.91        16.03   -0.008       0.026       
2458277.59782  2458277.60105  2018-06-08.0978157  coadd_bl091279 1.73 -1.64 19.353     >19.353  99.990          19.10        13.32   0.031        0.022       
2458286.25970  2458286.26224  2018-06-16.7597060  coadd_bp056669 1.76 -1.70 18.729     >18.729  99.990          11.39        22.56   0.020        0.039       
2458286.62911  2458286.63161  2018-06-17.1291055  coadd_bl094224 1.53 -1.64 19.296     >19.296  99.990          21.94        14.04   0.036        0.023       
2458288.74747  2458288.74979  2018-06-19.2474717  coadd_bt080277 1.48 -1.71 18.818     >18.818  99.990          28.26        20.55   0.049        0.036       
2458289.74703  2458289.74927  2018-06-20.2470340  coadd_bt080603 1.45 -1.71 18.359     >18.359  99.990         -51.36        31.37   -0.090       0.055       
2458295.64230  2458295.64402  2018-06-26.1423011  coadd_bl098369 1.54 -1.64 17.750     >17.750  99.990          92.89        58.33   0.153        0.096       
2458298.54920  2458298.55066  2018-06-29.0492038  coadd_bl099520 1.60 -1.64 18.267     >18.267  99.990          -9.28        36.23   -0.015       0.060       
2458299.63105  2458299.63241  2018-06-30.1310537  coadd_bl100054 1.58 -1.64 16.981     >16.981  99.990         -11.13       118.36   -0.018       0.195       
2458300.63995  2458300.64121  2018-07-01.1399598  coadd_bl100521 2.08 -1.64 17.942     >17.942  99.990         -14.94        48.86   -0.025       0.081       
2458303.62864  2458303.62963  2018-07-04.1286371  coadd_bl101815 1.75 -1.64 18.736     >18.736  99.990          40.18        23.51   0.066        0.039       
2458304.21123  2458304.21217  2018-07-04.7112386  coadd_bp059670 1.73 -1.70 19.413     >19.413  99.990          32.76        12.01   0.057        0.021       
2458321.31261  2458321.31195  2018-07-21.8126148  coadd_bp064170 1.56 -1.70 17.586     >17.586  99.990        -299.10        64.61   -0.517       0.112       
2458321.48627  2458321.48559  2018-07-21.9862723  coadd_bl108012 1.58 -1.64 16.993     >16.993  99.990         197.73       117.06   0.326        0.193       
2458322.48683  2458322.48605  2018-07-22.9868310  coadd_bl108465 1.73 -1.64 17.056     >17.056  99.990         -95.69       110.50   -0.158       0.182       
2458324.55690  2458324.55593  2018-07-25.0569018  coadd_bl109424 1.58 -1.64 18.112     >18.112  99.990         -62.90        41.79   -0.104       0.069       
2458330.27911  2458330.27761  2018-07-30.7791101  coadd_bp066792 1.56 -1.70 18.501     >18.501  99.990         -64.39        27.81   -0.111       0.048       
2458330.52166  2458330.52014  2018-07-31.0216578  coadd_bl111482 1.43 -1.64 18.784     >18.784  99.990          18.38        22.49   0.030        0.037       
2458336.52385  2458336.52180  2018-08-06.0238530  coadd_bl114132 1.51 -1.64 19.183     >19.183  99.990         -46.68        15.58   -0.077       0.026       
2458339.51115  2458339.50884  2018-08-09.0111467  coadd_bl115207 1.65 -1.64 18.964     >18.964  99.990         -85.21        19.07   -0.140       0.031       
2458341.50710  2458341.50462  2018-08-11.0070989  coadd_bl116092 1.52 -1.64 19.220     >19.220  99.990         -22.00        15.06   -0.036       0.025       
2458350.48069  2458350.47748  2018-08-19.9806888  coadd_bl119836 1.72 -1.64 18.200      18.122  0.340          124.19        38.54   0.205        0.064       
2458352.21408  2458352.21074  2018-08-21.7140822  coadd_bp071481 2.04 -1.70 17.712     >17.712  99.990        -107.66        57.57   -0.186       0.100       
2458353.21357  2458353.21016  2018-08-22.7135725  coadd_bp071838 2.15 -1.70 16.926     >16.926  99.990          88.65       118.73   0.153        0.205       
2458354.21400  2458354.21051  2018-08-23.7139988  coadd_bp072258 2.31 -1.70 17.261     >17.261  99.990         -83.28        87.22   -0.144       0.151       
2458354.47067  2458354.46717  2018-08-23.9706776  coadd_bl121439 1.69 -1.64 17.730     >17.730  99.990        -157.25        59.41   -0.259       0.098       
2458453.01437  2458453.01056  2018-11-30.5143746  coadd_bt117512 1.53 -1.71 18.268     >18.268  99.990          52.30        34.10   0.092        0.060       
2458467.13195  2458467.12924  2018-12-14.6319496  coadd_bD004810 2.07 -1.60 19.150     >19.150  99.990          19.56        16.65   0.031        0.026       
2458469.12547  2458469.12293  2018-12-16.6254656  coadd_bD005285 1.80 -1.60 18.824     >18.824  99.990          22.70        22.48   0.036        0.036       
2458470.12156  2458470.11911  2018-12-17.6215603  coadd_bD005733 1.53 -1.60 19.157      19.156  0.364           49.71        16.55   0.079        0.026       
2458475.10314  2458475.10114  2018-12-22.6031495  coadd_bD007586 1.59 -1.60 17.726     >17.726  99.990          57.66        61.80   0.092        0.098       
2458476.14062  2458476.13871  2018-12-23.6406174  coadd_bD008025 2.17 -1.60 18.394     >18.394  99.990          95.26        33.40   0.151        0.053       
2458479.01132  2458479.00967  2018-12-26.5113287  coadd_bt123465 1.54 -1.71 18.034     >18.034  99.990         101.52        42.30   0.178        0.074       
2458486.17106  2458486.17008  2019-01-02.6710670  coadd_bD010056 1.74 -1.60 18.570     >18.570  99.990         -21.77        28.41   -0.035       0.045       
2458487.16750  2458487.16662  2019-01-03.6675025  coadd_bD010509 1.53 -1.60 18.700     >18.700  99.990          39.05        25.20   0.062        0.040       
2458487.59570  2458487.59487  2019-01-04.0957032  coadd_bp101110 1.51 -1.70 18.494     >18.494  99.990          22.11        28.00   0.038        0.048       
2458489.11351  2458489.11282  2019-01-05.6135173  coadd_bD010745 1.69 -1.60 19.241     >19.241  99.990          11.82        15.32   0.019        0.024       
2458490.11673  2458490.11614  2019-01-06.6167309  coadd_bD011208 1.52 -1.60 19.483     >19.483  99.990         -15.65        12.26   -0.025       0.019       
2458491.10146  2458491.10097  2019-01-07.6014637  coadd_bD011607 1.55 -1.60 19.459     >19.459  99.990          -1.53        12.53   -0.002       0.020       
2458494.11460  2458494.11439  2019-01-10.6146056  coadd_bD012724 1.53 -1.60 19.291     >19.291  99.990          23.49        14.62   0.037        0.023       
2458496.04603  2458496.04601  2019-01-12.5460331  coadd_bD013572 1.49 -1.60 19.209     >19.209  99.990         -50.29        15.78   -0.080       0.025       
2458496.87581  2458496.87587  2019-01-13.3758136  coadd_bl169285 1.48 -1.64 17.110     >17.110  99.990        -260.22       105.12   -0.429       0.173       
2458497.56395  2458497.56408  2019-01-14.0639583  coadd_bp102643 1.48 -1.70 19.115     >19.115  99.990         -79.46        15.80   -0.137       0.027       
2458498.03988  2458498.04006  2019-01-14.5398849  coadd_bD014467 1.52 -1.60 19.261      18.729  0.223           73.66        15.03   0.117        0.024       
2458500.86052  2458500.86097  2019-01-17.3605226  coadd_bl170599 1.56 -1.64 18.833     >18.833  99.990          -1.17        21.51   -0.002       0.035       
2458501.89587  2458501.89642  2019-01-18.3958734  coadd_bt128660 1.47 -1.71 17.320     >17.320  99.990        -158.30        81.67   -0.277       0.143       
2458502.88009  2458502.88073  2019-01-19.3800888  coadd_bH036065 1.62 -1.94 16.876     >16.876  99.990        -183.65        99.21   -0.398       0.215       
2458503.54552  2458503.54623  2019-01-20.0455215  coadd_bp104140 1.56 -1.70 17.951     >17.951  99.990         -31.81        46.19   -0.055       0.080       
2458504.02193  2458504.02268  2019-01-20.5219326  coadd_bD016404 1.52 -1.60 17.906     >17.906  99.990        -191.24        52.38   -0.304       0.083       
2458504.59305  2458504.59386  2019-01-21.0930504  coadd_bp104516 1.60 -1.70 17.764     >17.764  99.990          -9.79        54.87   -0.017       0.095       
2458505.10869  2458505.10955  2019-01-21.6086902  coadd_bD016851 1.51 -1.60 18.250     >18.250  99.990          38.89        38.16   0.062        0.061       
2458505.55047  2458505.55137  2019-01-22.0504712  coadd_bp104760 1.64 -1.70 17.768     >17.768  99.990         123.13        54.64   0.213        0.095       
2458506.00987  2458506.01082  2019-01-22.509875  coadd_bt130301 1.50 -1.71 17.787     >17.787  99.990          26.50        53.08   0.046        0.093       
2458507.99015  2458507.99128  2019-01-24.4901528  coadd_bt130980 1.58 -1.71 18.070      17.659  0.250          179.21        40.90   0.314        0.072       
2458512.59424  2458512.59581  2019-01-29.0942453  coadd_bp106904 1.52 -1.70 18.790     >18.790  99.990          23.74        21.31   0.041        0.037       
2458514.53816  2458514.53991  2019-01-31.0381623  coadd_bp107532 1.51 -1.70 18.822     >18.822  99.990         -11.41        20.70   -0.020       0.036       
2458517.83258  2458517.83463  2019-02-03.3325841  coadd_bl177151 1.47 -1.64 19.009     >19.009  99.990         -40.22        18.30   -0.066       0.030       
2458519.53411  2458519.53632  2019-02-05.0341119  coadd_bp108222 1.51 -1.70 19.355     >19.355  99.990           4.29        12.67   0.007        0.022       
2458520.01749  2458520.01974  2019-02-05.5174951  coadd_bD019875 1.48 -1.60 19.327     >19.327  99.990          20.49        14.14   0.033        0.022       
2458520.75154  2458520.75385  2019-02-06.2515486  coadd_bl177420 1.49 -1.64 19.001     >19.001  99.990          17.07        18.42   0.028        0.030       
2458521.51741  2458521.51978  2019-02-07.0174126  coadd_bp108890 1.66 -1.70 19.269     >19.269  99.990          26.53        13.72   0.046        0.024       
2458522.51706  2458522.51953  2019-02-08.0170658  coadd_bp109203 1.48 -1.70 19.282     >19.282  99.990           6.34        13.55   0.011        0.023       
2458522.82165  2458522.82415  2019-02-08.3216542  coadd_bl178171 1.62 -1.64 19.139      18.976  0.314           56.54        16.22   0.093        0.027       
2458523.81004  2458523.81261  2019-02-09.3100363  coadd_bl178523 1.49 -1.64 18.813     >18.813  99.990          18.63        21.90   0.031        0.036       
2458524.52973  2458524.53237  2019-02-10.0297295  coadd_bp109558 1.60 -1.70 19.131     >19.131  99.990          35.32        15.58   0.061        0.027       
2458525.75961  2458525.76236  2019-02-11.2596149  coadd_bH043695 1.39 -1.94 18.819     >18.819  99.990           0.03        16.56   0.000        0.036       
2458526.74906  2458526.75189  2019-02-12.2490665  coadd_bl179532 1.52 -1.64 18.985     >18.985  99.990          43.98        18.70   0.073        0.031       
2458527.75553  2458527.75844  2019-02-13.2555327  coadd_bl179871 1.56 -1.64 19.172     >19.172  99.990         -20.14        15.74   -0.033       0.026       
2458529.83598  2458529.83907  2019-02-15.3359921  coadd_bl180666 1.55 -1.64 19.205     >19.205  99.990          -6.85        15.27   -0.011       0.025       
2458530.76407  2458530.76723  2019-02-16.2640717  coadd_bH045436 1.43 -1.94 18.490      18.426  0.344           71.42        22.42   0.155        0.049       
2458532.72926  2458532.73257  2019-02-18.2292571  coadd_bl181695 1.53 -1.64 17.815     >17.815  99.990        -110.24        54.92   -0.182       0.091       
2458533.47243  2458533.47580  2019-02-18.9724306  coadd_bp111187 1.79 -1.70 17.612     >17.612  99.990         101.11        63.12   0.175        0.109       
2458540.61680  2458540.62069  2019-02-26.1168008  coadd_bp113266 1.56 -1.70 17.130     >17.130  99.990         -36.16        98.40   -0.063       0.170       
2458542.64731  2458542.65134  2019-02-28.1473069  coadd_bp113853 2.44 -1.70 17.830     >17.830  99.990          -3.47        51.64   -0.006       0.089       
2458543.63916  2458543.64326  2019-03-01.1391644  coadd_bp114208 1.52 -1.70 18.709     >18.709  99.990         -60.36        22.96   -0.104       0.040       
2458544.62725  2458544.63141  2019-03-02.1272468  coadd_bp114561 1.56 -1.70 19.101     >19.101  99.990         -53.03        16.01   -0.092       0.028       
2458546.77550  2458546.77979  2019-03-04.2755018  coadd_bl186837 1.62 -1.64 19.232     >19.232  99.990           5.95        14.89   0.010        0.025       
2458548.85254  2458548.85696  2019-03-06.3525445  coadd_bH051909 1.57 -1.94 18.824      18.814  0.362           49.94        16.49   0.108        0.036       
2458549.69408  2458549.69855  2019-03-07.1940793  coadd_bH052133 1.41 -1.94 19.043     >19.043  99.990          -0.17        13.47   -0.000       0.029       
2458550.69341  2458550.69794  2019-03-08.1934101  coadd_bl188315 1.57 -1.64 19.461     >19.461  99.990          10.43        12.06   0.017        0.020       
2458551.84075  2458551.84534  2019-03-09.3407480  coadd_bl188821 1.64 -1.64 18.912      17.861  0.138          157.93        19.99   0.260        0.033       
2458553.67626  2458553.68095  2019-03-11.1762603  coadd_bH053590 1.47 -1.94 18.929     >18.929  99.990         -31.51        14.97   -0.068       0.032       
2458555.67050  2458555.67529  2019-03-13.1705  coadd_bH054347 1.41 -1.94 18.963     >18.963  99.990         -23.71        14.51   -0.051       0.031       
2458556.67277  2458556.67761  2019-03-14.1727753  coadd_bl190647 1.49 -1.64 18.916     >18.916  99.990          10.80        19.92   0.018        0.033       
2458557.82075  2458557.82564  2019-03-15.3207556  coadd_bl191160 1.49 -1.64 19.117     >19.117  99.990          34.88        16.55   0.058        0.027       
2458558.72600  2458558.73093  2019-03-16.2260001  coadd_bt143152 1.48 -1.71 18.072     >18.072  99.990          24.70        40.83   0.043        0.071       
2458558.88710  2458558.89204  2019-03-16.3871002  coadd_bH055649 1.37 -1.94 18.893     >18.893  99.990          27.33        15.47   0.059        0.034       
2458559.39644  2458559.40140  2019-03-16.8964358  coadd_bp118251 1.58 -1.70 18.757     >18.757  99.990         -36.77        21.99   -0.064       0.038       
2458559.66660  2458559.67157  2019-03-17.1665979  coadd_bH055865 1.66 -1.94 18.821     >18.821  99.990          -9.66        16.54   -0.021       0.036       
2458560.39201  2458560.39702  2019-03-17.8920142  coadd_bp118649 1.65 -1.70 17.740     >17.740  99.990           3.85        56.07   0.007        0.097       
2458560.77450  2458560.77952  2019-03-18.2744987  coadd_bt143708 1.72 -1.71 17.792     >17.792  99.990         -73.60        52.87   -0.129       0.093       
2458561.42421  2458561.42926  2019-03-18.9242109  coadd_bp118912 1.58 -1.70 17.921     >17.921  99.990         -76.83        47.48   -0.133       0.082       
2458561.92213  2458561.92720  2019-03-19.4221400  coadd_bt144083 1.59 -1.71 17.711     >17.711  99.990         -25.67        56.96   -0.045       0.100       
2458562.72305  2458562.72815  2019-03-20.2230605  coadd_bl193080 1.48 -1.64 17.754     >17.754  99.990        -190.09        58.09   -0.313       0.096       
2458569.08068  2458569.08600  2019-03-26.5806796  coadd_bD020508 1.56 -1.60 18.715     >18.715  99.990          -8.91        24.87   -0.014       0.040       
2458570.75035  2458570.75571  2019-03-28.2503615  coadd_bl196318 1.46 -1.64 18.486      17.162  0.108          300.64        29.62   0.496        0.049       
2458571.65581  2458571.66120  2019-03-29.1558105  coadd_bl196654 1.47 -1.64 18.875     >18.875  99.990           7.12        20.70   0.012        0.034       
2458571.93462  2458571.94002  2019-03-29.4346293  coadd_bt146795 1.59 -1.71 18.829     >18.829  99.990         -11.57        20.34   -0.020       0.036       
2458572.75540  2458572.76081  2019-03-30.2553987  coadd_bH060979 1.94 -1.94 18.060     >18.060  99.990         -52.07        33.32   -0.113       0.072       
2458573.87557  2458573.88101  2019-03-31.3755715  coadd_bH061269 1.44 -1.94 18.664     >18.664  99.990          28.76        19.11   0.062        0.041       
2458575.71509  2458575.72056  2019-04-02.2150909  coadd_bH061951 1.47 -1.94 18.896      17.873  0.142          118.79        15.43   0.258        0.033       
2458576.94405  2458576.94954  2019-04-03.4440547  coadd_bD022697 1.50 -1.60 19.097     >19.097  99.990         -12.67        17.49   -0.020       0.028       
2458577.79613  2458577.80164  2019-04-04.2961319  coadd_bl198582 1.48 -1.64 19.295     >19.295  99.990          13.37        14.05   0.022        0.023       
2458578.73181  2458578.73733  2019-04-05.2318230  coadd_bt148957 1.47 -1.71 18.884     >18.884  99.990          24.26        19.34   0.042        0.034       
2458579.98608  2458579.99162  2019-04-06.4860827  coadd_bD023942 1.47 -1.60 19.143     >19.143  99.990           4.99        16.76   0.008        0.027       
2458580.86563  2458580.87118  2019-04-07.3656327  coadd_bl199829 1.45 -1.64 18.991     >18.991  99.990          18.75        18.60   0.031        0.031       
2458581.99497  2458582.00052  2019-04-08.4949680  coadd_bD024754 1.49 -1.60 19.207     >19.207  99.990          30.95        15.80   0.049        0.025       
2458582.97192  2458582.97748  2019-04-09.4719226  coadd_bD025138 1.48 -1.60 19.300     >19.300  99.990         -32.71        14.51   -0.052       0.023       
2458583.80293  2458583.80850  2019-04-10.3029430  coadd_bl201046 1.56 -1.64 19.036     >19.036  99.990          27.76        17.84   0.046        0.029       
2458584.82516  2458584.83073  2019-04-11.3251722  coadd_bH065520 1.39 -1.94 19.076     >19.076  99.990         -23.84        13.08   -0.052       0.028       
2458585.75659  2458585.76216  2019-04-12.2565934  coadd_bH065876 1.50 -1.94 18.815      17.942  0.163          111.46        16.63   0.242        0.036       
2458586.91521  2458586.92078  2019-04-13.4152054  coadd_bt151319 1.59 -1.71 18.602     >18.602  99.990          29.45        25.06   0.052        0.044       
2458587.80519  2458587.81077  2019-04-14.3051952  coadd_bl202745 1.48 -1.64 18.936      18.563  0.259           82.73        19.56   0.136        0.032       
2458588.73171  2458588.73728  2019-04-15.2317165  coadd_bt151649 1.50 -1.71 17.723     >17.723  99.990         -97.63        56.31   -0.171       0.099       
2458589.69176  2458589.69733  2019-04-16.1917746  coadd_bt151993 1.53 -1.71 17.098     >17.098  99.990         151.04       100.19   0.264        0.175       
2458590.83050  2458590.83606  2019-04-17.3305062  coadd_bt152471 1.60 -1.71 17.269     >17.269  99.990         126.79        85.57   0.222        0.150       
2458595.75415  2458595.75966  2019-04-22.2541445  coadd_bD028758 1.52 -1.60 19.352     >19.352  99.990         -14.54        13.82   -0.023       0.022       
2458596.87926  2458596.88475  2019-04-23.3792546  coadd_bD029243 1.51 -1.60 18.734     >18.734  99.990         -35.87        24.42   -0.057       0.039       
2458597.54609  2458597.55157  2019-04-24.0460878  coadd_bl206740 1.54 -1.64 18.692     >18.692  99.990           0.79        24.49   0.001        0.040       
2458598.92233  2458598.92779  2019-04-25.4223371  coadd_bt153822 1.52 -1.71 18.316     >18.316  99.990         -23.96        32.61   -0.042       0.057       
2458599.96047  2458599.96591  2019-04-26.4604712  coadd_bD030478 1.50 -1.60 19.233     >19.233  99.990         -36.93        15.43   -0.059       0.025       
2458600.79291  2458600.79833  2019-04-27.2929232  coadd_bl207781 1.54 -1.64 18.722     >18.722  99.990          14.87        23.82   0.025        0.039       
2458601.78922  2458601.79461  2019-04-28.2892252  coadd_bl208221 1.45 -1.64 18.692     >18.692  99.990          25.63        24.49   0.042        0.040       
2458601.90623  2458601.91162  2019-04-28.4062399  coadd_bt154895 1.49 -1.71 18.659     >18.659  99.990          14.63        23.79   0.026        0.042       
2458603.51785  2458603.52320  2019-04-30.0178571  coadd_bH072204 1.43 -1.94 18.129     >18.129  99.990         -51.31        31.27   -0.111       0.068       
2458604.76294  2458604.76825  2019-05-01.2629386  coadd_bt155773 1.53 -1.71 18.757     >18.757  99.990          28.39        21.73   0.050        0.038       
2458605.90471  2458605.90999  2019-05-02.4047101  coadd_bD031701 1.46 -1.60 19.330     >19.330  99.990          31.72        14.11   0.050        0.022       
2458608.59314  2458608.59834  2019-05-05.0931504  coadd_bl211171 1.74 -1.64 18.971     >18.971  99.990         -35.96        18.94   -0.059       0.031       
2458609.96634  2458609.97149  2019-05-06.4663392  coadd_bD032380 1.54 -1.60 19.162     >19.162  99.990         -31.82        16.47   -0.051       0.026       
2458611.97259  2458611.97766  2019-05-08.4725888  coadd_bD033155 1.48 -1.60 19.210     >19.210  99.990         -26.89        15.76   -0.043       0.025       
2458613.50744  2458613.51245  2019-05-10.0074454  coadd_bl212899 1.51 -1.64 20.035     >20.035  99.990          -1.34         7.11   -0.002       0.012       
2458613.77298  2458613.77798  2019-05-10.2729950  coadd_bD033779 1.54 -1.60 19.937     >19.937  99.990          -7.51         8.07   -0.012       0.013       
2458615.87364  2458615.87855  2019-05-12.3736418  coadd_bD034624 1.47 -1.60 19.266     >19.266  99.990          -6.99        14.97   -0.011       0.024       
2458617.92552  2458617.93033  2019-05-14.4255188  coadd_bD035212 1.57 -1.60 18.404     >18.404  99.990        -141.82        33.09   -0.226       0.053       
2458618.51827  2458618.52305  2019-05-15.0182767  coadd_bp134964 1.64 -1.70 17.297      16.473  0.171          540.59        84.30   0.935        0.146       
2458621.84082  2458621.84544  2019-05-18.3408269  coadd_bD036482 1.59 -1.60 18.004     >18.004  99.990           5.89        47.84   0.009        0.076       
2458622.30134  2458622.30592  2019-05-18.8013379  coadd_bp136523 1.60 -1.70 17.691     >17.691  99.990        -113.30        58.67   -0.196       0.102       
2458625.60978  2458625.61418  2019-05-22.1097796  coadd_bl217959 1.52 -1.64 18.420     >18.420  99.990          21.08        31.45   0.035        0.052       
2458626.59805  2458626.60240  2019-05-23.0980585  coadd_bl218402 1.43 -1.64 18.330      17.490  0.168          222.20        34.18   0.366        0.056       
2458627.60829  2458627.61258  2019-05-24.1082994  coadd_bl218865 1.56 -1.64 18.520      17.496  0.142          221.00        28.69   0.364        0.047       
2458628.92093  2458628.92513  2019-05-25.4209309  coadd_bD039111 1.82 -1.60 19.696     >19.696  99.990           0.07        10.07   0.000        0.016       
2458629.88985  2458629.89399  2019-05-26.3898483  coadd_bD039460 1.53 -1.60 19.009     >19.009  99.990          18.22        18.96   0.029        0.030       
2458630.83939  2458630.84348  2019-05-27.3394015  coadd_bt162107 1.56 -1.71 18.602     >18.602  99.990          -6.68        25.06   -0.012       0.044       
2458632.87141  2458632.87536  2019-05-29.3714098  coadd_bD040562 1.46 -1.60 19.527     >19.527  99.990           3.40        11.76   0.005        0.019       
2458634.90006  2458634.90387  2019-05-31.4000543  coadd_bD041326 1.45 -1.60 18.939     >18.939  99.990          16.47        20.23   0.026        0.032       
2458636.51220  2458636.51590  2019-06-02.0122047  coadd_bH080725 1.38 -1.94 19.216     >19.216  99.990          26.11        11.49   0.057        0.025       
2458637.55494  2458637.55857  2019-06-03.0549418  coadd_bl221049 1.45 -1.64 19.190     >19.190  99.990         -11.51        15.48   -0.019       0.026       
2458638.63592  2458638.63947  2019-06-04.1359256  coadd_bl221576 1.47 -1.64 19.104     >19.104  99.990           9.28        16.75   0.015        0.028       
2458640.52381  2458640.52722  2019-06-06.0238122  coadd_bH082502 1.41 -1.94 19.092     >19.092  99.990           5.26        12.88   0.011        0.028       
2458642.87071  2458642.87394  2019-06-08.3707153  coadd_bD043551 1.56 -1.60 19.026     >19.026  99.990          28.73        18.68   0.046        0.030       
2458643.70683  2458643.71000  2019-06-09.2068354  coadd_bt164406 1.50 -1.71 18.586     >18.586  99.990           9.64        25.44   0.017        0.045       
2458644.83229  2458644.83536  2019-06-10.3322912  coadd_bD044259 1.50 -1.60 18.683     >18.683  99.990         -44.72        25.61   -0.071       0.041       
2458650.84013  2458650.84272  2019-06-16.3401299  coadd_bD046470 1.45 -1.60 18.128      18.061  0.343          136.23        42.71   0.217        0.068       
2458653.64239  2458653.64475  2019-06-19.1423976  coadd_bl227986 1.62 -1.64 18.034     >18.034  99.990         132.07        44.88   0.218        0.074       
2458654.75493  2458654.75719  2019-06-20.2549363  coadd_bt166958 1.49 -1.71 17.681     >17.681  99.990          74.57        58.54   0.130        0.102       
2458655.49922  2458655.50141  2019-06-20.9992217  coadd_bl228797 1.52 -1.64 19.063     >19.063  99.990          21.41        17.40   0.035        0.029       
2458657.77267  2458657.77467  2019-06-23.2726737  coadd_bD048915 1.54 -1.60 19.052     >19.052  99.990          -7.21        18.23   -0.011       0.029       
2458659.67401  2458659.67584  2019-06-25.1740140  coadd_bt168386 1.49 -1.71 18.500     >18.500  99.990          35.68        27.54   0.062        0.048       
2458661.69308  2458661.69473  2019-06-27.1930894  coadd_bt168822 1.47 -1.71 17.838     >17.838  99.990         -42.52        50.68   -0.074       0.089       
2458666.79945  2458666.80063  2019-07-02.2994533  coadd_bD049983 1.53 -1.60 19.505      19.472  0.354           37.15        12.01   0.059        0.019       
2458667.69899  2458667.70009  2019-07-03.1989972  coadd_bt169147 1.56 -1.71 18.060      17.663  0.253          178.55        41.27   0.312        0.072       
2458668.58191  2458668.58293  2019-07-04.0819157  coadd_bl232063 1.53 -1.64 19.002     >19.002  99.990          34.98        18.41   0.058        0.030       
2458671.81250  2458671.81321  2019-07-07.3124964  coadd_bD051628 1.70 -1.60 19.190     >19.190  99.990          15.00        16.05   0.024        0.026       
2458678.48397  2458678.48406  2019-07-13.9839672  coadd_bH095185 1.50 -1.94 18.247     >18.247  99.990         -67.58        28.06   -0.147       0.061       
2458679.60356  2458679.60355  2019-07-15.1035641  coadd_bH095706 1.68 -1.94 17.442     >17.442  99.990        -149.81        58.89   -0.325       0.128       
2458680.56575  2458680.56565  2019-07-16.0657594  coadd_bH096116 1.61 -1.94 17.633     >17.633  99.990         -21.22        49.40   -0.046       0.107       
2458681.58429  2458681.58409  2019-07-17.0842913  coadd_bl237101 1.51 -1.64 17.596     >17.596  99.990          83.21        67.18   0.137        0.111       
2458682.59116  2458682.59086  2019-07-18.0911650  coadd_bl237525 1.52 -1.64 17.739     >17.739  99.990        -214.65        58.91   -0.354       0.097       
2458683.76382  2458683.76341  2019-07-19.2638177  coadd_bD054906 2.17 -1.60 19.473     >19.473  99.990           1.36        12.37   0.002        0.020       
2458684.71582  2458684.71533  2019-07-20.2158215  coadd_bt173099 1.46 -1.71 17.491     >17.491  99.990          46.69        69.73   0.082        0.122       
2458685.24767  2458685.24712  2019-07-20.7476659  coadd_bp151792 1.66 -1.70 19.265     >19.265  99.990         -32.05        13.77   -0.055       0.024       
2458686.31856  2458686.31791  2019-07-21.8185597  coadd_bp152255 1.65 -1.70 19.219     >19.219  99.990          11.58        14.36   0.020        0.025       
2458688.66079  2458688.65993  2019-07-24.1607931  coadd_bt173993 1.54 -1.71 18.651     >18.651  99.990         -58.98        23.95   -0.103       0.042       
2458688.74691  2458688.74604  2019-07-24.2469108  coadd_bD055673 1.92 -1.60 18.289      18.120  0.312          129.00        36.79   0.205        0.059       
2458689.57672  2458689.57578  2019-07-25.076725  coadd_bH099141 1.38 -1.94 18.944     >18.944  99.990         -18.55        14.77   -0.040       0.032       
2458690.52423  2458690.52320  2019-07-26.0242439  coadd_bl240032 1.55 -1.64 18.988     >18.988  99.990          41.06        18.64   0.068        0.031       
2458691.56918  2458691.56804  2019-07-27.0691787  coadd_bH099776 1.41 -1.94 18.900     >18.900  99.990          16.24        15.38   0.035        0.033       
2458691.59513  2458691.59400  2019-07-27.0951371  coadd_bl240437 1.49 -1.64 18.214     >18.214  99.990         -64.14        38.02   -0.106       0.063       
2458692.29785  2458692.29665  2019-07-27.7978458  coadd_bp153354 1.61 -1.70 18.468     >18.468  99.990          49.50        28.68   0.086        0.050       
2458695.61910  2458695.61760  2019-07-31.1191047  coadd_bt175892 2.24 -1.71 17.891     >17.891  99.990          -5.22        48.25   -0.009       0.084       
2458696.28166  2458696.28010  2019-07-31.7816641  coadd_bp153852 1.57 -1.70 19.110     >19.110  99.990          -1.10        15.87   -0.002       0.027       
2458696.62588  2458696.62428  2019-08-01.1258800  coadd_bt176074 2.03 -1.71 18.470      18.107  0.261          118.63        28.30   0.208        0.050       
2458697.62521  2458697.62353  2019-08-02.1252142  coadd_bt176211 1.71 -1.71 18.534     >18.534  99.990         -41.61        26.68   -0.073       0.047       
2458698.28641  2458698.28467  2019-08-02.7864165  coadd_bp154438 1.48 -1.70 19.163     >19.163  99.990          24.48        15.12   0.042        0.026       
2458699.23317  2458699.23134  2019-08-03.7331702  coadd_bp154787 1.62 -1.70 19.133     >19.133  99.990          32.65        15.55   0.056        0.027       
2458704.50398  2458704.50169  2019-08-09.0039828  coadd_bH104859 1.48 -1.94 18.116     >18.116  99.990          -6.45        31.65   -0.014       0.069       
2458705.50469  2458705.50231  2019-08-10.0046894  coadd_bH105277 1.71 -1.94 18.114      17.623  0.232          149.58        31.71   0.324        0.069       
2458706.50324  2458706.50078  2019-08-11.0032384  coadd_bl246784 1.56 -1.64 18.134     >18.134  99.990         -38.08        40.94   -0.063       0.068       
2458707.51105  2458707.50851  2019-08-12.0110504  coadd_bH106027 1.48 -1.94 17.902      17.602  0.277          152.48        38.56   0.331        0.084       
2458708.50020  2458708.49757  2019-08-13.0002056  coadd_bl247557 1.51 -1.64 17.652     >17.652  99.990         120.92        63.82   0.199        0.105       
2458708.55946  2458708.55683  2019-08-13.0594629  coadd_bH106491 1.58 -1.94 17.408     >17.408  99.990         -90.39        60.78   -0.196       0.132       
2458710.49855  2458710.49576  2019-08-14.9985568  coadd_bH107112 1.45 -1.94 16.152      15.372  0.178         1188.60       193.16   2.577        0.419       
2458711.49380  2458711.49093  2019-08-15.9938016  coadd_bl248657 1.46 -1.64 17.372     >17.372  99.990          20.89        82.59   0.034        0.136       
2458712.22718  2458712.22425  2019-08-16.7271871  coadd_bp157949 1.50 -1.70 17.836     >17.836  99.990          79.85        51.32   0.138        0.089       
2458712.49154  2458712.48859  2019-08-16.9915424  coadd_bH107980 2.16 -1.94 17.489      16.835  0.200          308.91        56.40   0.670        0.122       
2458713.48800  2458713.48497  2019-08-17.9880026  coadd_bH108403 1.47 -1.94 18.832      18.695  0.322           55.73        16.37   0.121        0.035       
2458714.47249  2458714.46938  2019-08-18.9724922  coadd_bl249918 1.54 -1.64 16.934     >16.934  99.990          60.19       123.70   0.099        0.204       
2458715.22844  2458715.22528  2019-08-19.7284442  coadd_bp158956 1.59 -1.70 19.159     >19.159  99.990         -26.30        15.17   -0.046       0.026       
2458715.48095  2458715.47777  2019-08-19.9809519  coadd_bH109214 1.39 -1.94 18.694     >18.694  99.990          -9.85        18.58   -0.021       0.040       
2458716.47336  2458716.47010  2019-08-20.9733652  coadd_bl250799 1.66 -1.64 18.626     >18.626  99.990          67.82        26.02   0.112        0.043       
2458717.47731  2458717.47397  2019-08-21.9773202  coadd_bl251242 1.59 -1.64 18.790     >18.790  99.990          49.70        22.37   0.082        0.037       
2458718.47418  2458718.47077  2019-08-22.9741777  coadd_bH110475 1.42 -1.94 18.424     >18.424  99.990         -72.96        23.84   -0.158       0.052       
2458719.47056  2458719.46708  2019-08-23.9705652  coadd_bl252097 1.66 -1.64 17.996     >17.996  99.990          -3.29        46.49   -0.005       0.077       
2458721.51499  2458721.51135  2019-08-26.0149932  coadd_bH111518 1.51 -1.94 17.961     >17.961  99.990          53.62        36.50   0.116        0.079       
2458722.25840  2458722.25472  2019-08-26.7584107  coadd_bp161191 1.51 -1.70 18.166     >18.166  99.990          63.04        37.88   0.109        0.066       
2458723.51630  2458723.51253  2019-08-28.0163039  coadd_bH112350 1.38 -1.94 17.826     >17.826  99.990         -40.67        41.36   -0.088       0.090       
2458824.03180  2458824.02842  2019-12-06.5318032  coadd_bt210682 1.66 -1.71 17.019      16.963  0.347          340.08       107.74   0.595        0.189       
2458825.01719  2458825.01388  2019-12-07.5171940  coadd_bt211127 1.50 -1.71 18.887     >18.887  99.990           9.92        19.27   0.017        0.034       
2458826.15506  2458826.15184  2019-12-08.6550556  coadd_bD095163 1.55 -1.60 18.982     >18.982  99.990         -18.90        19.44   -0.030       0.031       
2458827.15136  2458827.14822  2019-12-09.6513662  coadd_bD095609 1.48 -1.60 19.284     >19.284  99.990          23.18        14.72   0.037        0.023       
2458829.14410  2458829.14112  2019-12-11.6441050  coadd_bD096497 1.49 -1.60 17.818     >17.818  99.990         -26.47        56.81   -0.042       0.090       
2458830.14042  2458830.13752  2019-12-12.6404152  coadd_bD096938 1.54 -1.60 18.116     >18.116  99.990         -81.45        43.16   -0.130       0.069       
2458833.13352  2458833.13088  2019-12-15.6335335  coadd_bD097485 1.60 -1.60 18.191     >18.191  99.990           9.26        40.29   0.015        0.064       
2458849.07262  2458849.07142  2019-12-31.5726320  coadd_bD101397 1.71 -1.60 19.075     >19.075  99.990          43.05        17.84   0.068        0.028       
2458850.08706  2458850.08596  2020-01-01.5870603  coadd_bD101856 1.51 -1.60 19.369     >19.369  99.990         -37.90        13.61   -0.060       0.022       
2458851.07977  2458851.07876  2020-01-02.5797646  coadd_bD102243 1.46 -1.60 19.162     >19.162  99.990          -6.31        16.48   -0.010       0.026       
2458851.84653  2458851.84560  2020-01-03.3465317  coadd_bl295733 1.47 -1.64 18.709     >18.709  99.990          20.69        24.11   0.034        0.040       
2458853.84397  2458853.84322  2020-01-05.3439699  coadd_bH152352 1.41 -1.94 18.040     >18.040  99.990          92.61        33.94   0.201        0.074       
2458854.96997  2458854.96934  2020-01-06.4699675  coadd_bt222050 1.54 -1.71 19.068      18.890  0.310           57.65        16.32   0.101        0.029       
2458856.86723  2458856.86678  2020-01-08.3672390  coadd_bl297271 1.50 -1.64 17.702     >17.702  99.990         -13.51        60.97   -0.022       0.101       
2458860.59103  2458860.59094  2020-01-12.0910274  coadd_bp194144 1.51 -1.70 17.523     >17.523  99.990          90.96        68.48   0.157        0.118       
2458861.58726  2458861.58727  2020-01-13.0872609  coadd_bp194467 1.64 -1.70 17.151     >17.151  99.990        -167.78        96.49   -0.290       0.167       
2458868.17313  2458868.17378  2020-01-19.6731347  coadd_bD104277 1.59 -1.60 18.599     >18.599  99.990         -58.55        27.66   -0.093       0.044       
2458870.17629  2458870.17713  2020-01-21.6762890  coadd_bD105177 1.46 -1.60 18.134     >18.134  99.990          16.91        42.46   0.027        0.068       
2458871.15566  2458871.15659  2020-01-22.6556571  coadd_bD105566 1.46 -1.60 19.590     >19.590  99.990          -0.18        11.10   -0.000       0.018       
2458872.16999  2458872.17103  2020-01-23.6699956  coadd_bD106029 1.51 -1.60 18.827     >18.827  99.990         -44.44        22.41   -0.071       0.036       
2458873.15569  2458873.15682  2020-01-24.6556931  coadd_bD106463 1.46 -1.60 19.189     >19.189  99.990         -18.37        16.07   -0.029       0.026       
2458873.60151  2458873.60268  2020-01-25.1015141  coadd_bp196374 1.47 -1.70 19.050     >19.050  99.990          -5.25        16.78   -0.009       0.029       
2458874.14573  2458874.14695  2020-01-25.6457341  coadd_bD106905 1.50 -1.60 19.431     >19.431  99.990         -17.54        12.85   -0.028       0.020       
2458875.14992  2458875.15123  2020-01-26.6499189  coadd_bD107358 1.51 -1.60 19.142     >19.142  99.990         -70.05        16.78   -0.111       0.027       
2458876.13853  2458876.13994  2020-01-27.6385375  coadd_bD107799 1.58 -1.60 19.147     >19.147  99.990          -6.64        16.70   -0.011       0.027       
2458876.60211  2458876.60356  2020-01-28.1021043  coadd_bp197092 1.52 -1.70 18.944     >18.944  99.990           0.57        18.50   0.001        0.032       
2458877.13479  2458877.13629  2020-01-28.6347900  coadd_bD108246 1.53 -1.60 19.121     >19.121  99.990         -65.34        17.11   -0.104       0.027       
2458877.58754  2458877.58908  2020-01-29.0875364  coadd_bp197424 1.49 -1.70 18.624     >18.624  99.990         -18.50        24.85   -0.032       0.043       
2458878.13965  2458878.14125  2020-01-29.6396505  coadd_bD108679 1.54 -1.60 19.464     >19.464  99.990          10.96        12.47   0.017        0.020       
2458879.13758  2458879.13927  2020-01-30.6375833  coadd_bD109126 1.56 -1.60 18.861     >18.861  99.990         -48.36        21.73   -0.077       0.035       
2458879.56281  2458879.56453  2020-01-31.0628062  coadd_bp198002 1.49 -1.70 19.283     >19.283  99.990          12.24        13.54   0.021        0.023       
2458879.99831  2458880.00008  2020-01-31.4983116  coadd_bD109487 1.65 -1.60 18.260     >18.260  99.990        -182.87        37.81   -0.291       0.060       
2458880.55511  2458880.55693  2020-02-01.0551146  coadd_bp198320 1.54 -1.70 19.003     >19.003  99.990          -4.88        17.53   -0.008       0.030       
2458882.51819  2458882.52019  2020-02-03.0182009  coadd_bp198678 1.46 -1.70 19.033     >19.033  99.990         -17.69        17.05   -0.031       0.030       
2458882.98917  2458882.99121  2020-02-03.4891672  coadd_bD110200 1.51 -1.60 19.108     >19.108  99.990         -23.24        17.31   -0.037       0.028       
2458883.52315  2458883.52524  2020-02-04.0231539  coadd_bp199002 1.57 -1.70 19.073     >19.073  99.990         -12.36        16.43   -0.021       0.028       
2458883.98189  2458883.98402  2020-02-04.4818959  coadd_bD110638 1.54 -1.60 18.655     >18.655  99.990          29.09        26.28   0.046        0.042       
2458884.52585  2458884.52803  2020-02-05.0258518  coadd_bp199303 1.55 -1.70 18.473      18.093  0.257          121.55        28.55   0.210        0.049       
2458884.97839  2458884.98061  2020-02-05.4783886  coadd_bD111046 1.54 -1.60 18.431     >18.431  99.990          73.27        32.30   0.117        0.051       
2458885.51875  2458885.52102  2020-02-06.01875  coadd_bp199585 1.55 -1.70 18.574     >18.574  99.990          28.63        26.01   0.050        0.045       
2458888.49544  2458888.49796  2020-02-08.9954417  coadd_bp199905 1.51 -1.70 17.191     >17.191  99.990        -185.69        92.98   -0.321       0.161       
2458888.96700  2458888.96957  2020-02-09.4670122  coadd_bD111596 1.98 -1.60 17.700     >17.700  99.990         -88.67        63.31   -0.141       0.101       
2458890.52152  2458890.52423  2020-02-11.0215355  coadd_bp200412 1.58 -1.70 17.368     >17.368  99.990         143.90        79.02   0.249        0.137       
2458896.60859  2458896.61179  2020-02-17.1085837  coadd_bp201917 1.47 -1.70 18.036     >18.036  99.990         -62.80        42.69   -0.109       0.074       
2458897.75236  2458897.75565  2020-02-18.2523563  coadd_bH164191 1.46 -1.94 18.562     >18.562  99.990         -81.81        20.99   -0.177       0.046       
2458901.45741  2458901.46098  2020-02-21.9574087  coadd_bp202797 1.55 -1.70 18.979     >18.979  99.990         -20.64        17.92   -0.036       0.031       
2458903.47555  2458903.47927  2020-02-23.9755561  coadd_bp203213 1.50 -1.70 19.227     >19.227  99.990         -13.84        14.26   -0.024       0.025       
2458904.70465  2458904.70846  2020-02-25.2046523  coadd_bH166283 1.49 -1.94 18.995      18.395  0.210           73.43        14.09   0.159        0.031       
2458905.69699  2458905.70087  2020-02-26.1969912  coadd_bH166641 1.44 -1.94 18.772     >18.772  99.990          17.73        17.30   0.038        0.038       
2458906.73527  2458906.73922  2020-02-27.2352673  coadd_bl312027 1.45 -1.64 18.938     >18.938  99.990           9.42        19.52   0.016        0.032       
2458907.84007  2458907.84409  2020-02-28.3400703  coadd_bt236148 1.47 -1.71 19.172     >19.172  99.990         -28.25        14.83   -0.049       0.026       
2458910.46155  2458910.46575  2020-03-01.9615540  coadd_bp204837 2.11 -1.70 18.979     >18.979  99.990          23.30        17.91   0.040        0.031       
2458911.45256  2458911.45682  2020-03-02.9525677  coadd_bp205052 1.51 -1.70 18.834     >18.834  99.990          45.57        20.48   0.079        0.035       
2458912.67076  2458912.67510  2020-03-04.1707628  coadd_bl314207 1.49 -1.64 18.267     >18.267  99.990         -64.37        36.21   -0.106       0.060       
2458913.88007  2458913.88447  2020-03-05.3800721  coadd_bl314727 1.49 -1.64 18.888     >18.888  99.990         -36.43        20.43   -0.060       0.034       
2458914.82835  2458914.83281  2020-03-06.3283498  coadd_bl315053 1.52 -1.64 18.810     >18.810  99.990         -56.15        21.96   -0.093       0.036       
2458915.79388  2458915.79840  2020-03-07.2938803  coadd_bH170225 1.58 -1.94 16.963     >16.963  99.990        -239.24        91.55   -0.519       0.199       
2458917.81040  2458917.81503  2020-03-09.3104023  coadd_bH170956 1.49 -1.94 16.495     >16.495  99.990         224.44       140.84   0.487        0.305       
2458924.83828  2458924.84325  2020-03-16.3382836  coadd_bl318713 1.50 -1.64 17.900     >17.900  99.990         107.87        50.81   0.178        0.084       
2458925.77130  2458925.77631  2020-03-17.2712994  coadd_bl319037 1.47 -1.64 18.646     >18.646  99.990          50.60        25.54   0.083        0.042       
2458927.50880  2458927.51388  2020-03-19.0088089  coadd_bp207705 1.53 -1.70 19.262     >19.262  99.990         -18.26        13.80   -0.032       0.024       
2458928.38078  2458928.38590  2020-03-19.8807824  coadd_bp207956 1.48 -1.70 18.956     >18.956  99.990         -53.06        18.29   -0.092       0.032       
2458929.37643  2458929.38159  2020-03-20.8764327  coadd_bp208338 1.51 -1.70 18.991     >18.991  99.990         -15.19        17.71   -0.026       0.031       
2458930.37501  2458930.38020  2020-03-21.8750090  coadd_bp208691 1.78 -1.70 19.070     >19.070  99.990         -19.75        16.47   -0.034       0.028       
2458930.74628  2458930.75148  2020-03-22.2462849  coadd_bt239524 1.58 -1.71 19.032     >19.032  99.990         -10.11        16.86   -0.018       0.030       
2458931.87083  2458931.87607  2020-03-23.3708259  coadd_bD116224 1.65 -1.60 19.243     >19.243  99.990         -20.36        15.29   -0.032       0.024       
2458933.95301  2458933.95831  2020-03-25.4530070  coadd_bD116988 1.79 -1.60 19.608     >19.608  99.990         -12.64        10.93   -0.020       0.017       
2458934.90299  2458934.90832  2020-03-26.4029878  coadd_bD117272 1.71 -1.60 17.883     >17.883  99.990         -59.22        53.51   -0.094       0.085       
2458938.02765  2458938.03306  2020-03-29.5276568  coadd_bD117736 1.45 -1.60 18.072     >18.072  99.990           4.79        44.94   0.008        0.071       
2458941.81772  2458941.82320  2020-04-02.3177168  coadd_bD118201 1.58 -1.60 18.288     >18.288  99.990         -52.70        36.82   -0.084       0.059       
2458949.87742  2458949.88299  2020-04-10.3774145  coadd_bD119706 1.58 -1.60 17.864     >17.864  99.990         -58.10        54.42   -0.092       0.087       
2458950.82725  2458950.83282  2020-04-11.3272533  coadd_bD119889 1.91 -1.60 18.377     >18.377  99.990        -141.24        33.94   -0.225       0.054       
2458955.91482  2458955.92038  2020-04-16.4148193  coadd_bt241294 1.53 -1.71 18.761     >18.761  99.990          18.16        21.64   0.032        0.038       
2458958.92222  2458958.92776  2020-04-19.4222181  coadd_bD121878 1.52 -1.60 19.568      19.384  0.308           40.29        11.33   0.064        0.018       
2458961.91514  2458961.92064  2020-04-22.4151432  coadd_bD122946 1.47 -1.60 19.251     >19.251  99.990         -30.29        15.17   -0.048       0.024       
2458965.83661  2458965.84203  2020-04-26.3366156  coadd_bD124318 1.58 -1.60 19.289     >19.289  99.990          -8.58        14.65   -0.014       0.023       
2458967.91930  2458967.92467  2020-04-28.4193048  coadd_bD125122 1.47 -1.60 18.451      18.120  0.269          129.03        31.70   0.205        0.050       
2458970.74776  2458970.75306  2020-05-01.2477663  coadd_bD126100 1.71 -1.60 18.660      18.601  0.346           82.91        26.16   0.132        0.042       
2458973.98654  2458973.99173  2020-05-04.4865410  coadd_bD127304 1.45 -1.60 17.933     >17.933  99.990          -3.87        51.06   -0.006       0.081       
2458979.86525  2458979.87021  2020-05-10.3652570  coadd_bt247482 1.47 -1.71 17.798     >17.798  99.990         -56.96        52.58   -0.100       0.092       
2458981.28881  2458981.29371  2020-05-11.7888185  coadd_bp212222 1.56 -1.70 19.201     >19.201  99.990          19.62        14.60   0.034        0.025       
2458983.52157  2458983.52636  2020-05-14.0215656  coadd_bp212917 1.50 -1.70 18.473     >18.473  99.990           4.30        28.54   0.007        0.049       
2458985.84490  2458985.84957  2020-05-16.3448990  coadd_bD129320 1.46 -1.60 19.351     >19.351  99.990         -15.09        13.84   -0.024       0.022       
2458988.95504  2458988.95955  2020-05-19.4550383  coadd_bD130394 1.51 -1.60 19.531     >19.531  99.990         -15.62        11.72   -0.025       0.019       
2458994.78932  2458994.79349  2020-05-25.2893192  coadd_bD132017 1.57 -1.60 19.468     >19.468  99.990          -2.05        12.43   -0.003       0.020       
2458996.74709  2458996.75113  2020-05-27.2470886  coadd_bt251268 1.50 -1.71 19.120     >19.120  99.990         -11.66        15.55   -0.020       0.027       
2458997.80138  2458997.80536  2020-05-28.3013913  coadd_bt251597 1.46 -1.71 18.969     >18.969  99.990         -17.97        17.87   -0.031       0.031       
2458998.72446  2458998.72837  2020-05-29.2244564  coadd_bt251802 1.52 -1.71 18.001     >18.001  99.990         122.77        43.62   0.215        0.076       
2459000.91457  2459000.91833  2020-05-31.4145673  coadd_bD133934 1.57 -1.60 18.383     >18.383  99.990          83.68        33.75   0.133        0.054       
2459004.88112  2459004.88460  2020-06-04.3811263  coadd_bD134849 1.50 -1.60 17.842     >17.842  99.990          13.88        55.54   0.022        0.088       
2459008.33314  2459008.33635  2020-06-07.8331376  coadd_bp220282 1.57 -1.70 17.938     >17.938  99.990         -26.26        46.74   -0.045       0.081       
2459009.82955  2459009.83265  2020-06-09.3295511  coadd_bD136541 1.48 -1.60 19.116     >19.116  99.990         -25.63        17.19   -0.041       0.027       
2459010.78548  2459010.78850  2020-06-10.2854754  coadd_bt255112 1.56 -1.71 18.311     >18.311  99.990          -2.79        32.78   -0.005       0.057       
2459012.86775  2459012.87060  2020-06-12.3677462  coadd_bD137600 1.60 -1.60 18.790     >18.790  99.990          47.27        23.19   0.075        0.037       
2459015.80421  2459015.80682  2020-06-15.3042151  coadd_bD138569 1.71 -1.60 19.575     >19.575  99.990          -4.56        11.26   -0.007       0.018       
2459016.71876  2459016.72129  2020-06-16.2187658  coadd_bt256638 1.50 -1.71 19.117     >19.117  99.990           1.05        15.60   0.002        0.027       
2459021.81321  2459021.81531  2020-06-21.3132156  coadd_bD140401 1.60 -1.60 19.379     >19.379  99.990          12.73        13.49   0.020        0.021       
2459024.81014  2459024.81198  2020-06-24.3101459  coadd_bD141400 1.47 -1.60 19.443     >19.443  99.990          -2.28        12.72   -0.004       0.020       
2459032.76621  2459032.76732  2020-07-02.2662085  coadd_bD143448 1.86 -1.60 18.533     >18.533  99.990          32.76        29.40   0.052        0.047       
2459036.32443  2459036.32522  2020-07-05.8244384  coadd_bp227472 1.56 -1.70 18.094     >18.094  99.990         -71.11        40.46   -0.123       0.070       
2459037.70570  2459037.70636  2020-07-07.2056950  coadd_bt260644 1.47 -1.71 17.962     >17.962  99.990        -144.63        45.19   -0.253       0.079       
2459038.80820  2459038.80876  2020-07-08.3081995  coadd_bD145330 1.50 -1.60 19.279     >19.279  99.990          21.72        14.79   0.035        0.024       
2459042.77729  2459042.77748  2020-07-12.2772931  coadd_bD146674 1.45 -1.60 19.385     >19.385  99.990           2.92        13.42   0.005        0.021       
2459043.65641  2459043.65651  2020-07-13.1564168  coadd_bt262111 1.49 -1.71 19.059     >19.059  99.990          11.56        16.45   0.020        0.029       
2459044.68210  2459044.68210  2020-07-14.1820936  coadd_bt262445 1.46 -1.71 19.011     >19.011  99.990         -32.96        17.20   -0.058       0.030       
2459047.77646  2459047.77617  2020-07-17.2764646  coadd_bD147993 1.53 -1.60 19.114     >19.114  99.990         -89.55        17.21   -0.142       0.027       
2459050.76775  2459050.76718  2020-07-20.2677515  coadd_bD148946 1.80 -1.60 19.133      18.931  0.303           61.15        16.92   0.097        0.027       
2459054.75452  2459054.75358  2020-07-24.2545187  coadd_bD150179 2.16 -1.60 18.898     >18.898  99.990         -62.49        21.00   -0.099       0.033       
2459060.29105  2459060.28960  2020-07-29.7910509  coadd_bp233898 1.63 -1.70 17.892     >17.892  99.990         -40.12        48.73   -0.069       0.084       
2459061.62604  2459061.62447  2020-07-31.1260356  coadd_bt265876 1.71 -1.71 17.872     >17.872  99.990         -59.36        49.11   -0.104       0.086       
2459063.63221  2459063.63047  2020-08-02.1322200  coadd_bt266517 1.60 -1.71 17.183     >17.183  99.990        -225.09        92.59   -0.394       0.162       
2459065.62720  2459065.62527  2020-08-04.1272026  coadd_bt267012 1.63 -1.71 17.749      17.697  0.349          172.91        54.97   0.303        0.096       
2459066.62657  2459066.62456  2020-08-05.1265729  coadd_bt267333 2.47 -1.71 17.793     >17.793  99.990         -83.88        52.80   -0.147       0.092       
2459069.61334  2459069.61107  2020-08-08.1133478  coadd_bt268262 2.15 -1.71 17.933     >17.933  99.990         -25.42        46.42   -0.044       0.081       
2459070.61264  2459070.61028  2020-08-09.1126415  coadd_bt268601 2.36 -1.71 17.591     >17.591  99.990          10.66        63.57   0.019        0.111       
2459078.24607  2459078.24308  2020-08-16.7460709  coadd_bp237340 1.48 -1.70 18.803     >18.803  99.990         -38.85        21.06   -0.067       0.036       
2459080.24086  2459080.23772  2020-08-18.7408612  coadd_bp237741 1.63 -1.70 18.816     >18.816  99.990           1.87        20.81   0.003        0.036       
2459081.23604  2459081.23282  2020-08-19.7360416  coadd_bp237823 1.58 -1.70 18.814     >18.814  99.990          31.65        20.86   0.055        0.036       
2459087.25148  2459087.24781  2020-08-25.7514769  coadd_bp239673 2.12 -1.70 17.968     >17.968  99.990          27.40        45.48   0.047        0.079       
2459179.15736  2459179.15326  2020-11-25.6573626  coadd_bD187390 1.70 -1.60 17.601     >17.601  99.990           7.58        69.34   0.012        0.110       
2459180.15358  2459180.14954  2020-11-26.6535748  coadd_bD187762 1.48 -1.60 18.442     >18.442  99.990         -28.20        31.98   -0.045       0.051       
2459185.01710  2459185.01340  2020-12-01.5171028  coadd_bt298096 1.71 -1.71 17.010     >17.010  99.990         -42.35       108.59   -0.074       0.190       
2459188.13171  2459188.12824  2020-12-04.6317225  coadd_bD190509 1.52 -1.60 17.461     >17.461  99.990          76.40        78.91   0.121        0.125       
2459190.00635  2459190.00302  2020-12-06.5063489  coadd_bt299552 1.56 -1.71 17.862     >17.862  99.990          -2.13        49.54   -0.004       0.087       
2459199.11191  2459199.10932  2020-12-15.6119091  coadd_bD194519 1.59 -1.60 18.126     >18.126  99.990          24.76        42.78   0.039        0.068       
2459206.08855  2459206.08659  2020-12-22.5885483  coadd_bD195687 1.55 -1.60 19.343     >19.343  99.990         -31.07        13.94   -0.049       0.022       
2459208.10120  2459208.09942  2020-12-24.6012021  coadd_bD196584 1.55 -1.60 19.542     >19.542  99.990          -7.29        11.60   -0.012       0.018       
2459214.06853  2459214.06730  2020-12-30.5685240  coadd_bD198636 1.87 -1.60 17.844     >17.844  99.990          49.26        55.47   0.078        0.088       
2459214.58101  2459214.57983  2020-12-31.0810049  coadd_bp267325 1.67 -1.70 17.375     >17.375  99.990        -166.42        78.49   -0.288       0.136       
2459216.96327  2459216.96233  2021-01-02.4632738  coadd_bt309728 1.58 -1.71 18.280     >18.280  99.990         -16.91        33.70   -0.030       0.059       
2459219.84182  2459219.84115  2021-01-05.3418197  coadd_bl342109 1.54 -1.64 17.544     >17.544  99.990        -109.70        70.50   -0.181       0.116       
2459223.57813  2459223.57782  2021-01-09.0781326  coadd_bp269168 1.54 -1.70 18.869     >18.869  99.990         -34.24        19.83   -0.059       0.034       
2459224.83499  2459224.83481  2021-01-10.3349976  coadd_bH195253 1.41 -1.94 18.801     >18.801  99.990         -30.30        16.84   -0.066       0.037       
2459227.90670  2459227.90681  2021-01-13.4067063  coadd_bt313232 1.61 -1.71 18.946     >18.946  99.990          17.91        18.26   0.031        0.032       
2459230.03281  2459230.03313  2021-01-15.5328222  coadd_bD204467 1.52 -1.60 19.166     >19.166  99.990          -2.83        16.41   -0.004       0.026       
2459233.79482  2459233.79551  2021-01-19.2948251  coadd_bH197799 1.36 -1.94 18.999     >18.999  99.990         -27.63        14.03   -0.060       0.030       
2459234.81211  2459234.81289  2021-01-20.3121112  coadd_bH198121 1.44 -1.94 18.947     >18.947  99.990           4.65        14.72   0.010        0.032       
2459238.01047  2459238.01156  2021-01-23.5104721  coadd_bD206544 1.58 -1.60 18.554     >18.554  99.990         -28.87        28.83   -0.046       0.046       
2459242.86148  2459242.86302  2021-01-28.3614752  coadd_bt318220 1.61 -1.71 17.090     >17.090  99.990        -231.23       100.89   -0.405       0.177       
2459246.77668  2459246.77858  2021-02-01.2766743  coadd_bH201107 1.49 -1.94 17.400     >17.400  99.990         102.82        61.23   0.223        0.133       
2459250.50696  2459250.50920  2021-02-05.0069579  coadd_bp275888 1.55 -1.70 18.179     >18.179  99.990          37.15        37.42   0.064        0.065       
2459252.99250  2459252.99496  2021-02-07.4924981  coadd_bD209676 1.49 -1.60 19.480     >19.480  99.990         -15.20        12.29   -0.024       0.020       
2459254.88321  2459254.88584  2021-02-09.3832136  coadd_bt322494 1.46 -1.71 19.625     >19.625  99.990           2.87         9.77   0.005        0.017       
2459255.82973  2459255.83244  2021-02-10.3297274  coadd_bl353039 1.58 -1.64 19.007     >19.007  99.990          -5.53        18.32   -0.009       0.030       
2459255.99730  2459256.00002  2021-02-10.4973031  coadd_bD210306 1.68 -1.60 20.620     >20.620  99.990           5.47         4.30   0.009        0.007       
2459257.98885  2459257.99174  2021-02-12.4888615  coadd_bt323642 1.54 -1.71 19.267     >19.267  99.990          29.92        13.58   0.052        0.024       
2459259.79213  2459259.79517  2021-02-14.2921412  coadd_bl354401 1.52 -1.64 19.054     >19.054  99.990         -47.94        17.54   -0.079       0.029       
2459261.71638  2459261.71957  2021-02-16.2163890  coadd_bl355051 1.49 -1.64 18.674     >18.674  99.990          71.20        24.90   0.117        0.041       
2459262.70742  2459262.71069  2021-02-17.2074238  coadd_bl355384 1.65 -1.64 18.850     >18.850  99.990         -29.51        21.18   -0.049       0.035       
2459267.91177  2459267.91544  2021-02-22.4117729  coadd_bD213473 1.56 -1.60 18.733     >18.733  99.990         -27.46        24.45   -0.044       0.039       
2459268.80643  2459268.81016  2021-02-23.3064340  coadd_bl357647 1.50 -1.64 19.172     >19.172  99.990         -21.75        15.73   -0.036       0.026       
2459269.74503  2459269.74882  2021-02-24.2450302  coadd_bl357972 1.51 -1.64 18.498     >18.498  99.990         -54.63        29.27   -0.090       0.048       
2459270.84856  2459270.85244  2021-02-25.3485726  coadd_bH209142 1.37 -1.94 18.938     >18.938  99.990           0.42        14.85   0.001        0.032       
2459272.89074  2459272.89475  2021-02-27.3907361  coadd_bl359117 1.54 -1.64 17.543     >17.543  99.990          28.73        70.59   0.047        0.116       
2459273.75500  2459273.75907  2021-02-28.255  coadd_bl359386 1.68 -1.64 17.480     >17.480  99.990          11.89        74.78   0.020        0.123       
2459278.10772  2459278.11206  2021-03-04.6077170  coadd_bD215068 1.51 -1.60 19.067     >19.067  99.990          11.12        17.97   0.018        0.029       
2459278.68025  2459278.68463  2021-03-05.1802504  coadd_bH211692 1.42 -1.94 17.948     >17.948  99.990         -13.21        36.94   -0.029       0.080       
2459280.50212  2459280.50661  2021-03-07.0021298  coadd_bp284171 1.51 -1.70 18.700     >18.700  99.990          22.35        23.16   0.039        0.040       
2459285.87074  2459285.87551  2021-03-12.3707392  coadd_bH214218 1.43 -1.94 19.014     >19.014  99.990          -9.68        13.84   -0.021       0.030       
2459286.69479  2459286.69961  2021-03-13.1948032  coadd_bl363963 1.70 -1.64 18.905     >18.905  99.990         -33.72        20.12   -0.056       0.033       
2459288.77741  2459288.78233  2021-03-15.2774134  coadd_bt329529 1.73 -1.71 19.366     >19.366  99.990           0.30        12.41   0.001        0.022       
2459290.78020  2459290.78520  2021-03-17.2802030  coadd_bH215681 1.38 -1.94 19.211     >19.211  99.990          -8.84        11.55   -0.019       0.025       
2459290.82724  2459290.83224  2021-03-17.3272412  coadd_bl365319 2.49 -1.64 18.904     >18.904  99.990          50.07        20.14   0.083        0.033       
2459292.63670  2459292.64178  2021-03-19.1367049  coadd_bl365903 1.46 -1.64 17.936     >17.936  99.990         -26.44        49.11   -0.044       0.081       
2459293.90362  2459293.90874  2021-03-20.4036174  coadd_bD216905 1.47 -1.60 19.166     >19.166  99.990          33.52        16.41   0.053        0.026       
2459294.83915  2459294.84431  2021-03-21.3391554  coadd_bl366615 1.56 -1.64 19.066     >19.066  99.990         -31.89        17.36   -0.053       0.029       
2459294.90792  2459294.91309  2021-03-21.4079251  coadd_bD217192 1.53 -1.60 18.219     >18.219  99.990         -79.88        39.25   -0.127       0.062       
2459296.80381  2459296.80904  2021-03-23.3038144  coadd_bt331479 1.99 -1.71 18.374     >18.374  99.990         -23.00        30.91   -0.040       0.054       
2459299.83072  2459299.83605  2021-03-26.3307253  coadd_bD218292 1.44 -1.60 16.769     >16.769  99.990         168.13       149.26   0.267        0.237       
2459300.85270  2459300.85805  2021-03-27.3527011  coadd_bD218536 1.57 -1.60 17.462     >17.462  99.990         -79.87        78.84   -0.127       0.125       
2459301.83249  2459301.83787  2021-03-28.3324965  coadd_bl369332 1.80 -1.64 17.151     >17.151  99.990        -164.93       101.20   -0.272       0.167       
2459305.02566  2459305.03111  2021-03-31.5256731  coadd_bD219755 1.50 -1.60 17.777     >17.777  99.990         -20.28        58.96   -0.032       0.094       
2459305.82014  2459305.82561  2021-04-01.3201451  coadd_bD220007 1.56 -1.60 19.551     >19.551  99.990          -4.77        11.51   -0.008       0.018       
2459306.89945  2459306.90494  2021-04-02.3994495  coadd_bt334569 1.48 -1.71 17.185     >17.185  99.990         103.08        92.47   0.180        0.162       
2459307.71061  2459307.71611  2021-04-03.2106193  coadd_bl371299 1.48 -1.64 18.157      17.746  0.250          175.53        40.10   0.289        0.066       
2459310.87121  2459310.87675  2021-04-06.3712158  coadd_bH222612 1.50 -1.94 18.678     >18.678  99.990         -40.65        18.85   -0.088       0.041       
2459311.90541  2459311.91096  2021-04-07.4054140  coadd_bt335911 1.62 -1.71 18.815     >18.815  99.990         -24.10        20.60   -0.042       0.036       
2459312.81606  2459312.82162  2021-04-08.3160687  coadd_bH223351 1.42 -1.94 19.028     >19.028  99.990          -2.36        13.66   -0.005       0.030       
2459313.57375  2459313.57931  2021-04-09.0737491  coadd_bp292733 1.51 -1.70 18.816     >18.816  99.990          47.39        20.82   0.082        0.036       
2459315.50605  2459315.51162  2021-04-11.0060559  coadd_bp293436 1.54 -1.70 18.856      18.832  0.357           61.52        20.06   0.106        0.035       
2459317.73571  2459317.74128  2021-04-13.2357084  coadd_bl375394 1.63 -1.64 18.987     >18.987  99.990          27.05        18.67   0.045        0.031       
2459317.78153  2459317.78710  2021-04-13.2815321  coadd_bH225325 1.43 -1.94 19.132     >19.132  99.990          -7.32        12.42   -0.016       0.027       
2459318.74983  2459318.75540  2021-04-14.2498253  coadd_bl375828 1.49 -1.64 18.836     >18.836  99.990         -27.27        21.45   -0.045       0.035       
2459318.79975  2459318.80532  2021-04-14.2997491  coadd_bH225742 1.47 -1.94 18.962      18.769  0.305           52.03        14.52   0.113        0.031       
2459319.71345  2459319.71902  2021-04-15.2134535  coadd_bl376223 1.56 -1.64 18.735      18.631  0.332           77.70        23.53   0.128        0.039       
2459319.74669  2459319.75226  2021-04-15.2466914  coadd_bH226110 1.55 -1.94 18.823     >18.823  99.990         -26.15        16.51   -0.057       0.036       
2459320.68203  2459320.68760  2021-04-16.1820270  coadd_bl376605 1.96 -1.64 18.693     >18.693  99.990          51.55        24.47   0.085        0.040       
2459323.55692  2459323.56246  2021-04-19.0569180  coadd_bl377760 1.63 -1.64 18.470     >18.470  99.990          15.49        30.05   0.026        0.050       
2459324.67523  2459324.68076  2021-04-20.1752343  coadd_bl378282 1.51 -1.64 18.577     >18.577  99.990         -37.28        27.22   -0.061       0.045       
2459325.88979  2459325.89531  2021-04-21.3897921  coadd_bt339277 1.53 -1.71 18.851     >18.851  99.990          44.59        19.93   0.078        0.035       
2459326.81247  2459326.81797  2021-04-22.3124663  coadd_bl378971 1.51 -1.64 18.849     >18.849  99.990          43.05        21.20   0.071        0.035       
2459327.79979  2459327.80528  2021-04-23.2997975  coadd_bt339825 1.46 -1.71 18.378     >18.378  99.990          30.62        30.79   0.054        0.054       
2459328.77771  2459328.78318  2021-04-24.2777155  coadd_bl379729 1.52 -1.64 17.864     >17.864  99.990         -69.68        52.50   -0.115       0.087       
2459332.61389  2459332.61928  2021-04-28.1138909  coadd_bl381242 1.46 -1.64 17.400     >17.400  99.990         100.75        80.53   0.166        0.133       
2459336.43909  2459336.44437  2021-05-01.9390885  coadd_bp299397 1.62 -1.70 18.347     >18.347  99.990          43.10        32.06   0.075        0.055       
2459339.52250  2459339.52768  2021-05-05.0225032  coadd_bp300273 1.59 -1.70 18.641     >18.641  99.990           5.13        24.46   0.009        0.042       
2459340.88340  2459340.88854  2021-05-06.3834129  coadd_bt342380 1.48 -1.71 19.035     >19.035  99.990          35.33        16.82   0.062        0.029       
2459345.35080  2459345.35575  2021-05-10.8508046  coadd_bp301675 1.70 -1.70 19.015     >19.015  99.990           0.13        17.33   0.000        0.030       
2459346.88620  2459346.89109  2021-05-12.3862009  coadd_bD231815 1.47 -1.60 19.789     >19.789  99.990           6.76         9.24   0.011        0.015       
2459348.85764  2459348.86243  2021-05-14.3576414  coadd_bt343818 1.51 -1.71 18.798     >18.798  99.990          23.86        20.92   0.042        0.037       
2459350.72796  2459350.73266  2021-05-16.2279685  coadd_bH236144 1.38 -1.94 18.539     >18.539  99.990          49.12        21.45   0.107        0.047       
2459350.76632  2459350.77101  2021-05-16.2663253  coadd_bl386757 1.64 -1.64 18.775     >18.775  99.990          44.26        22.68   0.073        0.037       
2459352.84415  2459352.84874  2021-05-18.3441546  coadd_bt344704 1.62 -1.71 19.014     >19.014  99.990          46.43        17.14   0.081        0.030       
2459354.85393  2459354.85840  2021-05-20.3539299  coadd_bD234458 1.56 -1.60 19.280     >19.280  99.990          30.41        14.78   0.048        0.023       
2459356.75112  2459356.75549  2021-05-22.2511254  coadd_bt345849 1.52 -1.71 17.477     >17.477  99.990         -99.99        70.62   -0.175       0.124       
2459360.36221  2459360.36636  2021-05-25.8622098  coadd_bp305090 1.56 -1.70 17.281     >17.281  99.990          33.72        85.58   0.058        0.148       
2459361.81788  2459361.82194  2021-05-27.3178850  coadd_bt346979 1.44 -1.71 16.371     >16.371  99.990         135.36       195.61   0.237        0.342       
2459362.85374  2459362.85773  2021-05-28.3537534  coadd_bD237320 1.50 -1.60 18.794     >18.794  99.990          -9.94        23.12   -0.016       0.037       
2459364.57581  2459364.57968  2021-05-30.0758109  coadd_bH240649 1.44 -1.94 18.650     >18.650  99.990           2.85        19.36   0.006        0.042       
2459366.88890  2459366.89261  2021-06-01.3888968  coadd_bD238809 1.47 -1.60 19.320     >19.320  99.990          36.16        14.24   0.057        0.023       
2459367.66976  2459367.67342  2021-06-02.1697664  coadd_bl392513 1.45 -1.64 19.092     >19.092  99.990          23.87        16.95   0.039        0.028       
2459369.54057  2459369.54409  2021-06-04.0405708  coadd_bl393288 1.46 -1.64 19.037     >19.037  99.990         -27.34        17.82   -0.045       0.029       
2459369.59186  2459369.59538  2021-06-04.0918627  coadd_bH242753 1.40 -1.94 18.947     >18.947  99.990          18.88        14.72   0.041        0.032       
2459370.74864  2459370.75207  2021-06-05.2486432  coadd_bt348346 1.47 -1.71 19.121     >19.121  99.990         -34.50        15.54   -0.060       0.027       
2459371.61089  2459371.61425  2021-06-06.1108949  coadd_bl394156 1.51 -1.64 18.538     >18.538  99.990         -40.70        28.21   -0.067       0.047       
2459371.63972  2459371.64308  2021-06-06.1397293  coadd_bH243559 1.40 -1.94 18.678     >18.678  99.990          50.29        18.86   0.109        0.041       
2459373.78996  2459373.79316  2021-06-08.2899626  coadd_bt349102 1.58 -1.71 18.310     >18.310  99.990         -29.41        32.81   -0.051       0.057       
2459374.82248  2459374.82560  2021-06-09.3224927  coadd_bD241237 1.56 -1.60 19.628     >19.628  99.990         -12.10        10.72   -0.019       0.017       
2459375.63151  2459375.63457  2021-06-10.1315122  coadd_bH245239 1.47 -1.94 19.103     >19.103  99.990         -40.12        12.75   -0.087       0.028       
2459376.76578  2459376.76874  2021-06-11.2657811  coadd_bt349954 1.50 -1.71 19.000     >19.000  99.990         -24.26        17.36   -0.042       0.030       
2459377.77251  2459377.77539  2021-06-12.2725092  coadd_bt350260 1.51 -1.71 18.869     >18.869  99.990          37.07        19.61   0.065        0.034       
2459380.79775  2459380.80039  2021-06-15.2977497  coadd_bD243308 1.50 -1.60 19.190     >19.190  99.990         -59.25        16.05   -0.094       0.026       
2459382.71098  2459382.71345  2021-06-17.2109762  coadd_bt351581 1.47 -1.71 18.399     >18.399  99.990         -41.51        30.22   -0.073       0.053       
2459383.75336  2459383.75575  2021-06-18.2533643  coadd_bt351906 1.51 -1.71 18.279     >18.279  99.990           4.12        33.76   0.007        0.059       
2459387.76851  2459387.77055  2021-06-22.2685048  coadd_bD245715 1.80 -1.60 17.593     >17.593  99.990         144.49        69.86   0.230        0.111       
2459388.84214  2459388.84409  2021-06-23.3421376  coadd_bD246123 1.73 -1.60 16.563     >16.563  99.990         277.84       180.41   0.442        0.287       
2459389.85387  2459389.85573  2021-06-24.3538731  coadd_bD246411 1.55 -1.60 17.928     >17.928  99.990        -117.05        51.30   -0.186       0.082       
2459392.64388  2459392.64549  2021-06-27.1438792  coadd_bl401885 1.54 -1.64 17.601     >17.601  99.990         -14.85        66.90   -0.024       0.110       
2459395.76537  2459395.76670  2021-06-30.2653756  coadd_bD248249 1.48 -1.60 19.235     >19.235  99.990           9.86        15.40   0.016        0.024       
2459396.54791  2459396.54916  2021-07-01.0479100  coadd_bl403559 1.56 -1.64 19.156     >19.156  99.990         -12.51        15.97   -0.021       0.026       
2459396.60180  2459396.60305  2021-07-01.1018021  coadd_bH252601 1.49 -1.94 18.850      18.810  0.351           50.13        16.09   0.109        0.035       
2459397.62663  2459397.62779  2021-07-02.1266362  coadd_bH253035 1.40 -1.94 18.825     >18.825  99.990         -19.48        16.47   -0.042       0.036       
2459398.70037  2459398.70143  2021-07-03.2003734  coadd_bt354452 1.47 -1.71 19.042     >19.042  99.990          35.33        16.72   0.062        0.029       
2459401.70051  2459401.70128  2021-07-06.2005092  coadd_bt354949 1.47 -1.71 19.092     >19.092  99.990           3.36        15.96   0.006        0.028       
2459402.59097  2459402.59166  2021-07-07.0909689  coadd_bl406180 1.58 -1.64 18.761     >18.761  99.990         -53.78        22.98   -0.089       0.038       
2459403.70349  2459403.70408  2021-07-08.2034877  coadd_bt355303 1.47 -1.71 19.025     >19.025  99.990          31.74        16.98   0.056        0.030       
2459405.50080  2459405.50122  2021-07-10.0008032  coadd_bl407161 1.44 -1.64 18.737     >18.737  99.990          61.98        23.49   0.102        0.039       
2459406.69174  2459406.69205  2021-07-11.1917406  coadd_bt355943 1.49 -1.71 19.003     >19.003  99.990          -3.59        17.32   -0.006       0.030       
2459408.59536  2459408.59549  2021-07-13.0953666  coadd_bH257292 1.42 -1.94 18.922     >18.922  99.990          26.93        15.07   0.058        0.033       
2459409.59404  2459409.59407  2021-07-14.0940359  coadd_bH257702 1.46 -1.94 18.650     >18.650  99.990          14.32        19.36   0.031        0.042       
2459411.26969  2459411.26957  2021-07-15.7696908  coadd_bp314134 1.48 -1.70 18.487     >18.487  99.990          48.91        28.17   0.085        0.049       
2459415.32105  2459415.32054  2021-07-19.8210482  coadd_bp315577 1.50 -1.70 17.262     >17.262  99.990         -36.51        87.14   -0.063       0.151       
2459416.56912  2459416.56850  2021-07-21.0691229  coadd_bl411928 2.44 -1.64 17.317     >17.317  99.990         -70.12        86.90   -0.116       0.143       
2459420.75416  2459420.75315  2021-07-25.2541721  coadd_bD256271 1.51 -1.60 18.651     >18.651  99.990         -18.73        26.38   -0.030       0.042       
2459424.47325  2459424.47190  2021-07-28.9732543  coadd_bl415247 1.72 -1.64 19.019      18.949  0.342           57.97        18.12   0.096        0.030       
2459425.54950  2459425.54805  2021-07-30.0495074  coadd_bH264239 1.43 -1.94 18.732     >18.732  99.990          -7.78        17.94   -0.017       0.039       
2459426.51912  2459426.51758  2021-07-31.0191199  coadd_bl416129 1.56 -1.64 18.727     >18.727  99.990         -25.00        23.72   -0.041       0.039       
2459427.51199  2459427.51036  2021-08-01.0119958  coadd_bl416540 1.52 -1.64 18.794     >18.794  99.990         -64.71        22.28   -0.107       0.037       
2459429.47901  2459429.47721  2021-08-02.9790165  coadd_bl417358 1.57 -1.64 18.993     >18.993  99.990         -54.97        18.57   -0.091       0.031       
2459430.50561  2459430.50372  2021-08-04.0056101  coadd_bl417791 1.50 -1.64 18.900     >18.900  99.990          24.53        20.21   0.040        0.033       
2459431.50211  2459431.50013  2021-08-05.0021125  coadd_bH266641 1.44 -1.94 18.846     >18.846  99.990           0.46        16.16   0.001        0.035       
2459432.49181  2459432.48974  2021-08-05.9918109  coadd_bH267038 1.50 -1.94 18.987     >18.987  99.990          23.28        14.18   0.050        0.031       
2459433.26602  2459433.26389  2021-08-06.766025  coadd_bp319109 1.51 -1.70 18.770      18.721  0.349           68.19        21.73   0.118        0.038       
2459436.51567  2459436.51326  2021-08-10.0156755  coadd_bl420043 1.49 -1.64 18.646     >18.646  99.990         -25.32        25.55   -0.042       0.042       
2459438.49499  2459438.49241  2021-08-11.9949925  coadd_bH269212 1.52 -1.94 18.940     >18.940  99.990           7.83        14.81   0.017        0.032       
2459443.23179  2459443.22882  2021-08-16.7317912  coadd_bp320889 1.54 -1.70 17.322     >17.322  99.990          93.08        82.42   0.161        0.143       
2459443.51356  2459443.51057  2021-08-17.0135600  coadd_bl422364 1.48 -1.64 17.344     >17.344  99.990          42.75        84.80   0.070        0.140       
2459447.48921  2459447.48591  2021-08-20.9892135  coadd_bH271636 2.45 -1.94 17.472     >17.472  99.990          26.76        57.29   0.058        0.124       
2459449.50778  2459449.50433  2021-08-23.0077836  coadd_bH272175 1.44 -1.94 16.511     >16.511  99.990        -134.69       138.75   -0.292       0.301       
2459450.47102  2459450.46750  2021-08-23.9710259  coadd_bH272554 1.46 -1.94 17.707     >17.707  99.990         -29.13        46.14   -0.063       0.100       
2459455.47013  2459455.46626  2021-08-28.9701318  coadd_bH273660 1.61 -1.94 17.147     >17.147  99.990           0.80        77.29   0.002        0.168       
