###  JD        HJD            UT_date             IMAGE          FWHM  Diff Limit      mag   mag_err       counts     count_err  flux (mJy)    flux_err
2458086.28649  2458086.28731  2017-11-28.7864886  coadd_bn006406 2.34 -1.77 17.801     >17.801  99.990           3.70        49.65   0.007        0.092       
2458086.55016  2458086.55096  2017-11-29.0501603  coadd_bj024957 1.58 -1.84 17.812     >17.812  99.990          37.61        45.82   0.074        0.091       
2458087.54742  2458087.54813  2017-11-30.0474273  coadd_bj025308 1.68 -1.84 17.794      17.717  0.341          150.08        46.61   0.297        0.092       
2458088.54445  2458088.54507  2017-12-01.0444572  coadd_bj025663 1.67 -1.84 17.430     >17.430  99.990          34.88        65.19   0.069        0.129       
2458090.27495  2458090.27542  2017-12-02.7749572  coadd_bn007868 1.87 -1.77 17.280     >17.280  99.990         214.74        80.23   0.397        0.148       
2458090.53802  2458090.53846  2017-12-03.0380233  coadd_bj026207 2.03 -1.84 17.635     >17.635  99.990        -130.40        53.96   -0.258       0.107       
2458091.53496  2458091.53530  2017-12-04.0349638  coadd_bj026562 1.79 -1.84 17.488     >17.488  99.990         158.64        61.78   0.314        0.122       
2458092.53174  2458092.53200  2017-12-05.0317370  coadd_bj026915 1.58 -1.84 18.243     >18.243  99.990           4.55        30.82   0.009        0.061       
2458094.52297  2458094.52305  2017-12-07.0229723  coadd_bj027184 1.71 -1.84 17.540     >17.540  99.990         -69.44        58.91   -0.138       0.117       
2458095.52354  2458095.52353  2017-12-08.0235428  coadd_bj027538 1.75 -1.84 17.430     >17.430  99.990        -109.14        65.18   -0.216       0.129       
2458248.67715  2458248.67480  2018-05-10.1771494  coadd_bn048600 1.61 -1.77 17.685      17.647  0.353          171.79        55.28   0.317        0.102       
2458251.65731  2458251.65520  2018-05-13.1573099  coadd_bn049333 1.46 -1.77 18.745     >18.745  99.990         -28.52        20.81   -0.053       0.038       
2458251.93595  2458251.93386  2018-05-13.4359494  coadd_bj082327 1.59 -1.84 15.743     >15.743  99.990           6.10       308.12   0.012        0.610       
2458252.66417  2458252.66215  2018-05-14.1641748  coadd_bn049765 1.48 -1.77 18.802     >18.802  99.990         -31.79        19.76   -0.059       0.036       
2458256.67753  2458256.67584  2018-05-18.1775372  coadd_bn051356 1.70 -1.77 18.111     >18.111  99.990         -87.65        37.31   -0.162       0.069       
2458257.90544  2458257.90385  2018-05-19.4054390  coadd_bj084570 1.58 -1.84 18.161     >18.161  99.990         -78.03        33.24   -0.155       0.066       
2458261.64430  2458261.64303  2018-05-23.1443034  coadd_bn051797 1.56 -1.77 18.994     >18.994  99.990         -50.60        16.54   -0.093       0.031       
2458265.64346  2458265.64253  2018-05-27.1434585  coadd_bn052587 1.48 -1.77 18.992     >18.992  99.990         -54.01        16.57   -0.100       0.031       
2458275.61528  2458275.61523  2018-06-06.1152831  coadd_bn054052 1.50 -1.77 18.339     >18.339  99.990         -75.69        30.26   -0.140       0.056       
2458276.58758  2458276.58761  2018-06-07.0875807  coadd_bn054416 1.78 -1.77 17.980     >17.980  99.990         -35.33        42.11   -0.065       0.078       
2458277.60889  2458277.60901  2018-06-08.1088938  coadd_bn054737 1.65 -1.77 17.974      17.487  0.233          199.04        42.33   0.368        0.078       
2458277.87159  2458277.87174  2018-06-08.3715953  coadd_bj091503 1.58 -1.84 18.735     >18.735  99.990          46.29        19.58   0.092        0.039       
2458280.59261  2458280.59300  2018-06-11.0926111  coadd_bn055297 1.49 -1.77 19.112     >19.112  99.990         -50.64        14.84   -0.094       0.027       
2458281.58902  2458281.58949  2018-06-12.0890217  coadd_bn055747 1.55 -1.77 18.351     >18.351  99.990          52.83        29.91   0.098        0.055       
2458282.59861  2458282.59917  2018-06-13.0986070  coadd_bn056201 1.54 -1.77 19.026     >19.026  99.990         -13.70        16.07   -0.025       0.030       
2458295.56450  2458295.56618  2018-06-26.0645056  coadd_bn058250 1.61 -1.77 17.560     >17.560  99.990         -30.20        62.00   -0.056       0.115       
2458296.55047  2458296.55223  2018-06-27.0504738  coadd_bn058648 1.63 -1.77 17.500     >17.500  99.990          83.87        65.52   0.155        0.121       
2458297.54567  2458297.54751  2018-06-28.0456702  coadd_bn058825 1.68 -1.77 17.548     >17.548  99.990         -51.96        62.68   -0.096       0.116       
2458298.54238  2458298.54431  2018-06-29.0423873  coadd_bn059079 1.63 -1.77 17.735      17.689  0.350          165.27        52.77   0.305        0.097       
2458303.53473  2458303.53705  2018-07-04.0347314  coadd_bn059482 1.53 -1.77 18.035     >18.035  99.990         -17.80        40.03   -0.033       0.074       
2458304.53544  2458304.53785  2018-07-05.0354403  coadd_bn059935 1.66 -1.77 18.534     >18.534  99.990          22.00        25.28   0.041        0.047       
2458305.53630  2458305.53878  2018-07-06.0363052  coadd_bn060377 1.49 -1.77 18.698     >18.698  99.990          34.55        21.73   0.064        0.040       
2458306.55566  2458306.55823  2018-07-07.0556685  coadd_bn060838 1.53 -1.77 18.735     >18.735  99.990           3.80        21.00   0.007        0.039       
2458307.65412  2458307.65676  2018-07-08.1541186  coadd_bn061366 1.51 -1.77 18.685     >18.685  99.990         -37.95        22.00   -0.070       0.041       
2458321.49201  2458321.49563  2018-07-21.9920175  coadd_bn064317 1.54 -1.77 18.183     >18.183  99.990         -94.24        34.94   -0.174       0.065       
2458322.48154  2458322.48523  2018-07-22.9815430  coadd_bn064739 1.61 -1.77 18.388     >18.388  99.990          35.97        28.93   0.066        0.053       
2458323.48826  2458323.49201  2018-07-23.9882695  coadd_bn065174 1.61 -1.77 17.705     >17.705  99.990        -243.76        54.23   -0.450       0.100       
2458324.48164  2458324.48545  2018-07-24.9816437  coadd_bn065558 1.59 -1.77 18.109     >18.109  99.990         -63.85        37.40   -0.118       0.069       
2458328.46377  2458328.46781  2018-07-28.9637768  coadd_bn066543 1.51 -1.77 17.328     >17.328  99.990         -26.28        76.79   -0.049       0.142       
2458330.45656  2458330.46071  2018-07-30.9565628  coadd_bn066937 1.72 -1.77 17.514     >17.514  99.990         -27.45        64.66   -0.051       0.119       
2458333.44584  2458333.45015  2018-08-02.9458420  coadd_bn067661 1.53 -1.77 18.392     >18.392  99.990         -15.92        28.81   -0.029       0.053       
2458334.48591  2458334.49027  2018-08-03.9859157  coadd_bn068120 1.50 -1.77 18.531     >18.531  99.990           1.58        25.35   0.003        0.047       
2458339.73628  2458339.74088  2018-08-09.2362842  coadd_bj115393 2.20 -1.84 18.959     >18.959  99.990         -40.33        15.94   -0.080       0.032       
2458340.80419  2458340.80883  2018-08-10.3041881  coadd_bj115892 1.65 -1.84 18.612     >18.612  99.990         -15.51        21.93   -0.031       0.043       
2458344.66074  2458344.66554  2018-08-14.1607444  coadd_bj117547 1.58 -1.84 18.717      18.403  0.274           79.82        19.92   0.158        0.039       
2458345.65775  2458345.66258  2018-08-15.1577508  coadd_bj117987 1.54 -1.84 18.921     >18.921  99.990          -1.89        16.51   -0.004       0.033       
2458346.68004  2458346.68490  2018-08-16.1800369  coadd_bj118448 1.63 -1.84 19.069     >19.069  99.990         -73.02        14.41   -0.145       0.029       
2458349.82692  2458349.83188  2018-08-19.3269248  coadd_bj119679 2.37 -1.84 18.784     >18.784  99.990          45.09        18.72   0.089        0.037       
2458350.65592  2458350.66091  2018-08-20.1559274  coadd_bj119981 1.54 -1.84 18.936     >18.936  99.990          -3.42        16.28   -0.007       0.032       
2458352.39488  2458352.39991  2018-08-21.8948827  coadd_bn071630 1.58 -1.77 18.123     >18.123  99.990          24.42        36.92   0.045        0.068       
2458353.38822  2458353.39327  2018-08-22.8882307  coadd_bn071982 1.52 -1.77 17.946     >17.946  99.990         -93.89        43.46   -0.173       0.080       
2458354.38478  2458354.38986  2018-08-23.8847877  coadd_bn072399 1.46 -1.77 17.677     >17.677  99.990         -66.48        55.69   -0.123       0.103       
2458354.71949  2458354.72457  2018-08-24.2194937  coadd_bj121644 2.10 -1.84 17.760     >17.760  99.990         122.41        48.08   0.242        0.095       
2458358.77669  2458358.78185  2018-08-28.2766887  coadd_bj123135 1.62 -1.84 17.390     >17.390  99.990         115.67        67.59   0.229        0.134       
2458361.36630  2458361.37150  2018-08-30.8663118  coadd_bn073968 1.55 -1.77 17.314     >17.314  99.990         -21.69        77.78   -0.040       0.144       
2458362.42836  2458362.43357  2018-08-31.9283633  coadd_bn074421 1.59 -1.77 18.482     >18.482  99.990         -12.72        26.52   -0.023       0.049       
2458362.73977  2458362.74498  2018-09-01.2397706  coadd_bj124541 2.01 -1.84 18.412     >18.412  99.990          -5.55        26.39   -0.011       0.052       
2458368.61728  2458368.62252  2018-09-07.1172822  coadd_bj126917 1.58 -1.84 19.068     >19.068  99.990         -47.75        14.42   -0.095       0.029       
2458369.69951  2458369.70475  2018-09-08.1995108  coadd_bj127398 1.61 -1.84 19.056     >19.056  99.990         -35.18        14.57   -0.070       0.029       
2458370.70654  2458370.71178  2018-09-09.2065370  coadd_bj127821 1.55 -1.84 18.798     >18.798  99.990          19.09        18.49   0.038        0.037       
2458371.66933  2458371.67457  2018-09-10.1693332  coadd_bj128207 1.58 -1.84 18.771     >18.771  99.990          43.93        18.95   0.087        0.038       
2458375.62366  2458375.62888  2018-09-14.1236740  coadd_bj129763 1.56 -1.84 18.846     >18.846  99.990         -36.18        17.69   -0.072       0.035       
2458376.33384  2458376.33904  2018-09-14.8338347  coadd_bn076749 1.73 -1.77 17.381      16.471  0.158          507.35        73.14   0.937        0.135       
2458376.75685  2458376.76205  2018-09-15.2568459  coadd_bj130280 1.68 -1.84 18.880     >18.880  99.990         -15.44        17.14   -0.031       0.034       
2458377.31365  2458377.31885  2018-09-15.8136531  coadd_bn077129 2.25 -1.77 17.611     >17.611  99.990          71.40        59.14   0.132        0.109       
2458390.45465  2458390.45955  2018-09-28.9546466  coadd_bn078436 1.66 -1.77 17.815     >17.815  99.990         -35.59        49.01   -0.066       0.091       
2458394.52082  2458394.52559  2018-10-03.0208231  coadd_bF002212 1.46 -1.78 19.068     >19.068  99.990         -12.14        15.25   -0.023       0.029       
2458396.52583  2458396.53051  2018-10-05.0258262  coadd_bF002884 1.48 -1.78 18.477     >18.477  99.990          43.47        26.30   0.081        0.049       
2458397.65895  2458397.66359  2018-10-06.1589502  coadd_bF003341 1.49 -1.78 18.906     >18.906  99.990          -5.92        17.71   -0.011       0.033       
2458398.70627  2458398.71086  2018-10-07.2062688  coadd_bF003719 1.53 -1.78 19.010     >19.010  99.990           1.72        16.09   0.003        0.030       
2458404.62123  2458404.62554  2018-10-13.1212296  coadd_bj139193 1.58 -1.84 18.924     >18.924  99.990          27.37        16.46   0.054        0.033       
2458406.52329  2458406.52751  2018-10-15.0232913  coadd_bF005340 1.52 -1.78 18.850     >18.850  99.990          13.39        18.66   0.025        0.035       
2458407.33588  2458407.34006  2018-10-15.8358844  coadd_bn082654 2.05 -1.77 17.795     >17.795  99.990        -120.82        49.92   -0.223       0.092       
2458407.62601  2458407.63017  2018-10-16.1260125  coadd_bj140246 1.62 -1.84 18.562     >18.562  99.990          62.49        22.98   0.124        0.046       
2458408.29528  2458408.29940  2018-10-16.7952872  coadd_bn082787 1.64 -1.77 17.716     >17.716  99.990          17.49        53.70   0.032        0.099       
2458410.58057  2458410.58456  2018-10-19.0805733  coadd_bF006912 1.59 -1.78 17.969      17.904  0.344          133.65        41.98   0.250        0.079       
2458417.65682  2458417.66036  2018-10-26.1568166  coadd_bF009451 1.62 -1.78 17.525     >17.525  99.990           2.15        63.22   0.004        0.118       
2458418.64378  2458418.64727  2018-10-27.1437853  coadd_bj144283 1.57 -1.84 17.481     >17.481  99.990        -125.54        62.15   -0.249       0.123       
2458424.61085  2458424.61390  2018-11-02.1108474  coadd_bj145608 1.56 -1.84 18.826     >18.826  99.990         -14.25        18.01   -0.028       0.036       
2458425.57006  2458425.57305  2018-11-03.0700579  coadd_bj145893 1.56 -1.84 18.797     >18.797  99.990         -22.10        18.50   -0.044       0.037       
2458426.62454  2458426.62745  2018-11-04.1245489  coadd_bF011823 1.51 -1.78 19.058     >19.058  99.990         -37.94        15.39   -0.071       0.029       
2458429.61503  2458429.61772  2018-11-07.1150376  coadd_bF012879 1.57 -1.78 18.839     >18.839  99.990          15.91        18.85   0.030        0.035       
2458434.59843  2458434.60071  2018-11-12.0984384  coadd_bj149075 1.65 -1.84 18.621     >18.621  99.990         -30.69        21.76   -0.061       0.043       
2458435.61373  2458435.61593  2018-11-13.1137280  coadd_bj149376 1.54 -1.84 18.374     >18.374  99.990           9.74        27.32   0.019        0.054       
2458438.58594  2458438.58789  2018-11-16.0859387  coadd_bj150245 1.53 -1.84 17.898     >17.898  99.990         -50.58        42.36   -0.100       0.084       
2458441.33122  2458441.33294  2018-11-18.8312211  coadd_bn090056 1.72 -1.77 17.503     >17.503  99.990        -201.37        65.34   -0.372       0.121       
2458442.58066  2458442.58227  2018-11-20.0806646  coadd_bF017234 1.56 -1.78 17.822     >17.822  99.990         -46.47        48.08   -0.087       0.090       
2458444.54558  2458444.54702  2018-11-22.0455898  coadd_bj152276 1.64 -1.84 17.527     >17.527  99.990         -30.06        59.61   -0.060       0.118       
2458452.78063  2458452.78134  2018-11-30.2806336  coadd_bB000079 2.24 -1.26 19.185     >19.185  99.990         -48.92        22.18   -0.057       0.026       
2458453.52901  2458453.52966  2018-12-01.0290170  coadd_bj155184 1.78 -1.84 18.430     >18.430  99.990          24.62        25.95   0.049        0.051       
2458453.76922  2458453.76984  2018-12-01.2692282  coadd_bB000350 2.01 -1.26 19.379     >19.379  99.990          19.06        18.55   0.022        0.021       
2458454.53792  2458454.53847  2018-12-02.0379226  coadd_bF021026 1.46 -1.78 19.032     >19.032  99.990         -22.70        15.78   -0.042       0.030       
2458464.73620  2458464.73582  2018-12-12.2362026  coadd_bB003643 2.14 -1.26 19.065     >19.065  99.990          32.02        24.76   0.037        0.029       
2458465.74054  2458465.74007  2018-12-13.2405359  coadd_bB004098 1.99 -1.26 18.930     >18.930  99.990          40.93        28.04   0.047        0.032       
2458470.72260  2458470.72168  2018-12-18.2226086  coadd_bB005876 2.03 -1.26 18.506     >18.506  99.990         -20.01        41.43   -0.023       0.048       
2458474.70463  2458474.70336  2018-12-22.2046339  coadd_bB007277 2.19 -1.26 18.138     >18.138  99.990        -123.03        58.17   -0.142       0.067       
2458589.13081  2458589.12678  2019-04-15.6308112  coadd_bB026351 2.01 -1.26 18.482     >18.482  99.990          11.49        42.35   0.013        0.049       
2458591.12374  2458591.11982  2019-04-17.6237521  coadd_bB027117 2.16 -1.26 18.485     >18.485  99.990          41.89        42.26   0.048        0.049       
2458595.11700  2458595.11332  2019-04-21.6170020  coadd_bB028640 2.27 -1.26 18.176     >18.176  99.990         -53.60        56.16   -0.062       0.065       
2458597.10991  2458597.10635  2019-04-23.6099062  coadd_bB029415 1.75 -1.26 18.239     >18.239  99.990          42.44        52.98   0.049        0.061       
2458599.11814  2458599.11472  2019-04-25.6181417  coadd_bB030204 1.72 -1.26 18.653     >18.653  99.990         -51.22        36.18   -0.059       0.042       
2458600.92565  2458600.92234  2019-04-27.4256476  coadd_bj207922 1.61 -1.84 17.498      17.401  0.334          200.85        61.20   0.398        0.121       
2458603.92761  2458603.92451  2019-04-30.4276109  coadd_bj209254 1.56 -1.84 17.538     >17.538  99.990          10.61        58.99   0.021        0.117       
2458606.10365  2458606.10071  2019-05-02.6036508  coadd_bB031829 2.01 -1.26 19.212      18.895  0.273           86.84        21.62   0.100        0.025       
2458610.08662  2458610.08398  2019-05-06.5866193  coadd_bB032468 2.02 -1.26 19.219     >19.219  99.990          30.59        21.48   0.035        0.025       
2458612.09704  2458612.09456  2019-05-08.5970408  coadd_bB033246 1.71 -1.26 19.105     >19.105  99.990         -14.28        23.86   -0.017       0.028       
2458614.08423  2458614.08190  2019-05-10.5842284  coadd_bB034012 1.71 -1.26 19.261     >19.261  99.990           6.90        20.67   0.008        0.024       
2458616.07188  2458616.06970  2019-05-12.5718795  coadd_bB034772 1.68 -1.26 19.336     >19.336  99.990         -54.80        19.29   -0.063       0.022       
2458618.07370  2458618.07169  2019-05-14.5737009  coadd_bB035298 2.10 -1.26 19.311     >19.311  99.990          45.29        19.75   0.052        0.023       
2458619.05184  2458619.04991  2019-05-15.5518366  coadd_bB035664 2.07 -1.26 18.341     >18.341  99.990          43.39        48.24   0.050        0.056       
2458621.09026  2458621.08850  2019-05-17.5902687  coadd_bB036288 1.64 -1.26 17.985     >17.985  99.990        -231.97        66.96   -0.268       0.077       
2458621.88874  2458621.88704  2019-05-18.3887429  coadd_bj216370 1.66 -1.84 17.645     >17.645  99.990          67.71        53.47   0.134        0.106       
2458622.64362  2458622.64199  2019-05-19.1436252  coadd_bn136819 1.62 -1.77 17.779     >17.779  99.990         -82.78        50.70   -0.153       0.094       
2458625.63323  2458625.63185  2019-05-22.1332303  coadd_bn137312 1.51 -1.77 18.000     >18.000  99.990           9.52        41.35   0.018        0.076       
2458625.87958  2458625.87822  2019-05-22.3795863  coadd_bF078542 1.51 -1.78 17.987     >17.987  99.990         -10.72        41.28   -0.020       0.077       
2458627.07826  2458627.07700  2019-05-23.5782555  coadd_bB038481 1.98 -1.26 18.327     >18.327  99.990          28.27        48.85   0.033        0.056       
2458628.63947  2458628.63835  2019-05-25.1394788  coadd_bn138629 1.50 -1.77 17.851     >17.851  99.990          37.79        47.44   0.070        0.088       
2458631.02284  2458631.02193  2019-05-27.5228414  coadd_bB039930 1.71 -1.26 18.749     >18.749  99.990          42.99        33.13   0.050        0.038       
2458633.01513  2458633.01439  2019-05-29.5151326  coadd_bB040668 1.72 -1.26 19.414     >19.414  99.990          -4.62        17.95   -0.005       0.021       
2458635.85431  2458635.85382  2019-06-01.3543174  coadd_bF080652 1.47 -1.78 18.978      18.665  0.274           66.30        16.57   0.124        0.031       
2458636.85814  2458636.85773  2019-06-02.3581430  coadd_bF081097 1.51 -1.78 18.942     >18.942  99.990         -14.04        17.13   -0.026       0.032       
2458637.85359  2458637.85327  2019-06-03.3535928  coadd_bj221242 1.54 -1.84 18.690      18.441  0.290           77.03        20.42   0.153        0.040       
2458640.01634  2458640.01621  2019-06-05.5163432  coadd_bB042880 1.68 -1.26 18.172      17.319  0.167          371.00        56.37   0.429        0.065       
2458641.99826  2458641.99831  2019-06-07.4982597  coadd_bB043276 1.69 -1.26 19.326     >19.326  99.990          14.41        19.46   0.017        0.023       
2458642.86415  2458642.86427  2019-06-08.3641484  coadd_bj223553 1.58 -1.84 18.796     >18.796  99.990          21.58        18.52   0.043        0.037       
2458643.83172  2458643.83193  2019-06-09.3317186  coadd_bF084168 1.53 -1.78 19.154      18.968  0.308           50.15        14.10   0.094        0.026       
2458645.00743  2458645.00774  2019-06-10.5074331  coadd_bB044389 2.00 -1.26 19.605     >19.605  99.990          30.31        15.06   0.035        0.017       
2458645.88317  2458645.88356  2019-06-11.3831666  coadd_bj224950 1.62 -1.84 18.316     >18.316  99.990          12.07        28.81   0.024        0.057       
2458646.97922  2458646.97970  2019-06-12.4792226  coadd_bB045102 1.65 -1.26 18.521     >18.521  99.990          58.74        40.86   0.068        0.047       
2458648.05441  2458648.05499  2019-06-13.5544145  coadd_bB045528 1.99 -1.26 19.412     >19.412  99.990           4.32        17.99   0.005        0.021       
2458651.59019  2458651.59108  2019-06-17.0902038  coadd_bn144289 1.59 -1.77 17.072     >17.072  99.990          96.42        97.16   0.178        0.179       
2458652.80473  2458652.80573  2019-06-18.3047392  coadd_bF087646 1.63 -1.78 17.502     >17.502  99.990         148.28        64.56   0.278        0.121       
2458653.95905  2458653.96014  2019-06-19.4590491  coadd_bB047588 1.64 -1.26 17.851     >17.851  99.990          -3.45        75.77   -0.004       0.088       
2458655.02095  2458655.02213  2019-06-20.5209545  coadd_bB048002 2.01 -1.26 18.402     >18.402  99.990         -34.95        45.62   -0.040       0.053       
2458657.80357  2458657.80500  2019-06-23.3035730  coadd_bj229919 1.53 -1.84 18.042     >18.042  99.990          22.68        37.10   0.045        0.073       
2458659.95607  2458659.95767  2019-06-25.4560667  coadd_bB049278 2.12 -1.26 19.027      18.540  0.234          120.44        25.63   0.139        0.030       
2458660.80966  2458660.81134  2019-06-26.3096695  coadd_bj230629 1.54 -1.84 18.761     >18.761  99.990         -11.01        19.13   -0.022       0.038       
2458662.98766  2458662.98952  2019-06-28.4876723  coadd_bB049857 1.71 -1.26 19.563     >19.563  99.990          -1.07        15.65   -0.001       0.018       
2458667.76567  2458667.76792  2019-07-03.2656752  coadd_bj231728 1.60 -1.84 18.929     >18.929  99.990         -11.46        16.39   -0.023       0.032       
2458669.09850  2458669.10085  2019-07-04.5984980  coadd_bB050790 2.08 -1.26 19.450     >19.450  99.990          19.95        17.37   0.023        0.020       
2458673.50654  2458673.50923  2019-07-09.0065407  coadd_bn148467 1.50 -1.77 18.761     >18.761  99.990         -55.45        20.51   -0.102       0.038       
2458674.53916  2458674.54193  2019-07-10.0391611  coadd_bn148813 1.58 -1.77 18.971     >18.971  99.990          16.28        16.90   0.030        0.031       
2458674.88147  2458674.88426  2019-07-10.3814696  coadd_bF094142 1.60 -1.78 19.246     >19.246  99.990         -24.89        12.94   -0.047       0.024       
2458678.73548  2458678.73855  2019-07-14.2354805  coadd_bF095515 1.55 -1.78 18.226     >18.226  99.990          63.19        33.14   0.118        0.062       
2458680.75465  2458680.75787  2019-07-16.2546456  coadd_bj236735 1.55 -1.84 17.774     >17.774  99.990          96.98        47.45   0.192        0.094       
2458681.74795  2458681.75124  2019-07-17.2479640  coadd_bj237174 1.66 -1.84 17.230     >17.230  99.990          13.03        78.37   0.026        0.155       
2458683.04021  2458683.04359  2019-07-18.5402199  coadd_bB054735 2.11 -1.26 17.001     >17.001  99.990         -28.93       165.76   -0.033       0.192       
2458683.82466  2458683.82809  2019-07-19.3246651  coadd_bj238107 1.59 -1.84 17.843     >17.843  99.990         -59.99        44.56   -0.119       0.088       
2458686.01215  2458686.01573  2019-07-21.5121618  coadd_bB055459 2.10 -1.26 18.321     >18.321  99.990         -64.44        49.14   -0.075       0.057       
2458688.79674  2458688.80049  2019-07-24.29675  coadd_bj239491 1.58 -1.84 18.307     >18.307  99.990         -23.15        29.07   -0.046       0.058       
2458688.92132  2458688.92508  2019-07-24.4213197  coadd_bB055803 2.11 -1.26 19.261     >19.261  99.990          31.55        20.67   0.036        0.024       
2458690.69723  2458690.70109  2019-07-26.1972372  coadd_bj240123 1.56 -1.84 19.031     >19.031  99.990           9.06        14.92   0.018        0.030       
2458691.97521  2458691.97916  2019-07-27.4752153  coadd_bB056982 2.00 -1.26 18.968     >18.968  99.990          13.43        27.08   0.016        0.031       
2458692.75159  2458692.75558  2019-07-28.2515888  coadd_bF100496 1.53 -1.78 19.049     >19.049  99.990           3.12        15.53   0.006        0.029       
2458694.72442  2458694.72852  2019-07-30.2244346  coadd_bj241783 1.59 -1.84 18.828     >18.828  99.990         -38.79        17.99   -0.077       0.036       
2458695.77096  2458695.77512  2019-07-31.2709627  coadd_bF101753 1.56 -1.78 18.462     >18.462  99.990         -41.49        26.66   -0.078       0.050       
2458704.67685  2458704.68144  2019-08-09.1768533  coadd_bF105159 1.54 -1.78 18.711     >18.711  99.990          28.27        21.19   0.053        0.040       
2458704.90727  2458704.91186  2019-08-09.4072784  coadd_bB059993 2.01 -1.26 18.649     >18.649  99.990           1.97        36.34   0.002        0.042       
2458705.46588  2458705.47050  2019-08-09.9658774  coadd_bn156259 1.52 -1.77 18.281     >18.281  99.990          22.02        31.92   0.041        0.059       
2458705.89109  2458705.89572  2019-08-10.3910868  coadd_bB060232 1.60 -1.26 18.382     >18.382  99.990         -61.33        46.47   -0.071       0.054       
2458707.81822  2458707.82293  2019-08-12.3182239  coadd_bj247320 1.59 -1.84 17.930     >17.930  99.990          44.43        41.13   0.088        0.081       
2458708.07480  2458708.07953  2019-08-12.5748031  coadd_bB061080 2.12 -1.26 19.624     >19.624  99.990           6.45        14.80   0.007        0.017       
2458708.45621  2458708.46095  2019-08-12.9562119  coadd_bn156720 1.54 -1.77 17.517     >17.517  99.990         -89.75        64.53   -0.166       0.119       
2458708.86209  2458708.86685  2019-08-13.3620973  coadd_bB061302 1.61 -1.26 18.098     >18.098  99.990          90.82        60.35   0.105        0.070       
2458709.45206  2458709.45684  2019-08-13.9520667  coadd_bn157140 1.51 -1.77 17.681     >17.681  99.990        -122.02        55.46   -0.225       0.102       
2458712.68558  2458712.69047  2019-08-17.1855810  coadd_bF108299 1.57 -1.78 17.762     >17.762  99.990          29.52        50.78   0.055        0.095       
2458715.63561  2458715.64059  2019-08-20.1356128  coadd_bj250451 1.59 -1.84 18.113     >18.113  99.990        -106.11        34.74   -0.210       0.069       
2458716.76697  2458716.77198  2019-08-21.2669777  coadd_bF110039 1.56 -1.78 18.064     >18.064  99.990          30.38        38.47   0.057        0.072       
2458719.05825  2458719.06332  2019-08-23.5582540  coadd_bB064392 2.04 -1.26 18.617     >18.617  99.990          99.29        37.40   0.115        0.043       
2458720.64500  2458720.65010  2019-08-25.1450068  coadd_bF111529 1.54 -1.78 19.005     >19.005  99.990           3.68        16.16   0.007        0.030       
2458720.90577  2458720.91088  2019-08-25.4057787  coadd_bB065061 2.00 -1.26 19.535     >19.535  99.990          -1.46        16.06   -0.002       0.019       
2458721.81438  2458721.81950  2019-08-26.3143930  coadd_bF111930 1.51 -1.78 19.105     >19.105  99.990          29.74        14.74   0.056        0.028       
2458721.92769  2458721.93281  2019-08-26.4276901  coadd_bB065472 2.02 -1.26 19.335      19.082  0.290           73.09        19.31   0.085        0.022       
2458723.80870  2458723.81386  2019-08-28.3087032  coadd_bB065994 1.99 -1.26 19.598     >19.598  99.990          11.11        15.16   0.013        0.018       
2458724.67221  2458724.67738  2019-08-29.1722076  coadd_bj254279 1.61 -1.84 18.812     >18.812  99.990         -50.97        18.25   -0.101       0.036       
2458725.72445  2458725.72963  2019-08-30.2244510  coadd_bF113520 1.50 -1.78 19.229     >19.229  99.990          -9.42        13.15   -0.018       0.025       
2458727.73139  2458727.73660  2019-09-01.2313928  coadd_bF114292 2.02 -1.78 19.039     >19.039  99.990           5.86        15.67   0.011        0.029       
2458728.60226  2458728.60748  2019-09-02.1022663  coadd_bj255952 1.58 -1.84 18.848     >18.848  99.990         -35.59        17.66   -0.071       0.035       
2458729.72208  2458729.72730  2019-09-03.2220758  coadd_bF115091 1.50 -1.78 19.211     >19.211  99.990           2.07        13.37   0.004        0.025       
2458731.74700  2458731.75224  2019-09-05.2470134  coadd_bj257333 1.71 -1.84 18.380     >18.380  99.990          39.15        27.15   0.078        0.054       
2458734.65966  2458734.66491  2019-09-08.1596590  coadd_bj257994 1.55 -1.84 18.356     >18.356  99.990           6.56        27.76   0.013        0.055       
2458736.64223  2458736.64747  2019-09-10.1422291  coadd_bj258297 1.62 -1.84 17.907     >17.907  99.990          41.83        42.02   0.083        0.083       
2458736.95128  2458736.95652  2019-09-10.4512810  coadd_bB069652 2.06 -1.26 18.242     >18.242  99.990          96.62        52.84   0.112        0.061       
2458737.99009  2458737.99533  2019-09-11.4900947  coadd_bB070043 2.03 -1.26 17.194     >17.194  99.990        -169.12       138.72   -0.196       0.160       
2458738.62808  2458738.63331  2019-09-12.1280799  coadd_bj258629 1.62 -1.84 17.695     >17.695  99.990          82.37        51.04   0.163        0.101       
2458743.65982  2458743.66501  2019-09-17.1598319  coadd_bj260706 2.09 -1.84 17.707     >17.707  99.990         -57.38        50.51   -0.114       0.100       
2458743.99156  2458743.99673  2019-09-17.4915571  coadd_bB071641 2.06 -1.26 18.336     >18.336  99.990         -58.67        48.46   -0.068       0.056       
2458744.58139  2458744.58656  2019-09-18.0813981  coadd_bj260983 1.71 -1.84 18.285     >18.285  99.990          56.08        29.64   0.111        0.059       
2458744.76310  2458744.76827  2019-09-18.2631034  coadd_bF119470 1.56 -1.78 17.863     >17.863  99.990          21.13        46.30   0.040        0.087       
2458744.98519  2458744.99035  2019-09-18.4851916  coadd_bB072049 1.99 -1.26 17.665     >17.665  99.990         -40.45        89.94   -0.047       0.104       
2458745.98721  2458745.99236  2019-09-19.4872130  coadd_bB072460 1.68 -1.26 18.432     >18.432  99.990         -60.09        44.36   -0.069       0.051       
2458748.96834  2458748.97343  2019-09-22.4683459  coadd_bB073105 1.75 -1.26 17.364      16.748  0.207          627.55       118.65   0.726        0.137       
2458749.80690  2458749.81197  2019-09-23.3068995  coadd_bB073302 2.06 -1.26 19.372     >19.372  99.990          -8.86        18.67   -0.010       0.022       
2458750.59470  2458750.59975  2019-09-24.0947055  coadd_bj263369 1.59 -1.84 18.667     >18.667  99.990          -0.73        20.85   -0.001       0.041       
2458750.87449  2458750.87953  2019-09-24.3744891  coadd_bB073530 2.14 -1.26 19.544     >19.544  99.990         -47.63        15.94   -0.055       0.018       
2458751.61423  2458751.61925  2019-09-25.1142356  coadd_bj263790 1.65 -1.84 18.728     >18.728  99.990         -21.40        19.72   -0.042       0.039       
2458751.91936  2458751.92437  2019-09-25.4193543  coadd_bB073973 1.99 -1.26 19.711     >19.711  99.990         -15.90        13.66   -0.018       0.016       
2458752.48573  2458752.49073  2019-09-25.9857312  coadd_bn169097 1.61 -1.77 18.903     >18.903  99.990           0.37        18.00   0.001        0.033       
2458752.62614  2458752.63114  2019-09-26.1261471  coadd_bj264205 1.60 -1.84 18.678     >18.678  99.990          27.98        20.65   0.055        0.041       
2458752.96042  2458752.96540  2019-09-26.4604273  coadd_bB074413 1.99 -1.26 19.395     >19.395  99.990         -32.68        18.27   -0.038       0.021       
2458753.69055  2458753.69551  2019-09-27.1905506  coadd_bj264650 1.60 -1.84 18.557     >18.557  99.990         -31.92        23.09   -0.063       0.046       
2458754.65453  2458754.65947  2019-09-28.1545263  coadd_bF123199 1.58 -1.78 18.984     >18.984  99.990          28.83        16.49   0.054        0.031       
2458756.67339  2458756.67826  2019-09-30.1733925  coadd_bF123947 1.57 -1.78 18.813     >18.813  99.990          -6.66        19.30   -0.012       0.036       
2458757.60148  2458757.60632  2019-10-01.1014835  coadd_bj266154 1.55 -1.84 18.743     >18.743  99.990         -15.60        19.44   -0.031       0.039       
2458758.56380  2458758.56861  2019-10-02.0638012  coadd_bF124600 1.56 -1.78 18.921     >18.921  99.990          38.41        17.47   0.072        0.033       
2458761.65619  2458761.66088  2019-10-05.1561883  coadd_bj267106 1.56 -1.84 18.598     >18.598  99.990           4.96        22.23   0.010        0.044       
2458762.64173  2458762.64639  2019-10-06.1417418  coadd_bj267478 1.57 -1.84 18.276     >18.276  99.990          71.84        29.89   0.142        0.059       
2458763.57619  2458763.58081  2019-10-07.0762002  coadd_bj267809 1.55 -1.84 17.992     >17.992  99.990         -73.26        38.82   -0.145       0.077       
2458765.80784  2458765.81235  2019-10-09.3078378  coadd_bB077892 2.00 -1.26 18.268     >18.268  99.990         -11.01        51.61   -0.013       0.060       
2458766.69268  2458766.69715  2019-10-10.1926869  coadd_bj269034 1.63 -1.84 16.289     >16.289  99.990          37.27       186.36   0.074        0.369       
2458770.90418  2458770.90845  2019-10-14.4041858  coadd_bB079298 2.17 -1.26 17.832     >17.832  99.990         162.21        77.06   0.188        0.089       
2458771.23539  2458771.23964  2019-10-14.7354011  coadd_bn174350 2.34 -1.77 17.075     >17.075  99.990         -18.40        96.91   -0.034       0.179       
2458772.90686  2458772.91101  2019-10-16.4068583  coadd_bB080092 2.27 -1.26 18.297     >18.297  99.990        -127.29        50.22   -0.147       0.058       
2458775.87565  2458775.87964  2019-10-19.3756513  coadd_bB080888 2.08 -1.26 18.732     >18.732  99.990          61.10        33.66   0.071        0.039       
2458776.50445  2458776.50840  2019-10-20.0044537  coadd_bj272478 2.11 -1.84 17.773      16.970  0.175          298.69        47.53   0.592        0.094       
2458778.88830  2458778.89211  2019-10-22.3883057  coadd_bB081739 2.17 -1.26 19.274     >19.274  99.990         -15.50        20.42   -0.018       0.024       
2458782.64858  2458782.65215  2019-10-26.1485891  coadd_bj274386 1.56 -1.84 18.679     >18.679  99.990          45.01        20.62   0.089        0.041       
2458783.61450  2458783.61800  2019-10-27.1145061  coadd_bj274732 1.52 -1.84 18.606     >18.606  99.990          25.84        22.05   0.051        0.044       
2458784.50638  2458784.50982  2019-10-28.0063819  coadd_bj275007 1.56 -1.84 18.041      17.779  0.287          141.84        37.11   0.281        0.074       
2458786.50500  2458786.50831  2019-10-30.0050125  coadd_bj275714 1.69 -1.84 18.137     >18.137  99.990         -23.81        33.97   -0.047       0.067       
2458787.50443  2458787.50766  2019-10-31.0044437  coadd_bj276074 2.18 -1.84 18.275      17.823  0.241          136.17        29.91   0.270        0.059       
2458789.60250  2458789.60558  2019-11-02.1025047  coadd_bF133838 1.57 -1.78 17.786     >17.786  99.990         -68.16        49.70   -0.128       0.093       
2458790.26418  2458790.26721  2019-11-02.7641898  coadd_bn178237 2.04 -1.77 18.584     >18.584  99.990          31.83        24.14   0.059        0.045       
2458791.25587  2458791.25883  2019-11-03.7558736  coadd_bn178515 1.55 -1.77 17.535      17.518  0.360          193.44        63.46   0.357        0.117       
2458791.85935  2458791.86226  2019-11-04.3593559  coadd_bB085214 1.70 -1.26 18.898     >18.898  99.990         -58.56        28.88   -0.068       0.033       
2458792.69814  2458792.70098  2019-11-05.1981381  coadd_bB085526 2.00 -1.26 18.767     >18.767  99.990          -6.20        32.58   -0.007       0.038       
2458793.35126  2458793.35406  2019-11-05.8512649  coadd_bn179246 1.55 -1.77 17.469      17.098  0.260          284.73        67.41   0.526        0.125       
2458793.52861  2458793.53139  2019-11-06.0286151  coadd_bF134894 1.55 -1.78 18.023     >18.023  99.990         109.89        39.95   0.206        0.075       
2458794.72510  2458794.72779  2019-11-07.2251028  coadd_bB086040 2.14 -1.26 18.473     >18.473  99.990          47.79        42.70   0.055        0.049       
2458797.62386  2458797.62633  2019-11-10.1238682  coadd_bj279184 1.59 -1.84 17.221     >17.221  99.990         -78.28        79.00   -0.155       0.156       
2458797.82409  2458797.82654  2019-11-10.3240958  coadd_bB087210 2.01 -1.26 18.112     >18.112  99.990         -18.46        59.58   -0.021       0.069       
2458800.82552  2458800.82773  2019-11-13.3255256  coadd_bB088424 2.07 -1.26 17.955     >17.955  99.990         -53.82        68.83   -0.062       0.080       
2458801.83957  2458801.84169  2019-11-14.3395717  coadd_bB088872 2.14 -1.26 18.109      17.639  0.238          276.11        59.73   0.319        0.069       
2458802.83543  2458802.83747  2019-11-15.3354303  coadd_bB089307 1.98 -1.26 18.287     >18.287  99.990        -103.60        50.71   -0.120       0.059       
2458804.76390  2458804.76577  2019-11-17.2638969  coadd_bB089767 2.00 -1.26 17.748     >17.748  99.990         247.67        83.27   0.286        0.096       
2458807.51775  2458807.51939  2019-11-20.0177577  coadd_bj282531 1.73 -1.84 18.233     >18.233  99.990         -29.55        31.11   -0.059       0.062       
2458807.68770  2458807.68932  2019-11-20.1876956  coadd_bB090250 2.01 -1.26 18.325     >18.325  99.990          53.98        48.97   0.062        0.057       
2458808.82061  2458808.82214  2019-11-21.3206107  coadd_bB090678 2.00 -1.26 19.550     >19.550  99.990          -4.62        15.84   -0.005       0.018       
2458810.58281  2458810.58418  2019-11-23.0828214  coadd_bF140439 1.47 -1.78 18.887     >18.887  99.990         -27.77        18.02   -0.052       0.034       
2458811.30126  2458811.30257  2019-11-23.8012621  coadd_bn182898 1.49 -1.77 18.876     >18.876  99.990          20.65        18.45   0.038        0.034       
2458811.53261  2458811.53390  2019-11-24.0326193  coadd_bF140730 1.61 -1.78 18.806     >18.806  99.990          25.82        19.42   0.048        0.036       
2458811.80084  2458811.80211  2019-11-24.3008475  coadd_bB091147 2.04 -1.26 19.211     >19.211  99.990          41.43        21.64   0.048        0.025       
2458813.57814  2458813.57925  2019-11-26.0781493  coadd_bj284502 1.62 -1.84 18.574     >18.574  99.990          27.40        22.71   0.054        0.045       
2458814.27621  2458814.27726  2019-11-26.7762193  coadd_bn183699 2.06 -1.77 18.847     >18.847  99.990         -10.61        18.95   -0.020       0.035       
2458814.80106  2458814.80206  2019-11-27.3010615  coadd_bB092274 1.98 -1.26 19.391     >19.391  99.990          33.19        18.35   0.038        0.021       
2458816.54986  2458816.55071  2019-11-29.0498622  coadd_bj285468 1.65 -1.84 18.358     >18.358  99.990          19.20        27.72   0.038        0.055       
2458817.54320  2458817.54395  2019-11-30.0432018  coadd_bj285804 1.55 -1.84 18.606     >18.606  99.990         -50.30        22.06   -0.100       0.044       
2458817.78249  2458817.78322  2019-11-30.2824902  coadd_bB093413 2.03 -1.26 18.734      18.390  0.267          138.36        33.60   0.160        0.039       
2458824.57252  2458824.57264  2019-12-07.0725224  coadd_bF144382 1.63 -1.78 17.345     >17.345  99.990        -182.09        74.59   -0.341       0.140       
2458825.75269  2458825.75270  2019-12-08.2526928  coadd_bB095237 2.23 -1.26 18.419     >18.419  99.990         -58.28        44.91   -0.067       0.052       
2458826.76426  2458826.76418  2019-12-09.2642604  coadd_bB095694 2.02 -1.26 18.448     >18.448  99.990         -38.18        43.71   -0.044       0.051       
2458828.75705  2458828.75679  2019-12-11.2570520  coadd_bB096584 2.07 -1.26 17.853     >17.853  99.990         187.01        75.61   0.216        0.087       
2458834.70302  2458834.70223  2019-12-17.2030270  coadd_bB098337 2.11 -1.26 19.351      19.322  0.356           58.62        19.02   0.068        0.022       
2458845.74161  2458845.73984  2019-12-28.2416100  coadd_bB100487 2.06 -1.26 19.199     >19.199  99.990          24.27        21.89   0.028        0.025       
2458956.12897  2458956.12503  2020-04-16.6289690  coadd_bB121110 2.17 -1.26 18.191      17.596  0.212          287.32        55.39   0.332        0.064       
2458957.12408  2458957.12020  2020-04-17.6240800  coadd_bB121486 2.05 -1.26 18.587     >18.587  99.990        -124.64        38.46   -0.144       0.044       
2458962.11358  2458962.11001  2020-04-22.6135939  coadd_bB123290 1.98 -1.26 18.957     >18.957  99.990          45.25        27.35   0.052        0.032       
2458973.08730  2458973.08449  2020-05-03.5873023  coadd_bB127256 2.00 -1.26 19.424     >19.424  99.990         -18.04        17.80   -0.021       0.021       
2458980.65516  2458980.65293  2020-05-11.1551584  coadd_bn212144 1.57 -1.77 17.545     >17.545  99.990         102.16        62.89   0.189        0.116       
2458984.06748  2458984.06553  2020-05-14.5674807  coadd_bB129033 2.00 -1.26 18.914     >18.914  99.990         -41.62        28.47   -0.048       0.033       
2458987.05037  2458987.04867  2020-05-17.5503717  coadd_bB130030 2.02 -1.26 19.053     >19.053  99.990         -15.68        25.05   -0.018       0.029       
2458998.02679  2458998.02603  2020-05-28.5267974  coadd_bB133183 2.00 -1.26 18.939     >18.939  99.990          77.92        27.80   0.090        0.032       
2459000.03818  2459000.03759  2020-05-30.5381809  coadd_bB133880 2.03 -1.26 19.382     >19.382  99.990          -2.60        18.49   -0.003       0.021       
2459009.57784  2459009.57809  2020-06-09.0778394  coadd_bn220889 1.56 -1.77 17.720     >17.720  99.990           9.11        53.49   0.017        0.099       
2459013.03657  2459013.03713  2020-06-12.5365792  coadd_bB137930 2.28 -1.26 18.674     >18.674  99.990           1.27        35.49   0.001        0.041       
2459015.01803  2459015.01876  2020-06-14.5180304  coadd_bB138605 1.99 -1.26 19.034     >19.034  99.990         -11.84        25.49   -0.014       0.029       
2459017.97174  2459017.97273  2020-06-17.4717430  coadd_bB139562 2.38 -1.26 19.381     >19.381  99.990          13.49        18.51   0.016        0.021       
2459021.09049  2459021.09174  2020-06-20.5904892  coadd_bB140444 2.01 -1.26 18.943      18.848  0.335           90.66        27.71   0.105        0.032       
2459023.57969  2459023.58116  2020-06-23.0796884  coadd_bn224387 1.57 -1.77 18.972     >18.972  99.990           5.81        16.89   0.011        0.031       
2459031.54248  2459031.54461  2020-07-01.0424817  coadd_bn225888 1.53 -1.77 18.176     >18.176  99.990          40.68        35.15   0.075        0.065       
2459032.97830  2459032.98054  2020-07-02.4783020  coadd_bB143801 2.12 -1.26 18.504     >18.504  99.990         -10.65        41.52   -0.012       0.048       
2459036.97438  2459036.97694  2020-07-06.4743800  coadd_bB144961 1.73 -1.26 18.295     >18.295  99.990         -80.38        50.31   -0.093       0.058       
2459039.03657  2459039.03928  2020-07-08.5365704  coadd_bB145695 2.08 -1.26 18.509     >18.509  99.990          40.85        41.34   0.047        0.048       
2459041.91731  2459041.92024  2020-07-11.4173091  coadd_bB146626 2.01 -1.26 18.942     >18.942  99.990          -4.60        27.73   -0.005       0.032       
2459044.03358  2459044.03666  2020-07-13.5335872  coadd_bB147408 2.11 -1.26 19.002     >19.002  99.990         -13.84        26.24   -0.016       0.030       
2459050.48498  2459050.48850  2020-07-19.9849777  coadd_bn230385 1.72 -1.77 19.100     >19.100  99.990          21.71        15.02   0.040        0.028       
2459053.86471  2459053.86845  2020-07-23.3647148  coadd_bB150103 1.72 -1.26 19.034     >19.034  99.990          48.17        25.47   0.056        0.029       
2459055.45166  2459055.45550  2020-07-24.9516681  coadd_bn232415 1.59 -1.77 18.435     >18.435  99.990         -42.42        27.70   -0.078       0.051       
2459060.43224  2459060.43637  2020-07-29.9322418  coadd_bn234039 1.56 -1.77 18.131     >18.131  99.990         -11.82        36.63   -0.022       0.068       
2459061.89361  2459061.89781  2020-07-31.3936115  coadd_bB152106 2.11 -1.26 18.391     >18.391  99.990          41.23        46.09   0.048        0.053       
2459071.85708  2459071.86175  2020-08-10.3570827  coadd_bB154940 2.22 -1.26 19.243     >19.243  99.990          -5.64        21.02   -0.007       0.024       
2459073.82415  2459073.82890  2020-08-12.3241523  coadd_bB155643 2.03 -1.26 19.542     >19.542  99.990          35.40        15.96   0.041        0.018       
2459074.97718  2459074.98196  2020-08-13.4771804  coadd_bB156126 2.04 -1.26 19.438     >19.438  99.990          26.48        17.57   0.031        0.020       
2459078.78901  2459078.79392  2020-08-17.2890081  coadd_bB157080 2.19 -1.26 19.674     >19.674  99.990          33.53        14.13   0.039        0.016       
2459083.51201  2459083.51706  2020-08-22.0120109  coadd_bn238492 1.56 -1.77 18.843     >18.843  99.990          41.43        19.02   0.077        0.035       
2459085.05076  2459085.05584  2020-08-23.5507665  coadd_bB159218 2.01 -1.26 19.347     >19.347  99.990          30.76        19.10   0.036        0.022       
2459087.94256  2459087.94769  2020-08-26.4425616  coadd_bB160202 2.34 -1.26 19.630     >19.630  99.990          10.69        14.72   0.012        0.017       
2459089.86617  2459089.87134  2020-08-28.3661673  coadd_bB160863 2.26 -1.26 19.080     >19.080  99.990         -30.65        24.43   -0.035       0.028       
2459100.97722  2459100.98246  2020-09-08.4772196  coadd_bB165057 2.04 -1.26 18.765     >18.765  99.990         -52.15        32.66   -0.060       0.038       
2459102.82631  2459102.83155  2020-09-10.3263086  coadd_bB165640 2.02 -1.26 19.685     >19.685  99.990          -8.44        13.99   -0.010       0.016       
2459104.99202  2459104.99724  2020-09-12.4920158  coadd_bB166551 2.09 -1.26 19.134      18.986  0.319           79.88        23.24   0.092        0.027       
2459107.99199  2459107.99718  2020-09-15.4919851  coadd_bB167618 1.75 -1.26 19.367     >19.367  99.990          34.12        18.76   0.039        0.022       
2459112.46606  2459112.47118  2020-09-19.9660594  coadd_bn244877 1.50 -1.77 18.783     >18.783  99.990          -9.61        20.10   -0.018       0.037       
2459116.28067  2459116.28571  2020-09-23.7806766  coadd_bn245613 1.48 -1.77 18.311     >18.311  99.990          74.21        31.05   0.137        0.057       
2459119.97247  2459119.97740  2020-09-27.4724719  coadd_bB171523 2.06 -1.26 17.980     >17.980  99.990         -12.43        67.29   -0.014       0.078       
2459126.93616  2459126.94085  2020-10-04.4361684  coadd_bB173313 2.05 -1.26 18.256     >18.256  99.990        -114.30        52.15   -0.132       0.060       
2459128.86349  2459128.86811  2020-10-06.3634930  coadd_bB173907 2.09 -1.26 18.706     >18.706  99.990         -17.00        34.46   -0.020       0.040       
2459145.62383  2459145.62754  2020-10-23.1238359  coadd_bj320266 1.54 -1.84 18.185     >18.185  99.990         -23.17        32.52   -0.046       0.064       
2459148.56012  2459148.56364  2020-10-26.0601212  coadd_bF174507 1.47 -1.78 17.839     >17.839  99.990         -87.60        47.32   -0.164       0.089       
2459152.24868  2459152.25195  2020-10-29.7486815  coadd_bn254774 1.70 -1.77 16.489     >16.489  99.990         -75.01       166.24   -0.139       0.307       
2459154.25826  2459154.26139  2020-10-31.7582605  coadd_bn253730 2.11 -1.77 17.318     >17.318  99.990          -5.05        77.45   -0.009       0.143       
2459154.85881  2459154.86189  2020-11-01.3588079  coadd_bB181551 2.01 -1.26 18.204      17.670  0.224          268.53        54.72   0.311        0.063       
2459155.34338  2459155.34642  2020-11-01.8433810  coadd_bn254017 1.48 -1.77 17.269     >17.269  99.990          20.92        81.10   0.039        0.150       
2459155.84970  2459155.85270  2020-11-02.3497039  coadd_bB181898 2.04 -1.26 17.585     >17.585  99.990          74.67        96.76   0.086        0.112       
2459156.33993  2459156.34290  2020-11-02.8399241  coadd_bn254331 1.48 -1.77 17.535     >17.535  99.990        -141.95        63.45   -0.262       0.117       
2459156.84169  2459156.84462  2020-11-03.3416996  coadd_bB182292 2.03 -1.26 18.289     >18.289  99.990         -20.72        50.60   -0.024       0.059       
2459157.84527  2459157.84813  2020-11-04.3452686  coadd_bB182822 2.37 -1.26 18.374      18.227  0.320          160.68        46.81   0.186        0.054       
2459158.84126  2459158.84404  2020-11-05.3412614  coadd_bB183200 2.02 -1.26 18.654     >18.654  99.990        -101.23        36.15   -0.117       0.042       
2459159.82962  2459159.83233  2020-11-06.3296208  coadd_bB183533 2.07 -1.26 16.899      16.513  0.256          778.94       182.08   0.901        0.211       
2459162.50717  2459162.50966  2020-11-09.0071717  coadd_bj324174 1.80 -1.84 18.565     >18.565  99.990          -0.49        22.91   -0.001       0.045       
2459164.57536  2459164.57769  2020-11-11.0753572  coadd_bj324681 1.55 -1.84 18.733     >18.733  99.990         -36.35        19.63   -0.072       0.039       
2459175.53200  2459175.53340  2020-11-22.0319966  coadd_bF180671 2.02 -1.78 18.443     >18.443  99.990          -3.14        27.12   -0.006       0.051       
2459181.54626  2459181.54712  2020-11-28.0462670  coadd_bj330182 1.65 -1.84 17.696      17.508  0.307          182.00        51.02   0.361        0.101       
2459186.77446  2459186.77485  2020-12-03.2744556  coadd_bB189958 1.71 -1.26 18.678     >18.678  99.990         -37.71        35.36   -0.044       0.041       
2459187.54005  2459187.54038  2020-12-04.0400521  coadd_bF184259 1.52 -1.78 18.791     >18.791  99.990          19.32        19.69   0.036        0.037       
2459192.74065  2459192.74051  2020-12-09.2406526  coadd_bB192501 2.05 -1.26 19.228     >19.228  99.990         -11.92        21.31   -0.014       0.025       
2459195.70894  2459195.70852  2020-12-12.2089421  coadd_bB193806 2.03 -1.26 19.403     >19.403  99.990          26.21        18.14   0.030        0.021       
2459208.69952  2459208.69795  2020-12-25.1995244  coadd_bB196867 2.25 -1.26 18.174     >18.174  99.990         154.34        56.24   0.178        0.065       
2459209.71366  2459209.71200  2020-12-26.2136549  coadd_bB197319 1.99 -1.26 18.686     >18.686  99.990         -25.50        35.09   -0.029       0.041       
2459315.13669  2459315.13242  2021-04-10.6366915  coadd_bB223084 2.12 -1.26 17.095      17.043  0.349          478.08       151.99   0.553        0.176       
2459318.13365  2459318.12953  2021-04-13.6336498  coadd_bB223761 2.01 -1.26 17.485     >17.485  99.990          43.93       106.13   0.051        0.123       
2459319.12999  2459319.12593  2021-04-14.6299956  coadd_bB224152 2.01 -1.26 18.244     >18.244  99.990        -136.38        52.76   -0.158       0.061       
2459337.92197  2459337.91913  2021-05-03.4219778  coadd_bj382473 1.60 -1.84 17.913     >17.913  99.990          81.60        41.75   0.162        0.083       
2459340.91290  2459340.91029  2021-05-06.4129041  coadd_bF231306 1.55 -1.78 18.320     >18.320  99.990         -16.49        30.37   -0.031       0.057       
2459346.05737  2459346.05516  2021-05-11.5573766  coadd_bB231732 1.71 -1.26 19.070     >19.070  99.990          47.01        24.65   0.054        0.029       
2459348.93202  2459348.93003  2021-05-14.4320144  coadd_bj385839 1.60 -1.84 17.502     >17.502  99.990         -76.93        60.99   -0.152       0.121       
2459352.87674  2459352.87508  2021-05-18.3767438  coadd_bj387410 1.53 -1.84 18.704     >18.704  99.990          -9.91        20.15   -0.020       0.040       
2459355.04018  2459355.03870  2021-05-20.5401859  coadd_bB234769 1.71 -1.26 19.477     >19.477  99.990          11.32        16.95   0.013        0.020       
2459357.05298  2459357.05168  2021-05-22.5529817  coadd_bB235452 2.01 -1.26 19.282     >19.282  99.990         -22.21        20.27   -0.026       0.023       
2459359.62382  2459359.62273  2021-05-25.1238153  coadd_bn304205 1.57 -1.77 17.599     >17.599  99.990          27.24        59.80   0.050        0.110       
2459363.02460  2459363.02382  2021-05-28.5246043  coadd_bB237616 1.65 -1.26 18.007     >18.007  99.990         -81.06        65.60   -0.094       0.076       
2459366.83655  2459366.83610  2021-06-01.3365468  coadd_bj391912 1.56 -1.84 17.772     >17.772  99.990          78.51        47.56   0.156        0.094       
2459368.84234  2459368.84207  2021-06-03.3423466  coadd_bF240501 1.56 -1.78 18.230     >18.230  99.990          45.31        33.02   0.085        0.062       
2459369.83863  2459369.83844  2021-06-04.3386332  coadd_bj393232 1.56 -1.84 18.162     >18.162  99.990          65.23        33.21   0.129        0.066       
2459370.93113  2459370.93104  2021-06-05.4311339  coadd_bj393658 1.55 -1.84 18.578      18.320  0.288           86.10        22.64   0.171        0.045       
2459373.99732  2459373.99750  2021-06-08.4973291  coadd_bB241188 2.16 -1.26 20.297     >20.297  99.990          -5.07         7.96   -0.006       0.009       
2459376.58494  2459376.58534  2021-06-11.0849383  coadd_bn308167 1.56 -1.77 18.697     >18.697  99.990          40.28        21.76   0.074        0.040       
2459381.96072  2459381.96160  2021-06-16.4607230  coadd_bB243961 2.02 -1.26 19.420     >19.420  99.990          35.32        17.85   0.041        0.021       
2459384.79943  2459384.80055  2021-06-19.2994403  coadd_bF246406 1.57 -1.78 18.101     >18.101  99.990          59.37        37.16   0.111        0.070       
2459384.95284  2459384.95398  2021-06-19.4528406  coadd_bB245010 1.98 -1.26 17.917     >17.917  99.990          -8.55        71.25   -0.010       0.082       
2459388.09818  2459388.09959  2021-06-22.5981814  coadd_bB246124 2.01 -1.26 19.379     >19.379  99.990         -12.77        18.55   -0.015       0.021       
2459389.87798  2459389.87954  2021-06-24.3779851  coadd_bj400862 1.69 -1.84 17.310     >17.310  99.990         -64.73        72.79   -0.128       0.144       
2459394.76222  2459394.76418  2021-06-29.2622218  coadd_bF249869 1.51 -1.78 17.257     >17.257  99.990         -57.05        80.89   -0.107       0.151       
2459396.77278  2459396.77491  2021-07-01.2727805  coadd_bF250705 1.49 -1.78 18.049     >18.049  99.990          98.43        39.01   0.184        0.073       
2459397.76699  2459397.76920  2021-07-02.2669975  coadd_bj403860 1.54 -1.84 18.146     >18.146  99.990          91.81        33.69   0.182        0.067       
2459402.04648  2459402.04902  2021-07-06.5464913  coadd_bB250567 1.98 -1.26 19.926     >19.926  99.990          19.75        11.21   0.023        0.013       
2459404.89635  2459404.89910  2021-07-09.3963487  coadd_bB251501 1.74 -1.26 19.686     >19.686  99.990         -11.02        13.98   -0.013       0.016       
2459405.81966  2459405.82248  2021-07-10.3196577  coadd_bj407113 1.62 -1.84 18.693     >18.693  99.990          48.08        20.37   0.095        0.040       
2459408.94211  2459408.94517  2021-07-13.4421118  coadd_bB252791 1.73 -1.26 19.410     >19.410  99.990          -9.92        18.03   -0.011       0.021       
2459410.56933  2459410.57250  2021-07-15.0693298  coadd_bn313656 1.62 -1.77 18.646     >18.646  99.990          -8.30        22.81   -0.015       0.042       
2459412.72867  2459412.73199  2021-07-17.2286702  coadd_bF256991 1.63 -1.78 18.961     >18.961  99.990         -14.56        16.83   -0.027       0.032       
2459413.71848  2459413.72187  2021-07-18.2184833  coadd_bj410465 1.62 -1.84 18.159     >18.159  99.990          20.06        33.30   0.040        0.066       
2459415.96645  2459415.96999  2021-07-20.4664515  coadd_bB255164 2.03 -1.26 18.773     >18.773  99.990          37.97        32.40   0.044        0.037       
2459417.71226  2459417.71591  2021-07-22.2122559  coadd_bF259047 2.39 -1.78 17.359     >17.359  99.990         133.37        73.61   0.250        0.138       
2459422.75863  2459422.76259  2021-07-27.2586383  coadd_bj414322 1.61 -1.84 17.676     >17.676  99.990          81.04        51.97   0.161        0.103       
2459423.82621  2459423.83023  2021-07-28.3262121  coadd_bj414794 2.08 -1.84 17.791     >17.791  99.990          75.57        46.74   0.150        0.093       
2459424.81203  2459424.81610  2021-07-29.3120384  coadd_bF261976 2.12 -1.78 18.038     >18.038  99.990         -99.43        39.41   -0.186       0.074       
2459426.85131  2459426.85550  2021-07-31.3513105  coadd_bj416085 1.56 -1.84 18.296     >18.296  99.990          42.40        29.36   0.084        0.058       
2459427.85312  2459427.85736  2021-08-01.3531260  coadd_bF263230 1.46 -1.78 17.751     >17.751  99.990        -154.92        51.33   -0.290       0.096       
2459430.68321  2459430.68759  2021-08-04.1832072  coadd_bF264318 1.50 -1.78 18.921     >18.921  99.990         -20.78        17.46   -0.039       0.033       
2459431.66575  2459431.67018  2021-08-05.1657520  coadd_bj418031 1.57 -1.84 18.654     >18.654  99.990          20.77        21.11   0.041        0.042       
2459432.46421  2459432.46867  2021-08-05.9642118  coadd_bn318566 1.45 -1.77 18.838     >18.838  99.990         -16.44        19.10   -0.030       0.035       
2459432.65839  2459432.66286  2021-08-06.1583937  coadd_bj418434 1.58 -1.84 18.624      18.022  0.210          113.36        21.71   0.225        0.043       
2459433.47138  2459433.47589  2021-08-06.9713790  coadd_bn318974 1.50 -1.77 18.857     >18.857  99.990           6.95        18.78   0.013        0.035       
2459434.00328  2459434.00782  2021-08-07.5032917  coadd_bB260852 2.10 -1.26 19.741     >19.741  99.990          -9.46        13.28   -0.011       0.015       
2459434.45563  2459434.46019  2021-08-07.9556327  coadd_bn319343 1.58 -1.77 18.888     >18.888  99.990          22.34        18.26   0.041        0.034       
2459436.66782  2459436.67247  2021-08-10.1678276  coadd_bF266480 1.47 -1.78 18.961     >18.961  99.990         -28.08        16.84   -0.053       0.032       
2459437.66091  2459437.66560  2021-08-11.1609202  coadd_bj420261 1.56 -1.84 18.672     >18.672  99.990         -37.90        20.77   -0.075       0.041       
2459438.97434  2459438.97908  2021-08-12.4743454  coadd_bB262711 2.23 -1.26 19.655     >19.655  99.990         -17.04        14.38   -0.020       0.017       
2459440.65112  2459440.65592  2021-08-14.1511241  coadd_bF268059 1.50 -1.78 18.645     >18.645  99.990         -71.67        22.52   -0.134       0.042       
2459443.64629  2459443.65119  2021-08-17.1462880  coadd_bF268803 1.53 -1.78 18.046     >18.046  99.990          24.37        39.09   0.046        0.073       
2459444.72550  2459444.73044  2021-08-18.2255087  coadd_bj422617 1.56 -1.84 18.155     >18.155  99.990          96.80        33.44   0.192        0.066       
2459447.95006  2459447.95508  2021-08-21.4500612  coadd_bB265827 2.46 -1.26 17.793     >17.793  99.990        -362.19        79.95   -0.419       0.092       
2459448.50234  2459448.50738  2021-08-22.0023481  coadd_bn320977 1.64 -1.77 17.098     >17.098  99.990          33.43        94.88   0.062        0.175       
2459452.74333  2459452.74846  2021-08-26.2433314  coadd_bj424376 1.64 -1.84 17.886     >17.886  99.990          50.25        42.83   0.100        0.085       
2459453.66319  2459453.66834  2021-08-27.1631967  coadd_bj424716 1.56 -1.84 18.404     >18.404  99.990          73.66        26.57   0.146        0.053       
2459455.76848  2459455.77366  2021-08-29.2684821  coadd_bj425591 1.59 -1.84 18.095     >18.095  99.990           5.93        35.32   0.012        0.070       
2459457.73042  2459457.73562  2021-08-31.2304229  coadd_bF272480 1.60 -1.78 18.771     >18.771  99.990          10.13        20.06   0.019        0.038       
2459458.46379  2459458.46900  2021-08-31.9637947  coadd_bn323163 1.60 -1.77 18.474     >18.474  99.990          48.50        26.71   0.090        0.049       
2459459.39827  2459459.40349  2021-09-01.8982767  coadd_bn323485 1.70 -1.77 18.838     >18.838  99.990          12.62        19.12   0.023        0.035       
2459459.79694  2459459.80216  2021-09-02.2969418  coadd_bj427100 1.60 -1.84 18.583     >18.583  99.990          56.96        22.54   0.113        0.045       
2459460.36854  2459460.37377  2021-09-02.8685462  coadd_bn323831 1.52 -1.77 18.621     >18.621  99.990           5.85        23.33   0.011        0.043       
2459460.71451  2459460.71974  2021-09-03.2145188  coadd_bj427404 1.60 -1.84 18.793     >18.793  99.990          -7.00        18.57   -0.014       0.037       
2459461.69968  2459461.70491  2021-09-04.1996870  coadd_bj427798 1.60 -1.84 18.762     >18.762  99.990          44.79        19.10   0.089        0.038       
2459462.39989  2459462.40513  2021-09-04.8998907  coadd_bn324204 1.49 -1.77 18.667      18.612  0.348           70.59        22.37   0.130        0.041       
2459462.74622  2459462.75146  2021-09-05.2462259  coadd_bj428243 1.62 -1.84 18.361     >18.361  99.990          47.39        27.65   0.094        0.055       
2459465.78498  2459465.79022  2021-09-08.2849829  coadd_bF275242 1.61 -1.78 18.518     >18.518  99.990         -32.82        25.32   -0.061       0.047       
2459467.78630  2459467.79154  2021-09-10.2863093  coadd_bB271702 1.70 -1.26 19.405     >19.405  99.990          38.76        18.10   0.045        0.021       
2459469.38700  2459469.39223  2021-09-11.8869974  coadd_bn325761 1.57 -1.77 17.978     >17.978  99.990           4.54        42.20   0.008        0.078       
2459471.59677  2459471.60199  2021-09-14.0967751  coadd_bj431224 1.58 -1.84 18.633     >18.633  99.990         -50.09        21.51   -0.099       0.043       
2459473.32913  2459473.33432  2021-09-15.8291353  coadd_bn326285 1.47 -1.77 17.992      17.439  0.220          207.89        41.65   0.384        0.077       
2459479.40018  2459479.40527  2021-09-21.9001832  coadd_bn327815 1.56 -1.77 17.205     >17.205  99.990          74.82        86.01   0.138        0.159       
2459480.56941  2459480.57447  2021-09-23.0694174  coadd_bj434563 1.63 -1.84 17.582     >17.582  99.990         110.69        56.63   0.219        0.112       
2459481.39587  2459481.40092  2021-09-23.8958854  coadd_bn328329 1.56 -1.77 17.415     >17.415  99.990         -58.61        70.85   -0.108       0.131       
2459482.39518  2459482.40020  2021-09-24.8951903  coadd_bn328711 1.48 -1.77 17.859     >17.859  99.990          -6.30        47.08   -0.012       0.087       
2459485.70192  2459485.70684  2021-09-28.2019295  coadd_bj436556 1.57 -1.84 17.999     >17.999  99.990          63.07        38.59   0.125        0.076       
2459486.96886  2459486.97374  2021-09-29.4688672  coadd_bB277875 2.05 -1.26 18.711     >18.711  99.990         -52.29        34.30   -0.060       0.040       
2459489.81796  2459489.82275  2021-10-02.3179753  coadd_bB278715 1.71 -1.26 19.747     >19.747  99.990          22.54        13.21   0.026        0.015       
2459492.39689  2459492.40157  2021-10-04.8968896  coadd_bn330693 1.57 -1.77 18.717     >18.717  99.990          49.27        21.36   0.091        0.039       
