###  JD        HJD            UT_date             IMAGE          FWHM  Diff Limit      mag   mag_err       counts     count_err  flux (mJy)    flux_err
2457078.15898  2457078.15609  2015-02-24.6585678  coadd_ba189796 1.69 -2.05 17.694     >17.694  99.990         -82.96        42.22   -0.210       0.107       
2457079.15772  2457079.15484  2015-02-25.6573116  coadd_ba190191 1.66 -2.05 17.996     >17.996  99.990         -24.83        31.94   -0.063       0.081       
2457080.16113  2457080.15826  2015-02-26.6607307  coadd_ba190386 1.67 -2.05 17.588     >17.588  99.990         101.82        46.54   0.258        0.118       
2457081.16510  2457081.16224  2015-02-27.6647001  coadd_ba190740 1.67 -2.05 16.878     >16.878  99.990          27.16        89.45   0.069        0.227       
2457083.16602  2457083.16319  2015-03-01.6656167  coadd_ba190964 1.76 -2.05 16.834     >16.834  99.990         -36.59        93.16   -0.093       0.236       
2457084.16292  2457084.16009  2015-03-02.6625136  coadd_ba191228 2.08 -2.05 17.001      16.770  0.295          296.52        79.88   0.752        0.202       
2457103.14785  2457103.14545  2015-03-21.6478660  coadd_ba195050 1.63 -2.05 17.714     >17.714  99.990          43.80        41.43   0.111        0.105       
2457106.12081  2457106.11850  2015-03-24.6208232  coadd_ba195949 1.62 -2.05 17.844     >17.844  99.990          42.72        36.77   0.108        0.093       
2457107.13059  2457107.12830  2015-03-25.6305998  coadd_ba196303 1.64 -2.05 18.283     >18.283  99.990          10.47        24.53   0.027        0.062       
2457114.09422  2457114.09218  2015-04-01.5942388  coadd_ba198400 2.15 -2.05 17.757     >17.757  99.990          21.31        39.80   0.054        0.101       
2457115.09718  2457115.09517  2015-04-02.5971770  coadd_ba198750 2.12 -2.05 17.457     >17.457  99.990          15.36        52.47   0.039        0.133       
2457136.09082  2457136.08970  2015-04-23.5908292  coadd_ba203718 1.72 -2.05 18.414     >18.414  99.990          19.95        21.75   0.051        0.055       
2457137.03539  2457137.03432  2015-04-24.5354070  coadd_ba204023 1.70 -2.05 18.039     >18.039  99.990         -38.48        30.71   -0.098       0.078       
2457138.05188  2457138.05085  2015-04-25.5518894  coadd_ba204370 1.73 -2.05 18.394      18.159  0.294           82.46        22.14   0.209        0.056       
2457155.99356  2457155.99342  2015-05-13.4935637  coadd_ba207517 2.17 -2.05 18.175     >18.175  99.990          60.80        27.10   0.154        0.069       
2457162.03371  2457162.03387  2015-05-19.5337108  coadd_ba208806 1.72 -2.05 17.960     >17.960  99.990          60.31        33.02   0.153        0.084       
2457163.00224  2457163.00246  2015-05-20.5022506  coadd_ba209111 1.85 -2.05 18.087     >18.087  99.990          37.59        29.38   0.095        0.074       
2457167.02243  2457167.02285  2015-05-24.5224543  coadd_ba210070 1.71 -2.05 18.415     >18.415  99.990          25.92        21.72   0.066        0.055       
2457172.93171  2457172.93242  2015-05-30.4317206  coadd_ba211269 1.69 -2.05 17.413     >17.413  99.990          10.37        54.65   0.026        0.139       
2457180.03977  2457180.04082  2015-06-06.5397787  coadd_ba212875 1.98 -2.05 17.806     >17.806  99.990           6.53        38.06   0.017        0.096       
2457181.91855  2457181.91970  2015-06-08.4185685  coadd_ba213403 1.69 -2.05 18.131     >18.131  99.990          10.68        28.22   0.027        0.072       
2457183.94436  2457183.94559  2015-06-10.4443769  coadd_ba213843 1.79 -2.05 18.470     >18.470  99.990          57.66        20.64   0.146        0.052       
2457190.93616  2457190.93771  2015-06-17.4361927  coadd_ba215431 1.75 -2.05 18.131     >18.131  99.990          15.87        28.21   0.040        0.072       
2457192.98452  2457192.98615  2015-06-19.4845252  coadd_ba215909 1.66 -2.05 18.444     >18.444  99.990          -6.50        21.15   -0.016       0.054       
2457199.85831  2457199.86022  2015-06-26.3583255  coadd_ba217635 1.71 -2.05 18.331     >18.331  99.990           9.56        23.46   0.024        0.059       
2457203.84070  2457203.84276  2015-06-30.3407009  coadd_ba218815 1.70 -2.05 17.337     >17.337  99.990          21.54        58.62   0.055        0.149       
2457210.01304  2457210.01533  2015-07-06.5130415  coadd_ba220361 1.66 -2.05 17.726     >17.726  99.990          35.57        40.98   0.090        0.104       
2457213.01800  2457213.02038  2015-07-09.5180024  coadd_ba221084 1.69 -2.05 18.318     >18.318  99.990           9.69        23.75   0.025        0.060       
2457217.86911  2457217.87162  2015-07-14.3691119  coadd_ba221852 1.67 -2.05 18.009      17.930  0.340          101.89        31.58   0.258        0.080       
2457218.95856  2457218.96111  2015-07-15.4585655  coadd_ba222103 1.67 -2.05 18.346     >18.346  99.990           3.04        23.16   0.008        0.059       
2457226.82356  2457226.82630  2015-07-23.3235633  coadd_ba223091 1.63 -2.05 18.025     >18.025  99.990        -176.25        31.12   -0.447       0.079       
2457233.02090  2457233.02375  2015-07-29.5208972  coadd_ba224951 1.65 -2.05 17.457     >17.457  99.990           5.41        52.50   0.014        0.133       
2457235.74708  2457235.74998  2015-08-01.2470877  coadd_ba225448 2.07 -2.05 17.237     >17.237  99.990        -121.85        64.30   -0.309       0.163       
2457237.81606  2457237.81899  2015-08-03.3160650  coadd_ba225881 1.66 -2.05 17.828     >17.828  99.990          39.71        37.30   0.101        0.095       
2457241.96954  2457241.97250  2015-08-07.4695375  coadd_ba226762 1.80 -2.05 18.549     >18.549  99.990          24.00        19.19   0.061        0.049       
2457243.90731  2457243.91029  2015-08-09.4073130  coadd_ba227394 1.68 -2.05 18.331      18.309  0.358           71.82        23.47   0.182        0.059       
2457244.76234  2457244.76532  2015-08-10.2623370  coadd_ba227635 2.21 -2.05 18.060     >18.060  99.990         -18.72        30.11   -0.047       0.076       
2457255.87287  2457255.87587  2015-08-21.3728748  coadd_ba229751 1.62 -2.05 18.502      17.907  0.211          104.06        20.06   0.264        0.051       
2457263.81307  2457263.81602  2015-08-29.3130696  coadd_ba231075 1.69 -2.05 17.101     >17.101  99.990         161.45        72.88   0.409        0.185       
2457265.92761  2457265.93054  2015-08-31.4276103  coadd_ba231859 1.67 -2.05 18.010     >18.010  99.990          12.99        31.55   0.033        0.080       
2457270.87178  2457270.87464  2015-09-05.3717819  coadd_ba232671 1.63 -2.05 18.316     >18.316  99.990         -52.05        23.79   -0.132       0.060       
2457271.72375  2457271.72660  2015-09-06.2237548  coadd_ba233047 1.73 -2.05 17.534     >17.534  99.990         -50.59        48.89   -0.128       0.124       
2457273.90678  2457273.90959  2015-09-08.4067805  coadd_ba233549 1.66 -2.05 18.684     >18.684  99.990         -28.06        16.96   -0.071       0.043       
2457277.89565  2457277.89838  2015-09-12.3956531  coadd_ba234943 1.66 -2.05 18.501     >18.501  99.990         -36.87        20.08   -0.093       0.051       
2457296.84235  2457296.84454  2015-10-01.3423554  coadd_ba237724 1.65 -2.05 17.563     >17.563  99.990         -20.92        47.62   -0.053       0.121       
2457298.84137  2457298.84348  2015-10-03.3413684  coadd_ba238465 1.57 -2.05 18.385     >18.385  99.990          28.05        22.32   0.071        0.057       
2457300.83295  2457300.83499  2015-10-05.3329509  coadd_ba238406 1.63 -2.05 18.357     >18.357  99.990          -4.14        22.91   -0.010       0.058       
2457303.75248  2457303.75441  2015-10-08.2524859  coadd_ba239303 1.78 -2.05 18.728     >18.728  99.990          22.87        16.28   0.058        0.041       
2457308.76106  2457308.76278  2015-10-13.2610574  coadd_ba240904 1.64 -2.05 18.493      18.167  0.270           81.87        20.22   0.208        0.051       
2457314.79419  2457314.79565  2015-10-19.2941917  coadd_ba242581 1.63 -2.05 18.124     >18.124  99.990          34.25        28.40   0.087        0.072       
2457318.75240  2457318.75367  2015-10-23.2523991  coadd_ba244259 1.74 -2.05 17.825     >17.825  99.990          35.10        37.39   0.089        0.095       
2457320.69422  2457320.69540  2015-10-25.1942165  coadd_ba245034 2.12 -2.05 17.474     >17.474  99.990          99.73        51.67   0.253        0.131       
2457322.71241  2457322.71349  2015-10-27.2124081  coadd_ba245869 2.01 -2.05 17.371     >17.371  99.990        -113.72        56.84   -0.288       0.144       
2457324.74614  2457324.74713  2015-10-29.2461400  coadd_ba246638 1.65 -2.05 17.960     >17.960  99.990          56.88        33.02   0.144        0.084       
2457328.74854  2457328.74934  2015-11-02.2485446  coadd_ba247577 1.60 -2.05 17.878     >17.878  99.990         -32.95        35.61   -0.084       0.090       
2457330.75262  2457330.75331  2015-11-04.2526243  coadd_ba248315 2.04 -2.05 18.529     >18.529  99.990          49.70        19.56   0.126        0.050       
2457333.72784  2457333.72839  2015-11-07.2278425  coadd_ba249051 1.67 -2.05 18.650     >18.650  99.990          -8.86        17.49   -0.022       0.044       
2457449.16544  2457449.16261  2016-03-01.6654393  coadd_ba286168 2.06 -2.05 16.579     >16.579  99.990         274.22       117.84   0.695        0.299       
2457450.15813  2457450.15532  2016-03-02.6581309  coadd_ba286575 1.99 -2.05 17.624     >17.624  99.990          74.33        45.01   0.188        0.114       
2457452.15105  2457452.14827  2016-03-04.6510465  coadd_ba287394 1.69 -2.05 18.387     >18.387  99.990          -2.72        22.29   -0.007       0.056       
2457457.14066  2457457.13798  2016-03-09.6406646  coadd_ba289097 1.77 -2.05 17.205     >17.205  99.990         132.41        66.18   0.336        0.168       
2457457.16356  2457457.16087  2016-03-09.6635618  coadd_ba289115 2.12 -2.05 16.483     >16.483  99.990        -253.72       128.68   -0.643       0.326       
2457458.13705  2457458.13438  2016-03-10.6370511  coadd_ba289474 2.16 -2.05 18.346      17.559  0.177          143.35        23.16   0.363        0.059       
2457465.12995  2457465.12746  2016-03-17.6299561  coadd_ba291925 2.21 -2.05 18.428     >18.428  99.990          55.89        21.46   0.142        0.054       
2457470.11581  2457470.11345  2016-03-22.6158060  coadd_ba293549 2.27 -2.05 16.933     >16.933  99.990         159.02        85.06   0.403        0.216       
2457475.10570  2457475.10350  2016-03-27.6056954  coadd_ba294694 2.35 -2.05 17.743      17.695  0.349          126.52        40.32   0.321        0.102       
2457481.10709  2457481.10511  2016-04-02.6070958  coadd_ba296653 2.03 -2.05 18.184     >18.184  99.990         -64.48        26.86   -0.163       0.068       
2457488.08209  2457488.08038  2016-04-09.5820864  coadd_ba298326 2.13 -2.05 18.397     >18.397  99.990          31.91        22.09   0.081        0.056       
2457494.06486  2457494.06341  2016-04-15.5648574  coadd_ba300531 1.65 -2.05 18.491     >18.491  99.990          11.29        20.25   0.029        0.051       
2457500.07051  2457500.06934  2016-04-21.5705175  coadd_ba302152 1.66 -2.05 17.504     >17.504  99.990          50.00        50.28   0.127        0.127       
2457506.03455  2457506.03366  2016-04-27.5345565  coadd_ba304225 1.64 -2.05 17.827     >17.827  99.990          36.44        37.32   0.092        0.095       
2457508.04242  2457508.04162  2016-04-29.5424244  coadd_ba304910 1.75 -2.05 18.056     >18.056  99.990          53.36        30.22   0.135        0.077       
2457512.06644  2457512.06584  2016-05-03.5664467  coadd_ba306189 1.71 -2.05 18.509     >18.509  99.990         -33.92        19.93   -0.086       0.051       
2457523.96844  2457523.96844  2016-05-15.4684428  coadd_ba308562 1.72 -2.05 18.207     >18.207  99.990         -32.36        26.31   -0.082       0.067       
2457526.09793  2457526.09804  2016-05-17.5979347  coadd_ba308999 1.70 -2.05 18.418     >18.418  99.990           1.53        21.66   0.004        0.055       
2457528.95535  2457528.95560  2016-05-20.4553502  coadd_ba309810 1.68 -2.05 17.267     >17.267  99.990         -67.80        62.56   -0.172       0.159       
2457536.07522  2457536.07582  2016-05-27.5752165  coadd_ba311548 1.74 -2.05 18.181     >18.181  99.990          75.81        26.94   0.192        0.068       
2457542.02027  2457542.02117  2016-06-02.5202716  coadd_ba312981 1.99 -2.05 18.288     >18.288  99.990          12.55        24.42   0.032        0.062       
2457548.97666  2457548.97788  2016-06-09.4766642  coadd_ba315076 1.64 -2.05 18.465     >18.465  99.990          -6.58        20.74   -0.017       0.053       
2457558.98278  2457558.98444  2016-06-19.4827789  coadd_ba317239 1.66 -2.05 17.492     >17.492  99.990          42.22        50.82   0.107        0.129       
2457566.91570  2457566.91768  2016-06-27.4156998  coadd_ba319322 1.67 -2.05 18.586     >18.586  99.990           1.54        18.56   0.004        0.047       
2457570.91964  2457570.92177  2016-07-01.4196436  coadd_ba320399 2.03 -2.05 18.620     >18.620  99.990          -9.01        17.99   -0.023       0.046       
2457575.99140  2457575.99371  2016-07-06.4914016  coadd_ba321429 1.64 -2.05 18.506     >18.506  99.990          54.01        19.98   0.137        0.051       
2457582.00231  2457582.00480  2016-07-12.5023125  coadd_ba323123 1.69 -2.05 17.181     >17.181  99.990        -108.12        67.69   -0.274       0.172       
2457582.99057  2457582.99309  2016-07-13.4905695  coadd_ba323342 1.64 -2.05 18.539     >18.539  99.990         -34.73        19.37   -0.088       0.049       
2457586.91313  2457586.91574  2016-07-17.4131259  coadd_ba324159 1.68 -2.05 17.890      17.740  0.318          121.38        35.23   0.308        0.089       
2457592.84430  2457592.84705  2016-07-23.3442993  coadd_ba325418 1.80 -2.05 17.957     >17.957  99.990         -43.31        33.14   -0.110       0.084       
2457596.88860  2457596.89143  2016-07-27.3886012  coadd_ba326098 2.10 -2.05 18.581     >18.581  99.990         -35.70        18.65   -0.090       0.047       
2457603.00735  2457603.01027  2016-08-02.5073476  coadd_ba327985 1.68 -2.05 18.717     >18.717  99.990          39.14        16.45   0.099        0.042       
2457606.84159  2457606.84455  2016-08-06.3415893  coadd_ba329128 2.20 -2.05 18.652      18.316  0.268           71.35        17.47   0.181        0.044       
2457608.90650  2457608.90948  2016-08-08.4065032  coadd_ba329853 1.62 -2.05 18.548     >18.548  99.990         -17.09        19.22   -0.043       0.049       
2457611.96529  2457611.96829  2016-08-11.4652956  coadd_ba330853 1.69 -2.05 18.445     >18.445  99.990          15.97        21.13   0.040        0.054       
2457613.75349  2457613.75649  2016-08-13.2534884  coadd_ba331424 1.70 -2.05 18.017     >18.017  99.990          11.26        31.35   0.029        0.079       
2457617.95965  2457617.96266  2016-08-17.4596512  coadd_ba332540 1.66 -2.05 17.527     >17.527  99.990          44.24        49.20   0.112        0.125       
2457620.80718  2457620.81018  2016-08-20.3071774  coadd_ba333529 2.09 -2.05 17.685      17.422  0.287          162.57        42.55   0.412        0.108       
2457625.80976  2457625.81274  2016-08-25.3097612  coadd_ba334203 1.66 -2.05 18.643      18.142  0.230           83.80        17.61   0.212        0.045       
2457626.79950  2457626.80247  2016-08-26.2994981  coadd_ba334448 1.99 -2.05 18.426     >18.426  99.990         -43.26        21.51   -0.110       0.055       
2457636.91226  2457636.91510  2016-09-05.4122574  coadd_ba336064 1.62 -2.05 18.508     >18.508  99.990          56.90        19.93   0.144        0.051       
2457638.85842  2457638.86123  2016-09-07.3584201  coadd_ba336796 1.75 -2.05 18.359     >18.359  99.990        -119.86        22.87   -0.304       0.058       
2457643.83752  2457643.84023  2016-09-12.3375184  coadd_ba337667 1.64 -2.05 18.078     >18.078  99.990         -22.97        29.62   -0.058       0.075       
2457652.86653  2457652.86901  2016-09-21.3665278  coadd_ba339395 1.68 -2.05 18.247     >18.247  99.990          52.39        25.36   0.133        0.064       
2457656.80667  2457656.80904  2016-09-25.3066746  coadd_ba340081 1.59 -2.05 18.543     >18.543  99.990         -27.59        19.30   -0.070       0.049       
2457659.87183  2457659.87409  2016-09-28.3718290  coadd_ba341064 1.69 -2.05 18.404     >18.404  99.990         -68.94        21.95   -0.175       0.056       
2457662.77511  2457662.77727  2016-10-01.2751097  coadd_ba341782 1.78 -2.05 18.535     >18.535  99.990          -5.73        19.44   -0.015       0.049       
2457668.82510  2457668.82703  2016-10-07.3251048  coadd_ba342806 1.68 -2.05 18.241     >18.241  99.990          40.15        25.49   0.102        0.065       
2457671.78580  2457671.78762  2016-10-10.2858077  coadd_ba343992 1.60 -2.05 17.643     >17.643  99.990           5.84        44.24   0.015        0.112       
2457675.77587  2457675.77752  2016-10-14.2758744  coadd_ba345466 2.18 -2.05 17.609     >17.609  99.990          72.79        45.64   0.184        0.116       
2457685.77386  2457685.77505  2016-10-24.2738583  coadd_ba348310 2.28 -2.05 17.336     >17.336  99.990         -31.52        58.66   -0.080       0.149       
2457686.76643  2457686.76758  2016-10-25.2664322  coadd_ba348718 1.71 -2.05 18.480     >18.480  99.990         -62.93        20.47   -0.159       0.052       
2457690.75763  2457690.75858  2016-10-29.2576303  coadd_ba350370 2.07 -2.05 18.491     >18.491  99.990           5.58        20.25   0.014        0.051       
2457693.74513  2457693.74594  2016-11-01.2451365  coadd_ba351040 1.74 -2.05 18.148      18.120  0.356           85.48        27.77   0.217        0.070       
2457694.74077  2457694.74153  2016-11-02.2407709  coadd_ba351457 1.68 -2.05 18.456     >18.456  99.990         -26.55        20.92   -0.067       0.053       
2457697.73597  2457697.73658  2016-11-05.2359776  coadd_ba352716 1.72 -2.05 18.422     >18.422  99.990         -19.85        21.59   -0.050       0.055       
2457703.71573  2457703.71603  2016-11-11.2157320  coadd_ba355091 1.61 -2.05 17.981     >17.981  99.990         -78.50        32.39   -0.199       0.082       
2457706.70756  2457706.70771  2016-11-14.2075648  coadd_ba356326 1.63 -2.05 17.553     >17.553  99.990         -25.42        48.03   -0.064       0.122       
2457710.69920  2457710.69914  2016-11-18.1992019  coadd_ba357964 1.73 -2.05 18.436     >18.436  99.990         -22.87        21.30   -0.058       0.054       
2457823.13711  2457823.13443  2017-03-10.6371081  coadd_ba387769 1.61 -2.05 17.997      17.892  0.331          105.47        31.92   0.267        0.081       
2457829.13418  2457829.13165  2017-03-16.6341841  coadd_ba389773 1.60 -2.05 17.703     >17.703  99.990        -159.46        41.85   -0.404       0.106       
2457835.12360  2457835.12124  2017-03-22.6236043  coadd_ba392001 1.74 -2.05 18.409      18.336  0.341           70.09        21.85   0.178        0.055       
2457843.11377  2457843.11167  2017-03-30.6137696  coadd_ba394568 1.70 -2.05 18.443     >18.443  99.990          17.26        21.17   0.044        0.054       
2457846.09610  2457846.09411  2017-04-02.5960993  coadd_ba395500 2.18 -2.05 18.584     >18.584  99.990          28.80        18.59   0.073        0.047       
2457852.06908  2457852.06732  2017-04-08.5690872  coadd_ba397665 2.00 -2.05 17.590     >17.590  99.990         -96.28        46.45   -0.244       0.118       
2457859.11155  2457859.11009  2017-04-15.6115472  coadd_ba399519 1.72 -2.05 18.022     >18.022  99.990          37.98        31.20   0.096        0.079       
2457870.08693  2457870.08598  2017-04-26.5869337  coadd_ba401665 1.68 -2.05 18.522     >18.522  99.990          19.64        19.69   0.050        0.050       
2457877.07452  2457877.07391  2017-05-03.5745202  coadd_ba402621 1.66 -2.05 18.567     >18.567  99.990         -31.75        18.88   -0.080       0.048       
2457879.99917  2457879.99871  2017-05-06.4991736  coadd_ba403649 1.69 -2.05 17.639     >17.639  99.990          41.27        44.39   0.105        0.113       
2457883.99278  2457883.99252  2017-05-10.4927873  coadd_ba404870 1.75 -2.05 17.355     >17.355  99.990        -142.88        57.68   -0.362       0.146       
2457889.08562  2457889.08561  2017-05-15.5856245  coadd_ba405818 1.68 -2.05 17.798     >17.798  99.990          64.17        38.34   0.163        0.097       
2457893.02697  2457893.02716  2017-05-19.5269747  coadd_ba407032 1.65 -2.05 18.295      17.997  0.277           95.78        24.26   0.243        0.062       
2457896.01635  2457896.01669  2017-05-22.5163538  coadd_ba408073 2.02 -2.05 18.913     >18.913  99.990          -2.92        13.73   -0.007       0.035       
2457898.10276  2457898.10321  2017-05-24.6027662  coadd_ba408701 1.65 -2.05 18.506      18.114  0.254           85.96        19.97   0.218        0.051       
2457899.10022  2457899.10071  2017-05-25.6002165  coadd_ba409043 1.66 -2.05 18.525     >18.525  99.990          -0.58        19.62   -0.001       0.050       
2457904.95382  2457904.95461  2017-05-31.4538221  coadd_ba410571 1.65 -2.05 18.398     >18.398  99.990         -74.31        22.07   -0.188       0.056       
2457907.94872  2457907.94965  2017-06-03.4487185  coadd_ba411464 1.71 -2.05 17.987     >17.987  99.990          85.99        32.20   0.218        0.082       
2457910.08662  2457910.08765  2017-06-05.5866238  coadd_ba412113 1.71 -2.05 18.761     >18.761  99.990           4.00        15.79   0.010        0.040       
2457910.91201  2457910.91308  2017-06-06.4120134  coadd_ba412318 1.66 -2.05 17.455     >17.455  99.990         -88.20        52.60   -0.224       0.133       
2457914.97686  2457914.97812  2017-06-10.4768637  coadd_ba413617 1.61 -2.05 17.421     >17.421  99.990        -136.82        54.25   -0.347       0.138       
2457920.96761  2457920.96914  2017-06-16.4676103  coadd_ba414512 1.61 -2.05 17.992     >17.992  99.990          65.81        32.05   0.167        0.081       
2457926.04800  2457926.04974  2017-06-21.5480001  coadd_ba415530 2.13 -2.05 18.406     >18.406  99.990         -82.17        21.90   -0.208       0.056       
2457930.95902  2457930.96096  2017-06-26.4590318  coadd_ba417004 1.67 -2.05 18.359     >18.359  99.990        -211.61        22.86   -0.536       0.058       
2457932.95826  2457932.96027  2017-06-28.4582596  coadd_ba417610 2.14 -2.05 17.925     >17.925  99.990        -199.12        34.10   -0.505       0.086       
2457937.90068  2457937.90288  2017-07-03.4006825  coadd_ba418567 1.63 -2.05 18.046     >18.046  99.990         -17.47        30.51   -0.044       0.077       
2457940.82442  2457940.82671  2017-07-06.3244240  coadd_ba419423 1.97 -2.05 17.311     >17.311  99.990          30.07        60.05   0.076        0.152       
2457944.90732  2457944.90974  2017-07-10.4073184  coadd_ba420809 1.68 -2.05 17.494      17.361  0.323          171.95        50.71   0.436        0.129       
2457948.99833  2457949.00087  2017-07-14.4983321  coadd_ba421826 1.65 -2.05 18.011     >18.011  99.990          61.83        31.52   0.157        0.080       
2457955.93208  2457955.93479  2017-07-21.4320885  coadd_ba422958 2.08 -2.05 18.451     >18.451  99.990         -88.69        21.01   -0.225       0.053       
2457959.99579  2457959.99858  2017-07-25.4957990  coadd_ba423651 1.67 -2.05 18.591     >18.591  99.990           3.91        18.47   0.010        0.047       
2457964.88367  2457964.88654  2017-07-30.3836717  coadd_ba424736 1.66 -2.05 18.587     >18.587  99.990          16.72        18.54   0.042        0.047       
2457969.83990  2457969.84284  2017-08-04.3399008  coadd_ba425738 1.61 -2.05 17.893     >17.893  99.990          76.92        35.14   0.195        0.089       
2457971.93021  2457971.93317  2017-08-06.4302142  coadd_ba426531 1.68 -2.05 17.527     >17.527  99.990         -47.25        49.21   -0.120       0.125       
2457977.97263  2457977.97563  2017-08-12.4726300  coadd_ba428540 1.66 -2.05 17.989     >17.989  99.990         -24.96        32.16   -0.063       0.082       
2457979.90369  2457979.90670  2017-08-14.4036953  coadd_ba429198 1.62 -2.05 18.538     >18.538  99.990          -0.98        19.39   -0.002       0.049       
2457981.87546  2457981.87846  2017-08-16.3754611  coadd_ba429891 1.70 -2.05 18.749     >18.749  99.990          13.24        15.97   0.034        0.040       
2457988.95011  2457988.95310  2017-08-23.4501135  coadd_ba431543 1.75 -2.05 18.549     >18.549  99.990          -4.34        19.19   -0.011       0.049       
2457990.82756  2457990.83054  2017-08-25.3275644  coadd_ba432161 1.79 -2.05 18.718     >18.718  99.990         -36.01        16.43   -0.091       0.042       
2457995.89254  2457995.89547  2017-08-30.3925472  coadd_ba433311 2.01 -2.05 18.007     >18.007  99.990         -97.48        31.62   -0.247       0.080       
2457999.84083  2457999.84371  2017-09-03.3408309  coadd_ba434664 1.72 -2.05 17.514     >17.514  99.990          28.22        49.79   0.072        0.126       
2458001.81977  2458001.82263  2017-09-05.3197844  coadd_ba435119 1.70 -2.05 17.625     >17.625  99.990        -102.89        44.98   -0.261       0.114       
2458002.89942  2458002.90226  2017-09-06.3994306  coadd_ba435501 1.97 -2.05 17.243     >17.243  99.990        -127.78        63.90   -0.324       0.162       
2458004.76857  2458004.77137  2017-09-08.2685776  coadd_ba435958 1.63 -2.05 17.926     >17.926  99.990         -60.92        34.09   -0.154       0.086       
2458009.89260  2458009.89529  2017-09-13.3926043  coadd_ba436935 1.68 -2.05 18.576     >18.576  99.990         -76.14        18.73   -0.193       0.047       
2458012.88643  2458012.88905  2017-09-16.3864364  coadd_ba437792 1.64 -2.05 18.374     >18.374  99.990         -83.18        22.55   -0.211       0.057       
2458015.87691  2458015.87946  2017-09-19.3769130  coadd_ba438728 2.14 -2.05 18.324     >18.324  99.990          49.35        23.61   0.125        0.060       
2458018.86698  2458018.86944  2017-09-22.3669862  coadd_ba439542 1.76 -2.05 18.587     >18.587  99.990           4.45        18.54   0.011        0.047       
2458022.73327  2458022.73561  2017-09-26.2332787  coadd_ba440949 1.78 -2.05 18.545     >18.545  99.990           7.65        19.26   0.019        0.049       
2458028.78368  2458028.78582  2017-10-02.2836893  coadd_ba442847 1.64 -2.05 17.826     >17.826  99.990           1.75        37.36   0.004        0.095       
2458034.79349  2458034.79540  2017-10-08.2934928  coadd_ba444397 1.66 -2.05 17.886     >17.886  99.990         -23.89        35.35   -0.061       0.090       
2458044.79577  2458044.79725  2017-10-18.2957745  coadd_ba445855 2.38 -2.05 18.475     >18.475  99.990          13.36        20.55   0.034        0.052       
2458048.78564  2458048.78694  2017-10-22.2856489  coadd_ba446642 1.64 -2.05 18.475     >18.475  99.990         -97.37        20.56   -0.247       0.052       
2458053.76314  2458053.76420  2017-10-27.2631418  coadd_ba446980 1.69 -2.05 18.004     >18.004  99.990          63.43        31.73   0.161        0.080       
2458054.73497  2458054.73598  2017-10-28.2349751  coadd_ba447366 1.60 -2.05 17.887     >17.887  99.990         -92.93        35.32   -0.236       0.090       
2458056.74088  2458056.74179  2017-10-30.2408829  coadd_ba448185 1.62 -2.05 17.784     >17.784  99.990        -105.85        38.83   -0.268       0.098       
2458059.74506  2458059.74583  2017-11-02.2450664  coadd_ba448766 1.63 -2.05 17.618     >17.618  99.990         -35.22        45.24   -0.089       0.115       
2458060.74463  2458060.74535  2017-11-03.2446375  coadd_ba449188 2.08 -2.05 17.437     >17.437  99.990          59.14        53.47   0.150        0.136       
2458061.74035  2458061.74102  2017-11-04.2403531  coadd_ba450049 2.08 -2.05 17.212     >17.212  99.990         -64.26        65.78   -0.163       0.167       
2458062.73634  2458062.73696  2017-11-05.2363413  coadd_ba450340 2.09 -2.05 17.838     >17.838  99.990          29.80        36.97   0.076        0.094       
2458063.73612  2458063.73669  2017-11-06.2361292  coadd_ba450636 1.68 -2.05 18.323     >18.323  99.990          13.49        23.63   0.034        0.060       
2458066.72212  2458066.72254  2017-11-09.2221267  coadd_ba451651 1.76 -2.05 18.288     >18.288  99.990          44.34        24.41   0.112        0.062       
2458067.71981  2458067.72017  2017-11-10.2198173  coadd_ba452072 1.64 -2.05 18.542     >18.542  99.990          13.27        19.33   0.034        0.049       
2458070.71174  2458070.71195  2017-11-13.2117461  coadd_ba452744 1.77 -2.05 18.390      17.946  0.243          100.33        22.23   0.254        0.056       
2458071.71143  2458071.71159  2017-11-14.2114288  coadd_ba453168 2.17 -2.05 18.398     >18.398  99.990          43.18        22.07   0.109        0.056       
2458072.70734  2458072.70745  2017-11-15.2073456  coadd_ba453519 1.78 -2.05 18.388     >18.388  99.990         -61.62        22.27   -0.156       0.056       
2458073.70345  2458073.70351  2017-11-16.2034554  coadd_ba453610 2.04 -2.05 18.410     >18.410  99.990         -86.09        21.82   -0.218       0.055       
2458076.69805  2458076.69795  2017-11-19.1980468  coadd_ba454542 1.73 -2.05 17.408     >17.408  99.990         -63.82        54.93   -0.162       0.139       
2458079.68764  2458079.68738  2017-11-22.1876375  coadd_ba455445 1.74 -2.05 17.560     >17.560  99.990          -4.20        47.75   -0.011       0.121       
2458180.16230  2458180.15948  2018-03-02.6623062  coadd_ba476169 2.15 -2.05 16.842     >16.842  99.990        -187.66        92.52   -0.476       0.235       
2458184.15161  2458184.14886  2018-03-06.6516159  coadd_ba476686 1.57 -2.05 17.000     >17.000  99.990         117.75        80.00   0.298        0.203       
2458185.14404  2458185.14130  2018-03-07.6440450  coadd_ba477070 1.58 -2.05 17.750     >17.750  99.990         -81.41        40.09   -0.206       0.102       
2458186.14435  2458186.14163  2018-03-08.6443563  coadd_ba477460 1.63 -2.05 17.238     >17.238  99.990         114.10        64.24   0.289        0.163       
2458200.13399  2458200.13162  2018-03-22.6339915  coadd_ba479693 1.59 -2.05 17.852     >17.852  99.990         -30.13        36.49   -0.076       0.092       
2458207.10994  2458207.10780  2018-03-29.6099461  coadd_ba480287 2.43 -2.05 17.450     >17.450  99.990         -67.30        52.82   -0.171       0.134       
2458233.03335  2458233.03229  2018-04-24.5333614  coadd_ba485068 1.61 -2.05 18.230     >18.230  99.990         -71.21        25.76   -0.180       0.065       
2458245.99962  2458245.99919  2018-05-07.4996246  coadd_ba486780 1.66 -2.05 17.290     >17.290  99.990         -12.78        61.23   -0.032       0.155       
2458251.96867  2458251.96854  2018-05-13.4686762  coadd_ba488020 2.01 -2.05 18.345      18.040  0.276           92.02        23.17   0.233        0.059       
2458260.05692  2458260.05719  2018-05-21.5569190  coadd_ba490102 1.98 -2.05 18.458     >18.458  99.990         -20.36        20.87   -0.052       0.053       
2458261.95355  2458261.95392  2018-05-23.4535537  coadd_ba490728 1.59 -2.05 17.971     >17.971  99.990           9.41        32.69   0.024        0.083       
2458265.11578  2458265.11632  2018-05-26.6157907  coadd_ba491300 2.02 -2.05 16.843     >16.843  99.990        -149.82        92.37   -0.380       0.234       
2458276.08057  2458276.08163  2018-06-06.5805724  coadd_ba493428 1.65 -2.05 17.428     >17.428  99.990          -7.31        53.93   -0.019       0.137       
2458277.93217  2458277.93332  2018-06-08.4321743  coadd_ba493851 1.60 -2.05 18.055     >18.055  99.990        -154.56        30.25   -0.392       0.077       
2458287.86991  2458287.87150  2018-06-18.3699076  coadd_ba496601 2.04 -2.05 18.459     >18.459  99.990         -28.62        20.86   -0.073       0.053       
2458290.91161  2458290.91334  2018-06-21.4116140  coadd_ba497087 2.04 -2.05 18.012     >18.012  99.990          46.05        31.50   0.117        0.080       
2458292.07906  2458292.08084  2018-06-22.5790716  coadd_ba497525 2.13 -2.05 18.316     >18.316  99.990         -16.10        23.79   -0.041       0.060       
2458294.95117  2458294.95306  2018-06-25.4511788  coadd_ba498205 1.97 -2.05 17.829     >17.829  99.990          11.16        37.25   0.028        0.094       
2458298.96055  2458298.96259  2018-06-29.4605510  coadd_ba499396 1.99 -2.05 17.895     >17.895  99.990          25.67        35.06   0.065        0.089       
2458307.94527  2458307.94762  2018-07-08.4452718  coadd_ba501068 1.59 -2.05 18.494      18.355  0.321           68.85        20.20   0.175        0.051       
2458309.99118  2458309.99359  2018-07-10.4911804  coadd_ba501752 1.63 -2.05 18.188     >18.188  99.990          37.10        26.76   0.094        0.068       
2458315.81484  2458315.81742  2018-07-16.3148429  coadd_ba503205 1.63 -2.05 18.268     >18.268  99.990          -2.06        24.86   -0.005       0.063       
2458318.90478  2458318.90744  2018-07-19.4047872  coadd_ba504066 1.99 -2.05 18.430     >18.430  99.990         -11.82        21.43   -0.030       0.054       
2458322.89658  2458322.89932  2018-07-23.3965880  coadd_ba505345 2.01 -2.05 17.840     >17.840  99.990          21.66        36.88   0.055        0.093       
2458326.94127  2458326.94409  2018-07-27.4412783  coadd_ba506719 1.52 -2.05 17.198     >17.198  99.990        -221.39        66.60   -0.561       0.169       
2458328.95904  2458328.96190  2018-07-29.4590476  coadd_ba507419 2.01 -2.05 17.660     >17.660  99.990          13.97        43.52   0.035        0.110       
2458333.91415  2458333.91707  2018-08-03.4141524  coadd_ba508709 1.62 -2.05 17.885     >17.885  99.990          -0.53        35.38   -0.001       0.090       
2458335.93115  2458335.93409  2018-08-05.4311503  coadd_ba509257 1.59 -2.05 18.708     >18.708  99.990           1.36        16.59   0.003        0.042       
2458342.91591  2458342.91891  2018-08-12.4159129  coadd_ba511010 1.59 -2.05 18.307      18.022  0.281           93.63        23.99   0.237        0.061       
2458345.95174  2458345.95475  2018-08-15.4517479  coadd_ba511912 1.58 -2.05 16.295     >16.295  99.990        -406.02       153.04   -1.029       0.388       
2458351.79581  2458351.79881  2018-08-21.2958129  coadd_ba513215 2.06 -2.05 17.967     >17.967  99.990          45.40        32.82   0.115        0.083       
2458360.50125  2458360.50219  2018-08-30.4240471  coadd_ba514389 1.97 -2.05 17.753     >17.753  99.990          87.27        39.97   0.221        0.101       
2458361.93057  2458361.93350  2018-08-31.4305721  coadd_ba514717 1.63 -2.05 17.799     >17.799  99.990         -99.65        38.32   -0.253       0.097       
2458362.94806  2458362.95097  2018-09-01.4480638  coadd_ba514978 1.61 -2.05 17.913     >17.913  99.990        -164.21        34.50   -0.416       0.087       
2458367.75087  2458367.75371  2018-09-06.2508754  coadd_ba515634 2.03 -2.05 18.412     >18.412  99.990          36.09        21.79   0.091        0.055       
2458370.86924  2458370.87203  2018-09-09.3692401  coadd_ba516436 1.64 -2.05 18.360     >18.360  99.990          24.68        22.85   0.063        0.058       
2458372.89132  2458372.89407  2018-09-11.3913274  coadd_ba517224 2.02 -2.05 18.357     >18.357  99.990          59.80        22.92   0.152        0.058       
2458376.87671  2458376.87936  2018-09-15.3767096  coadd_ba517721 1.57 -2.05 17.959     >17.959  99.990          55.24        33.06   0.140        0.084       
2458379.84801  2458379.85059  2018-09-18.3480201  coadd_ba518718 1.96 -2.05 18.046     >18.046  99.990          -9.52        30.50   -0.024       0.077       
2458384.73561  2458384.73806  2018-09-23.2356172  coadd_ba520011 1.62 -2.05 17.381     >17.381  99.990        -127.66        56.28   -0.324       0.143       
2458401.80215  2458401.80399  2018-10-10.3021662  coadd_ba523791 2.02 -2.05 18.009     >18.009  99.990        -128.40        31.56   -0.325       0.080       
2458408.74060  2458408.74214  2018-10-17.2406113  coadd_ba525089 1.60 -2.05 18.156     >18.156  99.990         -29.98        27.57   -0.076       0.070       
2458423.72642  2458423.72725  2018-11-01.2264163  coadd_ba528482 1.55 -2.05 18.453     >18.453  99.990         -78.12        20.97   -0.198       0.053       
2458430.72820  2458430.72867  2018-11-08.2281994  coadd_ba529702 1.56 -2.05 18.404     >18.404  99.990          -4.64        21.94   -0.012       0.056       
2458431.72420  2458431.72463  2018-11-09.2242034  coadd_ba530099 2.16 -2.05 18.326     >18.326  99.990         -67.53        23.58   -0.171       0.060       
2458432.72008  2458432.72046  2018-11-10.2200841  coadd_ba530523 1.53 -2.05 18.538      18.492  0.350           60.73        19.40   0.154        0.049       
2458435.71176  2458435.71199  2018-11-13.2117650  coadd_ba531687 2.19 -2.05 18.291     >18.291  99.990          49.87        24.36   0.126        0.062       
