###  JD        HJD            UT_date             IMAGE          FWHM  Diff Limit      mag   mag_err       counts     count_err  flux (mJy)    flux_err
2458086.28528  2458086.28672  2017-11-28.7852870  coadd_bo006420 2.49 -2.13 17.963     >17.963  99.990          30.48        30.69   0.078        0.079       
2458086.55016  2458086.55157  2017-11-29.0501603  coadd_bk024959 1.44 -1.90 18.191     >18.191  99.990           0.30        30.70   0.001        0.064       
2458087.54742  2458087.54875  2017-11-30.0474267  coadd_bk025310 1.51 -1.90 17.856     >17.856  99.990        -150.71        41.81   -0.314       0.087       
2458088.54446  2458088.54570  2017-12-01.0444568  coadd_bk025665 1.54 -1.90 17.904     >17.904  99.990         -31.38        39.97   -0.065       0.083       
2458090.53802  2458090.53909  2017-12-03.0380230  coadd_bk026199 1.62 -1.90 17.541     >17.541  99.990          50.68        55.89   0.106        0.117       
2458091.53496  2458091.53594  2017-12-04.0349646  coadd_bk026554 1.63 -1.90 17.662     >17.662  99.990          29.17        49.96   0.061        0.104       
2458092.53173  2458092.53262  2017-12-05.0317365  coadd_bk026907 1.41 -1.90 18.680     >18.680  99.990         -60.93        19.56   -0.127       0.041       
2458094.52176  2458094.52247  2017-12-07.0217603  coadd_bk027175 1.75 -1.90 17.638     >17.638  99.990          10.33        51.11   0.022        0.107       
2458095.52231  2458095.52294  2017-12-08.0223149  coadd_bk027529 1.65 -1.90 17.843     >17.843  99.990        -124.78        42.28   -0.260       0.088       
2458248.67715  2458248.67426  2018-05-10.1771505  coadd_bo048592 1.48 -2.13 17.157     >17.157  99.990        -106.33        64.51   -0.274       0.166       
2458251.65730  2458251.65464  2018-05-13.1573103  coadd_bo049325 1.46 -2.13 18.735     >18.735  99.990         -41.77        15.08   -0.108       0.039       
2458252.66418  2458252.66159  2018-05-14.1641747  coadd_bo049757 1.49 -2.13 18.965     >18.965  99.990         -51.56        12.20   -0.133       0.031       
2458256.67753  2458256.67525  2018-05-18.1775371  coadd_bo051348 1.50 -2.13 17.811     >17.811  99.990         -12.73        35.31   -0.033       0.091       
2458257.90544  2458257.90325  2018-05-19.4054383  coadd_bk084554 1.46 -1.90 17.834     >17.834  99.990        -155.91        42.65   -0.325       0.089       
2458261.64238  2458261.64049  2018-05-23.1423802  coadd_bo051782 1.49 -2.13 18.925     >18.925  99.990         -43.86        12.65   -0.113       0.033       
2458265.64346  2458265.64190  2018-05-27.1434584  coadd_bo052575 1.47 -2.13 19.356     >19.356  99.990          -0.94         8.51   -0.002       0.022       
2458275.61528  2458275.61457  2018-06-06.1152828  coadd_bo054044 1.47 -2.13 18.316     >18.316  99.990         -26.11        22.17   -0.067       0.057       
2458276.58758  2458276.58695  2018-06-07.0875812  coadd_bo054408 1.58 -2.13 17.248     >17.248  99.990          -4.97        59.30   -0.013       0.153       
2458277.60889  2458277.60835  2018-06-08.1088931  coadd_bo054729 1.55 -2.13 17.477     >17.477  99.990          27.09        48.02   0.070        0.124       
2458277.87159  2458277.87108  2018-06-08.3715960  coadd_bk091487 1.49 -1.90 18.900     >18.900  99.990         -14.96        15.98   -0.031       0.033       
2458280.59261  2458280.59233  2018-06-11.0926115  coadd_bo055289 1.49 -2.13 19.103     >19.103  99.990         -34.20        10.74   -0.088       0.028       
2458281.58902  2458281.58883  2018-06-12.0890218  coadd_bo055739 1.47 -2.13 18.871     >18.871  99.990          30.01        13.30   0.077        0.034       
2458282.59861  2458282.59850  2018-06-13.0986069  coadd_bo056193 1.50 -2.13 18.975     >18.975  99.990          20.23        12.08   0.052        0.031       
2458295.56451  2458295.56552  2018-06-26.0645052  coadd_bo058242 1.49 -2.13 17.392     >17.392  99.990         -33.73        51.93   -0.087       0.134       
2458296.55047  2458296.55158  2018-06-27.0504747  coadd_bo058640 1.54 -2.13 17.467     >17.467  99.990        -144.90        48.46   -0.373       0.125       
2458297.54566  2458297.54685  2018-06-28.0456695  coadd_bo058817 1.69 -2.13 17.643     >17.643  99.990        -131.81        41.21   -0.339       0.106       
2458298.54239  2458298.54366  2018-06-29.0423875  coadd_bo059071 1.60 -2.13 17.666     >17.666  99.990          21.83        40.35   0.056        0.104       
2458303.53473  2458303.53641  2018-07-04.0347313  coadd_bo059474 1.48 -2.13 17.997     >17.997  99.990           6.03        29.75   0.016        0.077       
2458304.53544  2458304.53721  2018-07-05.0354399  coadd_bo059927 1.46 -2.13 18.299     >18.299  99.990          -2.66        22.54   -0.007       0.058       
2458305.53630  2458305.53815  2018-07-06.0363042  coadd_bo060369 1.53 -2.13 18.470     >18.470  99.990          56.16        19.24   0.145        0.050       
2458306.55566  2458306.55760  2018-07-07.0556675  coadd_bo060830 1.44 -2.13 18.580     >18.580  99.990         -43.17        17.39   -0.111       0.045       
2458307.65412  2458307.65614  2018-07-08.1541186  coadd_bo061358 1.47 -2.13 18.949     >18.949  99.990           0.48        12.38   0.001        0.032       
2458321.49202  2458321.49508  2018-07-21.9920186  coadd_bo064309 1.53 -2.13 18.649     >18.649  99.990         -37.89        16.32   -0.098       0.042       
2458322.48154  2458322.48467  2018-07-22.9815429  coadd_bo064731 1.47 -2.13 18.321     >18.321  99.990         -36.20        22.08   -0.093       0.057       
2458323.48826  2458323.49147  2018-07-23.9882688  coadd_bo065166 1.61 -2.13 17.653     >17.653  99.990         -21.94        40.83   -0.056       0.105       
2458324.48164  2458324.48492  2018-07-24.9816438  coadd_bo065550 1.56 -2.13 18.149     >18.149  99.990          56.33        25.87   0.145        0.067       
2458328.46377  2458328.46731  2018-07-28.9637769  coadd_bo066535 1.73 -2.13 16.929     >16.929  99.990         236.89        79.52   0.610        0.205       
2458330.45655  2458330.46021  2018-07-30.9565623  coadd_bo066929 1.72 -2.13 17.049     >17.049  99.990         -45.21        71.23   -0.116       0.183       
2458333.44584  2458333.44968  2018-08-02.9458423  coadd_bo067653 1.50 -2.13 18.364     >18.364  99.990         -44.24        21.21   -0.114       0.055       
2458334.48591  2458334.48981  2018-08-03.9859152  coadd_bo068112 1.51 -2.13 18.518     >18.518  99.990           4.10        18.42   0.011        0.047       
2458339.73628  2458339.74047  2018-08-09.2362853  coadd_bk115377 1.64 -1.90 19.007     >19.007  99.990         -23.02        14.48   -0.048       0.030       
2458340.80419  2458340.80843  2018-08-10.3041890  coadd_bk115876 1.50 -1.90 18.986     >18.986  99.990         -83.16        14.76   -0.174       0.031       
2458344.66074  2458344.66516  2018-08-14.1607444  coadd_bk117531 1.53 -1.90 18.813     >18.813  99.990        -129.26        17.32   -0.270       0.036       
2458345.65775  2458345.66222  2018-08-15.1577504  coadd_bk117971 1.50 -1.90 18.932     >18.932  99.990         -62.34        15.51   -0.130       0.032       
2458346.68003  2458346.68455  2018-08-16.1800368  coadd_bk118432 1.49 -1.90 19.111     >19.111  99.990         -81.00        13.16   -0.169       0.027       
2458349.82692  2458349.83156  2018-08-19.3269248  coadd_bk119663 2.18 -1.90 18.999     >18.999  99.990         -12.02        14.59   -0.025       0.030       
2458350.41569  2458350.42035  2018-08-19.9156857  coadd_bo071387 1.51 -2.13 16.586     >16.586  99.990         317.10       109.15   0.816        0.281       
2458350.65593  2458350.66061  2018-08-20.1559317  coadd_bk119965 1.59 -1.90 18.982     >18.982  99.990         -56.80        14.81   -0.119       0.031       
2458352.39729  2458352.40202  2018-08-21.8972940  coadd_bo071624 2.39 -2.13 17.571     >17.571  99.990         -63.62        44.03   -0.164       0.113       
2458353.38823  2458353.39300  2018-08-22.8882307  coadd_bo071974 1.48 -2.13 18.132     >18.132  99.990          -8.34        26.27   -0.021       0.068       
2458354.38479  2458354.38959  2018-08-23.8847875  coadd_bo072391 1.50 -2.13 17.806     >17.806  99.990         -32.45        35.47   -0.084       0.091       
2458354.71949  2458354.72430  2018-08-24.2194927  coadd_bk121628 2.07 -1.90 18.062     >18.062  99.990         -19.84        34.56   -0.041       0.072       
2458355.38177  2458355.38660  2018-08-24.8817681  coadd_bo072807 2.02 -2.13 17.550     >17.550  99.990           4.41        44.89   0.011        0.116       
2458358.77669  2458358.78162  2018-08-28.2766890  coadd_bk123119 1.42 -1.90 17.444     >17.444  99.990         130.79        61.07   0.273        0.127       
2458359.37953  2458359.38448  2018-08-28.8795366  coadd_bo073146 1.54 -2.13 17.724     >17.724  99.990        -114.51        38.27   -0.295       0.099       
2458360.36805  2458360.37302  2018-08-29.8680555  coadd_bo073552 1.58 -2.13 18.047     >18.047  99.990          -6.34        28.41   -0.016       0.073       
2458361.36630  2458361.37130  2018-08-30.8663108  coadd_bo073960 1.50 -2.13 17.637     >17.637  99.990          73.76        41.44   0.190        0.107       
2458362.42836  2458362.43338  2018-08-31.9283625  coadd_bo074413 2.06 -2.13 18.451     >18.451  99.990           1.61        19.58   0.004        0.050       
2458362.73977  2458362.74480  2018-09-01.2397706  coadd_bk124525 2.15 -1.90 18.160     >18.160  99.990          38.99        31.58   0.081        0.066       
2458368.61728  2458368.62240  2018-09-07.1172820  coadd_bk126901 1.66 -1.90 19.029     >19.029  99.990          12.89        14.18   0.027        0.030       
2458369.69951  2458369.70465  2018-09-08.1995108  coadd_bk127382 1.46 -1.90 19.146     >19.146  99.990         -34.04        12.73   -0.071       0.027       
2458370.70653  2458370.71167  2018-09-09.2065371  coadd_bk127805 1.48 -1.90 18.946     >18.946  99.990         -53.40        15.32   -0.111       0.032       
2458371.41539  2458371.42054  2018-09-09.9153898  coadd_bo075392 1.42 -2.13 19.238     >19.238  99.990         -32.10         9.48   -0.083       0.024       
2458371.66933  2458371.67449  2018-09-10.1693336  coadd_bk128191 1.49 -1.90 19.181     >19.181  99.990         -15.57        12.34   -0.032       0.026       
2458375.62366  2458375.62883  2018-09-14.1236739  coadd_bk129747 1.45 -1.90 19.113     >19.113  99.990          -7.64        13.14   -0.016       0.027       
2458376.33384  2458376.33901  2018-09-14.8338347  coadd_bo076741 1.47 -2.13 18.073     >18.073  99.990         -12.93        27.74   -0.033       0.071       
2458376.75683  2458376.76201  2018-09-15.2568459  coadd_bk130264 1.50 -1.90 18.994     >18.994  99.990         -54.25        14.66   -0.113       0.031       
2458377.31365  2458377.31882  2018-09-15.8136532  coadd_bo077121 1.69 -2.13 17.605     >17.605  99.990         -16.32        42.70   -0.042       0.110       
2458390.45464  2458390.45967  2018-09-28.9546461  coadd_bo078427 1.56 -2.13 18.053     >18.053  99.990         -14.85        28.26   -0.038       0.073       
2458394.52082  2458394.52575  2018-10-03.0208225  coadd_bG002206 1.42 -1.93 18.862     >18.862  99.990         -26.71        16.08   -0.057       0.035       
2458396.52709  2458396.53196  2018-10-05.0270962  coadd_bG002883 1.57 -1.93 18.854     >18.854  99.990           8.31        16.20   0.018        0.035       
2458397.65895  2458397.66379  2018-10-06.1589512  coadd_bG003338 1.43 -1.93 19.091     >19.091  99.990         -11.40        13.03   -0.024       0.028       
2458398.70627  2458398.71108  2018-10-07.2062684  coadd_bG003724 1.43 -1.93 19.009     >19.009  99.990         -26.26        14.04   -0.056       0.030       
2458404.62123  2458404.62582  2018-10-13.1212297  coadd_bk139176 1.80 -1.90 19.015     >19.015  99.990          -5.19        14.37   -0.011       0.030       
2458406.52329  2458406.52780  2018-10-15.0232921  coadd_bG005344 1.45 -1.93 18.869     >18.869  99.990         -68.98        15.97   -0.148       0.034       
2458407.33589  2458407.34036  2018-10-15.8358848  coadd_bo082645 2.32 -2.13 17.824     >17.824  99.990          94.76        34.89   0.244        0.090       
2458407.62601  2458407.63048  2018-10-16.1260125  coadd_bk140229 1.60 -1.90 18.670     >18.670  99.990         -64.66        19.75   -0.135       0.041       
2458408.29528  2458408.29971  2018-10-16.7952875  coadd_bo082777 2.07 -2.13 16.709     >16.709  99.990        -302.37        97.41   -0.778       0.251       
2458410.57928  2458410.58360  2018-10-19.0792828  coadd_bG006905 1.44 -1.93 18.213     >18.213  99.990        -193.62        29.23   -0.416       0.063       
2458413.38543  2458413.38961  2018-10-21.8854311  coadd_bo084250 1.46 -2.13 17.141     >17.141  99.990          27.70        65.46   0.071        0.168       
2458414.66821  2458414.67232  2018-10-23.1682100  coadd_bG008497 1.61 -1.93 17.593     >17.593  99.990          85.27        51.74   0.183        0.111       
2458417.65681  2458417.66076  2018-10-26.1568163  coadd_bG009442 1.50 -1.93 17.644     >17.644  99.990          59.54        49.36   0.128        0.106       
2458418.64378  2458418.64767  2018-10-27.1437853  coadd_bk144266 1.51 -1.90 17.555     >17.555  99.990          57.09        55.14   0.119        0.115       
2458420.25299  2458420.25678  2018-10-28.7529898  coadd_bo086568 2.49 -2.13 17.120     >17.120  99.990          29.37        66.71   0.076        0.172       
2458424.61085  2458424.61436  2018-11-02.1108481  coadd_bk145591 1.47 -1.90 19.018     >19.018  99.990          -4.56        14.33   -0.010       0.030       
2458425.57005  2458425.57350  2018-11-03.0700579  coadd_bk145876 1.46 -1.90 18.994     >18.994  99.990         -53.55        14.65   -0.112       0.031       
2458426.62455  2458426.62793  2018-11-04.1245491  coadd_bG011823 1.43 -1.93 19.057     >19.057  99.990           4.42        13.43   0.009        0.029       
2458429.61504  2458429.61822  2018-11-07.1150375  coadd_bG012868 1.44 -1.93 18.962     >18.962  99.990          41.68        14.66   0.089        0.031       
2458434.59843  2458434.60124  2018-11-12.0984379  coadd_bk149058 1.49 -1.90 18.972     >18.972  99.990         -64.68        14.96   -0.135       0.031       
2458435.61373  2458435.61646  2018-11-13.1137277  coadd_bk149359 1.50 -1.90 18.891     >18.891  99.990           7.51        16.11   0.016        0.034       
2458438.58594  2458438.58845  2018-11-16.0859385  coadd_bk150228 1.73 -1.90 18.339     >18.339  99.990         -41.88        26.79   -0.087       0.056       
2458441.33122  2458441.33351  2018-11-18.8312218  coadd_bo090025 1.58 -2.13 17.167     >17.167  99.990         -31.54        63.89   -0.081       0.164       
2458442.58066  2458442.58285  2018-11-20.0806648  coadd_bG017218 1.50 -1.93 18.024     >18.024  99.990          53.53        34.80   0.115        0.075       
2458444.54558  2458444.54761  2018-11-22.0455896  coadd_bk152259 1.55 -1.90 17.440     >17.440  99.990          16.08        61.31   0.034        0.128       
2458452.78063  2458452.78196  2018-11-30.2806339  coadd_bC000079 1.47 -1.71 19.086     >19.086  99.990         -33.45        15.94   -0.059       0.028       
2458453.52901  2458453.53028  2018-12-01.0290166  coadd_bk155155 2.28 -1.90 18.712     >18.712  99.990          -2.65        18.99   -0.006       0.040       
2458453.76922  2458453.77047  2018-12-01.2692274  coadd_bC000350 1.41 -1.71 18.930     >18.930  99.990         -56.36        18.40   -0.099       0.032       
2458454.53792  2458454.53910  2018-12-02.0379224  coadd_bG020989 1.69 -1.93 19.119     >19.119  99.990          35.82        12.69   0.077        0.027       
2458464.73620  2458464.73647  2018-12-12.2362021  coadd_bC003643 1.55 -1.71 18.996     >18.996  99.990          43.87        17.32   0.077        0.031       
2458465.74054  2458465.74072  2018-12-13.2405358  coadd_bC004098 1.50 -1.71 18.983     >18.983  99.990         -13.07        17.52   -0.023       0.031       
2458470.72261  2458470.72234  2018-12-18.2226094  coadd_bC005876 1.87 -1.71 18.345     >18.345  99.990        -103.41        31.54   -0.182       0.056       
2458474.70462  2458474.70400  2018-12-22.2046336  coadd_bC007277 1.65 -1.71 17.991     >17.991  99.990         -38.58        43.71   -0.068       0.077       
2458589.13081  2458589.12645  2019-04-15.6308120  coadd_bC026358 1.49 -1.71 17.851     >17.851  99.990          39.78        49.72   0.070        0.088       
2458591.12374  2458591.11947  2019-04-17.6237526  coadd_bC027124 1.39 -1.71 18.280     >18.280  99.990         -52.45        33.50   -0.092       0.059       
2458592.12399  2458592.11977  2019-04-18.6239979  coadd_bC027473 1.56 -1.71 17.502     >17.502  99.990        -109.05        68.57   -0.192       0.121       
2458594.11669  2458594.11256  2019-04-20.6166944  coadd_bC028254 1.49 -1.71 17.554     >17.554  99.990         -98.63        65.34   -0.174       0.115       
2458595.11700  2458595.11293  2019-04-21.6170019  coadd_bC028647 1.50 -1.71 17.779     >17.779  99.990        -101.87        53.14   -0.179       0.094       
2458597.10990  2458597.10594  2019-04-23.6099063  coadd_bC029422 1.49 -1.71 18.182     >18.182  99.990         106.90        36.67   0.188        0.065       
2458599.11814  2458599.11429  2019-04-25.6181418  coadd_bC030211 1.39 -1.71 18.206      17.875  0.269          145.94        35.84   0.257        0.063       
2458600.92565  2458600.92190  2019-04-27.4256480  coadd_bk207892 1.55 -1.90 16.464     >16.464  99.990          91.80       150.60   0.192        0.314       
2458603.92761  2458603.92405  2019-04-30.4276105  coadd_bk209224 1.48 -1.90 17.035     >17.035  99.990          -6.31        89.00   -0.013       0.186       
2458606.10365  2458606.10023  2019-05-02.6036515  coadd_bC031836 1.52 -1.71 18.949     >18.949  99.990           6.06        18.09   0.011        0.032       
2458610.08662  2458610.08347  2019-05-06.5866200  coadd_bC032475 1.45 -1.71 19.164      18.421  0.184           88.21        14.84   0.155        0.026       
2458612.09704  2458612.09402  2019-05-08.5970410  coadd_bC033253 1.39 -1.71 19.087     >19.087  99.990         -19.96        15.92   -0.035       0.028       
2458614.08423  2458614.08136  2019-05-10.5842283  coadd_bC034019 1.37 -1.71 19.210     >19.210  99.990         -48.73        14.22   -0.086       0.025       
2458616.07188  2458616.06915  2019-05-12.5718796  coadd_bC034779 1.38 -1.71 18.968      18.679  0.280           69.59        17.78   0.123        0.031       
2458618.07370  2458618.07112  2019-05-14.5737019  coadd_bC035305 1.42 -1.71 19.086     >19.086  99.990           0.15        15.94   0.000        0.028       
2458619.05183  2458619.04933  2019-05-15.5518364  coadd_bC035671 1.45 -1.71 18.418     >18.418  99.990          17.38        29.51   0.031        0.052       
2458621.09027  2458621.08793  2019-05-17.5902690  coadd_bC036036 1.50 -1.71 17.987     >17.987  99.990         103.94        43.87   0.183        0.077       
2458621.88874  2458621.88645  2019-05-18.3887435  coadd_bk216340 1.71 -1.90 17.455      17.397  0.346          191.37        60.45   0.399        0.126       
2458622.64362  2458622.64139  2019-05-19.1436259  coadd_bo136792 1.63 -2.13 17.284      17.082  0.303          207.44        57.35   0.534        0.148       
2458623.04307  2458623.04088  2019-05-19.5430763  coadd_bC036763 1.44 -1.71 17.574     >17.574  99.990         -15.88        64.16   -0.028       0.113       
2458625.63323  2458625.63124  2019-05-22.1332306  coadd_bo137285 1.49 -2.13 17.573     >17.573  99.990         -74.94        43.96   -0.193       0.113       
2458625.87959  2458625.87762  2019-05-22.3795875  coadd_bG078476 1.46 -1.93 17.976     >17.976  99.990          43.12        36.37   0.093        0.078       
2458627.07825  2458627.07638  2019-05-23.5782552  coadd_bC038488 1.41 -1.71 18.553     >18.553  99.990         -32.05        26.05   -0.056       0.046       
2458628.63948  2458628.63774  2019-05-25.1394791  coadd_bo138602 1.48 -2.13 17.778     >17.778  99.990          18.69        36.41   0.048        0.094       
2458631.02284  2458631.02129  2019-05-27.5228415  coadd_bC039937 1.41 -1.71 18.515      18.400  0.328           89.99        26.98   0.159        0.048       
2458633.01513  2458633.01375  2019-05-29.5151328  coadd_bC040675 1.42 -1.71 19.003      18.787  0.299           62.98        17.21   0.111        0.030       
2458635.85432  2458635.85318  2019-06-01.3543159  coadd_bG080580 1.49 -1.93 18.924     >18.924  99.990         -58.13        15.18   -0.125       0.033       
2458636.85814  2458636.85709  2019-06-02.3581437  coadd_bG081024 1.47 -1.93 19.041     >19.041  99.990         -40.81        13.63   -0.088       0.029       
2458637.85359  2458637.85262  2019-06-03.3535928  coadd_bk221209 1.63 -1.90 18.961     >18.961  99.990          13.01        15.11   0.027        0.032       
2458640.01761  2458640.01683  2019-06-05.5176138  coadd_bC042888 1.38 -1.71 18.540      17.949  0.212          136.28        26.35   0.240        0.046       
2458641.99826  2458641.99765  2019-06-07.4982603  coadd_bC043283 1.39 -1.71 19.055      18.282  0.179          100.28        16.40   0.177        0.029       
2458642.86415  2458642.86361  2019-06-08.3641484  coadd_bk223520 1.69 -1.90 18.834     >18.834  99.990          -8.61        16.97   -0.018       0.035       
2458643.83172  2458643.83126  2019-06-09.3317179  coadd_bG084097 1.46 -1.93 18.914     >18.914  99.990         -24.73        15.33   -0.053       0.033       
2458645.00743  2458645.00708  2019-06-10.5074334  coadd_bC044396 1.37 -1.71 19.261      18.955  0.275           53.95        13.57   0.095        0.024       
2458645.88317  2458645.88289  2019-06-11.3831663  coadd_bk224917 1.48 -1.90 18.565     >18.565  99.990           6.42        21.74   0.013        0.045       
2458646.97921  2458646.97903  2019-06-12.4792216  coadd_bC045109 1.42 -1.71 18.115     >18.115  99.990         -43.36        39.00   -0.076       0.069       
2458648.05441  2458648.05432  2019-06-13.5544144  coadd_bC045535 1.41 -1.71 19.161      18.455  0.190           85.52        14.88   0.151        0.026       
2458651.59148  2458651.59170  2019-06-17.0914898  coadd_bo144264 2.21 -2.13 15.804     >15.804  99.990        -285.84       224.26   -0.736       0.577       
2458652.80472  2458652.80505  2019-06-18.3047306  coadd_bG087552 1.47 -1.93 17.549     >17.549  99.990          59.16        53.87   0.127        0.116       
2458653.95905  2458653.95947  2019-06-19.4590489  coadd_bC047595 1.49 -1.71 17.851     >17.851  99.990         117.87        49.74   0.208        0.088       
2458655.02095  2458655.02147  2019-06-20.5209549  coadd_bC048009 1.48 -1.71 18.006      17.396  0.208          226.83        43.09   0.400        0.076       
2458657.80356  2458657.80432  2019-06-23.3035731  coadd_bk229886 1.51 -1.90 17.979      17.815  0.314          130.21        37.33   0.272        0.078       
2458659.95607  2458659.95701  2019-06-25.4560668  coadd_bC049285 2.00 -1.71 18.841      17.935  0.158          138.01        19.98   0.243        0.035       
2458660.80966  2458660.81068  2019-06-26.3096699  coadd_bk230596 1.54 -1.90 18.687     >18.687  99.990          16.72        19.44   0.035        0.041       
2458662.98767  2458662.98887  2019-06-28.4876728  coadd_bC049864 1.35 -1.71 18.731      16.943  0.070          344.27        22.11   0.607        0.039       
2458667.76567  2458667.76727  2019-07-03.2656746  coadd_bk231695 1.47 -1.90 18.809      18.736  0.341           55.77        17.38   0.116        0.036       
2458669.09849  2458669.10020  2019-07-04.5984980  coadd_bC050797 1.47 -1.71 19.274      18.293  0.147           99.27        13.40   0.175        0.024       
2458673.50654  2458673.50861  2019-07-09.0065407  coadd_bo148440 1.57 -2.13 18.362      17.529  0.169          137.45        21.25   0.354        0.055       
2458674.53916  2458674.54131  2019-07-10.0391615  coadd_bo148786 1.51 -2.13 18.746      17.731  0.143          114.04        14.92   0.294        0.038       
2458674.88147  2458674.88365  2019-07-10.3814687  coadd_bG094052 1.46 -1.93 18.831      17.941  0.160          112.66        16.55   0.242        0.036       
2458678.73548  2458678.73796  2019-07-14.2354812  coadd_bG095419 1.48 -1.93 18.067     >18.067  99.990          34.37        33.45   0.074        0.072       
2458681.74795  2458681.75066  2019-07-17.2479634  coadd_bk237141 1.54 -1.90 17.198     >17.198  99.990          57.70        76.58   0.120        0.160       
2458683.04022  2458683.04302  2019-07-18.5402199  coadd_bC054742 1.59 -1.71 17.569     >17.569  99.990          99.44        64.48   0.175        0.114       
2458683.82466  2458683.82752  2019-07-19.3246655  coadd_bk238074 1.46 -1.90 17.806     >17.806  99.990          79.85        43.76   0.167        0.091       
2458686.01216  2458686.01518  2019-07-21.5121614  coadd_bC055466 1.47 -1.71 18.513     >18.513  99.990          70.38        27.03   0.124        0.048       
2458688.79674  2458688.79995  2019-07-24.2967502  coadd_bk239458 1.50 -1.90 18.455     >18.455  99.990          44.40        24.07   0.093        0.050       
2458688.92132  2458688.92454  2019-07-24.4213201  coadd_bC055810 1.38 -1.71 18.899      18.650  0.290           71.43        18.95   0.126        0.033       
2458690.69724  2458690.70058  2019-07-26.1972378  coadd_bk240090 1.47 -1.90 18.898     >18.898  99.990          22.51        16.00   0.047        0.033       
2458691.97520  2458691.97863  2019-07-27.4752156  coadd_bC056989 1.50 -1.71 18.482      17.719  0.181          168.48        27.80   0.297        0.049       
2458692.75158  2458692.75506  2019-07-28.2515888  coadd_bG100385 1.45 -1.93 19.139      19.047  0.335           40.67        12.46   0.087        0.027       
2458694.72442  2458694.72802  2019-07-30.2244344  coadd_bk241750 1.53 -1.90 18.690      17.411  0.112          188.96        19.39   0.394        0.040       
2458695.77096  2458695.77463  2019-07-31.2709623  coadd_bG101643 1.45 -1.93 18.460      17.731  0.187          136.65        23.29   0.293        0.050       
2458704.67685  2458704.68102  2019-08-09.1768524  coadd_bG105036 1.45 -1.93 18.183      17.667  0.227          144.97        30.04   0.311        0.065       
2458704.90727  2458704.91145  2019-08-09.4072776  coadd_bC060000 1.47 -1.71 18.770      18.185  0.213          109.68        21.33   0.193        0.038       
2458705.46588  2458705.47009  2019-08-09.9658768  coadd_bo156028 1.52 -2.13 18.422      17.907  0.227           96.98        20.12   0.250        0.052       
2458705.89108  2458705.89531  2019-08-10.3910863  coadd_bC060239 1.38 -1.71 18.057     >18.057  99.990         120.74        41.12   0.213        0.072       
2458707.81823  2458707.82255  2019-08-12.3182240  coadd_bk247287 1.45 -1.90 18.155     >18.155  99.990          45.90        31.73   0.096        0.066       
2458708.07480  2458708.07914  2019-08-12.5748032  coadd_bC061087 1.36 -1.71 19.047      17.903  0.127          142.13        16.52   0.250        0.029       
2458708.45621  2458708.46057  2019-08-12.9562111  coadd_bo156489 1.46 -2.13 17.848     >17.848  99.990          88.28        34.13   0.227        0.088       
2458708.86209  2458708.86647  2019-08-13.3620975  coadd_bC061309 1.50 -1.71 18.142      17.515  0.205          203.21        38.04   0.358        0.067       
2458709.45207  2458709.45647  2019-08-13.9520674  coadd_bo156909 2.02 -2.13 17.686      16.732  0.151          286.41        39.62   0.737        0.102       
2458712.68558  2458712.69012  2019-08-17.1855804  coadd_bG108174 1.56 -1.93 17.561     >17.561  99.990         145.00        53.29   0.311        0.114       
2458715.63561  2458715.64027  2019-08-20.1356137  coadd_bk250418 1.45 -1.90 17.854     >17.854  99.990         103.99        41.89   0.217        0.087       
2458716.76698  2458716.77168  2019-08-21.2669782  coadd_bG109912 1.57 -1.93 18.069      17.317  0.183          200.07        33.37   0.430        0.072       
2458719.05825  2458719.06304  2019-08-23.5582542  coadd_bC064399 1.43 -1.71 18.773      18.160  0.207          112.16        21.27   0.198        0.037       
2458719.95986  2458719.96467  2019-08-24.4598620  coadd_bC064716 1.65 -1.71 18.504      17.537  0.150          199.23        27.24   0.351        0.048       
2458720.64500  2458720.64984  2019-08-25.1450068  coadd_bG111390 1.48 -1.93 19.103     >19.103  99.990           0.37        12.88   0.001        0.028       
2458720.90577  2458720.91062  2019-08-25.4057785  coadd_bC065068 1.49 -1.71 19.098      18.246  0.166          103.68        15.76   0.183        0.028       
2458721.81439  2458721.81926  2019-08-26.3143930  coadd_bG111790 1.48 -1.93 18.930     >18.930  99.990         -14.77        15.10   -0.032       0.032       
2458721.92769  2458721.93256  2019-08-26.4276895  coadd_bC065479 1.63 -1.71 19.387     >19.387  99.990          28.90        12.08   0.051        0.021       
2458723.80869  2458723.81362  2019-08-28.3087023  coadd_bC066001 1.39 -1.71 19.231      18.622  0.208           73.31        13.95   0.129        0.025       
2458724.67221  2458724.67716  2019-08-29.1722071  coadd_bk254246 1.44 -1.90 19.280     >19.280  99.990           0.44        11.26   0.001        0.023       
2458725.72445  2458725.72942  2019-08-30.2244510  coadd_bG113375 1.52 -1.93 19.013     >19.013  99.990          31.25        13.99   0.067        0.030       
2458727.73139  2458727.73641  2019-09-01.2313932  coadd_bG114146 1.44 -1.93 19.233     >19.233  99.990           5.64        11.42   0.012        0.025       
2458728.60227  2458728.60730  2019-09-02.1022657  coadd_bk255919 1.49 -1.90 18.872     >18.872  99.990          23.82        16.40   0.050        0.034       
2458729.72207  2458729.72713  2019-09-03.2220759  coadd_bG114946 1.49 -1.93 18.941     >18.941  99.990         -35.01        14.96   -0.075       0.032       
2458731.74700  2458731.75209  2019-09-05.2470125  coadd_bk257300 1.56 -1.90 18.309     >18.309  99.990         -81.28        27.54   -0.170       0.057       
2458734.65965  2458734.66478  2019-09-08.1596597  coadd_bk257961 1.48 -1.90 18.583     >18.583  99.990         -49.34        21.39   -0.103       0.045       
2458736.64223  2458736.64738  2019-09-10.1422297  coadd_bk258264 1.48 -1.90 18.017     >18.017  99.990         -94.76        36.04   -0.198       0.075       
2458736.95128  2458736.95643  2019-09-10.4512797  coadd_bC069660 1.43 -1.71 18.489     >18.489  99.990         -34.54        27.63   -0.061       0.049       
2458737.98880  2458737.99396  2019-09-11.4888091  coadd_bC070050 1.54 -1.71 17.161     >17.161  99.990         -86.75        93.89   -0.153       0.165       
2458738.62807  2458738.63323  2019-09-12.1280791  coadd_bk258596 1.49 -1.90 17.554     >17.554  99.990          71.58        55.22   0.149        0.115       
2458739.92261  2458739.92778  2019-09-13.4226162  coadd_bC070765 1.52 -1.71 17.454     >17.454  99.990         107.31        71.68   0.189        0.126       
2458741.67896  2458741.68413  2019-09-15.1789634  coadd_bG118160 1.48 -1.93 17.581     >17.581  99.990         104.18        52.31   0.224        0.112       
2458743.65982  2458743.66499  2019-09-17.1598317  coadd_bk260673 1.83 -1.90 17.627      17.452  0.311          181.95        51.59   0.380        0.108       
2458743.99156  2458743.99673  2019-09-17.4915572  coadd_bC071649 1.41 -1.71 18.446     >18.446  99.990          65.37        28.75   0.115        0.051       
2458744.58139  2458744.58656  2019-09-18.0813982  coadd_bk260950 1.64 -1.90 18.424     >18.424  99.990         -29.31        24.76   -0.061       0.052       
2458744.76310  2458744.76827  2019-09-18.2631039  coadd_bG119327 1.50 -1.93 17.838     >17.838  99.990          36.05        41.28   0.077        0.089       
2458744.98519  2458744.99036  2019-09-18.4851910  coadd_bC072057 1.50 -1.71 17.953     >17.953  99.990          43.21        45.26   0.076        0.080       
2458745.98721  2458745.99237  2019-09-19.4872135  coadd_bC072468 1.46 -1.71 18.256     >18.256  99.990          65.87        34.26   0.116        0.060       
2458748.96834  2458748.97348  2019-09-22.4683452  coadd_bC073113 1.41 -1.71 17.823     >17.823  99.990          84.71        51.04   0.149        0.090       
2458749.80690  2458749.81203  2019-09-23.3068996  coadd_bC073310 1.59 -1.71 19.222      18.768  0.240           64.10        14.07   0.113        0.025       
2458750.59470  2458750.59982  2019-09-24.0947053  coadd_bk263336 1.44 -1.90 18.800      18.517  0.281           68.24        17.53   0.142        0.037       
2458750.87449  2458750.87960  2019-09-24.3744884  coadd_bC073538 1.63 -1.71 19.222      18.901  0.271           56.70        14.06   0.100        0.025       
2458751.61423  2458751.61933  2019-09-25.1142353  coadd_bk263757 1.62 -1.90 18.965     >18.965  99.990         -10.44        15.06   -0.022       0.031       
2458751.91935  2458751.92444  2019-09-25.4193547  coadd_bC073981 1.43 -1.71 19.399     >19.399  99.990          26.30        11.96   0.046        0.021       
2458752.48573  2458752.49081  2019-09-25.9857306  coadd_bo168866 1.46 -2.13 18.921      18.866  0.346           40.12        12.70   0.103        0.033       
2458752.62614  2458752.63122  2019-09-26.1261479  coadd_bk264172 1.40 -1.90 18.839     >18.839  99.990         -37.62        16.90   -0.078       0.035       
2458752.96042  2458752.96549  2019-09-26.4604270  coadd_bC074421 1.42 -1.71 19.265     >19.265  99.990          -5.58        13.52   -0.010       0.024       
2458753.69055  2458753.69561  2019-09-27.1905512  coadd_bk264617 1.48 -1.90 18.980     >18.980  99.990         -18.44        14.85   -0.038       0.031       
2458754.65452  2458754.65957  2019-09-28.1545261  coadd_bG123063 1.49 -1.93 19.022     >19.022  99.990          38.44        13.87   0.083        0.030       
2458756.67339  2458756.67840  2019-09-30.1733928  coadd_bG123833 1.50 -1.93 19.130     >19.130  99.990          -1.61        12.56   -0.003       0.027       
2458757.60148  2458757.60647  2019-10-01.1014832  coadd_bk266121 1.58 -1.90 18.636     >18.636  99.990         -74.02        20.37   -0.154       0.042       
2458758.56380  2458758.56876  2019-10-02.0638009  coadd_bG124485 1.49 -1.93 18.955     >18.955  99.990           3.05        14.76   0.007        0.032       
2458761.65619  2458761.66107  2019-10-05.1561887  coadd_bk267073 1.46 -1.90 18.467     >18.467  99.990          21.40        23.81   0.045        0.050       
2458762.64173  2458762.64658  2019-10-06.1417418  coadd_bk267445 1.46 -1.90 18.191      17.575  0.207          162.51        30.69   0.339        0.064       
2458763.57619  2458763.58101  2019-10-07.0762001  coadd_bk267776 1.56 -1.90 18.315      17.993  0.271          110.55        27.38   0.231        0.057       
2458765.80784  2458765.81258  2019-10-09.3078379  coadd_bC077900 1.45 -1.71 18.398      17.781  0.207          159.06        30.04   0.280        0.053       
2458766.69268  2458766.69739  2019-10-10.1926869  coadd_bk269001 1.47 -1.90 16.682     >16.682  99.990         115.35       123.28   0.241        0.257       
2458769.92431  2458769.92890  2019-10-13.4243131  coadd_bC078903 1.70 -1.71 18.031     >18.031  99.990          91.56        42.13   0.161        0.074       
2458770.90419  2458770.90873  2019-10-14.4041865  coadd_bC079306 1.45 -1.71 17.886     >17.886  99.990         -57.73        48.14   -0.102       0.085       
2458771.23539  2458771.23992  2019-10-14.7354013  coadd_bo174119 2.21 -2.13 16.858     >16.858  99.990         163.55        84.92   0.421        0.219       
2458772.90686  2458772.91132  2019-10-16.4068586  coadd_bC080100 1.41 -1.71 18.332      17.561  0.179          194.83        31.93   0.343        0.056       
2458775.87564  2458775.87996  2019-10-19.3756515  coadd_bC080896 1.60 -1.71 18.471      16.835  0.081          380.26        28.08   0.670        0.050       
2458776.50322  2458776.50751  2019-10-20.0032229  coadd_bk272444 1.76 -1.90 18.204      16.804  0.100          330.64        30.33   0.690        0.063       
2458777.71695  2458777.72118  2019-10-21.2169552  coadd_bC081240 1.57 -1.71 18.397      16.238  0.050          658.89        30.07   1.161        0.053       
2458778.88830  2458778.89247  2019-10-22.3883061  coadd_bC081747 1.38 -1.71 18.535      16.439  0.053          547.52        26.48   0.965        0.047       
2458780.70643  2458780.71050  2019-10-24.2064385  coadd_bC082366 1.46 -1.71 18.688      16.927  0.072          349.37        23.00   0.616        0.041       
2458782.64858  2458782.65254  2019-10-26.1485892  coadd_bk274155 1.51 -1.90 18.799      18.058  0.184          104.16        17.53   0.217        0.037       
2458783.61451  2458783.61841  2019-10-27.1145070  coadd_bk274501 1.49 -1.90 18.806      17.899  0.158          120.59        17.42   0.252        0.036       
2458784.50638  2458784.51024  2019-10-28.0063813  coadd_bk274776 1.58 -1.90 18.287     >18.287  99.990          62.43        28.11   0.130        0.059       
2458786.50379  2458786.50752  2019-10-30.0037927  coadd_bk275482 1.47 -1.90 18.166      17.770  0.253          135.80        31.43   0.283        0.066       
2458787.50443  2458787.50810  2019-10-31.0044437  coadd_bk275843 1.50 -1.90 18.427      17.836  0.211          127.76        24.69   0.267        0.052       
2458789.60250  2458789.60604  2019-11-02.1025050  coadd_bG133737 1.41 -1.93 18.107     >18.107  99.990          16.99        32.24   0.036        0.069       
2458790.26418  2458790.26767  2019-11-02.7641899  coadd_bo178006 1.57 -2.13 18.563     >18.563  99.990         -26.51        17.67   -0.068       0.045       
2458791.25586  2458791.25929  2019-11-03.7558733  coadd_bo178284 1.58 -2.13 17.544     >17.544  99.990          71.07        45.15   0.183        0.116       
2458791.85935  2458791.86274  2019-11-04.3593559  coadd_bC085222 1.40 -1.71 18.859     >18.859  99.990          54.89        19.64   0.097        0.035       
2458792.69813  2458792.70146  2019-11-05.1981377  coadd_bC085534 1.48 -1.71 18.799     >18.799  99.990          -3.30        20.77   -0.006       0.037       
2458793.35126  2458793.35454  2019-11-05.8512649  coadd_bo179016 1.49 -2.13 17.542     >17.542  99.990        -107.12        45.25   -0.276       0.116       
2458793.52862  2458793.53189  2019-11-06.0286159  coadd_bG134794 1.43 -1.93 18.144     >18.144  99.990          12.30        31.15   0.026        0.067       
2458794.72509  2458794.72828  2019-11-07.2251018  coadd_bC086048 1.62 -1.71 18.329      17.954  0.258          135.67        32.00   0.239        0.056       
2458795.70130  2458795.70441  2019-11-08.2012969  coadd_bC086460 1.50 -1.71 17.947      17.167  0.178          280.07        45.50   0.493        0.080       
2458796.69716  2458796.70020  2019-11-09.1971596  coadd_bC086773 1.61 -1.71 18.051      16.657  0.101          447.73        41.38   0.789        0.073       
2458797.62386  2458797.62684  2019-11-10.1238686  coadd_bk278954 1.54 -1.90 16.944      16.142  0.174          608.39        96.83   1.269        0.202       
2458797.82539  2458797.82836  2019-11-10.3253947  coadd_bC087219 1.61 -1.71 17.893      16.644  0.115          453.49        47.84   0.799        0.084       
2458799.84382  2458799.84663  2019-11-12.3438182  coadd_bC088007 1.39 -1.71 18.139     >18.139  99.990          95.64        38.14   0.168        0.067       
2458800.82552  2458800.82826  2019-11-13.3255261  coadd_bC088432 1.35 -1.71 17.948      16.885  0.137          363.08        45.46   0.640        0.080       
2458801.83957  2458801.84223  2019-11-14.3395714  coadd_bC088880 1.36 -1.71 18.077      17.145  0.155          285.70        40.38   0.503        0.071       
2458802.83543  2458802.83802  2019-11-15.3354309  coadd_bC089315 1.40 -1.71 18.202      17.369  0.169          232.56        35.98   0.410        0.063       
2458804.76389  2458804.76633  2019-11-17.2638978  coadd_bC089775 1.49 -1.71 18.265      17.119  0.127          292.79        33.96   0.516        0.060       
2458807.51775  2458807.51996  2019-11-20.0177576  coadd_bk282301 1.98 -1.90 18.124      16.936  0.122          292.81        32.65   0.611        0.068       
2458807.68769  2458807.68989  2019-11-20.1876959  coadd_bC090258 1.46 -1.71 18.219      17.206  0.144          270.05        35.44   0.476        0.062       
2458808.82061  2458808.82272  2019-11-21.3206109  coadd_bC090686 1.47 -1.71 18.883      17.266  0.082          255.51        19.22   0.450        0.034       
2458810.58282  2458810.58478  2019-11-23.0828204  coadd_bG140340 1.46 -1.93 18.712      18.288  0.247           81.84        18.45   0.176        0.040       
2458811.30126  2458811.30317  2019-11-23.8012620  coadd_bo182667 1.41 -2.13 18.616      17.733  0.161          113.86        16.83   0.293        0.043       
2458811.53261  2458811.53450  2019-11-24.0326125  coadd_bG140629 1.57 -1.93 18.685      18.275  0.250           82.77        18.93   0.178        0.041       
2458811.80084  2458811.80270  2019-11-24.3008482  coadd_bC091155 1.50 -1.71 19.051      18.202  0.167          107.95        16.46   0.190        0.029       
2458813.57814  2458813.57985  2019-11-26.0781484  coadd_bk284272 1.42 -1.90 18.686      18.185  0.230           92.67        19.46   0.193        0.041       
2458814.27621  2458814.27786  2019-11-26.7762196  coadd_bo183468 1.70 -2.13 18.435      17.813  0.205          105.75        19.87   0.272        0.051       
2458814.80106  2458814.80267  2019-11-27.3010607  coadd_bC092282 1.45 -1.71 19.026      17.767  0.114          161.09        16.85   0.284        0.030       
2458816.54985  2458816.55131  2019-11-29.0498622  coadd_bk285238 1.55 -1.90 18.916     >18.916  99.990           7.53        15.74   0.016        0.033       
2458817.54319  2458817.54456  2019-11-30.0432009  coadd_bk285574 2.16 -1.90 18.452      17.861  0.211          124.91        24.15   0.261        0.050       
2458817.78249  2458817.78384  2019-11-30.2824902  coadd_bC093421 1.46 -1.71 18.818      18.503  0.273           81.78        20.41   0.144        0.036       
2458824.57252  2458824.57328  2019-12-07.0725219  coadd_bG144277 1.52 -1.93 17.665     >17.665  99.990         142.99        48.43   0.307        0.104       
2458825.75269  2458825.75334  2019-12-08.2526922  coadd_bC095245 1.37 -1.71 18.375     >18.375  99.990          34.00        30.69   0.060        0.054       
2458826.76426  2458826.76482  2019-12-09.2642594  coadd_bC095702 1.41 -1.71 18.203     >18.203  99.990          57.25        35.95   0.101        0.063       
2458828.75705  2458828.75744  2019-12-11.2570515  coadd_bC096592 1.45 -1.71 18.237      17.451  0.177          215.48        34.84   0.380        0.061       
2458834.70302  2458834.70287  2019-12-17.2030265  coadd_bC098345 1.67 -1.71 19.136      19.000  0.322           51.75        15.22   0.091        0.027       
2458845.74161  2458845.74047  2019-12-28.2416104  coadd_bC100495 1.42 -1.71 18.901      17.972  0.155          133.42        18.91   0.235        0.033       
2458956.12767  2458956.12338  2020-04-16.6276760  coadd_bC121296 2.09 -1.71 17.895     >17.895  99.990          97.06        47.76   0.171        0.084       
2458957.12408  2458957.11984  2020-04-17.6240796  coadd_bC121673 1.47 -1.71 18.278     >18.278  99.990          44.05        33.55   0.078        0.059       
2458962.11359  2458962.10961  2020-04-22.6135940  coadd_bC123477 1.42 -1.71 18.828     >18.828  99.990         -40.39        20.21   -0.071       0.036       
2458973.08730  2458973.08400  2020-05-03.5873027  coadd_bC127443 1.42 -1.71 18.993     >18.993  99.990         -40.25        17.36   -0.071       0.031       
2458980.65516  2458980.65238  2020-05-11.1551577  coadd_bo211930 1.61 -2.13 17.473     >17.473  99.990        -196.69        48.20   -0.506       0.124       
2458984.06748  2458984.06496  2020-05-14.5674806  coadd_bC129220 1.61 -1.71 18.772     >18.772  99.990          -8.12        21.28   -0.014       0.037       
2458987.05037  2458987.04808  2020-05-17.5503711  coadd_bC130217 1.42 -1.71 18.994     >18.994  99.990         -21.85        17.36   -0.038       0.031       
2458998.02680  2458998.02540  2020-05-28.5267976  coadd_bC133370 1.54 -1.71 19.124     >19.124  99.990           3.90        15.40   0.007        0.027       
2459000.03818  2459000.03695  2020-05-30.5381804  coadd_bC134067 1.40 -1.71 19.259     >19.259  99.990         -38.79        13.60   -0.068       0.024       
2459009.57784  2459009.57743  2020-06-09.0778398  coadd_bo220688 1.56 -2.13 17.513     >17.513  99.990          53.79        46.46   0.138        0.120       
2459013.03658  2459013.03647  2020-06-12.5365788  coadd_bC138117 1.64 -1.71 18.660     >18.660  99.990          22.04        23.60   0.039        0.042       
2459015.01803  2459015.01809  2020-06-14.5180296  coadd_bC138792 1.40 -1.71 18.953      18.285  0.197          100.00        18.02   0.176        0.032       
2459017.97175  2459017.97206  2020-06-17.4717436  coadd_bC139749 1.48 -1.71 19.357     >19.357  99.990          -2.68        12.42   -0.005       0.022       
2459021.09048  2459021.09107  2020-06-20.5904898  coadd_bC140641 1.69 -1.71 19.233     >19.233  99.990          -5.21        13.92   -0.009       0.025       
2459023.57978  2459023.58058  2020-06-23.0797767  coadd_bo224188 1.49 -2.13 18.797     >18.797  99.990         -47.47        14.24   -0.122       0.037       
2459031.54248  2459031.54396  2020-07-01.0424825  coadd_bo225688 1.53 -2.13 17.902     >17.902  99.990          49.48        32.47   0.127        0.084       
2459032.97830  2459032.97990  2020-07-02.4783027  coadd_bC143998 1.47 -1.71 18.457     >18.457  99.990          -5.96        28.44   -0.011       0.050       
2459036.97438  2459036.97631  2020-07-06.4743790  coadd_bC145158 1.54 -1.71 18.198     >18.198  99.990          -3.95        36.14   -0.007       0.064       
2459039.03657  2459039.03866  2020-07-08.5365712  coadd_bC145892 1.44 -1.71 18.058     >18.058  99.990          18.08        41.09   0.032        0.072       
2459041.91731  2459041.91963  2020-07-11.4173086  coadd_bC146823 1.58 -1.71 18.633     >18.633  99.990          66.59        24.20   0.117        0.043       
2459044.03359  2459044.03607  2020-07-13.5335873  coadd_bC147605 1.48 -1.71 19.216     >19.216  99.990          -9.06        14.15   -0.016       0.025       
2459050.48498  2459050.48794  2020-07-19.9849782  coadd_bo230184 1.63 -2.13 19.006     >19.006  99.990          23.69        11.75   0.061        0.030       
2459053.86472  2459053.86791  2020-07-23.3647190  coadd_bC150300 1.44 -1.71 18.962     >18.962  99.990           7.72        17.87   0.014        0.031       
2459055.45166  2459055.45497  2020-07-24.9516685  coadd_bo232210 1.53 -2.13 18.949     >18.949  99.990          -9.45        12.38   -0.024       0.032       
2459060.43224  2459060.43587  2020-07-29.9322428  coadd_bo233835 1.55 -2.13 17.893     >17.893  99.990          80.48        32.73   0.207        0.084       
2459061.89361  2459061.89732  2020-07-31.3936112  coadd_bC152303 1.57 -1.71 18.281     >18.281  99.990          31.88        33.47   0.056        0.059       
2459064.84176  2459064.84565  2020-08-03.3417641  coadd_bC153351 1.58 -1.71 17.625     >17.625  99.990          64.09        61.23   0.113        0.108       
2459066.93026  2459066.93427  2020-08-05.4302633  coadd_bC153760 1.49 -1.71 17.832     >17.832  99.990         -59.13        50.62   -0.104       0.089       
2459071.85708  2459071.86135  2020-08-10.3570822  coadd_bC155133 1.43 -1.71 19.348     >19.348  99.990          32.18        12.53   0.057        0.022       
2459073.82415  2459073.82852  2020-08-12.3241530  coadd_bC155836 1.52 -1.71 19.084     >19.084  99.990          40.19        15.97   0.071        0.028       
2459074.97718  2459074.98159  2020-08-13.4771806  coadd_bC156319 1.50 -1.71 19.064     >19.064  99.990          47.25        16.27   0.083        0.029       
2459078.78901  2459078.79359  2020-08-17.2890082  coadd_bC157273 1.74 -1.71 19.250     >19.250  99.990         -14.30        13.70   -0.025       0.024       
2459083.51201  2459083.51677  2020-08-22.0120111  coadd_bo238292 1.49 -2.13 18.958     >18.958  99.990         -21.53        12.28   -0.055       0.032       
2459085.05077  2459085.05557  2020-08-23.5507664  coadd_bC159411 1.42 -1.71 19.067     >19.067  99.990         -19.96        16.23   -0.035       0.029       
2459087.94256  2459087.94746  2020-08-26.4425611  coadd_bC160395 1.67 -1.71 19.480     >19.480  99.990          -8.86        11.09   -0.016       0.020       
2459089.86617  2459089.87111  2020-08-28.3661672  coadd_bC161056 1.52 -1.71 18.479     >18.479  99.990         -49.53        27.89   -0.087       0.049       
2459095.83131  2459095.83639  2020-09-03.3313114  coadd_bC163316 1.46 -1.71 17.969     >17.969  99.990        -174.74        44.61   -0.308       0.079       
2459100.97722  2459100.98236  2020-09-08.4772195  coadd_bC165250 1.71 -1.71 18.861     >18.861  99.990          -9.26        19.62   -0.016       0.035       
2459102.82631  2459102.83146  2020-09-10.3263089  coadd_bC165803 1.41 -1.71 19.039     >19.039  99.990          45.14        16.65   0.080        0.029       
2459104.99201  2459104.99718  2020-09-12.4920156  coadd_bC166694 1.45 -1.71 19.212     >19.212  99.990         -25.84        14.20   -0.046       0.025       
2459107.99199  2459107.99715  2020-09-15.4919847  coadd_bC167721 1.46 -1.71 19.318     >19.318  99.990         -20.87        12.88   -0.037       0.023       
2459112.46606  2459112.47121  2020-09-19.9660586  coadd_bo244678 1.49 -2.13 18.949     >18.949  99.990         -10.19        12.38   -0.026       0.032       
2459116.28067  2459116.28578  2020-09-23.7806766  coadd_bo245758 1.63 -2.13 18.065     >18.065  99.990          16.58        27.95   0.043        0.072       
2459119.97247  2459119.97752  2020-09-27.4724723  coadd_bC171406 1.45 -1.71 18.424     >18.424  99.990          -8.44        29.34   -0.015       0.052       
2459123.80547  2459123.81043  2020-10-01.3054663  coadd_bC172416 1.50 -1.71 17.829     >17.829  99.990         -22.70        50.76   -0.040       0.089       
2459126.93616  2459126.94104  2020-10-04.4361679  coadd_bC173116 1.48 -1.71 18.213     >18.213  99.990           1.14        35.63   0.002        0.063       
2459128.86349  2459128.86831  2020-10-06.3634922  coadd_bC173690 1.62 -1.71 18.394     >18.394  99.990         -70.26        30.15   -0.124       0.053       
2459142.77218  2459142.77642  2020-10-20.2721753  coadd_bC178243 1.39 -1.71 19.150     >19.150  99.990         -26.46        15.03   -0.047       0.026       
2459145.62383  2459145.62792  2020-10-23.1238356  coadd_bk320017 1.48 -1.90 18.417     >18.417  99.990         -43.62        24.92   -0.091       0.052       
2459148.56012  2459148.56404  2020-10-26.0601216  coadd_bG174298 1.46 -1.93 17.962     >17.962  99.990         -52.87        36.84   -0.114       0.079       
2459153.25025  2459153.25389  2020-10-30.7502574  coadd_bo253652 2.03 -2.13 16.824     >16.824  99.990         -44.50        87.64   -0.115       0.226       
2459153.84438  2459153.84799  2020-10-31.3443943  coadd_bC180724 1.48 -1.71 18.075     >18.075  99.990         -44.00        40.46   -0.078       0.071       
2459154.85881  2459154.86235  2020-11-01.3588079  coadd_bC181007 1.50 -1.71 18.195     >18.195  99.990          11.65        36.21   0.021        0.064       
2459155.84970  2459155.85317  2020-11-02.3497040  coadd_bC181334 1.49 -1.71 17.643     >17.643  99.990          -9.83        60.20   -0.017       0.106       
2459156.33993  2459156.34336  2020-11-02.8399238  coadd_bo254491 1.49 -2.13 17.373     >17.373  99.990          41.56        52.87   0.107        0.136       
2459156.84170  2459156.84510  2020-11-03.3417  coadd_bC181728 1.42 -1.71 18.464     >18.464  99.990           6.10        28.27   0.011        0.050       
2459157.34638  2459157.34975  2020-11-03.8463776  coadd_bo255201 1.49 -2.13 17.380     >17.380  99.990         104.70        52.52   0.270        0.135       
2459157.84527  2459157.84860  2020-11-04.3452692  coadd_bC182218 1.40 -1.71 18.249     >18.249  99.990        -137.26        34.47   -0.242       0.061       
2459158.84125  2459158.84452  2020-11-05.3412615  coadd_bC182596 1.45 -1.71 18.709     >18.709  99.990         -41.78        22.55   -0.074       0.040       
2459159.82962  2459159.83282  2020-11-06.3296203  coadd_bC182929 1.73 -1.71 18.006     >18.006  99.990          51.96        43.11   0.092        0.076       
2459162.50717  2459162.51018  2020-11-09.0071724  coadd_bk323915 1.64 -1.90 18.844     >18.844  99.990          27.69        16.83   0.058        0.035       
2459164.57535  2459164.57820  2020-11-11.0753574  coadd_bk324410 1.53 -1.90 18.714     >18.714  99.990         -84.34        18.96   -0.176       0.040       
2459167.86466  2459167.86726  2020-11-14.3646634  coadd_bC184644 1.61 -1.71 19.121     >19.121  99.990           0.76        15.43   0.001        0.027       
2459175.53200  2459175.53399  2020-11-22.0319971  coadd_bG180443 1.83 -1.93 18.308     >18.308  99.990         -32.05        26.78   -0.069       0.057       
2459181.54627  2459181.54775  2020-11-28.0462668  coadd_bk329908 1.51 -1.90 17.591     >17.591  99.990          -9.56        53.33   -0.020       0.111       
2459186.77445  2459186.77548  2020-12-03.2744559  coadd_bC189368 1.41 -1.71 18.593     >18.593  99.990        -110.14        25.10   -0.194       0.044       
2459187.54005  2459187.54101  2020-12-04.0400530  coadd_bG184031 1.92 -1.93 18.777     >18.777  99.990         -32.87        17.38   -0.071       0.037       
2459192.74065  2459192.74115  2020-12-09.2406530  coadd_bC191926 1.59 -1.71 19.195     >19.195  99.990         -50.08        14.42   -0.088       0.025       
2459195.70894  2459195.70917  2020-12-12.2089414  coadd_bC193231 1.43 -1.71 19.246     >19.246  99.990         -50.09        13.76   -0.088       0.024       
2459208.69953  2459208.69860  2020-12-25.1995246  coadd_bC196292 1.48 -1.71 18.467     >18.467  99.990          -9.96        28.19   -0.018       0.050       
2459209.71366  2459209.71264  2020-12-26.2136548  coadd_bC196744 1.45 -1.71 18.205     >18.205  99.990         -77.04        35.89   -0.136       0.063       
2459212.69957  2459212.69829  2020-12-29.1995725  coadd_bC197494 1.66 -1.71 18.168     >18.168  99.990          89.69        37.12   0.158        0.065       
2459315.13669  2459315.13213  2021-04-10.6366910  coadd_bC222508 1.50 -1.71 17.251     >17.251  99.990        -145.27        86.42   -0.256       0.152       
2459318.13365  2459318.12922  2021-04-13.6336491  coadd_bC223185 1.47 -1.71 17.524     >17.524  99.990          55.80        67.22   0.098        0.118       
2459319.12999  2459319.12560  2021-04-14.6299956  coadd_bC223576 1.51 -1.71 17.922     >17.922  99.990         -35.85        46.58   -0.063       0.082       
2459321.11926  2459321.11496  2021-04-16.6192607  coadd_bC224311 1.40 -1.71 18.142     >18.142  99.990          43.46        38.04   0.077        0.067       
2459337.92198  2459337.91864  2021-05-03.4219781  coadd_bk382487 1.51 -1.90 17.629     >17.629  99.990        -173.57        51.49   -0.362       0.107       
2459340.91290  2459340.90977  2021-05-06.4129043  coadd_bG232671 1.44 -1.93 18.431     >18.431  99.990         -27.86        23.92   -0.060       0.051       
2459346.05737  2459346.05461  2021-05-11.5573763  coadd_bC231156 1.35 -1.71 18.948     >18.948  99.990         -73.93        18.11   -0.130       0.032       
2459348.93201  2459348.92946  2021-05-14.4320146  coadd_bk385855 1.48 -1.90 17.600     >17.600  99.990        -102.40        52.90   -0.214       0.110       
2459352.87675  2459352.87450  2021-05-18.3767442  coadd_bk387426 1.57 -1.90 18.724     >18.724  99.990         -31.13        18.79   -0.065       0.039       
2459355.04018  2459355.03810  2021-05-20.5401854  coadd_bC234193 1.40 -1.71 18.934     >18.934  99.990         -58.42        18.34   -0.103       0.032       
2459357.05298  2459357.05107  2021-05-22.5529825  coadd_bC234876 1.44 -1.71 18.964     >18.964  99.990        -113.66        17.85   -0.200       0.031       
2459359.62382  2459359.62211  2021-05-25.1238153  coadd_bo304780 1.50 -2.13 17.276     >17.276  99.990         -80.32        57.80   -0.207       0.149       
2459363.02460  2459363.02318  2021-05-28.5246037  coadd_bC237040 1.50 -1.71 17.791     >17.791  99.990          -3.37        52.53   -0.006       0.093       
2459366.83655  2459366.83545  2021-06-01.3365471  coadd_bk391931 1.42 -1.90 17.800     >17.800  99.990        -244.24        44.00   -0.510       0.092       
2459368.84234  2459368.84141  2021-06-03.3423465  coadd_bG241860 1.45 -1.93 18.297     >18.297  99.990           0.10        27.06   0.000        0.058       
2459369.83863  2459369.83779  2021-06-04.3386332  coadd_bk393252 1.49 -1.90 18.590     >18.590  99.990         -70.17        21.26   -0.146       0.044       
2459370.93113  2459370.93039  2021-06-05.4311336  coadd_bk393679 1.49 -1.90 18.436     >18.436  99.990         -87.10        24.50   -0.182       0.051       
2459373.99732  2459373.99684  2021-06-08.4973290  coadd_bC240623 1.61 -1.71 19.996     >19.996  99.990         -23.00         6.90   -0.041       0.012       
2459376.58494  2459376.58468  2021-06-11.0849375  coadd_bo308742 1.47 -2.13 18.698     >18.698  99.990         -36.28        15.60   -0.093       0.040       
2459381.96072  2459381.96093  2021-06-16.4607240  coadd_bC243396 1.46 -1.71 18.979     >18.979  99.990        -104.44        17.59   -0.184       0.031       
2459384.79944  2459384.79989  2021-06-19.2994398  coadd_bG247768 1.45 -1.93 18.396     >18.396  99.990        -126.95        24.71   -0.273       0.053       
2459384.95284  2459384.95331  2021-06-19.4528410  coadd_bC244445 1.46 -1.71 17.753     >17.753  99.990         -98.84        54.42   -0.174       0.096       
2459388.09818  2459388.09892  2021-06-22.5981818  coadd_bC245559 1.47 -1.71 19.245     >19.245  99.990         -14.47        13.76   -0.025       0.024       
2459389.87799  2459389.87888  2021-06-24.3779862  coadd_bk400882 1.98 -1.90 17.164      16.722  0.243          356.29        79.04   0.743        0.165       
2459394.76222  2459394.76353  2021-06-29.2622217  coadd_bG251231 1.44 -1.93 17.330     >17.330  99.990        -108.23        65.93   -0.232       0.142       
2459396.77278  2459396.77425  2021-07-01.2727805  coadd_bG252068 1.45 -1.93 18.128     >18.128  99.990          37.79        31.61   0.081        0.068       
2459397.76699  2459397.76855  2021-07-02.2669973  coadd_bk403880 1.48 -1.90 18.398     >18.398  99.990        -142.84        25.38   -0.298       0.053       
2459402.04649  2459402.04840  2021-07-06.5464914  coadd_bC250004 1.39 -1.71 19.536     >19.536  99.990         -42.99        10.53   -0.076       0.019       
2459404.89635  2459404.89849  2021-07-09.3963493  coadd_bC250938 1.37 -1.71 19.247     >19.247  99.990         -76.57        13.75   -0.135       0.024       
2459405.81966  2459405.82187  2021-07-10.3196581  coadd_bk407133 1.54 -1.90 19.012     >19.012  99.990          -0.26        14.41   -0.001       0.030       
2459408.94211  2459408.94457  2021-07-13.4421116  coadd_bC252228 1.62 -1.71 19.213     >19.213  99.990         -73.87        14.19   -0.130       0.025       
2459410.56933  2459410.57191  2021-07-15.0693299  coadd_bo314241 1.50 -2.13 18.816     >18.816  99.990         -79.50        13.99   -0.205       0.036       
2459412.72867  2459412.73141  2021-07-17.2286707  coadd_bG258351 1.50 -1.93 19.011     >19.011  99.990         -11.83        14.02   -0.025       0.030       
2459413.71972  2459413.72254  2021-07-18.2197202  coadd_bk410486 1.48 -1.90 17.923     >17.923  99.990         -86.50        39.28   -0.180       0.082       
2459415.96645  2459415.96943  2021-07-20.4664515  coadd_bC254601 1.51 -1.71 18.567     >18.567  99.990         -68.73        25.72   -0.121       0.045       
2459417.71225  2459417.71535  2021-07-22.2122564  coadd_bG260407 1.73 -1.93 17.668     >17.668  99.990          40.66        48.29   0.087        0.104       
2459419.96898  2459419.97224  2021-07-24.4689853  coadd_bC255747 2.28 -1.71 17.861     >17.861  99.990         -85.33        49.28   -0.150       0.087       
2459420.44784  2459420.45112  2021-07-24.9478333  coadd_bo316565 1.65 -2.13 16.942     >16.942  99.990          58.98        78.58   0.152        0.202       
2459422.75864  2459422.76208  2021-07-27.2586391  coadd_bk414342 1.47 -1.90 17.553     >17.553  99.990          31.35        55.25   0.065        0.115       
2459423.52485  2459423.52834  2021-07-28.0248584  coadd_bo317460 2.03 -2.13 17.615     >17.615  99.990         -72.63        42.28   -0.187       0.109       
2459423.82621  2459423.82972  2021-07-28.3262116  coadd_bk414814 1.51 -1.90 17.962     >17.962  99.990         -14.46        37.91   -0.030       0.079       
2459424.81204  2459424.81561  2021-07-29.3120378  coadd_bG263336 1.82 -1.93 17.898     >17.898  99.990         -14.47        39.06   -0.031       0.084       
2459426.85131  2459426.85501  2021-07-31.3513101  coadd_bk416105 1.47 -1.90 18.186     >18.186  99.990        -108.46        30.83   -0.226       0.064       
2459427.85313  2459427.85688  2021-08-01.3531266  coadd_bG264591 1.50 -1.93 17.941     >17.941  99.990         -43.08        37.56   -0.092       0.081       
2459430.68321  2459430.68713  2021-08-04.1832065  coadd_bG265679 1.45 -1.93 18.864     >18.864  99.990         -55.54        16.05   -0.119       0.034       
2459431.66575  2459431.66973  2021-08-05.1657520  coadd_bk418051 1.51 -1.90 18.630     >18.630  99.990         -72.88        20.49   -0.152       0.043       
2459432.46421  2459432.46823  2021-08-05.9642115  coadd_bo319150 1.45 -2.13 19.064     >19.064  99.990         -43.90        11.13   -0.113       0.029       
2459432.65839  2459432.66242  2021-08-06.1583936  coadd_bk418454 1.43 -1.90 18.865     >18.865  99.990         -59.56        16.50   -0.124       0.034       
2459433.47137  2459433.47545  2021-08-06.9713796  coadd_bo319558 1.58 -2.13 19.055     >19.055  99.990          -0.36        11.23   -0.001       0.029       
2459434.00329  2459434.00739  2021-08-07.5032909  coadd_bC260289 1.61 -1.71 19.316     >19.316  99.990         -22.85        12.90   -0.040       0.023       
2459434.45563  2459434.45976  2021-08-07.9556329  coadd_bo319927 1.53 -2.13 19.086     >19.086  99.990         -24.07        10.91   -0.062       0.028       
2459436.66782  2459436.67207  2021-08-10.1678277  coadd_bG267841 1.46 -1.93 18.529     >18.529  99.990        -123.79        21.86   -0.266       0.047       
2459437.66091  2459437.66520  2021-08-11.1609202  coadd_bk420281 1.52 -1.90 18.681     >18.681  99.990        -103.67        19.55   -0.216       0.041       
2459438.97434  2459438.97869  2021-08-12.4743451  coadd_bC262148 1.48 -1.71 19.105     >19.105  99.990         -61.41        15.66   -0.108       0.028       
2459440.65112  2459440.65556  2021-08-14.1511241  coadd_bG269420 1.47 -1.93 18.605     >18.605  99.990          -3.45        20.38   -0.007       0.044       
2459443.64628  2459443.65085  2021-08-17.1462875  coadd_bG270164 1.45 -1.93 17.879     >17.879  99.990         -44.29        39.75   -0.095       0.085       
2459444.72550  2459444.73011  2021-08-18.2255077  coadd_bk422637 1.50 -1.90 18.112     >18.112  99.990        -106.75        33.02   -0.223       0.069       
2459447.95006  2459447.95479  2021-08-21.4500605  coadd_bC265264 1.50 -1.71 17.718     >17.718  99.990          43.84        56.23   0.077        0.099       
2459448.50234  2459448.50709  2021-08-22.0023484  coadd_bo321560 2.00 -2.13 16.953     >16.953  99.990          33.10        77.79   0.085        0.200       
2459452.74333  2459452.74821  2021-08-26.2433313  coadd_bk424396 1.47 -1.90 17.814     >17.814  99.990        -156.92        43.45   -0.327       0.091       
2459453.66319  2459453.66810  2021-08-27.1631962  coadd_bk424736 1.48 -1.90 18.093     >18.093  99.990         -88.01        33.59   -0.184       0.070       
2459455.76848  2459455.77344  2021-08-29.2684820  coadd_bk425611 1.52 -1.90 18.348     >18.348  99.990           0.57        26.58   0.001        0.055       
2459457.73042  2459457.73543  2021-08-31.2304230  coadd_bG273841 1.49 -1.93 18.875     >18.875  99.990         -24.16        15.88   -0.052       0.034       
2459458.46379  2459458.46881  2021-08-31.9637953  coadd_bo323708 1.59 -2.13 18.820     >18.820  99.990          27.49        13.94   0.071        0.036       
2459459.39827  2459459.40331  2021-09-01.8982766  coadd_bo324030 1.53 -2.13 18.997     >18.997  99.990          -8.55        11.84   -0.022       0.030       
2459459.79694  2459459.80199  2021-09-02.2969417  coadd_bk427111 1.48 -1.90 18.700     >18.700  99.990         -43.51        19.22   -0.091       0.040       
2459460.36854  2459460.37360  2021-09-02.8685451  coadd_bo324414 1.46 -2.13 18.739     >18.739  99.990         -32.40        15.02   -0.083       0.039       
2459460.71451  2459460.71958  2021-09-03.2145189  coadd_bk427424 1.44 -1.90 18.773     >18.773  99.990        -100.48        17.97   -0.210       0.037       
2459461.69968  2459461.70476  2021-09-04.1996868  coadd_bk427818 1.53 -1.90 18.999     >18.999  99.990          14.63        14.59   0.031        0.030       
2459462.39989  2459462.40498  2021-09-04.8998903  coadd_bo324787 1.44 -2.13 18.905     >18.905  99.990         -47.43        12.89   -0.122       0.033       
2459462.74622  2459462.75131  2021-09-05.2462259  coadd_bk428263 1.49 -1.90 18.585     >18.585  99.990         -99.74        21.35   -0.208       0.045       
2459465.78498  2459465.79012  2021-09-08.2849839  coadd_bG276603 1.54 -1.93 18.420     >18.420  99.990         -53.18        24.15   -0.114       0.052       
2459467.78630  2459467.79145  2021-09-10.2863092  coadd_bC271139 1.53 -1.71 19.054     >19.054  99.990         -32.05        16.42   -0.056       0.029       
2459469.38700  2459469.39216  2021-09-11.8869978  coadd_bo326343 1.54 -2.13 17.953     >17.953  99.990         -56.70        30.98   -0.146       0.080       
2459471.59677  2459471.60194  2021-09-14.0967746  coadd_bk431244 1.52 -1.90 18.684     >18.684  99.990         -68.69        19.50   -0.143       0.041       
2459473.32913  2459473.33430  2021-09-15.8291355  coadd_bo326867 1.56 -2.13 17.609     >17.609  99.990         -82.93        42.55   -0.213       0.110       
2459479.40018  2459479.40532  2021-09-21.9001836  coadd_bo328397 1.60 -2.13 16.985     >16.985  99.990         -33.11        75.60   -0.085       0.195       
2459480.56941  2459480.57453  2021-09-23.0694174  coadd_bk434583 1.52 -1.90 17.613     >17.613  99.990        -190.42        52.28   -0.397       0.109       
2459481.39587  2459481.40098  2021-09-23.8958847  coadd_bo328910 1.44 -2.13 17.183     >17.183  99.990         -78.44        62.94   -0.202       0.162       
2459482.39518  2459482.40028  2021-09-24.8951905  coadd_bo329292 1.61 -2.13 17.729     >17.729  99.990         -35.09        38.09   -0.090       0.098       
2459485.70192  2459485.70696  2021-09-28.2019288  coadd_bk436576 1.47 -1.90 18.455     >18.455  99.990        -103.79        24.07   -0.217       0.050       
2459486.96886  2459486.97387  2021-09-29.4688672  coadd_bC277313 1.44 -1.71 18.964     >18.964  99.990         -24.99        17.84   -0.044       0.031       
2459489.81796  2459489.82291  2021-10-02.3179753  coadd_bC278153 1.38 -1.71 19.425     >19.425  99.990         -31.47        11.67   -0.055       0.021       
2459492.39689  2459492.40176  2021-10-04.8968893  coadd_bo331274 1.61 -2.13 18.722     >18.722  99.990         -45.14        15.26   -0.116       0.039       
