###  JD        HJD            UT_date             IMAGE          FWHM  Diff Limit      mag   mag_err       counts     count_err  flux (mJy)    flux_err
2458223.90384  2458223.90251  2018-04-15.4038379  coadd_bs064119 1.42 -1.80 18.133     >18.133  99.990          67.93        35.29   0.130        0.068       
2458224.90152  2458224.90024  2018-04-16.4015187  coadd_bs064493 1.49 -1.80 18.661     >18.661  99.990          14.09        21.71   0.027        0.042       
2458226.89836  2458226.89718  2018-04-18.3983665  coadd_bs064781 1.58 -1.80 18.415     >18.415  99.990         -14.05        27.22   -0.027       0.052       
2458232.88478  2458232.88391  2018-04-24.3847795  coadd_bs066409 1.52 -1.80 18.906     >18.906  99.990          -2.41        17.32   -0.005       0.033       
2458234.87709  2458234.87633  2018-04-26.3771001  coadd_bs066713 2.15 -1.80 18.186     >18.186  99.990          82.40        33.63   0.158        0.064       
2458240.85857  2458240.85813  2018-05-02.3585723  coadd_bs068386 1.52 -1.80 17.872     >17.872  99.990          97.95        44.91   0.187        0.086       
2458243.91098  2458243.91071  2018-05-05.4109832  coadd_bs068889 1.51 -1.80 18.190     >18.190  99.990         -33.29        33.51   -0.064       0.064       
2458245.84332  2458245.84316  2018-05-07.3433318  coadd_bs069544 2.03 -1.80 18.661     >18.661  99.990          17.78        21.70   0.034        0.042       
2458246.85040  2458246.85030  2018-05-08.3504028  coadd_bs069901 1.54 -1.80 17.869     >17.869  99.990        -213.74        45.02   -0.409       0.086       
2458247.85381  2458247.85375  2018-05-09.3538143  coadd_bs070186 1.49 -1.80 19.167     >19.167  99.990          16.71        13.63   0.032        0.026       
2458248.85251  2458248.85252  2018-05-10.3525168  coadd_bs070534 1.64 -1.80 19.074     >19.074  99.990          22.20        14.84   0.042        0.028       
2458250.83347  2458250.83358  2018-05-12.3334763  coadd_bs071083 1.44 -1.80 18.624     >18.624  99.990         -42.62        22.47   -0.082       0.043       
2458251.83750  2458251.83767  2018-05-13.3375046  coadd_bs071382 1.57 -1.80 18.900      18.137  0.181          105.48        17.42   0.202        0.033       
2458252.90791  2458252.90813  2018-05-14.4079119  coadd_bs071693 2.08 -1.80 19.016     >19.016  99.990         -11.78        15.65   -0.023       0.030       
2458253.82677  2458253.82705  2018-05-15.3267759  coadd_bs071929 2.32 -1.80 19.179     >19.179  99.990         -14.39        13.47   -0.028       0.026       
2458255.81131  2458255.81170  2018-05-17.3113164  coadd_bs072579 2.06 -1.80 18.987      18.167  0.171          102.64        16.08   0.196        0.031       
2458256.90038  2458256.90082  2018-05-18.4003770  coadd_bs072759 1.66 -1.80 18.748     >18.748  99.990         -75.65        20.04   -0.145       0.038       
2458257.87176  2458257.87225  2018-05-19.3717663  coadd_bs073080 2.22 -1.80 19.123     >19.123  99.990          38.79        14.18   0.074        0.027       
2458261.88955  2458261.89027  2018-05-23.3895575  coadd_bs073691 2.38 -1.80 18.738     >18.738  99.990          24.95        20.21   0.048        0.039       
2458264.79368  2458264.79455  2018-05-26.2936847  coadd_bs074559 1.47 -1.80 18.097     >18.097  99.990         -89.52        36.48   -0.171       0.070       
2458268.82097  2458268.82205  2018-05-30.3209760  coadd_bs075868 1.51 -1.80 17.929     >17.929  99.990         -98.96        42.61   -0.189       0.082       
2458269.88158  2458269.88271  2018-05-31.3815849  coadd_bs076257 1.47 -1.80 17.832     >17.832  99.990         -84.50        46.56   -0.162       0.089       
2458270.87842  2458270.87961  2018-06-01.3784334  coadd_bs076595 1.47 -1.80 18.037     >18.037  99.990          68.67        38.56   0.131        0.074       
2458271.87387  2458271.87510  2018-06-02.3738685  coadd_bs076899 1.45 -1.80 18.136     >18.136  99.990          54.66        35.19   0.105        0.067       
2458277.94845  2458277.94999  2018-06-08.4484549  coadd_bs078016 1.58 -1.80 17.990     >17.990  99.990         -34.31        40.28   -0.066       0.077       
2458281.73760  2458281.73931  2018-06-12.2375980  coadd_bs078306 1.43 -1.80 18.928      18.588  0.267           69.63        16.98   0.133        0.032       
2458282.89051  2458282.89229  2018-06-13.3905151  coadd_bs078758 2.21 -1.80 18.895     >18.895  99.990          -7.04        17.49   -0.013       0.033       
2458289.90462  2458289.90671  2018-06-20.4046254  coadd_bs080561 1.56 -1.80 19.027     >19.027  99.990         -12.92        15.50   -0.025       0.030       
2458291.72511  2458291.72727  2018-06-22.2251142  coadd_bs081071 1.58 -1.80 18.557     >18.557  99.990         -68.10        23.89   -0.130       0.046       
2458292.76301  2458292.76521  2018-06-23.2630175  coadd_bs081428 1.97 -1.80 18.951     >18.951  99.990         -45.14        16.62   -0.086       0.032       
2458295.90764  2458295.90997  2018-06-26.4076391  coadd_bs082521 2.01 -1.80 18.386     >18.386  99.990          -6.81        27.95   -0.013       0.054       
2458322.81825  2458322.82135  2018-07-23.3182550  coadd_bs087142 1.52 -1.80 18.363     >18.363  99.990         -22.70        28.57   -0.043       0.055       
2458325.82717  2458325.83032  2018-07-26.3271797  coadd_bs087999 1.49 -1.80 17.888      17.704  0.308          157.24        44.22   0.301        0.085       
2458329.80518  2458329.80838  2018-07-30.3051853  coadd_bs088888 1.48 -1.80 17.952     >17.952  99.990          69.65        41.72   0.133        0.080       
2458331.85864  2458331.86187  2018-08-01.3586421  coadd_bs089235 2.04 -1.80 18.303     >18.303  99.990          88.08        30.18   0.169        0.058       
2458333.91027  2458333.91351  2018-08-03.4102751  coadd_bs089888 1.54 -1.80 18.126      17.784  0.267          146.01        35.53   0.279        0.068       
2458355.87113  2458355.87431  2018-08-25.3711309  coadd_bs094426 1.53 -1.80 17.772     >17.772  99.990           7.74        49.24   0.015        0.094       
2458361.86042  2458361.86352  2018-08-31.3604332  coadd_bs095893 1.46 -1.80 17.480     >17.480  99.990        -140.37        64.39   -0.269       0.123       
2458373.77352  2458373.77634  2018-09-12.2735260  coadd_bs097897 1.55 -1.80 19.173     >19.173  99.990         -35.34        13.55   -0.068       0.026       
2458374.67638  2458374.67917  2018-09-13.1763866  coadd_bs098210 1.51 -1.80 18.882     >18.882  99.990         -63.13        17.71   -0.121       0.034       
2458384.78667  2458384.78913  2018-09-23.2866815  coadd_bs099184 1.58 -1.80 17.933     >17.933  99.990          21.22        42.43   0.041        0.081       
2458385.71808  2458385.72050  2018-09-24.2180809  coadd_bs099538 1.44 -1.80 18.112     >18.112  99.990           5.99        35.97   0.011        0.069       
2458391.58282  2458391.58502  2018-09-30.0828300  coadd_bs101204 2.10 -1.80 18.974     >18.974  99.990         -53.72        16.27   -0.103       0.031       
2458402.59205  2458402.59376  2018-10-11.0920556  coadd_bs103541 2.00 -1.80 18.815      18.560  0.289           71.46        18.84   0.137        0.036       
2458405.70921  2458405.71077  2018-10-14.2092228  coadd_bs104135 1.54 -1.80 19.120     >19.120  99.990         -10.79        14.23   -0.021       0.027       
2458416.70103  2458416.70201  2018-10-25.2010304  coadd_bs105001 1.53 -1.80 17.978     >17.978  99.990        -221.93        40.71   -0.425       0.078       
2458418.69246  2458418.69334  2018-10-27.1924578  coadd_bs105833 1.50 -1.80 17.955     >17.955  99.990         -71.17        41.59   -0.136       0.080       
2458419.69179  2458419.69261  2018-10-28.1917928  coadd_bs106273 1.48 -1.80 18.294     >18.294  99.990          45.91        30.43   0.088        0.058       
2458420.68793  2458420.68870  2018-10-29.1879295  coadd_bs106711 1.51 -1.80 18.570     >18.570  99.990          47.21        23.59   0.090        0.045       
2458421.65384  2458421.65456  2018-10-30.1538432  coadd_bs107128 1.51 -1.80 18.717     >18.717  99.990         -34.48        20.62   -0.066       0.039       
2458428.66095  2458428.66128  2018-11-06.1609546  coadd_bs109334 1.53 -1.80 19.057     >19.057  99.990          25.26        15.08   0.048        0.029       
2458429.65455  2458429.65483  2018-11-07.1545530  coadd_bs109772 1.47 -1.80 18.954     >18.954  99.990          -1.60        16.57   -0.003       0.032       
2458430.65665  2458430.65687  2018-11-08.1566627  coadd_bs110213 1.52 -1.80 19.001     >19.001  99.990          40.36        15.86   0.077        0.030       
2458431.64109  2458431.64126  2018-11-09.1411010  coadd_bs110646 1.46 -1.80 18.903      18.404  0.231           82.49        17.37   0.158        0.033       
2458437.61282  2458437.61264  2018-11-15.1128196  coadd_bs111463 1.43 -1.80 18.785     >18.785  99.990          -7.67        19.36   -0.015       0.037       
2458439.62011  2458439.61983  2018-11-17.1201160  coadd_bs112371 1.48 -1.80 17.409     >17.409  99.990           8.12        68.78   0.016        0.132       
2458451.59696  2458451.59602  2018-11-29.0969640  coadd_bs116607 1.95 -1.80 19.135     >19.135  99.990          -7.92        14.03   -0.015       0.027       
2458454.58847  2458454.58737  2018-12-02.0884775  coadd_bs117623 1.46 -1.80 18.853     >18.853  99.990         -65.37        18.18   -0.125       0.035       
2458456.58476  2458456.58355  2018-12-04.0847616  coadd_bs118541 1.48 -1.80 19.074      18.933  0.321           50.66        14.83   0.097        0.028       
2458558.99290  2458558.99029  2019-03-16.4928993  coadd_bs143160 1.48 -1.80 18.490     >18.490  99.990          28.55        25.41   0.055        0.049       
2458561.99055  2458561.98805  2019-03-19.4905523  coadd_bs143975 1.51 -1.80 18.181     >18.181  99.990          40.32        33.79   0.077        0.065       
2458571.07404  2458571.07188  2019-03-28.5740442  coadd_bC021151 1.45 -1.68 18.717     >18.717  99.990          -1.47        23.10   -0.003       0.039       
2458572.08362  2458572.08150  2019-03-29.5836219  coadd_bC021571 1.42 -1.68 18.828     >18.828  99.990          36.90        20.85   0.063        0.036       
2458573.08059  2458573.07852  2019-03-30.5805938  coadd_bC021982 1.49 -1.68 18.793     >18.793  99.990         -39.81        21.53   -0.068       0.037       
2458575.92727  2458575.92531  2019-04-02.4272690  coadd_bs147787 1.55 -1.80 18.866     >18.866  99.990         -16.00        17.98   -0.031       0.034       
2458576.92995  2458576.92804  2019-04-03.4299627  coadd_bs148178 1.45 -1.80 18.782     >18.782  99.990          58.16        19.41   0.111        0.037       
2458577.92337  2458577.92150  2019-04-04.4233791  coadd_bs148561 1.45 -1.80 19.014     >19.014  99.990           5.74        15.68   0.011        0.030       
2458578.92122  2458578.91940  2019-04-05.4212277  coadd_bs148947 1.47 -1.80 18.857     >18.857  99.990          21.12        18.12   0.040        0.035       
2458579.92304  2458579.92127  2019-04-06.4230416  coadd_bs149097 1.99 -1.80 18.949     >18.949  99.990          -2.20        16.64   -0.004       0.032       
2458580.96622  2458580.96449  2019-04-07.4662231  coadd_bs149457 1.49 -1.80 18.863      18.334  0.224           88.00        18.01   0.168        0.034       
2458581.91240  2458581.91072  2019-04-08.4124082  coadd_bs149797 1.56 -1.80 18.701      18.474  0.296           77.34        20.92   0.148        0.040       
2458582.90963  2458582.90800  2019-04-09.4096337  coadd_bs150175 1.48 -1.80 18.830     >18.830  99.990           8.61        18.58   0.016        0.036       
2458584.05919  2458584.05761  2019-04-10.5591991  coadd_bC025579 1.56 -1.68 19.058      18.287  0.179          102.95        16.87   0.176        0.029       
2458585.97384  2458585.97235  2019-04-12.4738420  coadd_bs151035 1.49 -1.80 18.785     >18.785  99.990          14.55        19.37   0.028        0.037       
2458589.04120  2458589.03986  2019-04-15.5412  coadd_bC026289 1.46 -1.68 18.471     >18.471  99.990           5.81        28.97   0.010        0.049       
2458590.89435  2458590.89311  2019-04-17.3943638  coadd_bs152359 1.53 -1.80 18.160     >18.160  99.990         -52.96        34.44   -0.101       0.066       
2458594.01814  2458594.01706  2019-04-20.5181534  coadd_bC028178 1.93 -1.68 17.426     >17.426  99.990          47.90        75.84   0.082        0.130       
2458595.01229  2458595.01126  2019-04-21.5122910  coadd_bC028567 1.41 -1.68 18.061     >18.061  99.990         103.99        42.27   0.178        0.072       
2458596.02220  2458596.02122  2019-04-22.5222015  coadd_bC028965 2.15 -1.68 18.302      18.087  0.300          123.83        33.87   0.212        0.058       
2458598.99971  2458598.99889  2019-04-25.4997063  coadd_bC030120 1.56 -1.68 18.451     >18.451  99.990         -17.41        29.50   -0.030       0.050       
2458599.85289  2458599.85211  2019-04-26.3528947  coadd_bs153967 1.45 -1.80 18.414     >18.414  99.990          60.10        27.26   0.115        0.052       
2458600.85013  2458600.84941  2019-04-27.3501359  coadd_bs154325 1.48 -1.80 19.069     >19.069  99.990          -3.35        14.91   -0.006       0.029       
2458600.92207  2458600.92135  2019-04-27.4220740  coadd_bG071289 1.47 -2.26 17.643     >17.643  99.990         -24.53        36.36   -0.072       0.106       
2458601.06617  2458601.06546  2019-04-27.5661702  coadd_bC030932 1.39 -1.68 18.287     >18.287  99.990          71.97        34.34   0.123        0.059       
2458601.90247  2458601.90180  2019-04-28.4024761  coadd_bs154729 1.42 -1.80 18.653      18.052  0.210          114.13        21.86   0.218        0.042       
2458602.90448  2458602.90387  2019-04-29.4044912  coadd_bs155075 1.50 -1.80 18.333     >18.333  99.990          30.26        29.36   0.058        0.056       
2458604.98907  2458604.98857  2019-05-01.4890802  coadd_bC031381 1.51 -1.68 18.824     >18.824  99.990         -67.38        20.92   -0.115       0.036       
2458606.02906  2458606.02862  2019-05-02.5290572  coadd_bC031799 1.44 -1.68 18.723     >18.723  99.990         -13.84        22.97   -0.024       0.039       
2458607.83483  2458607.83448  2019-05-04.3348287  coadd_bs156483 1.45 -1.80 18.913     >18.913  99.990          48.54        17.21   0.093        0.033       
2458608.85176  2458608.85148  2019-05-05.3517648  coadd_bs156852 1.48 -1.80 18.596     >18.596  99.990          31.77        23.04   0.061        0.044       
2458609.87149  2458609.87126  2019-05-06.3715033  coadd_bs157213 2.02 -1.80 18.704     >18.704  99.990         -16.87        20.86   -0.032       0.040       
2458611.96863  2458611.96851  2019-05-08.4686321  coadd_bC033154 1.38 -1.68 18.797     >18.797  99.990         -30.31        21.46   -0.052       0.037       
2458613.05732  2458613.05726  2019-05-09.5573166  coadd_bC033607 1.42 -1.68 19.228     >19.228  99.990          13.51        14.43   0.023        0.025       
2458615.08295  2458615.08300  2019-05-11.5829471  coadd_bC034403 1.44 -1.68 19.252     >19.252  99.990          -2.51        14.11   -0.004       0.024       
2458617.81868  2458617.81888  2019-05-14.3186846  coadd_bs158772 1.48 -1.80 18.176     >18.176  99.990         -48.02        33.93   -0.092       0.065       
2458618.80351  2458618.80377  2019-05-15.3035172  coadd_bs159073 1.46 -1.80 18.045     >18.045  99.990          22.19        38.27   0.042        0.073       
2458618.96606  2458618.96633  2019-05-15.4660652  coadd_bC035605 1.47 -1.68 18.125     >18.125  99.990          98.47        39.86   0.168        0.068       
2458619.90730  2458619.90763  2019-05-16.4073113  coadd_bs161207 1.41 -1.80 18.155     >18.155  99.990          37.10        34.58   0.071        0.066       
2458621.09705  2458621.09744  2019-05-17.5970538  coadd_bC036041 1.49 -1.68 18.575     >18.575  99.990         -10.45        26.32   -0.018       0.045       
2458622.95130  2458622.95178  2019-05-19.4513050  coadd_bC036692 1.52 -1.68 17.304     >17.304  99.990         -15.08        84.88   -0.026       0.145       
2458623.94152  2458623.94206  2019-05-20.4415207  coadd_bC037065 1.91 -1.68 17.215     >17.215  99.990        -158.60        92.13   -0.271       0.157       
2458624.95121  2458624.95180  2019-05-21.4512087  coadd_bC037382 1.46 -1.68 18.179     >18.179  99.990           4.49        37.90   0.008        0.065       
2458625.83055  2458625.83120  2019-05-22.3305564  coadd_bs160734 1.42 -1.80 18.173      17.666  0.229          162.81        34.02   0.312        0.065       
2458626.98974  2458626.99044  2019-05-23.4897442  coadd_bC038420 1.47 -1.68 18.639     >18.639  99.990         -13.91        24.81   -0.024       0.042       
2458627.83588  2458627.83663  2019-05-24.3358835  coadd_bs161443 1.49 -1.80 17.893     >17.893  99.990          34.98        44.02   0.067        0.084       
2458630.00641  2458630.00728  2019-05-26.5064070  coadd_bC039552 1.49 -1.68 19.028     >19.028  99.990          29.13        17.35   0.050        0.030       
2458631.90601  2458631.90697  2019-05-28.4060182  coadd_bC040219 1.46 -1.68 18.828     >18.828  99.990         -40.32        20.86   -0.069       0.036       
2458633.92592  2458633.92699  2019-05-30.4259182  coadd_bC040978 1.55 -1.68 19.256     >19.256  99.990          21.77        14.06   0.037        0.024       
2458635.95781  2458635.95899  2019-06-01.4578115  coadd_bC041723 1.43 -1.68 19.279     >19.279  99.990          22.47        13.77   0.038        0.024       
2458637.90823  2458637.90950  2019-06-03.4082269  coadd_bC042426 1.50 -1.68 19.104     >19.104  99.990         -23.09        16.17   -0.039       0.028       
2458638.88197  2458638.88329  2019-06-04.3819763  coadd_bs163209 1.47 -1.80 18.913     >18.913  99.990           3.39        17.20   0.006        0.033       
2458641.88199  2458641.88346  2019-06-07.3819843  coadd_bC043193 1.49 -1.68 18.660     >18.660  99.990         -45.56        24.34   -0.078       0.042       
2458642.99899  2458643.00052  2019-06-08.4989853  coadd_bC043652 1.48 -1.68 19.216     >19.216  99.990           9.36        14.59   0.016        0.025       
2458643.84272  2458643.84429  2019-06-09.3427317  coadd_bs164325 1.46 -1.80 18.969     >18.969  99.990         -13.25        16.34   -0.025       0.031       
2458645.00353  2458645.00516  2019-06-10.5035319  coadd_bC044393 1.45 -1.68 19.146      18.338  0.173           98.31        15.56   0.168        0.027       
2458646.72387  2458646.72557  2019-06-12.2238657  coadd_bs164813 1.54 -1.80 18.293     >18.293  99.990          -6.67        30.47   -0.013       0.058       
2458647.72012  2458647.72187  2019-06-13.2201252  coadd_bs165136 1.47 -1.80 18.044     >18.044  99.990          62.15        38.33   0.119        0.073       
2458648.92720  2458648.92900  2019-06-14.4271967  coadd_bC045804 1.44 -1.68 18.096     >18.096  99.990         -10.50        40.95   -0.018       0.070       
2458649.90536  2458649.90721  2019-06-15.4053626  coadd_bs165356 1.55 -1.80 18.143      17.685  0.240          159.99        34.96   0.306        0.067       
2458650.88673  2458650.88863  2019-06-16.3867312  coadd_bC046508 1.41 -1.68 17.998     >17.998  99.990        -111.48        44.79   -0.190       0.077       
2458652.08965  2458652.09161  2019-06-17.5896556  coadd_bC047032 1.47 -1.68 18.046     >18.046  99.990         -94.34        42.84   -0.161       0.073       
2458652.88025  2458652.88224  2019-06-18.3802506  coadd_bC047167 1.63 -1.68 17.802     >17.802  99.990          17.42        53.64   0.030        0.092       
2458653.85385  2458653.85588  2019-06-19.3538649  coadd_bC047514 1.43 -1.68 18.530     >18.530  99.990          34.56        27.44   0.059        0.047       
2458654.90007  2458654.90214  2019-06-20.4000707  coadd_bs166912 1.43 -1.80 18.028     >18.028  99.990          90.08        38.87   0.172        0.074       
2458655.75892  2458655.76103  2019-06-21.2589230  coadd_bs167124 1.43 -1.80 18.234      17.769  0.238          148.11        32.17   0.283        0.062       
2458657.00201  2458657.00418  2019-06-22.5020181  coadd_bC048727 1.49 -1.68 18.705      17.791  0.157          162.64        23.36   0.278        0.040       
2458660.05745  2458660.05974  2019-06-25.5574534  coadd_bC049363 1.47 -1.68 19.099     >19.099  99.990          22.47        16.25   0.038        0.028       
2458660.73380  2458660.73612  2019-06-26.2338126  coadd_bs168424 2.08 -1.80 19.042     >19.042  99.990          23.35        15.28   0.045        0.029       
2458668.02732  2458668.02989  2019-07-03.5273197  coadd_bC050427 1.48 -1.68 19.346     >19.346  99.990          25.82        12.95   0.044        0.022       
2458669.91236  2458669.91500  2019-07-05.4123621  coadd_bC050984 1.42 -1.68 19.181      18.747  0.245           67.43        15.07   0.115        0.026       
2458670.94163  2458670.94430  2019-07-06.4416297  coadd_bC051373 1.41 -1.68 19.207      18.610  0.210           76.51        14.71   0.131        0.025       
2458673.69410  2458673.69686  2019-07-09.1941035  coadd_bs169992 1.60 -1.80 18.286     >18.286  99.990          65.37        30.65   0.125        0.059       
2458674.88772  2458674.89051  2019-07-10.3877254  coadd_bs170451 1.48 -1.80 19.125     >19.125  99.990           7.93        14.16   0.015        0.027       
2458677.81303  2458677.81590  2019-07-13.313025  coadd_bC052900 1.55 -1.68 18.425     >18.425  99.990         -19.55        30.22   -0.033       0.052       
2458688.80523  2458688.80834  2019-07-24.3052273  coadd_bC055721 1.52 -1.68 19.352     >19.352  99.990          18.69        12.87   0.032        0.022       
2458689.89078  2458689.89392  2019-07-25.3907901  coadd_bs174277 1.51 -1.80 18.349     >18.349  99.990          40.43        28.94   0.077        0.055       
2458690.87447  2458690.87761  2019-07-26.3744672  coadd_bC056543 1.54 -1.68 19.222     >19.222  99.990         -42.12        14.51   -0.072       0.025       
2458691.86975  2458691.87291  2019-07-27.3697510  coadd_bC056908 1.48 -1.68 19.229      19.226  0.364           43.38        14.41   0.074        0.025       
2458693.94580  2458693.94899  2019-07-29.4458024  coadd_bC057734 1.43 -1.68 19.157     >19.157  99.990         -37.50        15.41   -0.064       0.026       
2458694.77434  2458694.77754  2019-07-30.2743427  coadd_bs175511 1.51 -1.80 19.023     >19.023  99.990         -46.25        15.55   -0.089       0.030       
2458697.80669  2458697.80992  2019-08-02.3067001  coadd_bs176193 1.44 -1.80 18.877     >18.877  99.990          44.23        17.79   0.085        0.034       
2458700.87758  2458700.88084  2019-08-05.3775843  coadd_bC058971 1.95 -1.68 19.174     >19.174  99.990          26.71        15.16   0.046        0.026       
2458701.68053  2458701.68379  2019-08-06.1805273  coadd_bG103987 1.49 -2.26 18.413     >18.413  99.990         -40.37        17.89   -0.118       0.052       
2458703.84919  2458703.85245  2019-08-08.3491898  coadd_bC059436 1.44 -1.68 18.915     >18.915  99.990          53.16        19.25   0.091        0.033       
2458704.85487  2458704.85814  2019-08-09.3548843  coadd_bs178071 1.48 -1.80 19.012     >19.012  99.990         -11.66        15.71   -0.022       0.030       
2458705.66868  2458705.67195  2019-08-10.1686835  coadd_bG105448 1.48 -2.26 17.638     >17.638  99.990         -32.29        36.53   -0.094       0.107       
2458706.85673  2458706.86000  2019-08-11.3567357  coadd_bs178564 1.45 -1.80 18.763     >18.763  99.990          59.12        19.75   0.113        0.038       
2458707.94718  2458707.95046  2019-08-12.4471925  coadd_bC060989 1.47 -1.68 18.330     >18.330  99.990          86.91        32.98   0.148        0.056       
2458708.85815  2458708.86142  2019-08-13.3581543  coadd_bs179141 1.97 -1.80 15.833     >15.833  99.990         705.60       293.65   1.351        0.562       
2458708.96766  2458708.97094  2019-08-13.4676620  coadd_bC061389 1.48 -1.68 17.465     >17.465  99.990         -22.81        73.16   -0.039       0.125       
2458711.87949  2458711.88275  2019-08-16.3794975  coadd_bs179812 2.06 -1.80 16.006      15.748  0.289          951.96       250.29   1.822        0.479       
2458714.82991  2458714.83316  2019-08-19.3299064  coadd_bC062902 1.47 -1.68 18.692     >18.692  99.990         -14.08        23.63   -0.024       0.040       
2458715.65088  2458715.65413  2019-08-20.1508837  coadd_bG109400 1.57 -2.26 17.514     >17.514  99.990         -24.76        40.95   -0.072       0.119       
2458715.77089  2458715.77413  2019-08-20.2708895  coadd_bs180209 1.47 -1.80 18.467     >18.467  99.990         -36.75        25.95   -0.070       0.050       
2458716.63935  2458716.64259  2019-08-21.1393553  coadd_bG109815 1.44 -2.26 18.373     >18.373  99.990          -2.24        18.56   -0.007       0.054       
2458719.64292  2458719.64613  2019-08-24.1429214  coadd_bG111069 1.57 -2.26 18.697     >18.697  99.990         -45.58        13.77   -0.133       0.040       
2458719.92873  2458719.93194  2019-08-24.4287325  coadd_bC064692 1.47 -1.68 19.172     >19.172  99.990          -9.91        15.19   -0.017       0.026       
2458720.87856  2458720.88175  2019-08-25.3785583  coadd_bC065047 1.42 -1.68 19.271     >19.271  99.990          19.11        13.86   0.033        0.024       
2458721.90917  2458721.91235  2019-08-26.4091788  coadd_bC065465 1.54 -1.68 19.005     >19.005  99.990         -60.53        17.72   -0.103       0.030       
2458722.86567  2458722.86884  2019-08-27.3656729  coadd_bC065747 2.14 -1.68 19.119      19.025  0.335           52.19        15.95   0.089        0.027       
2458725.71944  2458725.72256  2019-08-30.2194483  coadd_bs183297 1.48 -1.80 18.342     >18.342  99.990         -77.44        29.12   -0.148       0.056       
2458727.81673  2458727.81981  2019-09-01.3167341  coadd_bs184126 1.44 -1.80 18.830     >18.830  99.990          14.67        18.58   0.028        0.036       
2458728.88940  2458728.89246  2019-09-02.3893945  coadd_bC067758 1.44 -1.68 19.037     >19.037  99.990          35.31        17.20   0.060        0.029       
2458730.91393  2458730.91695  2019-09-04.4139370  coadd_bC068191 1.50 -1.68 19.327     >19.327  99.990           3.71        13.17   0.006        0.022       
2458741.90528  2458741.90802  2019-09-15.4052881  coadd_bC071306 1.42 -1.68 18.068     >18.068  99.990          85.69        42.01   0.146        0.072       
2458748.73652  2458748.73903  2019-09-22.2365150  coadd_bC072939 1.52 -1.68 18.964     >18.964  99.990         -89.03        18.40   -0.152       0.031       
2458749.75150  2458749.75398  2019-09-23.2515067  coadd_bC073268 2.02 -1.68 19.321     >19.321  99.990         -46.81        13.24   -0.080       0.023       
2458750.79039  2458750.79282  2019-09-24.2903913  coadd_bC073474 1.46 -1.68 18.952      18.907  0.350           58.20        18.60   0.099        0.032       
2458751.85824  2458751.86063  2019-09-25.3582471  coadd_bC073935 1.51 -1.68 19.174     >19.174  99.990          13.18        15.17   0.023        0.026       
2458752.71878  2458752.72114  2019-09-26.2187784  coadd_bs187230 1.46 -1.80 18.509     >18.509  99.990        -230.91        24.97   -0.442       0.048       
2458753.64408  2458753.64641  2019-09-27.1440839  coadd_bs187578 1.52 -1.80 18.844     >18.844  99.990         -66.03        18.35   -0.126       0.035       
2458754.85495  2458754.85723  2019-09-28.3549483  coadd_bC074981 1.47 -1.68 18.463     >18.463  99.990         -32.58        29.18   -0.056       0.050       
2458756.76359  2458756.76579  2019-09-30.2635971  coadd_bC075576 1.54 -1.68 19.424     >19.424  99.990          11.38        12.04   0.019        0.021       
2458757.78677  2458757.78892  2019-10-01.2867699  coadd_bC075890 2.24 -1.68 19.349     >19.349  99.990          13.89        12.90   0.024        0.022       
2458760.68765  2458760.68968  2019-10-04.1876605  coadd_bs189437 1.47 -1.80 18.309     >18.309  99.990          88.67        30.00   0.170        0.057       
2458761.69037  2458761.69236  2019-10-05.1903738  coadd_bs189658 1.52 -1.80 17.507     >17.507  99.990          95.45        62.83   0.183        0.120       
2458762.69478  2458762.69672  2019-10-06.1947819  coadd_bs189965 1.49 -1.80 18.752      18.711  0.352           62.19        19.95   0.119        0.038       
2458764.72575  2458764.72761  2019-10-08.2257637  coadd_bs190536 1.50 -1.80 18.307     >18.307  99.990         -93.85        30.06   -0.180       0.058       
2458767.75004  2458767.75175  2019-10-11.2500458  coadd_bs191689 1.47 -1.80 17.934     >17.934  99.990          88.39        42.41   0.169        0.081       
2458769.77431  2458769.77592  2019-10-13.2743157  coadd_bC078790 1.51 -1.68 18.335     >18.335  99.990          78.15        32.85   0.133        0.056       
2458771.78921  2458771.79072  2019-10-15.2892111  coadd_bC079638 1.52 -1.68 18.368     >18.368  99.990           7.41        31.87   0.013        0.054       
2458772.80812  2458772.80958  2019-10-16.3081256  coadd_bC080025 1.45 -1.68 18.523     >18.523  99.990          44.28        27.61   0.076        0.047       
2458773.73068  2458773.73210  2019-10-17.2306836  coadd_bs193524 2.05 -1.80 17.935     >17.935  99.990           8.16        42.37   0.016        0.081       
2458775.65353  2458775.65485  2019-10-19.1535311  coadd_bs194029 1.98 -1.80 18.825      18.792  0.355           57.70        18.66   0.110        0.036       
2458777.79795  2458777.79915  2019-10-21.2979461  coadd_bC081302 1.58 -1.68 18.465     >18.465  99.990          61.12        29.14   0.104        0.050       
2458778.78163  2458778.78279  2019-10-22.2816314  coadd_bC081668 1.50 -1.68 19.155     >19.155  99.990          28.35        15.43   0.048        0.026       
2458779.71959  2458779.72070  2019-10-23.2196027  coadd_bs195360 1.40 -1.80 18.795     >18.795  99.990         -70.40        19.18   -0.135       0.037       
2458780.76918  2458780.77023  2019-10-24.2691793  coadd_bC082414 1.47 -1.68 19.092      18.444  0.201           89.12        16.36   0.152        0.028       
2458781.78821  2458781.78921  2019-10-25.2882100  coadd_bC082853 1.46 -1.68 19.236     >19.236  99.990           5.19        14.32   0.009        0.024       
2458783.76112  2458783.76202  2019-10-27.2611285  coadd_bC083681 1.58 -1.68 19.241     >19.241  99.990          13.03        14.26   0.022        0.024       
2458785.70103  2458785.70181  2019-10-29.2010295  coadd_bs197542 1.48 -1.80 18.887     >18.887  99.990          25.60        17.62   0.049        0.034       
2458789.74455  2458789.74511  2019-11-02.2445582  coadd_bC084273 1.45 -1.68 18.876      18.765  0.330           66.34        19.95   0.113        0.034       
2458792.71374  2458792.71414  2019-11-05.2137494  coadd_bC085546 1.44 -1.68 18.557     >18.557  99.990          48.69        26.78   0.083        0.046       
2458807.56356  2458807.56313  2019-11-20.0635707  coadd_bs205146 1.45 -1.80 18.844      18.410  0.245           82.02        18.34   0.157        0.035       
2458807.74285  2458807.74241  2019-11-20.2428572  coadd_bC090300 1.49 -1.68 19.171     >19.171  99.990          35.87        15.20   0.061        0.026       
2458808.62971  2458808.62922  2019-11-21.1297133  coadd_bs205286 1.43 -1.80 19.108     >19.108  99.990         -37.31        14.37   -0.071       0.028       
2458810.68762  2458810.68701  2019-11-23.1876178  coadd_bC090838 1.52 -1.68 17.691     >17.691  99.990        -165.37        59.45   -0.282       0.102       
2458811.62700  2458811.62634  2019-11-24.1270094  coadd_bs206369 1.57 -1.80 18.277     >18.277  99.990        -198.69        30.91   -0.380       0.059       
2458813.59605  2458813.59529  2019-11-26.0960497  coadd_bs207209 1.99 -1.80 18.244     >18.244  99.990          84.05        31.87   0.161        0.061       
2458815.73428  2458815.73339  2019-11-28.2342800  coadd_bC092679 1.44 -1.68 18.752      18.349  0.252           97.29        22.37   0.166        0.038       
2458818.60613  2458818.60510  2019-12-01.1061412  coadd_bs208102 1.65 -1.80 17.917     >17.917  99.990          97.03        43.08   0.186        0.082       
2458819.60329  2458819.60220  2019-12-02.1032951  coadd_bs208554 1.51 -1.80 18.874     >18.874  99.990         -19.76        17.84   -0.038       0.034       
2458820.60226  2458820.60112  2019-12-03.1022629  coadd_bs209009 1.44 -1.80 18.516     >18.516  99.990          52.57        24.80   0.101        0.047       
2458821.60008  2458821.59888  2019-12-04.1000884  coadd_bs209464 1.52 -1.80 18.514     >18.514  99.990         -11.06        24.84   -0.021       0.048       
2458823.55128  2458823.54999  2019-12-06.0512927  coadd_bs210140 1.44 -1.80 17.279     >17.279  99.990        -222.22        77.49   -0.425       0.148       
2458824.57373  2458824.57239  2019-12-07.0737392  coadd_bs210615 1.46 -1.80 18.269     >18.269  99.990         -38.93        31.15   -0.075       0.060       
2458825.56262  2458825.56122  2019-12-08.0626182  coadd_bs211063 1.50 -1.80 18.236     >18.236  99.990          83.24        32.12   0.159        0.061       
2458838.53601  2458838.53400  2019-12-21.0360145  coadd_bs215545 2.20 -1.80 18.064     >18.064  99.990          -5.53        37.61   -0.011       0.072       
2458904.15670  2458904.15363  2020-02-24.6567003  coadd_bC112623 1.45 -1.68 18.401     >18.401  99.990        -107.39        30.90   -0.183       0.053       
2458928.13904  2458928.13657  2020-03-19.6390410  coadd_bC115598 1.47 -1.68 18.926     >18.926  99.990          20.12        19.05   0.034        0.033       
2458930.95871  2458930.95635  2020-03-22.4587178  coadd_bs239541 1.57 -1.80 18.715     >18.715  99.990         -22.39        20.66   -0.043       0.040       
2458933.09469  2458933.09240  2020-03-24.5946920  coadd_bC117196 1.43 -1.68 18.697     >18.697  99.990          27.83        23.52   0.048        0.040       
2458946.06269  2458946.06095  2020-04-06.5626962  coadd_bC119519 1.53 -1.68 17.872     >17.872  99.990        -239.69        50.31   -0.409       0.086       
2458948.05939  2458948.05775  2020-04-08.5593886  coadd_bC119886 1.93 -1.68 17.476     >17.476  99.990         -90.48        72.46   -0.155       0.124       
2458951.04946  2458951.04796  2020-04-11.5494649  coadd_bC120447 1.50 -1.68 17.183     >17.183  99.990         258.70        94.88   0.442        0.162       
2458957.01838  2458957.01718  2020-04-17.5183851  coadd_bC121603 1.46 -1.68 18.927      18.486  0.243           85.75        19.03   0.146        0.033       
2458959.07541  2458959.07432  2020-04-19.5754130  coadd_bC122385 1.48 -1.68 18.972     >18.972  99.990          42.95        18.27   0.073        0.031       
2458960.92405  2458960.92306  2020-04-21.4240512  coadd_bs242521 1.47 -1.80 18.694     >18.694  99.990         -34.09        21.05   -0.065       0.040       
2458965.99769  2458965.99697  2020-04-26.4977002  coadd_bC124832 1.47 -1.68 18.954     >18.954  99.990         -45.68        18.57   -0.078       0.032       
2458967.87958  2458967.87896  2020-04-28.3795906  coadd_bs244756 1.47 -1.80 18.946     >18.946  99.990         -62.09        16.69   -0.119       0.032       
2458969.97447  2458969.97396  2020-04-30.4744693  coadd_bC126295 1.51 -1.68 19.004     >19.004  99.990          10.39        17.74   0.018        0.030       
2458973.83682  2458973.83652  2020-05-04.3368231  coadd_bs245419 1.56 -1.80 17.687     >17.687  99.990         -83.90        53.22   -0.161       0.102       
2458975.82678  2458975.82659  2020-05-06.3267822  coadd_bs246092 1.52 -1.80 17.637      16.841  0.176          348.00        55.73   0.666        0.107       
2458978.81538  2458978.81535  2020-05-09.3153789  coadd_bs246968 1.98 -1.80 16.860     >16.860  99.990        -130.52       114.05   -0.250       0.218       
2458979.81312  2458979.81315  2020-05-10.3131214  coadd_bs247287 1.48 -1.80 17.682      17.570  0.330          177.82        53.47   0.340        0.102       
2458982.99531  2458982.99551  2020-05-13.4953193  coadd_bC128843 1.44 -1.68 18.579     >18.579  99.990          -0.61        26.24   -0.001       0.045       
2458985.05498  2458985.05529  2020-05-15.5549784  coadd_bC129512 1.54 -1.68 18.931     >18.931  99.990         -81.20        18.96   -0.139       0.032       
2458987.07402  2458987.07445  2020-05-17.5740222  coadd_bC130235 1.43 -1.68 19.490     >19.490  99.990          -0.59        11.33   -0.001       0.019       
2458988.82656  2458988.82708  2020-05-19.3265599  coadd_bs249341 1.59 -1.80 18.900     >18.900  99.990         -37.07        17.41   -0.071       0.033       
2458991.80106  2458991.80174  2020-05-22.3010586  coadd_bs249892 1.41 -1.80 19.055     >19.055  99.990          -6.14        15.11   -0.012       0.029       
2458995.08321  2458995.08407  2020-05-25.5832172  coadd_bC132622 1.49 -1.68 19.180      18.553  0.205           80.64        15.08   0.138        0.026       
2458997.85552  2458997.85653  2020-05-28.3555254  coadd_bs251487 1.45 -1.80 18.906      18.556  0.264           71.73        17.31   0.137        0.033       
2459000.90266  2459000.90382  2020-05-31.4026618  coadd_bC134316 1.44 -1.68 18.426     >18.426  99.990         -15.91        30.19   -0.027       0.052       
2459001.93975  2459001.94096  2020-06-01.4397465  coadd_bs252666 1.46 -1.80 18.734      17.925  0.173          128.26        20.29   0.245        0.039       
2459003.74674  2459003.74804  2020-06-03.2467392  coadd_bs253156 1.52 -1.80 17.864      16.885  0.148          334.11        45.23   0.640        0.087       
2459006.03134  2459006.03276  2020-06-05.5313462  coadd_bC135681 1.51 -1.68 17.973     >17.973  99.990          70.23        45.85   0.120        0.078       
2459007.04462  2459007.04609  2020-06-06.5446197  coadd_bC136039 1.44 -1.68 18.240     >18.240  99.990          17.49        35.86   0.030        0.061       
2459007.96453  2459007.96604  2020-06-07.4645277  coadd_bC136324 1.45 -1.68 18.101     >18.101  99.990         100.50        40.73   0.172        0.070       
2459008.88059  2459008.88215  2020-06-08.3805927  coadd_bC136626 1.47 -1.68 15.922     >15.922  99.990        -784.96       303.12   -1.341       0.518       
2459009.84326  2459009.84486  2020-06-09.3432550  coadd_bs254741 1.96 -1.80 18.440     >18.440  99.990          14.98        26.60   0.029        0.051       
2459011.92511  2459011.92682  2020-06-11.4251168  coadd_bs255353 1.59 -1.80 18.578     >18.578  99.990          28.15        23.43   0.054        0.045       
2459013.81706  2459013.81885  2020-06-13.3170649  coadd_bs255648 1.51 -1.80 18.811     >18.811  99.990         -33.49        18.91   -0.064       0.036       
2459014.82423  2459014.82607  2020-06-14.3242269  coadd_bs255958 1.45 -1.80 18.825      18.726  0.334           61.29        18.66   0.117        0.036       
2459016.93434  2459016.93628  2020-06-16.4343413  coadd_bC139379 1.46 -1.68 18.803     >18.803  99.990         -25.57        21.35   -0.044       0.036       
2459017.85828  2459017.86026  2020-06-17.3582862  coadd_bC139665 1.48 -1.68 18.853     >18.853  99.990         -64.79        20.39   -0.111       0.035       
2459020.88520  2459020.88730  2020-06-20.3852059  coadd_bC140553 1.48 -1.68 18.739     >18.739  99.990         -68.00        22.65   -0.116       0.039       
2459023.92702  2459023.92925  2020-06-23.4270234  coadd_bC141532 1.55 -1.68 19.164     >19.164  99.990         -93.87        15.31   -0.160       0.026       
2459025.69584  2459025.69814  2020-06-25.1958406  coadd_bs258396 1.96 -1.80 18.805      18.335  0.237           87.86        19.01   0.168        0.036       
2459029.01499  2459029.01741  2020-06-28.5149876  coadd_bC142753 1.46 -1.68 18.943      18.873  0.343           60.05        18.76   0.103        0.032       
2459030.88641  2459030.88890  2020-06-30.3864082  coadd_bC143261 1.54 -1.68 18.636     >18.636  99.990          67.50        24.89   0.115        0.043       
2459032.85791  2459032.86047  2020-07-02.3579123  coadd_bs259747 1.47 -1.80 18.217     >18.217  99.990          85.15        32.68   0.163        0.063       
2459033.78461  2459033.78720  2020-07-03.2846115  coadd_bs259862 1.49 -1.80 16.681     >16.681  99.990          86.43       134.51   0.165        0.257       
2459036.95826  2459036.96096  2020-07-06.4582633  coadd_bC145146 1.49 -1.68 18.571     >18.571  99.990         -56.99        26.42   -0.097       0.045       
2459037.99358  2459037.99631  2020-07-07.4935799  coadd_bC145514 1.45 -1.68 18.311     >18.311  99.990         -10.63        33.57   -0.018       0.057       
2459038.98437  2459038.98713  2020-07-08.4843747  coadd_bC145853 1.48 -1.68 18.293     >18.293  99.990          65.82        34.15   0.112        0.058       
2459040.95205  2459040.95486  2020-07-10.4520512  coadd_bs261246 1.46 -1.80 17.972     >17.972  99.990          42.04        40.95   0.080        0.078       
2459041.94144  2459041.94428  2020-07-11.4414380  coadd_bs261542 1.48 -1.80 18.711     >18.711  99.990          33.93        20.72   0.065        0.040       
2459048.77629  2459048.77930  2020-07-18.2762893  coadd_bC148733 1.45 -1.68 18.842     >18.842  99.990         -40.49        20.60   -0.069       0.035       
2459050.85210  2459050.85515  2020-07-20.3521043  coadd_bC149385 2.10 -1.68 19.265     >19.265  99.990          -0.48        13.94   -0.001       0.024       
2459053.83331  2459053.83641  2020-07-23.3333064  coadd_bC150276 1.45 -1.68 19.119     >19.119  99.990          22.05        15.95   0.038        0.027       
2459054.85084  2459054.85397  2020-07-24.3508490  coadd_bs263901 1.51 -1.80 19.087      18.684  0.252           63.75        14.66   0.122        0.028       
2459056.77834  2459056.78149  2020-07-26.2783408  coadd_bs264276 1.55 -1.80 18.864     >18.864  99.990         -17.85        18.01   -0.034       0.034       
2459058.66132  2459058.66450  2020-07-28.1613182  coadd_bs264764 1.50 -1.80 18.557     >18.557  99.990          59.16        23.88   0.113        0.046       
2459059.70896  2459059.71215  2020-07-29.2089619  coadd_bs265131 1.51 -1.80 18.345      18.284  0.346           92.12        29.04   0.176        0.056       
2459060.69768  2459060.70088  2020-07-30.1976844  coadd_bs265450 1.48 -1.80 18.269     >18.269  99.990          19.29        31.16   0.037        0.060       
2459061.93677  2459061.93999  2020-07-31.4367755  coadd_bC152336 1.53 -1.68 18.300      18.286  0.361          103.04        33.90   0.176        0.058       
2459062.92345  2459062.92668  2020-08-01.4234498  coadd_bs266265 1.48 -1.80 18.756      18.288  0.237           91.83        19.89   0.176        0.038       
2459063.91940  2459063.92264  2020-08-02.4193990  coadd_bs266594 1.48 -1.80 17.770     >17.770  99.990          80.87        49.32   0.155        0.094       
2459065.73888  2459065.74213  2020-08-04.2388813  coadd_bs266949 1.51 -1.80 17.904     >17.904  99.990          14.60        43.57   0.028        0.083       
2459067.70479  2459067.70806  2020-08-06.2047929  coadd_bs267513 1.46 -1.80 17.942      17.216  0.187          246.42        42.08   0.472        0.081       
2459069.92435  2459069.92762  2020-08-08.4243491  coadd_bC154531 1.49 -1.68 18.814     >18.814  99.990          34.41        21.12   0.059        0.036       
2459071.81163  2459071.81490  2020-08-10.3116283  coadd_bC155097 1.50 -1.68 19.233     >19.233  99.990         -50.55        14.36   -0.086       0.025       
2459072.72250  2459072.72578  2020-08-11.2225010  coadd_bs269010 1.43 -1.80 18.974     >18.974  99.990         -13.75        16.28   -0.026       0.031       
2459073.99223  2459073.99550  2020-08-12.4922299  coadd_bC155951 1.44 -1.68 19.160     >19.160  99.990         -19.45        15.36   -0.033       0.026       
2459075.91628  2459075.91955  2020-08-14.4162846  coadd_bC156630 1.41 -1.68 19.202     >19.202  99.990          18.80        14.78   0.032        0.025       
2459079.82630  2459079.82955  2020-08-18.3262962  coadd_bC157687 1.46 -1.68 19.079     >19.079  99.990         -54.87        16.56   -0.094       0.028       
2459080.88780  2459080.89105  2020-08-19.3878082  coadd_bs271169 1.44 -1.80 18.923      18.634  0.280           66.77        17.05   0.128        0.033       
2459082.80807  2459082.81130  2020-08-21.3080723  coadd_bs271797 1.48 -1.80 18.755      18.585  0.313           69.83        19.90   0.134        0.038       
2459084.70562  2459084.70883  2020-08-23.2056210  coadd_bs272268 1.49 -1.80 19.000      18.911  0.337           51.71        15.88   0.099        0.030       
2459085.82398  2459085.82717  2020-08-24.3239785  coadd_bs272717 1.41 -1.80 18.373     >18.373  99.990        -136.61        28.30   -0.261       0.054       
2459087.76446  2459087.76763  2020-08-26.2644690  coadd_bC160254 1.56 -1.68 18.776     >18.776  99.990         -56.96        21.88   -0.097       0.037       
2459089.64938  2459089.65252  2020-08-28.1493759  coadd_bs274052 1.52 -1.80 18.123      17.982  0.321          121.66        35.61   0.233        0.068       
2459091.78509  2459091.78820  2020-08-30.2850938  coadd_bC161717 2.17 -1.68 18.326     >18.326  99.990         -37.91        33.12   -0.065       0.057       
2459092.87131  2459092.87440  2020-08-31.3713098  coadd_bs275121 1.43 -1.80 17.397     >17.397  99.990         106.49        69.50   0.204        0.133       
2459095.73308  2459095.73611  2020-09-03.2330825  coadd_bs275700 1.46 -1.80 17.874     >17.874  99.990          29.68        44.81   0.057        0.086       
2459098.91666  2459098.91962  2020-09-06.4166543  coadd_bC164586 1.52 -1.68 18.464      18.463  0.365           87.62        29.16   0.150        0.050       
2459101.85225  2459101.85514  2020-09-09.3522512  coadd_bC165453 1.49 -1.68 19.024     >19.024  99.990          35.63        17.41   0.061        0.030       
2459103.86785  2459103.87068  2020-09-11.3678493  coadd_bC166224 1.40 -1.68 18.904      18.288  0.207          102.92        19.44   0.176        0.033       
2459106.82750  2459106.83025  2020-09-14.3275031  coadd_bC167308 1.44 -1.68 19.236     >19.236  99.990          18.55        14.33   0.032        0.024       
2459110.88274  2459110.88536  2020-09-18.3827383  coadd_bC168721 1.38 -1.68 19.262     >19.262  99.990         -10.69        13.98   -0.018       0.024       
2459114.85827  2459114.86075  2020-09-22.3582734  coadd_bC169990 2.06 -1.68 19.081      19.003  0.340           53.24        16.52   0.091        0.028       
2459120.80847  2459120.81072  2020-09-28.3084724  coadd_bC171577 2.37 -1.68 18.324     >18.324  99.990        -128.92        33.19   -0.220       0.057       
2459126.82621  2459126.82821  2020-10-04.3262209  coadd_bC173029 1.54 -1.68 18.422     >18.422  99.990         -28.01        30.32   -0.048       0.052       
2459127.65619  2459127.65815  2020-10-05.1561951  coadd_bs278614 1.41 -1.80 18.268      17.364  0.159          214.88        31.17   0.411        0.060       
2459128.82184  2459128.82375  2020-10-06.3218438  coadd_bC173657 2.02 -1.68 18.886     >18.886  99.990          -7.40        19.78   -0.013       0.034       
2459129.74552  2459129.74739  2020-10-07.2455233  coadd_bs279468 1.54 -1.80 18.227     >18.227  99.990          56.45        32.38   0.108        0.062       
2459130.82023  2459130.82204  2020-10-08.3202270  coadd_bC174417 1.41 -1.68 19.164     >19.164  99.990          43.40        15.30   0.074        0.026       
2459131.75878  2459131.76054  2020-10-09.2587766  coadd_bs280161 1.57 -1.80 18.630     >18.630  99.990          32.44        22.32   0.062        0.043       
2459133.76907  2459133.77074  2020-10-11.2690659  coadd_bC175502 1.50 -1.68 19.110     >19.110  99.990         -26.14        16.08   -0.045       0.027       
2459135.62076  2459135.62234  2020-10-13.1207695  coadd_bs281497 1.46 -1.80 18.784     >18.784  99.990         -81.82        19.39   -0.157       0.037       
2459136.75487  2459136.75640  2020-10-14.2548722  coadd_bs281895 1.49 -1.80 18.628     >18.628  99.990         -33.43        22.37   -0.064       0.043       
2459137.74835  2459137.74983  2020-10-15.2483510  coadd_bs282259 2.02 -1.80 18.862      18.337  0.225           87.74        18.04   0.168        0.035       
2459139.80980  2459139.81117  2020-10-17.3098056  coadd_bC177350 1.54 -1.68 19.080     >19.080  99.990         -15.21        16.54   -0.026       0.028       
2459142.70467  2459142.70590  2020-10-20.2046797  coadd_bs283808 1.43 -1.80 18.767     >18.767  99.990         -70.25        19.68   -0.134       0.038       
2459143.71575  2459143.71693  2020-10-21.2157545  coadd_bs284235 1.46 -1.80 18.737     >18.737  99.990         -15.76        20.24   -0.030       0.039       
2459144.62825  2459144.62938  2020-10-22.1282523  coadd_bs284588 1.44 -1.80 18.803     >18.803  99.990          50.11        19.04   0.096        0.036       
2459145.70102  2459145.70209  2020-10-23.2010229  coadd_bs285053 1.44 -1.80 18.815     >18.815  99.990         -24.08        18.84   -0.046       0.036       
2459147.68795  2459147.68891  2020-10-25.1879530  coadd_bs285698 1.54 -1.80 17.837      17.784  0.348          145.99        46.34   0.279        0.089       
2459153.75019  2459153.75082  2020-10-31.2501993  coadd_bC180649 1.45 -1.68 18.269     >18.269  99.990         101.98        34.90   0.174        0.060       
2459154.74928  2459154.74986  2020-11-01.2492837  coadd_bC180920 1.41 -1.68 18.096     >18.096  99.990        -113.77        40.93   -0.194       0.070       
2459155.74517  2459155.74570  2020-11-02.2451759  coadd_bC181251 1.50 -1.68 18.202     >18.202  99.990          95.90        37.12   0.164        0.063       
2459156.73975  2459156.74022  2020-11-03.2397481  coadd_bC181647 1.41 -1.68 18.646     >18.646  99.990          64.58        24.66   0.110        0.042       
2459158.73539  2459158.73574  2020-11-05.2353907  coadd_bC182512 1.43 -1.68 18.961     >18.961  99.990           8.72        18.44   0.015        0.032       
2459166.72533  2459166.72523  2020-11-13.2253267  coadd_bC184197 2.19 -1.68 18.980     >18.980  99.990         -32.76        18.14   -0.056       0.031       
2459168.63323  2459168.63304  2020-11-15.1332406  coadd_bs291907 2.01 -1.80 19.033     >19.033  99.990         -36.89        15.41   -0.071       0.029       
2459171.57944  2459171.57908  2020-11-18.0794412  coadd_bs293149 1.54 -1.80 19.110     >19.110  99.990           9.03        14.35   0.017        0.027       
2459173.57529  2459173.57481  2020-11-20.0752899  coadd_bs294012 1.48 -1.80 18.685     >18.685  99.990         -23.60        21.23   -0.045       0.041       
2459174.61921  2459174.61868  2020-11-21.1192084  coadd_bs294478 1.45 -1.80 18.263     >18.263  99.990          80.11        31.33   0.153        0.060       
2459177.61631  2459177.61561  2020-11-24.1163165  coadd_bs295381 1.50 -1.80 18.134     >18.134  99.990          78.78        35.28   0.151        0.068       
2459181.60018  2459181.59927  2020-11-28.1001849  coadd_bs296839 1.48 -1.80 18.183     >18.183  99.990          56.69        33.70   0.108        0.065       
2459184.59674  2459184.59566  2020-12-01.0967407  coadd_bs297627 1.42 -1.80 17.881     >17.881  99.990          14.78        44.51   0.028        0.085       
2459188.60366  2459188.60238  2020-12-05.1036646  coadd_bs298990 1.56 -1.80 18.893     >18.893  99.990         -17.64        17.52   -0.034       0.034       
2459192.57855  2459192.57706  2020-12-09.0785464  coadd_bs300352 1.50 -1.80 19.095     >19.095  99.990          26.17        14.55   0.050        0.028       
2459195.56595  2459195.56432  2020-12-12.0659475  coadd_bs301303 1.59 -1.80 18.832     >18.832  99.990          -3.58        18.55   -0.007       0.035       
2459198.55350  2459198.55173  2020-12-15.0535034  coadd_bs302584 1.56 -1.80 18.853     >18.853  99.990          -8.78        18.18   -0.017       0.035       
2459200.55271  2459200.55084  2020-12-17.0527076  coadd_bs303439 2.07 -1.80 19.045     >19.045  99.990          34.79        15.24   0.067        0.029       
2459203.54743  2459203.54543  2020-12-20.0474284  coadd_bs304720 2.22 -1.80 18.783     >18.783  99.990          24.36        19.39   0.047        0.037       
2459262.16819  2459262.16503  2021-02-16.6682017  coadd_bC211802 1.52 -1.68 17.505     >17.505  99.990         186.75        70.55   0.319        0.120       
2459263.16304  2459263.15990  2021-02-17.6630439  coadd_bC212238 1.43 -1.68 17.962     >17.962  99.990        -167.51        46.30   -0.286       0.079       
2459271.14564  2459271.14259  2021-02-25.6456393  coadd_bC214089 1.56 -1.68 18.259     >18.259  99.990         -50.18        35.21   -0.086       0.060       
2459275.99639  2459275.99343  2021-03-02.4963920  coadd_bs325751 2.08 -1.80 17.923      17.645  0.283          165.99        42.84   0.318        0.082       
2459289.09358  2459289.09096  2021-03-15.5935850  coadd_bC215605 1.55 -1.68 19.027     >19.027  99.990         -24.90        17.36   -0.043       0.030       
2459293.11455  2459293.11207  2021-03-19.6145537  coadd_bC216338 1.50 -1.68 18.971     >18.971  99.990          15.61        18.29   0.027        0.031       
2459298.09684  2459298.09454  2021-03-24.5968425  coadd_bC217410 1.44 -1.68 18.725      18.352  0.259           97.04        22.94   0.166        0.039       
2459299.98469  2459299.98246  2021-03-26.4846930  coadd_bs332202 1.51 -1.80 18.398      18.293  0.332           91.33        27.65   0.175        0.053       
2459305.04847  2459305.04646  2021-03-31.5484747  coadd_bC219354 1.96 -1.68 17.741     >17.741  99.990         -29.02        56.74   -0.050       0.097       
2459306.06553  2459306.06356  2021-04-01.5655291  coadd_bC219673 1.53 -1.68 18.052     >18.052  99.990          17.34        42.64   0.030        0.073       
2459311.03839  2459311.03664  2021-04-06.5383950  coadd_bC220851 1.57 -1.68 18.905     >18.905  99.990           6.03        19.43   0.010        0.033       
2459313.05217  2459313.05051  2021-04-08.5521648  coadd_bC221632 1.49 -1.68 18.648     >18.648  99.990        -153.79        24.62   -0.263       0.042       
2459315.02059  2459315.01903  2021-04-10.5205902  coadd_bC222419 1.46 -1.68 18.930     >18.930  99.990          11.63        18.98   0.020        0.032       
2459319.00951  2459319.00814  2021-04-14.5095059  coadd_bC223484 1.56 -1.68 18.761     >18.761  99.990           9.07        22.19   0.015        0.038       
2459321.06832  2459321.06706  2021-04-16.5683167  coadd_bC224275 1.54 -1.68 18.685     >18.685  99.990           3.62        23.79   0.006        0.041       
2459325.01255  2459325.01149  2021-04-20.5125649  coadd_bC225723 1.59 -1.68 18.861     >18.861  99.990         -76.46        20.22   -0.131       0.035       
2459327.98623  2459327.98533  2021-04-23.4862329  coadd_bC226402 1.41 -1.68 18.188     >18.188  99.990         -77.77        37.61   -0.133       0.064       
2459328.94621  2459328.94536  2021-04-24.4462104  coadd_bs340048 1.53 -1.80 18.662      18.557  0.332           71.64        21.69   0.137        0.042       
2459333.05652  2459333.05589  2021-04-28.5565158  coadd_bC228175 1.56 -1.68 18.754     >18.754  99.990          15.28        22.33   0.026        0.038       
2459338.98327  2459338.98296  2021-05-04.4832670  coadd_bC229350 1.47 -1.68 18.824     >18.824  99.990         -35.99        20.94   -0.061       0.036       
2459343.02195  2459343.02186  2021-05-08.5219461  coadd_bC229979 1.47 -1.68 19.152      18.325  0.170           99.48        15.48   0.170        0.026       
2459345.94324  2459345.94331  2021-05-11.4432395  coadd_bC231066 1.48 -1.68 19.024     >19.024  99.990        -105.30        17.41   -0.180       0.030       
2459348.05367  2459348.05386  2021-05-13.5536703  coadd_bC231915 1.42 -1.68 19.038     >19.038  99.990          44.09        17.18   0.075        0.029       
2459352.92584  2459352.92630  2021-05-18.4258534  coadd_bC233378 2.04 -1.68 18.424     >18.424  99.990          -7.17        30.25   -0.012       0.052       
2459354.97158  2459354.97214  2021-05-20.4715767  coadd_bC234139 1.46 -1.68 18.946     >18.946  99.990          54.71        18.70   0.093        0.032       
2459356.80838  2459356.80905  2021-05-22.3083887  coadd_bs345723 1.60 -1.80 17.697     >17.697  99.990          96.85        52.75   0.185        0.101       
2459360.10963  2459360.11047  2021-05-25.6096303  coadd_bC236008 1.47 -1.68 18.268     >18.268  99.990          96.76        34.92   0.165        0.060       
2459361.82049  2459361.82143  2021-05-27.3204952  coadd_bs346825 1.46 -1.80 17.538      17.296  0.292          228.89        61.04   0.438        0.117       
2459366.08111  2459366.08227  2021-05-31.5811122  coadd_bC238190 1.47 -1.68 18.679      18.602  0.341           77.03        23.93   0.132        0.041       
2459367.11963  2459367.12084  2021-06-01.6196259  coadd_bC238582 1.46 -1.68 17.534      16.758  0.179          421.24        68.68   0.719        0.117       
2459367.95763  2459367.95888  2021-06-02.4576297  coadd_bC238828 1.43 -1.68 19.327     >19.327  99.990           1.54        13.18   0.003        0.023       
2459370.88681  2459370.88822  2021-06-05.3868171  coadd_bC239533 1.44 -1.68 19.210      18.994  0.299           53.72        14.66   0.092        0.025       
2459374.05272  2459374.05428  2021-06-08.5527239  coadd_bC240667 1.95 -1.68 18.937     >18.937  99.990          40.32        18.86   0.069        0.032       
2459376.84968  2459376.85137  2021-06-11.3496856  coadd_bC241577 1.51 -1.68 19.194     >19.194  99.990         -40.52        14.89   -0.069       0.025       
2459380.08122  2459380.08306  2021-06-14.5812282  coadd_bC242765 1.50 -1.68 19.090     >19.090  99.990          35.84        16.38   0.061        0.028       
2459382.94480  2459382.94677  2021-06-17.4448024  coadd_bC243736 1.51 -1.68 19.293     >19.293  99.990          21.97        13.59   0.038        0.023       
2459384.91410  2459384.91615  2021-06-19.4140974  coadd_bC244415 1.50 -1.68 19.109     >19.109  99.990         -17.94        16.09   -0.031       0.027       
2459387.98873  2459387.99091  2021-06-22.4887252  coadd_bC245493 1.48 -1.68 18.928     >18.928  99.990          -3.33        19.01   -0.006       0.032       
2459391.85802  2459391.86035  2021-06-26.3580199  coadd_bC246722 1.43 -1.68 18.924     >18.924  99.990          12.62        19.09   0.022        0.033       
2459392.80928  2459392.81165  2021-06-27.3092788  coadd_bC247033 1.41 -1.68 18.464     >18.464  99.990        -179.97        29.15   -0.307       0.050       
2459395.81167  2459395.81415  2021-06-30.3116716  coadd_bC247892 1.49 -1.68 18.817     >18.817  99.990         -76.02        21.06   -0.130       0.036       
2459403.77707  2459403.77981  2021-07-08.2770653  coadd_bC250500 2.02 -1.68 18.985     >18.985  99.990          17.11        18.04   0.029        0.031       
2459406.00195  2459406.00476  2021-07-10.5019585  coadd_bC251319 2.29 -1.68 18.988      18.621  0.260           75.71        18.00   0.129        0.031       
2459410.76058  2459410.76352  2021-07-15.2605864  coadd_bC252742 1.53 -1.68 18.850     >18.850  99.990         -20.13        20.44   -0.034       0.035       
2459411.91232  2459411.91529  2021-07-16.4123226  coadd_bs356747 1.54 -1.80 18.921     >18.921  99.990          -2.09        17.09   -0.004       0.033       
2459412.89961  2459412.90260  2021-07-17.3996101  coadd_bs356987 1.45 -1.80 18.738     >18.738  99.990         -70.43        20.21   -0.135       0.039       
2459415.85218  2459415.85523  2021-07-20.3521748  coadd_bC254513 1.49 -1.68 18.360     >18.360  99.990          39.39        32.09   0.067        0.055       
2459416.79037  2459416.79343  2021-07-21.2903693  coadd_bs357587 1.54 -1.80 17.177     >17.177  99.990        -127.12        85.15   -0.243       0.163       
2459419.87394  2459419.87706  2021-07-24.3739402  coadd_bC255673 2.05 -1.68 17.791     >17.791  99.990          28.91        54.19   0.049        0.093       
2459424.01986  2459424.02305  2021-07-28.5198608  coadd_bC256810 2.08 -1.68 18.638     >18.638  99.990         -41.40        24.85   -0.071       0.042       
2459424.91102  2459424.91421  2021-07-29.4110173  coadd_bC257090 2.42 -1.68 18.480     >18.480  99.990          43.34        28.74   0.074        0.049       
2459425.80882  2459425.81203  2021-07-30.3088206  coadd_bs359781 1.49 -1.80 18.590      18.063  0.225          112.94        23.17   0.216        0.044       
2459426.96532  2459426.96854  2021-07-31.4653208  coadd_bC257687 1.49 -1.68 18.895      18.693  0.303           70.87        19.60   0.121        0.033       
2459429.81623  2459429.81948  2021-08-03.3162326  coadd_bC258692 1.48 -1.68 19.213     >19.213  99.990         -14.56        14.63   -0.025       0.025       
2459430.72981  2459430.73306  2021-08-04.2298123  coadd_bs360301 1.51 -1.80 18.708      17.969  0.185          123.12        20.79   0.236        0.040       
2459431.70930  2459431.71255  2021-08-05.2093061  coadd_bs360569 1.57 -1.80 18.831      18.117  0.189          107.49        18.55   0.206        0.036       
2459432.78933  2459432.79260  2021-08-06.2893364  coadd_bs360956 1.47 -1.80 18.901     >18.901  99.990         -34.71        17.41   -0.066       0.033       
2459433.73623  2459433.73949  2021-08-07.2362310  coadd_bs361246 1.64 -1.80 18.667      18.029  0.203          116.55        21.59   0.223        0.041       
2459434.71633  2459434.71960  2021-08-08.2163302  coadd_bs361546 1.48 -1.80 18.801      18.628  0.312           67.09        19.09   0.128        0.037       
2459436.70331  2459436.70659  2021-08-10.2033146  coadd_bs362207 1.47 -1.80 19.114     >19.114  99.990         -39.52        14.29   -0.076       0.027       
2459437.84322  2459437.84650  2021-08-11.3432346  coadd_bC261669 1.41 -1.68 19.318     >19.318  99.990          -2.25        13.28   -0.004       0.023       
2459439.86911  2459439.87239  2021-08-13.3691209  coadd_bC262445 2.05 -1.68 19.198     >19.198  99.990          40.91        14.83   0.070        0.025       
2459446.84990  2459446.85314  2021-08-20.3499010  coadd_bC264818 1.99 -1.68 18.330     >18.330  99.990          25.26        33.00   0.043        0.056       
2459447.89363  2459447.89686  2021-08-21.3936361  coadd_bs362814 1.51 -1.80 16.784     >16.784  99.990         305.95       122.28   0.586        0.234       
2459450.85399  2459450.85719  2021-08-24.3540016  coadd_bs363665 1.49 -1.80 17.576      17.352  0.297          217.35        58.97   0.416        0.113       
2459451.93878  2459451.94196  2021-08-25.4387767  coadd_bC266204 1.43 -1.68 18.479     >18.479  99.990          69.81        28.77   0.119        0.049       
2459453.93832  2459453.94148  2021-08-27.4383290  coadd_bC266905 1.47 -1.68 18.799     >18.799  99.990          40.43        21.42   0.069        0.037       
2459455.79034  2459455.79346  2021-08-29.2903444  coadd_bC267546 1.44 -1.68 18.995     >18.995  99.990          43.18        17.88   0.074        0.031       
2459460.82583  2459460.82887  2021-09-03.3258400  coadd_bC269088 2.00 -1.68 19.240     >19.240  99.990          34.90        14.27   0.060        0.024       
2459461.87520  2459461.87821  2021-09-04.3751975  coadd_bC269500 1.43 -1.68 18.952     >18.952  99.990         -36.39        18.61   -0.062       0.032       
2459462.77786  2459462.78086  2021-09-05.2778737  coadd_bC269772 1.49 -1.68 19.510     >19.510  99.990          -5.09        11.12   -0.009       0.019       
2459465.85229  2459465.85521  2021-09-08.3523006  coadd_bC270380 1.45 -1.68 19.316     >19.316  99.990          -3.94        13.31   -0.007       0.023       
2459466.76169  2459466.76459  2021-09-09.2617012  coadd_bs367380 1.44 -1.80 18.726     >18.726  99.990          37.74        20.44   0.072        0.039       
2459467.81322  2459467.81609  2021-09-10.3132254  coadd_bs367776 1.47 -1.80 18.810     >18.810  99.990          17.78        18.91   0.034        0.036       
2459469.77356  2459469.77637  2021-09-12.2735677  coadd_bs368161 1.54 -1.80 18.755     >18.755  99.990         -16.11        19.91   -0.031       0.038       
2459471.68075  2459471.68351  2021-09-14.1807520  coadd_bs368825 1.47 -1.80 18.858      18.345  0.228           87.11        18.11   0.167        0.035       
2459472.81318  2459472.81591  2021-09-15.3131854  coadd_bs369292 1.47 -1.80 18.909     >18.909  99.990          15.75        17.28   0.030        0.033       
2459473.81007  2459473.81277  2021-09-16.3100773  coadd_bs369593 1.46 -1.80 18.234     >18.234  99.990         -75.24        32.17   -0.144       0.062       
2459476.75022  2459476.75282  2021-09-19.2502293  coadd_bC273434 1.46 -1.68 18.419     >18.419  99.990         -73.35        30.40   -0.125       0.052       
2459478.81279  2459478.81532  2021-09-21.3128048  coadd_bC274202 1.49 -1.68 17.215     >17.215  99.990         103.18        92.09   0.176        0.157       
2459481.85376  2459481.85617  2021-09-24.3537656  coadd_bC275451 2.09 -1.68 18.614     >18.614  99.990         -18.33        25.39   -0.031       0.043       
2459482.65754  2459482.65992  2021-09-25.1575391  coadd_bs371955 1.45 -1.80 17.862     >17.862  99.990          67.82        45.29   0.130        0.087       
2459486.74293  2459486.74515  2021-09-29.2429333  coadd_bC277152 1.44 -1.68 19.187      18.284  0.159          103.28        14.98   0.176        0.026       
2459488.86046  2459488.86259  2021-10-01.3604598  coadd_bC277886 1.39 -1.68 19.000      18.936  0.345           56.66        17.81   0.097        0.030       
