###  JD        HJD            UT_date             IMAGE          FWHM  Diff Limit      mag   mag_err       counts     count_err  flux (mJy)    flux_err
2458035.97747  2458035.97512  2017-10-09.4774728  coadd_bt003703 1.60 -1.63 18.430     >18.430  99.990          26.26        31.41   0.043        0.051       
2458051.98279  2458051.98186  2017-10-25.4828043  coadd_bt006045 2.37 -1.63 19.476     >19.476  99.990         -11.15        11.99   -0.018       0.020       
2458052.98973  2458052.98889  2017-10-26.4897371  coadd_bt008244 1.63 -1.63 19.269     >19.269  99.990          35.26        14.50   0.058        0.024       
2458054.97356  2458054.97289  2017-10-28.4735620  coadd_bt009083 1.60 -1.63 19.058     >19.058  99.990          -1.54        17.61   -0.003       0.029       
2458055.96470  2458055.96413  2017-10-29.4647056  coadd_bt009535 1.50 -1.63 18.906     >18.906  99.990         -41.11        20.26   -0.067       0.033       
2458056.95701  2458056.95653  2017-10-30.4570170  coadd_bt009987 1.76 -1.63 19.187     >19.187  99.990         -35.10        15.63   -0.057       0.026       
2458058.96783  2458058.96754  2017-11-01.4678318  coadd_bt010601 1.60 -1.63 18.025     >18.025  99.990          36.15        45.59   0.059        0.075       
2458059.94790  2458059.94770  2017-11-02.4479064  coadd_bt011045 1.51 -1.63 18.523     >18.523  99.990          20.09        28.82   0.033        0.047       
2458060.94722  2458060.94711  2017-11-03.4472165  coadd_bt011506 1.61 -1.63 18.186     >18.186  99.990          79.12        39.31   0.129        0.064       
2458061.93548  2458061.93546  2017-11-04.4354879  coadd_bt011921 1.74 -1.63 18.061     >18.061  99.990         -84.58        44.10   -0.138       0.072       
2458062.92299  2458062.92306  2017-11-05.4229989  coadd_bt012141 1.81 -1.63 17.959     >17.959  99.990         108.93        48.44   0.178        0.079       
2458063.91143  2458063.91160  2017-11-06.4114421  coadd_bt012552 1.60 -1.63 18.067     >18.067  99.990         -27.70        43.87   -0.045       0.072       
2458064.92672  2458064.92698  2017-11-07.4267283  coadd_bt012857 1.59 -1.63 17.621     >17.621  99.990         122.14        66.14   0.200        0.108       
2458072.96552  2458072.96652  2017-11-15.4655291  coadd_bt015585 1.53 -1.63 19.209     >19.209  99.990         -18.47        15.32   -0.030       0.025       
2458074.95602  2458074.95720  2017-11-17.4560265  coadd_bt016047 1.53 -1.63 19.230     >19.230  99.990          15.77        15.04   0.026        0.025       
2458075.96046  2458075.96173  2017-11-18.4604613  coadd_bt016522 1.66 -1.63 19.203     >19.203  99.990         -36.51        15.41   -0.060       0.025       
2458076.95599  2458076.95735  2017-11-19.4559993  coadd_bt016959 1.87 -1.63 19.294     >19.294  99.990          19.65        14.17   0.032        0.023       
2458077.95222  2458077.95368  2017-11-20.4522244  coadd_bt017412 1.67 -1.63 19.439     >19.439  99.990          10.30        12.40   0.017        0.020       
2458079.94796  2458079.94959  2017-11-22.4479590  coadd_bt017985 2.35 -1.63 19.413     >19.413  99.990           2.60        12.70   0.004        0.021       
2458080.92205  2458080.92377  2017-11-23.4220541  coadd_bt018441 1.80 -1.63 19.188     >19.188  99.990           7.03        15.62   0.011        0.026       
2458081.91705  2458081.91885  2017-11-24.4170509  coadd_bt018913 1.54 -1.63 19.245     >19.245  99.990          18.88        14.83   0.031        0.024       
2458082.91094  2458082.91283  2017-11-25.4109454  coadd_bt019244 1.53 -1.63 19.322     >19.322  99.990          31.13        13.81   0.051        0.023       
2458083.89111  2458083.89308  2017-11-26.3911041  coadd_bt019704 1.78 -1.63 19.216     >19.216  99.990         -42.12        15.23   -0.069       0.025       
2458084.87996  2458084.88202  2017-11-27.3799643  coadd_bt020152 1.48 -1.63 19.361     >19.361  99.990         -12.71        13.32   -0.021       0.022       
2458085.87996  2458085.88211  2017-11-28.3799621  coadd_bt020626 1.58 -1.63 19.101     >19.101  99.990          24.75        16.93   0.041        0.028       
2458110.86870  2458110.87270  2017-12-23.3687059  coadd_bt028245 1.62 -1.63 19.299     >19.299  99.990          10.65        14.11   0.017        0.023       
2458112.85804  2458112.86216  2017-12-25.3580449  coadd_bt028959 1.66 -1.63 19.392     >19.392  99.990          -8.25        12.95   -0.013       0.021       
2458113.85852  2458113.86269  2017-12-26.3585247  coadd_bt029442 2.28 -1.63 19.532     >19.532  99.990          -4.84        11.38   -0.008       0.019       
2458115.90831  2458115.91260  2017-12-28.4083148  coadd_bt030288 1.52 -1.63 19.292     >19.292  99.990           9.18        14.20   0.015        0.023       
2458124.78782  2458124.79254  2018-01-06.2878236  coadd_bt033429 1.54 -1.63 18.377     >18.377  99.990         -36.42        32.96   -0.060       0.054       
2458128.81636  2458128.82123  2018-01-10.3163613  coadd_bt035256 1.65 -1.63 19.209     >19.209  99.990         -31.97        15.33   -0.052       0.025       
2458130.81003  2458130.81498  2018-01-12.3100410  coadd_bt035847 1.52 -1.63 19.530     >19.530  99.990         -22.54        11.40   -0.037       0.019       
2458133.80695  2458133.81199  2018-01-15.3069540  coadd_bt036783 1.52 -1.63 19.343     >19.343  99.990          -7.75        13.54   -0.013       0.022       
2458137.81839  2458137.82352  2018-01-19.3183997  coadd_bt037459 1.70 -1.63 19.228     >19.228  99.990          -7.14        15.06   -0.012       0.025       
2458138.81442  2458138.81957  2018-01-20.3144175  coadd_bt037921 1.58 -1.63 19.272     >19.272  99.990          37.54        14.46   0.061        0.024       
2458141.79592  2458141.80112  2018-01-23.2959187  coadd_bt038980 1.55 -1.63 19.284     >19.284  99.990          18.56        14.30   0.030        0.023       
2458142.82780  2458142.83302  2018-01-24.3278040  coadd_bt039474 1.50 -1.63 19.405      19.377  0.355           39.39        12.79   0.064        0.021       
2458143.84689  2458143.85212  2018-01-25.3468938  coadd_bt039959 1.50 -1.63 19.141     >19.141  99.990         -63.72        16.31   -0.104       0.027       
2458148.67545  2458148.68073  2018-01-30.1754556  coadd_bt042162 1.85 -1.63 17.537     >17.537  99.990        -247.49        71.47   -0.405       0.117       
2458155.75170  2458155.75697  2018-02-06.2517028  coadd_bt044173 1.52 -1.63 19.333     >19.333  99.990         -15.18        13.67   -0.025       0.022       
2458157.73068  2458157.73593  2018-02-08.2306837  coadd_bt044863 1.59 -1.63 19.124     >19.124  99.990          15.63        16.57   0.026        0.027       
2458158.73533  2458158.74056  2018-02-09.2353256  coadd_bt045323 1.55 -1.63 19.257     >19.257  99.990         -18.41        14.66   -0.030       0.024       
2458159.72484  2458159.73006  2018-02-10.2248451  coadd_bt045774 1.67 -1.63 19.296     >19.296  99.990         -26.89        14.14   -0.044       0.023       
2458160.72592  2458160.73113  2018-02-11.2259287  coadd_bt046232 1.80 -1.63 18.926     >18.926  99.990          27.01        19.90   0.044        0.033       
2458162.71922  2458162.72440  2018-02-13.2192208  coadd_bt046942 1.53 -1.63 19.377     >19.377  99.990           8.16        13.13   0.013        0.021       
2458164.73179  2458164.73692  2018-02-15.2317917  coadd_bt047566 1.54 -1.63 19.108     >19.108  99.990          44.03        16.81   0.072        0.028       
2458165.71936  2458165.72447  2018-02-16.2193579  coadd_bt047930 1.56 -1.63 18.487     >18.487  99.990         -58.62        29.80   -0.096       0.049       
2458170.71329  2458170.71827  2018-02-21.2132962  coadd_bt049015 1.44 -1.63 19.197     >19.197  99.990           3.72        15.50   0.006        0.025       
2458171.74352  2458171.74846  2018-02-22.2435206  coadd_bt049472 1.46 -1.63 19.115     >19.115  99.990           1.23        16.72   0.002        0.027       
2458175.84535  2458175.85014  2018-02-26.3453502  coadd_bt051234 2.01 -1.63 17.506     >17.506  99.990         -94.11        73.57   -0.154       0.120       
2458179.63528  2458179.63992  2018-03-02.1352872  coadd_bt052096 1.54 -1.63 18.008     >18.008  99.990         -19.95        46.32   -0.033       0.076       
2458180.61338  2458180.61797  2018-03-03.1133781  coadd_bt052495 1.58 -1.63 18.094     >18.094  99.990          66.96        42.78   0.110        0.070       
2458183.72166  2458183.72611  2018-03-06.2216658  coadd_bt053686 1.44 -1.63 18.895     >18.895  99.990         -11.82        20.46   -0.019       0.033       
2458186.65994  2458186.66424  2018-03-09.1599429  coadd_bt054500 1.50 -1.63 18.635     >18.635  99.990          57.87        25.99   0.095        0.043       
2458187.66673  2458187.67097  2018-03-10.1667334  coadd_bt054877 1.57 -1.63 19.109     >19.109  99.990          21.90        16.80   0.036        0.027       
2458192.62505  2458192.62900  2018-03-15.1250472  coadd_bt055860 1.82 -1.63 18.249     >18.249  99.990          38.47        37.09   0.063        0.061       
2458193.63869  2458193.64259  2018-03-16.1386986  coadd_bt055978 1.52 -1.63 19.145     >19.145  99.990         -32.26        16.25   -0.053       0.027       
2458194.75086  2458194.75468  2018-03-17.2508627  coadd_bt056398 1.44 -1.63 19.383     >19.383  99.990          -6.93        13.06   -0.011       0.021       
2458198.67372  2458198.67729  2018-03-21.1737359  coadd_bt057366 1.66 -1.63 18.950     >18.950  99.990         -40.57        19.45   -0.066       0.032       
2458199.71535  2458199.71884  2018-03-22.2153493  coadd_bt057793 1.47 -1.63 19.255     >19.255  99.990           6.78        14.68   0.011        0.024       
2458200.84999  2458200.85340  2018-03-23.3499939  coadd_bt058305 1.49 -1.63 18.589     >18.589  99.990          14.54        27.14   0.024        0.044       
2458201.60115  2458201.60451  2018-03-24.1011520  coadd_bt058427 1.57 -1.63 18.718     >18.718  99.990          -2.31        24.08   -0.004       0.039       
2458206.73813  2458206.74112  2018-03-29.2381334  coadd_bt059282 2.30 -1.63 17.614     >17.614  99.990          38.44        66.58   0.063        0.109       
2458207.61126  2458207.61418  2018-03-30.1112699  coadd_bt059492 1.62 -1.63 16.949     >16.949  99.990        -405.87       122.84   -0.664       0.201       
2458208.61890  2458208.62174  2018-03-31.1189048  coadd_bt059889 2.09 -1.63 17.845     >17.845  99.990        -211.00        53.85   -0.345       0.088       
2458211.63161  2458211.63422  2018-04-03.1316126  coadd_bt060864 1.48 -1.63 19.226     >19.226  99.990          13.60        15.09   0.022        0.025       
2458219.64728  2458219.64922  2018-04-11.1472832  coadd_bt063106 2.16 -1.63 19.134     >19.134  99.990           9.02        16.43   0.015        0.027       
2458229.76900  2458229.77006  2018-04-21.2690069  coadd_bt065672 1.49 -1.63 18.693     >18.693  99.990          29.88        24.65   0.049        0.040       
2458236.67616  2458236.67659  2018-04-28.1761646  coadd_bt067246 1.51 -1.63 17.911     >17.911  99.990         -31.55        50.64   -0.052       0.083       
2458237.67543  2458237.67577  2018-04-29.1754369  coadd_bt067604 1.65 -1.63 18.116     >18.116  99.990         -56.75        41.95   -0.093       0.069       
2458238.66053  2458238.66078  2018-04-30.1605362  coadd_bt067802 1.49 -1.63 17.586     >17.586  99.990         -34.22        68.31   -0.056       0.112       
2458239.64998  2458239.65014  2018-05-01.1499802  coadd_bt068025 2.19 -1.63 18.285     >18.285  99.990         -20.23        35.89   -0.033       0.059       
2458248.62153  2458248.62087  2018-05-10.1215392  coadd_bt070515 2.06 -1.63 18.858     >18.858  99.990         -31.21        21.17   -0.051       0.035       
2458249.61721  2458249.61646  2018-05-11.1172103  coadd_bt070850 2.48 -1.63 18.451      17.814  0.203          166.17        30.80   0.272        0.050       
2458253.67331  2458253.67219  2018-05-15.1733062  coadd_bt071973 1.50 -1.63 18.684     >18.684  99.990         -33.66        24.86   -0.055       0.041       
2458257.64146  2458257.63999  2018-05-19.1414634  coadd_bt073061 2.23 -1.63 18.550     >18.550  99.990         -50.86        28.11   -0.083       0.046       
2458267.66139  2458267.65907  2018-05-29.1613967  coadd_bt075565 1.58 -1.63 17.669     >17.669  99.990          60.87        63.33   0.100        0.104       
2458270.63305  2458270.63048  2018-06-01.1330490  coadd_bt076564 1.62 -1.63 18.886     >18.886  99.990         -20.73        20.63   -0.034       0.034       
2458389.99754  2458389.99430  2018-09-28.4975444  coadd_bt100883 2.04 -1.63 16.756     >16.756  99.990        -382.61       146.73   -0.626       0.240       
2458417.94024  2458417.93936  2018-10-26.4402436  coadd_bt105758 1.57 -1.63 17.013     >17.013  99.990        -142.50       115.81   -0.233       0.190       
2458425.98913  2458425.98900  2018-11-03.4891297  coadd_bt108509 1.59 -1.63 19.067     >19.067  99.990         -54.23        17.46   -0.089       0.029       
2458427.92281  2458427.92286  2018-11-05.4228164  coadd_bt109270 1.55 -1.63 18.660     >18.660  99.990         -20.59        25.41   -0.034       0.042       
2458428.92993  2458428.93008  2018-11-06.4299451  coadd_bt109716 1.50 -1.63 18.962      18.673  0.280           75.29        19.24   0.123        0.031       
2458430.94084  2458430.94117  2018-11-08.4408467  coadd_bt110608 1.53 -1.63 19.261     >19.261  99.990           1.95        14.61   0.003        0.024       
2458437.97855  2458437.97953  2018-11-15.4785488  coadd_bt111925 1.54 -1.63 19.022     >19.022  99.990          26.18        18.21   0.043        0.030       
2458443.86002  2458443.86153  2018-11-21.3600333  coadd_bt114497 1.49 -1.63 17.786     >17.786  99.990          59.73        56.83   0.098        0.093       
2458459.15872  2458459.16152  2018-12-06.6587276  coadd_bD001999 1.51 -1.59 18.761     >18.761  99.990           6.68        24.08   0.011        0.038       
2458460.15896  2458460.16185  2018-12-07.6589702  coadd_bD002431 1.47 -1.59 18.667     >18.667  99.990          -7.93        26.26   -0.012       0.041       
2458461.16306  2458461.16602  2018-12-08.6630615  coadd_bD002886 1.67 -1.59 18.346     >18.346  99.990         -47.20        35.30   -0.074       0.056       
2458463.12667  2458463.12978  2018-12-10.6266733  coadd_bD003434 1.68 -1.59 19.219     >19.219  99.990          -9.53        15.80   -0.015       0.025       
2458465.12728  2458465.13054  2018-12-12.6272785  coadd_bD003946 1.59 -1.59 19.477     >19.477  99.990          -5.08        12.46   -0.008       0.020       
2458466.12814  2458466.13147  2018-12-13.6281494  coadd_bD004398 1.64 -1.59 19.273     >19.273  99.990           2.69        15.04   0.004        0.024       
2458470.93194  2458470.93560  2018-12-18.4319365  coadd_bD006038 1.45 -1.59 19.199     >19.199  99.990         -20.15        16.09   -0.032       0.025       
2458472.81906  2458472.82285  2018-12-20.3190637  coadd_bt120642 1.58 -1.63 18.484     >18.484  99.990         -27.40        29.87   -0.045       0.049       
2458473.82521  2458473.82906  2018-12-21.3252185  coadd_bt121077 1.46 -1.63 18.641     >18.641  99.990         -10.19        25.85   -0.017       0.042       
2458474.84227  2458474.84619  2018-12-22.3422821  coadd_bt121521 1.44 -1.63 16.572     >16.572  99.990         204.45       173.78   0.335        0.284       
2458475.92355  2458475.92754  2018-12-23.4235586  coadd_bt122039 1.65 -1.63 17.608     >17.608  99.990         -58.54        66.94   -0.096       0.110       
2458486.17623  2458486.18077  2019-01-02.6762366  coadd_bD010060 1.67 -1.59 17.243     >17.243  99.990        -215.28        97.48   -0.339       0.153       
2458487.02408  2458487.02866  2019-01-03.5240806  coadd_bD010399 1.50 -1.59 19.294     >19.294  99.990         -34.12        14.75   -0.054       0.023       
2458492.03151  2458492.03630  2019-01-08.5315065  coadd_bD011782 1.49 -1.59 19.341     >19.341  99.990          15.11        14.12   0.024        0.022       
2458494.95500  2458494.95990  2019-01-11.4549969  coadd_bD013051 1.49 -1.59 19.261     >19.261  99.990          37.82        15.20   0.059        0.024       
2458496.71058  2458496.71554  2019-01-13.2105856  coadd_bt127426 1.50 -1.63 18.637     >18.637  99.990          25.03        25.94   0.041        0.042       
2458497.84958  2458497.85458  2019-01-14.3495765  coadd_bD014320 1.48 -1.59 19.378     >19.378  99.990         -15.20        13.65   -0.024       0.021       
2458500.84294  2458500.84802  2019-01-17.3429365  coadd_bD015555 1.60 -1.59 18.774     >18.774  99.990         -53.73        23.81   -0.085       0.037       
2458501.84336  2458501.84846  2019-01-18.3433638  coadd_bD015967 1.45 -1.59 18.077     >18.077  99.990          28.91        45.21   0.045        0.071       
2458503.95609  2458503.96124  2019-01-20.4560965  coadd_bD016353 1.62 -1.59 17.822     >17.822  99.990           6.95        57.21   0.011        0.090       
2458507.93306  2458507.93828  2019-01-24.4330636  coadd_bt130934 1.52 -1.63 17.775     >17.775  99.990         136.58        57.43   0.224        0.094       
2458509.02831  2458509.03355  2019-01-25.5283246  coadd_bD018564 1.46 -1.59 18.524     >18.524  99.990          46.14        29.96   0.073        0.047       
2458509.86549  2458509.87074  2019-01-26.3654958  coadd_bt131789 1.49 -1.63 18.495      17.975  0.226          143.19        29.58   0.234        0.048       
2458510.89434  2458510.89960  2019-01-27.3943457  coadd_bt132264 1.48 -1.63 18.663     >18.663  99.990          -4.59        25.34   -0.008       0.041       
2458519.83139  2458519.83666  2019-02-05.3313915  coadd_bD019731 1.51 -1.59 19.265     >19.265  99.990         -20.84        15.14   -0.033       0.024       
2458521.92926  2458521.93452  2019-02-07.4292690  coadd_bt134135 2.05 -1.63 18.996     >18.996  99.990         -34.05        18.64   -0.056       0.031       
2458522.87075  2458522.87600  2019-02-08.3707576  coadd_bt134498 1.56 -1.63 18.844     >18.844  99.990         -42.56        21.45   -0.070       0.035       
2458531.81723  2458531.82232  2019-02-17.3172312  coadd_bt136771 1.68 -1.63 18.011     >18.011  99.990         -15.35        46.18   -0.025       0.076       
2458536.86842  2458536.87337  2019-02-22.3684324  coadd_bt137961 1.43 -1.63 18.076     >18.076  99.990          19.93        43.53   0.033        0.071       
2458568.92524  2458568.92845  2019-03-26.4252420  coadd_bD020388 1.51 -1.59 18.778      18.223  0.219          118.56        23.71   0.186        0.037       
2458570.92452  2458570.92759  2019-03-28.4245299  coadd_bD021034 1.45 -1.59 19.089     >19.089  99.990         -14.18        17.80   -0.022       0.028       
2458571.81569  2458571.81869  2019-03-29.3156967  coadd_bt146699 1.50 -1.63 18.881     >18.881  99.990         -61.20        20.72   -0.100       0.034       
2458572.72723  2458572.73016  2019-03-30.2272375  coadd_bt147022 1.61 -1.63 18.849     >18.849  99.990          43.40        21.35   0.071        0.035       
2458574.84508  2458574.84785  2019-04-01.3450841  coadd_bt147492 1.58 -1.63 18.677     >18.677  99.990           2.80        25.02   0.005        0.041       
2458575.77802  2458575.78071  2019-04-02.2780231  coadd_bt147830 1.51 -1.63 18.954     >18.954  99.990          26.84        19.39   0.044        0.032       
2458577.62913  2458577.63168  2019-04-04.1291380  coadd_bt148487 1.51 -1.63 18.938     >18.938  99.990           9.77        19.67   0.016        0.032       
2458578.78428  2458578.78673  2019-04-05.2842777  coadd_bD023383 1.65 -1.59 19.274      19.187  0.337           48.80        15.02   0.077        0.024       
2458579.88565  2458579.88801  2019-04-06.3856454  coadd_bD023865 1.44 -1.59 19.240     >19.240  99.990          -7.92        15.50   -0.012       0.024       
2458580.79046  2458580.79275  2019-04-07.2904608  coadd_bt149481 1.54 -1.63 18.846     >18.846  99.990          27.09        21.41   0.044        0.035       
2458581.73362  2458581.73583  2019-04-08.2336230  coadd_bt149816 1.47 -1.63 19.077     >19.077  99.990          20.49        17.31   0.034        0.028       
2458582.84349  2458582.84561  2019-04-09.3434934  coadd_bD025039 1.45 -1.59 19.437     >19.437  99.990           5.86        12.92   0.009        0.020       
2458583.74696  2458583.74900  2019-04-10.2469711  coadd_bt150587 1.44 -1.63 19.119     >19.119  99.990         -49.01        16.65   -0.080       0.027       
2458591.81901  2458591.82035  2019-04-18.3190152  coadd_bD027263 1.46 -1.59 18.207     >18.207  99.990          12.87        40.14   0.020        0.063       
2458592.75766  2458592.75891  2019-04-19.2576640  coadd_bt153038 1.56 -1.63 17.606     >17.606  99.990          97.04        67.05   0.159        0.110       
2458593.75437  2458593.75554  2019-04-20.2543814  coadd_bt153405 1.62 -1.63 17.680     >17.680  99.990         -77.02        62.66   -0.126       0.103       
2458599.74867  2458599.74929  2019-04-26.2486692  coadd_bD030314 1.51 -1.59 18.918     >18.918  99.990         -35.97        20.85   -0.057       0.033       
2458604.75682  2458604.75699  2019-05-01.2568199  coadd_bD031199 1.46 -1.59 19.044     >19.044  99.990          24.97        18.56   0.039        0.029       
2458605.72583  2458605.72591  2019-05-02.2258380  coadd_bt156100 1.50 -1.63 18.733     >18.733  99.990         -25.47        23.76   -0.042       0.039       
2458607.69771  2458607.69762  2019-05-04.1977225  coadd_bt156535 1.61 -1.63 19.180     >19.180  99.990         -28.24        15.74   -0.046       0.026       
2458608.73148  2458608.73129  2019-05-05.2314829  coadd_bt156919 1.45 -1.63 18.852     >18.852  99.990          37.54        21.29   0.061        0.035       
2458609.73314  2458609.73285  2019-05-06.2331409  coadd_bt157265 1.57 -1.63 18.469     >18.469  99.990          24.48        30.30   0.040        0.050       
2458610.72698  2458610.72660  2019-05-07.2269890  coadd_bt157571 1.48 -1.63 18.790     >18.790  99.990           4.11        22.55   0.007        0.037       
2458611.72952  2458611.72905  2019-05-08.2295303  coadd_bt157839 1.59 -1.63 18.735     >18.735  99.990          -5.82        23.72   -0.010       0.039       
2458612.69211  2458612.69156  2019-05-09.1921122  coadd_bt158158 1.43 -1.63 18.685     >18.685  99.990         -65.29        24.82   -0.107       0.041       
2458616.77638  2458616.77546  2019-05-13.2763922  coadd_bD034934 1.44 -1.59 18.631     >18.631  99.990         -53.47        27.15   -0.084       0.043       
2458618.65479  2458618.65370  2019-05-15.1548023  coadd_bt159118 1.48 -1.63 17.757      17.744  0.361          177.18        58.37   0.290        0.096       
2458619.65779  2458619.65661  2019-05-16.1577921  coadd_bt161169 1.47 -1.63 18.095     >18.095  99.990          22.06        42.76   0.036        0.070       
2458621.75105  2458621.74968  2019-05-18.2510550  coadd_bD036413 1.72 -1.59 18.226     >18.226  99.990           6.79        39.45   0.011        0.062       
2458625.64954  2458625.64783  2019-05-22.1495461  coadd_bt160752 1.51 -1.63 19.145     >19.145  99.990         -20.02        16.25   -0.033       0.027       
2458625.76428  2458625.76256  2019-05-22.2642891  coadd_bD037869 1.54 -1.59 19.149     >19.149  99.990          24.78        16.85   0.039        0.026       
2458626.68863  2458626.68683  2019-05-23.1886297  coadd_bt161127 1.47 -1.63 18.744     >18.744  99.990         -26.18        23.52   -0.043       0.038       
2458629.75778  2458629.75571  2019-05-26.2577799  coadd_bD039358 1.55 -1.59 18.936     >18.936  99.990          -1.88        20.51   -0.003       0.032       
2458630.68409  2458630.68195  2019-05-27.1840917  coadd_bt162012 1.54 -1.63 18.657      17.893  0.180          154.48        25.48   0.253        0.042       
2458631.67983  2458631.67761  2019-05-28.1798325  coadd_bt162282 1.52 -1.63 18.168     >18.168  99.990         -79.83        39.99   -0.131       0.065       
2458632.67308  2458632.67077  2019-05-29.1730789  coadd_bt162494 1.51 -1.63 18.281     >18.281  99.990         -24.02        36.02   -0.039       0.059       
2458633.65713  2458633.65474  2019-05-30.1571298  coadd_bt162737 1.50 -1.63 18.909     >18.909  99.990          17.72        20.21   0.029        0.033       
2458640.63001  2458640.62707  2019-06-06.1300184  coadd_bt163604 1.51 -1.63 18.087     >18.087  99.990          34.75        43.07   0.057        0.070       
2458646.63089  2458646.62750  2019-06-12.1308895  coadd_bt164903 1.76 -1.63 17.885     >17.885  99.990          45.05        51.88   0.074        0.085       
2458649.62379  2458649.62020  2019-06-15.1237995  coadd_bt165439 2.39 -1.63 17.126      16.975  0.318          359.82       104.42   0.589        0.171       
2458650.62464  2458650.62098  2019-06-16.1246479  coadd_bt165590 2.39 -1.63 16.627     >16.627  99.990        -209.43       165.20   -0.343       0.270       
2458757.14534  2458757.14224  2019-09-30.6453450  coadd_bD075794 1.60 -1.59 16.974     >16.974  99.990         -78.40       124.86   -0.123       0.196       
2458762.14353  2458762.14083  2019-10-05.6435321  coadd_bD076605 1.68 -1.59 18.059     >18.059  99.990         -81.50        46.00   -0.128       0.072       
2458763.14298  2458763.14036  2019-10-06.6429849  coadd_bD077020 1.45 -1.59 18.238      18.090  0.319          134.04        39.00   0.211        0.061       
2458764.13967  2458764.13713  2019-10-07.6396733  coadd_bD077315 1.48 -1.59 17.687     >17.687  99.990         -44.57        64.79   -0.070       0.102       
2458765.13509  2458765.13263  2019-10-08.6350951  coadd_bD077726 1.48 -1.59 19.113     >19.113  99.990         -36.79        17.42   -0.058       0.027       
2458766.13103  2458766.12865  2019-10-09.6310297  coadd_bD078137 1.51 -1.59 19.073     >19.073  99.990         -27.49        18.07   -0.043       0.028       
2458772.09240  2458772.09053  2019-10-15.5923980  coadd_bD079865 1.70 -1.59 18.008     >18.008  99.990          12.86        48.21   0.020        0.076       
2458775.99527  2458775.99374  2019-10-19.495275  coadd_bt194449 1.52 -1.63 18.367     >18.367  99.990         -37.47        33.27   -0.061       0.054       
2458782.94544  2458782.94454  2019-10-26.4454412  coadd_bt196601 1.50 -1.63 18.863     >18.863  99.990         -14.52        21.07   -0.024       0.034       
2458783.96701  2458783.96620  2019-10-27.4670097  coadd_bt197058 1.62 -1.63 18.735     >18.735  99.990         -70.94        23.72   -0.116       0.039       
2458784.98579  2458784.98508  2019-10-28.4857924  coadd_bt197488 1.51 -1.63 19.084     >19.084  99.990          -7.19        17.19   -0.012       0.028       
2458785.98148  2458785.98087  2019-10-29.4814932  coadd_bt197925 1.47 -1.63 18.229     >18.229  99.990          -1.33        37.78   -0.002       0.062       
2458790.07442  2458790.07418  2019-11-02.5744238  coadd_bD084515 1.45 -1.59 19.092     >19.092  99.990          30.39        17.75   0.048        0.028       
2458791.90842  2458791.90835  2019-11-04.4084193  coadd_bt200215 1.49 -1.63 18.932     >18.932  99.990         -40.39        19.78   -0.066       0.032       
2458793.06155  2458793.06159  2019-11-05.5615563  coadd_bD085751 1.48 -1.59 19.282     >19.282  99.990          13.58        14.91   0.021        0.023       
2458814.00024  2458814.00218  2019-11-26.5002402  coadd_bD091598 1.46 -1.59 18.954     >18.954  99.990          17.48        20.16   0.027        0.032       
2458818.94094  2458818.94330  2019-12-01.4409458  coadd_bt208528 1.58 -1.63 18.758     >18.758  99.990           7.37        23.21   0.012        0.038       
2458819.91036  2458819.91280  2019-12-02.4103664  coadd_bt208959 1.54 -1.63 18.814     >18.814  99.990           6.49        22.05   0.011        0.036       
2458821.04102  2458821.04356  2019-12-03.5410259  coadd_bD093668 1.48 -1.59 18.895     >18.895  99.990         -78.45        21.29   -0.123       0.033       
2458822.03729  2458822.03990  2019-12-04.5372954  coadd_bD094076 1.44 -1.59 19.312     >19.312  99.990         -13.85        14.51   -0.022       0.023       
2458825.04447  2458825.04732  2019-12-07.5444783  coadd_bD094632 1.45 -1.59 19.158     >19.158  99.990         -19.21        16.71   -0.030       0.026       
2458827.05636  2458827.05937  2019-12-09.5563738  coadd_bD095536 1.45 -1.59 18.517     >18.517  99.990         -10.96        30.16   -0.017       0.047       
2458831.92311  2458831.92648  2019-12-14.4231099  coadd_bt213105 1.60 -1.63 18.031     >18.031  99.990        -139.41        45.33   -0.228       0.074       
2458835.95822  2458835.96187  2019-12-18.4582253  coadd_bt214730 1.45 -1.63 18.807     >18.807  99.990          -2.43        22.19   -0.004       0.036       
2458837.01149  2458837.01521  2019-12-19.5114886  coadd_bt215232 1.53 -1.63 18.525      18.039  0.233          135.00        28.78   0.221        0.047       
2458837.95258  2458837.95636  2019-12-20.4525839  coadd_bt215569 1.46 -1.63 18.765     >18.765  99.990          46.25        23.07   0.076        0.038       
2458839.96318  2458839.96709  2019-12-22.4631916  coadd_bt216500 1.51 -1.63 19.187     >19.187  99.990         -21.17        15.64   -0.035       0.026       
2458842.02308  2458842.02712  2019-12-24.5230826  coadd_bD099563 1.50 -1.59 19.374     >19.374  99.990          -6.29        13.70   -0.010       0.022       
2458845.04742  2458845.05163  2019-12-27.5474319  coadd_bD099890 1.55 -1.59 18.722     >18.722  99.990         -23.47        24.97   -0.037       0.039       
2458847.79252  2458847.79688  2019-12-30.2925266  coadd_bt219471 1.51 -1.63 19.120     >19.120  99.990          28.53        16.64   0.047        0.027       
2458848.89968  2458848.90410  2019-12-31.3996810  coadd_bt219814 1.43 -1.63 19.201     >19.201  99.990         -22.17        15.44   -0.036       0.025       
2458849.95240  2458849.95687  2020-01-01.4524078  coadd_bt220314 1.49 -1.63 18.820     >18.820  99.990           2.71        21.93   0.004        0.036       
2458850.88814  2458850.89266  2020-01-02.3881523  coadd_bt220722 1.80 -1.63 19.196     >19.196  99.990         -14.20        15.51   -0.023       0.025       
2458852.87045  2458852.87506  2020-01-04.3704594  coadd_bt221059 1.57 -1.63 19.231     >19.231  99.990          -8.71        15.02   -0.014       0.025       
2458905.84334  2458905.84816  2020-02-26.3433443  coadd_bD112610 1.53 -1.59 19.147     >19.147  99.990         -13.90        16.88   -0.022       0.027       
2458930.83772  2458930.84117  2020-03-22.3377196  coadd_bD115808 1.50 -1.59 19.197      18.837  0.262           67.39        16.13   0.106        0.025       
2458931.76255  2458931.76594  2020-03-23.2625575  coadd_bD116142 1.53 -1.59 19.172     >19.172  99.990         -40.93        16.49   -0.064       0.026       
2458934.89512  2458934.89828  2020-03-26.3951193  coadd_bD117266 1.61 -1.59 18.530     >18.530  99.990         -53.11        29.80   -0.084       0.047       
2458947.76006  2458947.76220  2020-04-08.2600571  coadd_bD119306 1.56 -1.59 17.837     >17.837  99.990         -27.60        56.39   -0.043       0.089       
2458954.68006  2458954.68162  2020-04-15.1800722  coadd_bt240792 1.48 -1.63 19.000     >19.000  99.990         -51.18        18.57   -0.084       0.030       
2458959.73419  2458959.73529  2020-04-20.2341855  coadd_bD122114 1.76 -1.59 18.827     >18.827  99.990         -80.06        22.66   -0.126       0.036       
2458962.82010  2458962.82093  2020-04-23.3201025  coadd_bD123208 1.45 -1.59 17.908     >17.908  99.990          88.75        52.85   0.140        0.083       
2458964.69586  2458964.69651  2020-04-25.1958540  coadd_bt243704 1.44 -1.63 18.998     >18.998  99.990           9.37        18.61   0.015        0.030       
2458965.75796  2458965.75852  2020-04-26.2579582  coadd_bt244107 1.57 -1.63 18.812     >18.812  99.990           9.28        22.08   0.015        0.036       
2458972.79474  2458972.79466  2020-05-03.2947413  coadd_bD126831 1.52 -1.59 18.297     >18.297  99.990         -27.28        36.94   -0.043       0.058       
2458974.74221  2458974.74195  2020-05-05.2422103  coadd_bt245837 1.52 -1.63 17.578     >17.578  99.990         142.57        68.86   0.233        0.113       
2458978.73322  2458978.73260  2020-05-09.2332238  coadd_bt247055 1.44 -1.63 16.855     >16.855  99.990         284.41       133.97   0.465        0.219       
2458979.63676  2458979.63605  2020-05-10.1367561  coadd_bt247300 2.35 -1.63 18.844     >18.844  99.990         -23.52        21.45   -0.038       0.035       
2458980.74177  2458980.74096  2020-05-11.2417656  coadd_bt247601 1.73 -1.63 18.410     >18.410  99.990          34.61        31.98   0.057        0.052       
2458982.72155  2458982.72056  2020-05-13.2215476  coadd_bt247940 1.51 -1.63 18.677     >18.677  99.990          -2.92        25.01   -0.005       0.041       
2458983.71703  2458983.71596  2020-05-14.2170334  coadd_bt248188 1.54 -1.63 18.900     >18.900  99.990           3.75        20.36   0.006        0.033       
2458985.70863  2458985.70738  2020-05-16.2086344  coadd_bt248642 1.45 -1.63 19.024     >19.024  99.990           0.20        18.17   0.000        0.030       
2458986.70235  2458986.70101  2020-05-17.2023521  coadd_bt248964 1.52 -1.63 18.804     >18.804  99.990         -18.73        22.26   -0.031       0.036       
2458989.77227  2458989.77066  2020-05-20.2722782  coadd_bD130605 1.52 -1.59 19.043     >19.043  99.990          28.38        18.58   0.045        0.029       
2458991.75891  2458991.75713  2020-05-22.2589171  coadd_bD131253 1.88 -1.59 19.110     >19.110  99.990         -45.88        17.46   -0.072       0.027       
2458995.62764  2458995.62552  2020-05-26.1276391  coadd_bt250998 1.50 -1.63 18.976     >18.976  99.990          40.25        18.99   0.066        0.031       
2458999.63968  2458999.63724  2020-05-30.1396885  coadd_bt252046 1.71 -1.63 18.269     >18.269  99.990         -32.40        36.42   -0.053       0.060       
2459000.66976  2459000.66722  2020-05-31.1697543  coadd_bt252382 1.47 -1.63 18.217     >18.217  99.990          -7.30        38.22   -0.012       0.063       
2459002.65950  2459002.65681  2020-06-02.1594966  coadd_bt252926 1.59 -1.63 17.609     >17.609  99.990         125.92        66.87   0.206        0.109       
2459004.64916  2459004.64632  2020-06-04.1491626  coadd_bt253505 1.54 -1.63 17.785     >17.785  99.990          97.18        56.91   0.159        0.093       
2459006.65012  2459006.64712  2020-06-06.1501181  coadd_bt254085 1.57 -1.63 17.448     >17.448  99.990          11.90        77.61   0.019        0.127       
2459009.64416  2459009.64094  2020-06-09.1441592  coadd_bt254758 1.75 -1.63 18.714     >18.714  99.990          70.26        24.17   0.115        0.040       
2459014.62922  2459014.62564  2020-06-14.129225  coadd_bt255954 2.49 -1.63 17.376     >17.376  99.990         -22.01        82.91   -0.036       0.136       
2459118.14223  2459118.13881  2020-09-25.6422268  coadd_bD170694 1.55 -1.59 17.530     >17.530  99.990         107.83        74.83   0.170        0.118       
2459119.13780  2459119.13446  2020-09-26.6378100  coadd_bD171105 1.51 -1.59 18.079     >18.079  99.990         -52.57        45.15   -0.083       0.071       
2459122.13213  2459122.12901  2020-09-29.6321334  coadd_bD172131 1.61 -1.59 18.971     >18.971  99.990          24.71        19.86   0.039        0.031       
2459126.12590  2459126.12309  2020-10-03.6259021  coadd_bD172837 1.69 -1.59 18.150     >18.150  99.990          -7.03        42.30   -0.011       0.067       
2459137.09498  2459137.09308  2020-10-14.5949741  coadd_bD176583 1.50 -1.59 19.197     >19.197  99.990          -5.94        16.12   -0.009       0.025       
2459139.98169  2459139.98005  2020-10-17.4816887  coadd_bt283276 1.59 -1.63 18.893     >18.893  99.990          16.74        20.50   0.027        0.034       
2459146.06782  2459146.06673  2020-10-23.5678319  coadd_bD179708 1.55 -1.59 19.083     >19.083  99.990          19.10        17.91   0.030        0.028       
2459147.06750  2459147.06650  2020-10-24.5675114  coadd_bD180088 1.44 -1.59 18.992     >18.992  99.990           0.57        19.47   0.001        0.031       
2459148.06720  2459148.06628  2020-10-25.5671967  coadd_bD180378 1.46 -1.59 19.307     >19.307  99.990           4.36        14.57   0.007        0.023       
2459164.00609  2459164.00666  2020-11-10.5060884  coadd_bt290258 1.54 -1.63 18.615     >18.615  99.990         -38.09        26.49   -0.062       0.043       
2459164.02434  2459164.02491  2020-11-10.5243366  coadd_bD184146 1.49 -1.59 18.704     >18.704  99.990          12.78        25.40   0.020        0.040       
2459165.95593  2459165.95668  2020-11-12.4559423  coadd_bt291076 1.44 -1.63 18.826     >18.826  99.990         -43.44        21.80   -0.071       0.036       
2459170.00797  2459170.00909  2020-11-16.5079777  coadd_bt292771 1.68 -1.63 19.033     >19.033  99.990          -1.68        18.03   -0.003       0.030       
2459172.99641  2459172.99780  2020-11-19.4964109  coadd_bD186387 1.53 -1.59 19.616     >19.616  99.990          27.71        10.96   0.044        0.017       
2459178.97723  2459178.97914  2020-11-25.4772373  coadd_bD187258 1.47 -1.59 18.226     >18.226  99.990          76.87        39.42   0.121        0.062       
2459180.99709  2459180.99919  2020-11-27.4970932  coadd_bD188027 1.64 -1.59 18.270     >18.270  99.990          21.49        37.85   0.034        0.060       
2459182.80540  2459182.80764  2020-11-29.3053991  coadd_bt297415 1.54 -1.63 17.917     >17.917  99.990         -56.82        50.35   -0.093       0.082       
2459184.82009  2459184.82250  2020-12-01.3200905  coadd_bt297959 1.54 -1.63 17.435     >17.435  99.990        -172.81        78.52   -0.283       0.129       
2459186.99905  2459187.00164  2020-12-03.4990506  coadd_bD189963 1.78 -1.59 18.155     >18.155  99.990          98.06        42.11   0.154        0.066       
2459191.94164  2459191.94462  2020-12-08.4416429  coadd_bD192060 1.47 -1.59 18.843     >18.843  99.990         -15.18        22.33   -0.024       0.035       
2459194.00833  2459194.01147  2020-12-10.5083328  coadd_bD192995 1.53 -1.59 19.608     >19.608  99.990           4.78        11.04   0.008        0.017       
2459195.85338  2459195.85666  2020-12-12.3533814  coadd_bt301689 1.48 -1.63 18.912     >18.912  99.990          16.30        20.14   0.027        0.033       
2459196.86782  2459196.87117  2020-12-13.3678228  coadd_bt302128 1.58 -1.63 19.005     >19.005  99.990         -35.56        18.50   -0.058       0.030       
2459200.90002  2459200.90365  2020-12-17.4000162  coadd_bD194940 1.67 -1.59 19.103     >19.103  99.990          29.79        17.57   0.047        0.028       
2459202.77047  2459202.77423  2020-12-19.2704736  coadd_bt304615 1.54 -1.63 19.334     >19.334  99.990          -0.02        13.66   -0.000       0.022       
2459205.89483  2459205.89879  2020-12-22.3948322  coadd_bD195534 1.47 -1.59 19.306     >19.306  99.990         -29.63        14.58   -0.047       0.023       
2459207.88462  2459207.88869  2020-12-24.3846225  coadd_bD196413 1.45 -1.59 18.144     >18.144  99.990         -46.11        42.53   -0.073       0.067       
2459208.92970  2459208.93383  2020-12-25.4296954  coadd_bt307011 1.46 -1.63 18.982     >18.982  99.990         -32.38        18.89   -0.053       0.031       
2459210.73765  2459210.74189  2020-12-27.2376501  coadd_bt307562 1.62 -1.63 18.002     >18.002  99.990          46.25        46.57   0.076        0.076       
2459212.89921  2459212.90357  2020-12-29.3992217  coadd_bt308535 1.56 -1.63 18.037     >18.037  99.990          35.13        45.09   0.057        0.074       
2459219.03540  2459219.04005  2021-01-04.5354119  coadd_bD200300 1.59 -1.59 18.497     >18.497  99.990          19.54        30.73   0.031        0.048       
2459221.09413  2459221.09887  2021-01-06.5941292  coadd_bD201219 1.54 -1.59 18.980     >18.980  99.990          -5.50        19.69   -0.009       0.031       
2459222.98304  2459222.98785  2021-01-08.4830386  coadd_bD201971 1.48 -1.59 19.275     >19.275  99.990         -24.45        15.00   -0.038       0.024       
2459224.00675  2459224.01161  2021-01-09.5067638  coadd_bt312689 1.44 -1.63 17.530     >17.530  99.990        -200.51        71.92   -0.328       0.118       
2459227.01674  2459227.02169  2021-01-12.5167376  coadd_bD203297 1.50 -1.59 19.458     >19.458  99.990          -8.45        12.68   -0.013       0.020       
2459228.82660  2459228.83162  2021-01-14.3266042  coadd_bt313591 1.68 -1.63 19.436     >19.436  99.990         -15.17        12.43   -0.025       0.020       
2459230.94987  2459230.95494  2021-01-16.4498732  coadd_bD204832 1.51 -1.59 19.734     >19.734  99.990         -24.70         9.83   -0.039       0.015       
2459231.93677  2459231.94187  2021-01-17.4367746  coadd_bt314938 1.57 -1.63 19.173     >19.173  99.990          13.54        15.84   0.022        0.026       
2459233.87413  2459233.87927  2021-01-19.3741351  coadd_bt315760 1.52 -1.63 18.627     >18.627  99.990         -11.80        26.19   -0.019       0.043       
2459236.86204  2459236.86724  2021-01-22.3620459  coadd_bt316035 1.63 -1.63 18.556     >18.556  99.990          63.20        27.96   0.103        0.046       
2459237.88479  2459237.89001  2021-01-23.3847918  coadd_bD206445 1.70 -1.59 18.528     >18.528  99.990          -9.28        29.86   -0.015       0.047       
2459240.70544  2459240.71069  2021-01-26.2054423  coadd_bt317484 1.57 -1.63 17.713     >17.713  99.990        -165.19        60.78   -0.270       0.099       
2459245.86104  2459245.86632  2021-01-31.3610380  coadd_bD208328 1.53 -1.59 18.225     >18.225  99.990         -28.75        39.47   -0.045       0.062       
2459247.99544  2459248.00072  2021-02-02.4954372  coadd_bt319751 1.67 -1.63 18.106     >18.106  99.990         -80.26        42.32   -0.131       0.069       
2459249.94653  2459249.95180  2021-02-04.4465297  coadd_bt320468 1.52 -1.63 18.353     >18.353  99.990         -61.40        33.71   -0.100       0.055       
2459251.74092  2459251.74618  2021-02-06.2409258  coadd_bt321143 1.54 -1.63 19.326     >19.326  99.990         -55.94        13.76   -0.092       0.023       
2459255.88938  2459255.89460  2021-02-10.3893891  coadd_bD210223 1.67 -1.59 19.396     >19.396  99.990         -29.70        13.43   -0.047       0.021       
2459257.73646  2459257.74165  2021-02-12.2364673  coadd_bt323441 1.46 -1.63 18.973     >18.973  99.990          15.84        19.05   0.026        0.031       
2459261.77710  2459261.78220  2021-02-16.2770993  coadd_bD211940 1.46 -1.59 19.176     >19.176  99.990          -1.20        16.44   -0.002       0.026       
2459267.83157  2459267.83651  2021-02-22.3315710  coadd_bD213410 1.47 -1.59 18.486     >18.486  99.990         -19.51        31.02   -0.031       0.049       
2459269.68645  2459269.69132  2021-02-24.1864545  coadd_bt323960 1.53 -1.63 17.914     >17.914  99.990          25.62        50.50   0.042        0.083       
2459277.86661  2459277.87114  2021-03-04.3666115  coadd_bD214998 1.57 -1.59 18.463     >18.463  99.990           7.38        31.70   0.012        0.050       
2459278.73257  2459278.73706  2021-03-05.2325791  coadd_bD215176 1.79 -1.59 19.097     >19.097  99.990           0.98        17.67   0.002        0.028       
2459280.73689  2459280.74128  2021-03-07.2368928  coadd_bt327452 1.49 -1.63 19.073     >19.073  99.990         -14.61        17.37   -0.024       0.028       
2459288.90015  2459288.90407  2021-03-15.4001476  coadd_bD215873 1.44 -1.59 19.335     >19.335  99.990          19.24        14.19   0.030        0.022       
2459291.68877  2459291.69251  2021-03-18.1887653  coadd_bt330083 1.48 -1.63 19.183     >19.183  99.990         -18.65        15.69   -0.031       0.026       
2459292.78361  2459292.78729  2021-03-19.2836136  coadd_bt330383 1.50 -1.63 19.396     >19.396  99.990          -0.96        12.91   -0.002       0.021       
2459293.81104  2459293.81465  2021-03-20.3110488  coadd_bt330786 1.48 -1.63 19.298     >19.298  99.990           3.13        14.12   0.005        0.023       
2459294.82986  2459294.83340  2021-03-21.3298652  coadd_bt331181 1.56 -1.63 18.891     >18.891  99.990          35.40        20.55   0.058        0.034       
2459296.76539  2459296.76879  2021-03-23.2653940  coadd_bt331448 1.51 -1.63 18.445     >18.445  99.990          -7.56        30.97   -0.012       0.051       
2459300.75466  2459300.75778  2021-03-27.2546609  coadd_bD218515 1.53 -1.59 18.013     >18.013  99.990         -72.42        47.98   -0.114       0.075       
2459304.91157  2459304.91437  2021-03-31.4115792  coadd_bD219665 1.48 -1.59 18.397     >18.397  99.990           4.75        33.70   0.007        0.053       
2459305.81952  2459305.82225  2021-04-01.3195171  coadd_bt334197 1.48 -1.63 18.257     >18.257  99.990         -44.29        36.82   -0.072       0.060       
2459307.82065  2459307.82322  2021-04-03.3206550  coadd_bD220725 1.49 -1.59 19.248     >19.248  99.990          33.71        15.39   0.053        0.024       
2459310.89717  2459310.89949  2021-04-06.3971835  coadd_bD221159 1.47 -1.59 19.179      19.113  0.344           52.22        16.39   0.082        0.026       
2459312.89205  2459312.89420  2021-04-08.3920469  coadd_bD221925 1.63 -1.59 19.205     >19.205  99.990           5.59        16.00   0.009        0.025       
2459314.77705  2459314.77905  2021-04-10.2770532  coadd_bD222646 1.47 -1.59 19.309     >19.309  99.990          11.39        14.54   0.018        0.023       
2459317.89693  2459317.89866  2021-04-13.3969317  coadd_bD223437 1.45 -1.59 19.210     >19.210  99.990         -25.15        15.93   -0.040       0.025       
2459321.77901  2459321.78040  2021-04-17.2790123  coadd_bD224859 1.45 -1.59 19.057     >19.057  99.990          12.26        18.35   0.019        0.029       
2459328.84219  2459328.84295  2021-04-24.3421944  coadd_bD227073 1.60 -1.59 18.181     >18.181  99.990         116.96        41.10   0.184        0.065       
2459332.84908  2459332.84947  2021-04-28.3490783  coadd_bD228467 1.54 -1.59 18.102     >18.102  99.990         -54.27        44.22   -0.085       0.070       
2459342.80049  2459342.79998  2021-05-08.3004914  coadd_bD230217 1.79 -1.59 19.315     >19.315  99.990          10.70        14.46   0.017        0.023       
2459346.76792  2459346.76704  2021-05-12.2679140  coadd_bD231722 1.48 -1.59 19.023     >19.023  99.990         -43.27        18.92   -0.068       0.030       
2459349.78781  2459349.78666  2021-05-15.2878089  coadd_bD232707 1.46 -1.59 19.116     >19.116  99.990          30.51        17.37   0.048        0.027       
2459355.76722  2459355.76554  2021-05-21.2672237  coadd_bD234756 1.57 -1.59 18.464     >18.464  99.990          19.33        31.66   0.030        0.050       
2459356.71137  2459356.70961  2021-05-22.2113804  coadd_bt345817 1.61 -1.63 17.414      17.140  0.284          309.05        80.07   0.506        0.131       
2459356.75619  2459356.75442  2021-05-22.2561961  coadd_bD235057 1.65 -1.59 18.372     >18.372  99.990         -62.42        34.48   -0.098       0.054       
2459360.75511  2459360.75300  2021-05-26.2551114  coadd_bD236520 1.56 -1.59 17.876     >17.876  99.990         111.80        54.42   0.176        0.086       
2459362.67000  2459362.66773  2021-05-28.1699973  coadd_bt347153 1.46 -1.63 17.571     >17.571  99.990         -17.86        69.28   -0.029       0.113       
2459363.66742  2459363.66508  2021-05-29.1674311  coadd_bt347448 1.49 -1.63 18.914     >18.914  99.990          -5.71        20.11   -0.009       0.033       
2459364.66639  2459364.66397  2021-05-30.1664049  coadd_bt347558 1.48 -1.63 18.968      18.919  0.349           60.04        19.13   0.098        0.031       
2459369.66139  2459369.65856  2021-06-04.1614009  coadd_bt347985 1.81 -1.63 18.747     >18.747  99.990          32.13        23.46   0.053        0.038       
2459373.62877  2459373.62565  2021-06-08.1287771  coadd_bt348979 2.02 -1.63 18.082     >18.082  99.990          41.91        43.29   0.069        0.071       
2459374.64396  2459374.64076  2021-06-09.1439675  coadd_bt349266 2.08 -1.63 18.352     >18.352  99.990          98.62        33.74   0.161        0.055       
2459376.63470  2459376.63135  2021-06-11.1347047  coadd_bt349862 2.35 -1.63 17.611     >17.611  99.990         -83.98        66.76   -0.137       0.109       
2459480.13311  2459480.12947  2021-09-22.6331136  coadd_bD275250 1.61 -1.59 17.962     >17.962  99.990          30.96        50.27   0.049        0.079       
2459485.12997  2459485.12668  2021-09-27.6299799  coadd_bD277041 1.56 -1.59 18.471     >18.471  99.990         -95.98        31.47   -0.151       0.050       
