###  JD        HJD            UT_date             IMAGE          FWHM  Diff Limit      mag   mag_err       counts     count_err  flux (mJy)    flux_err
2458220.86971  2458220.87177  2018-04-12.3697196  coadd_bs063486 1.61 -2.01 19.252     >19.252  99.990          -9.69        10.39   -0.022       0.024       
2458221.87134  2458221.87349  2018-04-13.3713432  coadd_bs063770 1.62 -2.01 19.121     >19.121  99.990          -7.15        11.72   -0.017       0.027       
2458223.86318  2458223.86551  2018-04-15.3631849  coadd_bs064086 1.50 -2.01 18.484     >18.484  99.990          49.92        21.08   0.116        0.049       
2458226.85919  2458226.86178  2018-04-18.3591984  coadd_bs064771 1.50 -2.01 18.411     >18.411  99.990          57.71        22.55   0.134        0.052       
2458228.86652  2458228.86928  2018-04-20.3665238  coadd_bs065268 2.31 -2.01 19.065     >19.065  99.990          16.77        12.35   0.039        0.029       
2458229.85870  2458229.86155  2018-04-21.3587087  coadd_bs065576 2.47 -2.01 18.824     >18.824  99.990          43.74        15.42   0.101        0.036       
2458252.77967  2458252.78418  2018-05-14.2796760  coadd_bs071612 1.88 -2.01 18.892     >18.892  99.990          36.57        14.47   0.085        0.034       
2458261.92627  2458261.93126  2018-05-23.4262788  coadd_bs073720 2.25 -2.01 19.132     >19.132  99.990           4.37        11.61   0.010        0.027       
2458271.94176  2458271.94714  2018-06-02.4417633  coadd_bs076953 1.57 -2.01 17.144     >17.144  99.990        -319.81        72.44   -0.742       0.168       
2458282.81167  2458282.81731  2018-06-13.3116721  coadd_bk092493 1.48 -1.98 19.119     >19.119  99.990           3.60        12.14   0.008        0.027       
2458283.71658  2458283.72223  2018-06-14.2165848  coadd_bk092892 1.45 -1.98 19.357     >19.357  99.990         -13.03         9.75   -0.029       0.022       
2458284.79776  2458284.80343  2018-06-15.2977710  coadd_bs079351 1.54 -2.01 19.458     >19.458  99.990          -9.22         8.59   -0.021       0.020       
2458289.58568  2458289.59138  2018-06-20.0856781  coadd_bk095589 1.53 -1.98 18.679     >18.679  99.990         -25.90        18.20   -0.058       0.041       
2458290.87580  2458290.88151  2018-06-21.3758035  coadd_bs080865 1.70 -2.01 19.318     >19.318  99.990          -7.65         9.78   -0.018       0.023       
2458291.58177  2458291.58748  2018-06-22.0817695  coadd_bk096527 1.45 -1.98 18.313     >18.313  99.990          27.47        25.49   0.062        0.057       
2458292.71814  2458292.72385  2018-06-23.2181489  coadd_bs081392 1.65 -2.01 19.052     >19.052  99.990         -12.88        12.49   -0.030       0.029       
2458293.83914  2458293.84485  2018-06-24.3391445  coadd_bs081813 1.55 -2.01 18.203     >18.203  99.990         -22.37        27.31   -0.052       0.063       
2458300.77185  2458300.77750  2018-07-01.2718517  coadd_bk100595 2.02 -1.98 18.368     >18.368  99.990          -0.51        24.24   -0.001       0.054       
2458305.58804  2458305.59360  2018-07-06.0880393  coadd_bk102353 2.01 -1.98 19.261     >19.261  99.990           2.71        10.65   0.006        0.024       
2458310.46775  2458310.47319  2018-07-10.9677535  coadd_bk103964 1.51 -1.98 18.550     >18.550  99.990         -45.60        20.50   -0.102       0.046       
2458311.78690  2458311.79230  2018-07-12.2868988  coadd_bs084808 1.45 -2.01 18.953     >18.953  99.990          -9.95        13.68   -0.023       0.032       
2458313.71554  2458313.72088  2018-07-14.2155386  coadd_bs085163 1.41 -2.01 18.479     >18.479  99.990         -22.89        21.18   -0.053       0.049       
2458314.45679  2458314.46210  2018-07-14.9567915  coadd_bk105788 1.44 -1.98 18.157     >18.157  99.990        -108.87        29.45   -0.244       0.066       
2458316.48106  2458316.48629  2018-07-16.9810615  coadd_bk106481 1.48 -1.98 18.613     >18.613  99.990          -1.75        19.34   -0.004       0.043       
2458319.82179  2458319.82690  2018-07-20.3217966  coadd_bs086113 1.44 -2.01 19.199     >19.199  99.990          19.23        10.91   0.045        0.025       
2458329.51420  2458329.51882  2018-07-30.0142025  coadd_bk111024 1.79 -1.98 18.374     >18.374  99.990          45.94        24.10   0.103        0.054       
2458330.54384  2458330.54840  2018-07-31.0438366  coadd_bk111488 1.44 -1.98 18.870     >18.870  99.990           8.85        15.27   0.020        0.034       
2458338.70684  2458338.71089  2018-08-08.2068386  coadd_bs091165 1.46 -2.01 19.363     >19.363  99.990          21.38         9.38   0.050        0.022       
2458339.71948  2458339.72346  2018-08-09.2194780  coadd_bs091470 1.57 -2.01 19.072     >19.072  99.990         -14.93        12.26   -0.035       0.028       
2458353.72455  2458353.72747  2018-08-23.2245540  coadd_bs093902 1.52 -2.01 17.482     >17.482  99.990          46.91        53.05   0.109        0.123       
2458358.58369  2458358.58619  2018-08-28.0836917  coadd_bk122963 1.51 -1.98 18.124     >18.124  99.990          -2.30        30.34   -0.005       0.068       
2458359.68195  2458359.68437  2018-08-29.1819635  coadd_bs095159 1.57 -2.01 17.889     >17.889  99.990        -120.69        36.46   -0.280       0.085       
2458360.53231  2458360.53464  2018-08-30.0323128  coadd_bk123775 1.50 -1.98 19.252     >19.252  99.990          -3.14        10.74   -0.007       0.024       
2458360.70353  2458360.70586  2018-08-30.2035359  coadd_bs095439 1.38 -2.01 18.257     >18.257  99.990         -32.47        25.98   -0.075       0.060       
2458361.71345  2458361.71569  2018-08-31.2134508  coadd_bs095775 1.38 -2.01 18.492     >18.492  99.990         -33.38        20.92   -0.077       0.049       
2458369.61361  2458369.61513  2018-09-08.1136123  coadd_bk127313 1.52 -1.98 19.042     >19.042  99.990         -22.72        13.03   -0.051       0.029       
2458370.65696  2458370.65838  2018-09-09.1569627  coadd_bs097108 1.53 -2.01 19.013     >19.013  99.990          12.77        12.95   0.030        0.030       
2458374.66520  2458374.66625  2018-09-13.1652097  coadd_bs098201 1.42 -2.01 19.118     >19.118  99.990          25.39        11.75   0.059        0.027       
2458375.66073  2458375.66167  2018-09-14.1607340  coadd_bs098559 1.48 -2.01 18.907     >18.907  99.990         -19.93        14.28   -0.046       0.033       
2458382.54505  2458382.54534  2018-09-21.0450526  coadd_bk132393 1.64 -1.98 18.218      18.205  0.361           84.50        27.83   0.190        0.062       
2458385.56336  2458385.56336  2018-09-24.0633672  coadd_bk133393 1.50 -1.98 17.912     >17.912  99.990         -68.35        36.88   -0.153       0.083       
2458386.61060  2458386.61049  2018-09-25.1105960  coadd_bs099861 1.50 -2.01 17.700     >17.700  99.990          94.46        43.41   0.219        0.101       
2458389.59556  2458389.59517  2018-09-28.0955579  coadd_bs100394 1.57 -2.01 19.290     >19.290  99.990          -5.72        10.03   -0.013       0.023       
2458392.62138  2458392.62070  2018-10-01.1213902  coadd_bs101468 1.43 -2.01 19.021     >19.021  99.990         -32.07        12.85   -0.074       0.030       
2458393.54091  2458393.54014  2018-10-02.0409136  coadd_bk135969 1.40 -1.98 19.163     >19.163  99.990         -19.79        11.66   -0.044       0.026       
2458394.53804  2458394.53718  2018-10-03.0380458  coadd_bk136357 1.39 -1.98 18.892     >18.892  99.990          -4.46        14.96   -0.010       0.034       
2458395.53262  2458395.53167  2018-10-04.0326273  coadd_bG002550 1.51 -1.83 17.842     >17.842  99.990          52.70        45.21   0.103        0.088       
2458396.60068  2458396.59962  2018-10-05.1006880  coadd_bs102245 1.44 -2.01 19.308     >19.308  99.990          -0.56         9.87   -0.001       0.023       
2458397.52258  2458397.52144  2018-10-06.0225866  coadd_bG003234 1.43 -1.83 18.732     >18.732  99.990         -60.95        19.92   -0.119       0.039       
2458398.52473  2458398.52349  2018-10-07.0247415  coadd_bk137907 1.46 -1.98 19.012     >19.012  99.990         -61.25        13.40   -0.137       0.030       
2458401.52198  2458401.52046  2018-10-10.0219780  coadd_bk138471 1.50 -1.98 18.448     >18.448  99.990         -11.07        22.51   -0.025       0.051       
2458413.59080  2458413.58821  2018-10-22.0908101  coadd_bs104725 1.71 -2.01 17.397     >17.397  99.990         -81.14        57.35   -0.188       0.133       
2458415.25116  2458415.24842  2018-10-23.7511597  coadd_bo084784 2.18 -1.86 18.671     >18.671  99.990          13.67        20.53   0.027        0.041       
2458415.50277  2458415.50002  2018-10-24.0027865  coadd_bk143139 1.43 -1.98 18.767     >18.767  99.990          34.94        16.78   0.078        0.038       
2458519.15825  2458519.15430  2019-02-04.6582531  coadd_bC019545 1.41 -1.65 18.816     >18.816  99.990         -35.79        21.62   -0.060       0.036       
2458520.15478  2458520.15090  2019-02-05.6547847  coadd_bC019978 1.46 -1.65 19.236     >19.236  99.990         -11.50        14.69   -0.019       0.024       
2458521.17093  2458521.16713  2019-02-06.6709429  coadd_bC020107 1.57 -1.65 17.889     >17.889  99.990         -27.01        50.80   -0.045       0.085       
2458521.88966  2458521.88591  2019-02-07.3896630  coadd_bG042407 1.64 -1.83 15.921     >15.921  99.990         -65.60       265.41   -0.128       0.518       
2458522.88403  2458522.88034  2019-02-08.3840270  coadd_bk178216 1.49 -1.98 17.742     >17.742  99.990        -103.42        43.15   -0.232       0.097       
2458523.88680  2458523.88319  2019-02-09.3867976  coadd_bk178580 1.46 -1.98 17.257     >17.257  99.990         188.63        67.45   0.423        0.151       
2458524.88643  2458524.88290  2019-02-10.3864422  coadd_bk178942 1.42 -1.98 17.398     >17.398  99.990         -96.53        59.22   -0.217       0.133       
2458525.88711  2458525.88365  2019-02-11.3871101  coadd_bG043798 1.43 -1.83 17.929     >17.929  99.990         -16.05        41.76   -0.031       0.082       
2458526.88613  2458526.88274  2019-02-12.3861289  coadd_bG044147 1.47 -1.83 17.731     >17.731  99.990         -89.93        50.09   -0.176       0.098       
2458531.88826  2458531.88528  2019-02-17.3882607  coadd_bG045898 1.45 -1.83 17.611     >17.611  99.990         -64.17        55.95   -0.125       0.109       
2458533.88812  2458533.88530  2019-02-19.3881320  coadd_bG046623 1.41 -1.83 17.743     >17.743  99.990          44.60        49.54   0.087        0.097       
2458540.01607  2458540.01378  2019-02-25.5160766  coadd_bs138414 1.51 -2.01 18.242     >18.242  99.990         -72.73        26.35   -0.169       0.061       
2458553.88692  2458553.88591  2019-03-11.3869208  coadd_bk189643 1.50 -1.98 18.715     >18.715  99.990          43.84        17.61   0.098        0.040       
2458554.82019  2458554.81927  2019-03-12.3201980  coadd_bG054095 1.41 -1.83 18.794     >18.794  99.990          28.16        18.82   0.055        0.037       
2458555.81541  2458555.81459  2019-03-13.3154165  coadd_bG054472 1.50 -1.83 18.706     >18.706  99.990          27.30        20.40   0.053        0.040       
2458557.94358  2458557.94296  2019-03-15.4435877  coadd_bs142752 1.49 -2.01 19.065     >19.065  99.990          -5.44        12.35   -0.013       0.029       
2458558.81994  2458558.81940  2019-03-16.3199524  coadd_bk191561 1.46 -1.98 18.815     >18.815  99.990         -31.32        16.07   -0.070       0.036       
2458561.88962  2458561.88937  2019-03-19.3896188  coadd_bG057179 1.43 -1.83 18.881     >18.881  99.990         -22.31        17.36   -0.044       0.034       
2458562.93712  2458562.93698  2019-03-20.4371217  coadd_bs144320 1.58 -2.01 17.431     >17.431  99.990           7.97        55.58   0.018        0.129       
2458565.79075  2458565.79089  2019-03-23.2907518  coadd_bk194363 1.53 -1.98 17.398     >17.398  99.990         -91.92        59.24   -0.206       0.133       
2458566.80212  2458566.80235  2019-03-24.3021267  coadd_bG056071 1.65 -1.83 17.753     >17.753  99.990         -78.91        49.09   -0.154       0.096       
2458567.82861  2458567.82895  2019-03-25.3286162  coadd_bG059139 1.44 -1.83 17.923     >17.923  99.990          91.75        41.97   0.179        0.082       
2458572.04481  2458572.04555  2019-03-29.5448105  coadd_bC021541 1.41 -1.65 19.096     >19.096  99.990         -24.86        16.71   -0.041       0.028       
2458572.76709  2458572.76790  2019-03-30.2670943  coadd_bG061006 1.47 -1.83 18.517     >18.517  99.990          55.99        24.29   0.109        0.047       
2458573.87007  2458573.87099  2019-03-31.3700733  coadd_bk197448 1.52 -1.98 18.707     >18.707  99.990           7.76        17.73   0.017        0.040       
2458575.75279  2458575.75389  2019-04-02.2527928  coadd_bG061999 1.45 -1.83 19.137     >19.137  99.990          39.18        13.72   0.077        0.027       
2458576.74636  2458576.74755  2019-04-03.2463706  coadd_bk198179 1.46 -1.98 18.368     >18.368  99.990         -61.88        24.23   -0.139       0.054       
2458577.52668  2458577.52794  2019-04-04.0266854  coadd_bo124056 1.44 -1.86 19.080     >19.080  99.990          -8.70        14.09   -0.017       0.028       
2458577.75126  2458577.75255  2019-04-04.2512622  coadd_bG062745 1.50 -1.83 18.720     >18.720  99.990          33.44        20.15   0.065        0.039       
2458578.77391  2458578.77530  2019-04-05.2739230  coadd_bk198920 1.37 -1.98 18.471     >18.471  99.990          -0.58        22.04   -0.001       0.049       
2458579.78560  2458579.78707  2019-04-06.2855989  coadd_bk199349 1.43 -1.98 18.601     >18.601  99.990          38.27        19.57   0.086        0.044       
2458580.54331  2458580.54486  2019-04-07.0433151  coadd_bo124732 1.39 -1.86 19.035     >19.035  99.990         -34.05        14.68   -0.068       0.029       
2458581.56159  2458581.56323  2019-04-08.0615942  coadd_bo124931 1.53 -1.86 18.893     >18.893  99.990         -35.29        16.73   -0.071       0.034       
2458582.05732  2458582.05900  2019-04-08.5573136  coadd_bC024804 1.53 -1.65 19.530     >19.530  99.990         -15.33        11.21   -0.026       0.019       
2458583.01086  2458583.01263  2019-04-09.5108537  coadd_bC025170 1.47 -1.65 19.332     >19.332  99.990         -26.98        13.44   -0.045       0.022       
2458583.76558  2458583.76743  2019-04-10.2655902  coadd_bk201021 1.44 -1.98 18.862     >18.862  99.990         -37.13        15.38   -0.083       0.035       
2458584.73031  2458584.73225  2019-04-11.2303125  coadd_bG065487 1.52 -1.83 18.511     >18.511  99.990           2.60        24.42   0.005        0.048       
2458585.56090  2458585.56291  2019-04-12.0609081  coadd_bo126550 1.42 -1.86 18.968     >18.968  99.990           1.51        15.62   0.003        0.031       
2458585.88687  2458585.88891  2019-04-12.3868745  coadd_bG066015 1.43 -1.83 19.025     >19.025  99.990          18.27        15.22   0.036        0.030       
2458586.77477  2458586.77688  2019-04-13.2747731  coadd_bG066340 1.48 -1.83 19.015     >19.015  99.990          30.25        15.35   0.059        0.030       
2458587.82003  2458587.82224  2019-04-14.3200292  coadd_bk202762 1.47 -1.98 18.987     >18.987  99.990         -31.70        13.71   -0.071       0.031       
2458588.73118  2458588.73347  2019-04-15.2311871  coadd_bk203117 1.51 -1.98 18.203     >18.203  99.990          44.33        28.22   0.100        0.063       
2458589.71320  2458589.71558  2019-04-16.2131961  coadd_bk203531 1.54 -1.98 17.614     >17.614  99.990        -131.49        48.55   -0.295       0.109       
2458590.50844  2458590.51089  2019-04-17.0084401  coadd_bo127435 1.52 -1.86 16.786     >16.786  99.990          -1.01       116.53   -0.002       0.234       
2458591.71059  2458591.71314  2019-04-18.2105901  coadd_bG068032 1.49 -1.83 18.164     >18.164  99.990           5.20        33.63   0.010        0.066       
2458593.74605  2458593.74877  2019-04-20.2460582  coadd_bk205214 1.59 -1.98 16.860     >16.860  99.990        -243.53        97.20   -0.547       0.218       
2458594.72452  2458594.72733  2019-04-21.2245245  coadd_bk205627 1.43 -1.98 17.475     >17.475  99.990         -34.59        55.16   -0.078       0.124       
2458599.43736  2458599.44056  2019-04-25.9373667  coadd_bo129256 1.54 -1.86 18.283     >18.283  99.990         -69.27        29.35   -0.139       0.059       
2458599.78077  2458599.78399  2019-04-26.2807715  coadd_bG070759 1.51 -1.83 18.370     >18.370  99.990         -29.65        27.81   -0.058       0.054       
2458600.69190  2458600.69519  2019-04-27.1919012  coadd_bk207705 1.45 -1.98 18.788     >18.788  99.990           1.38        16.47   0.003        0.037       
2458601.68085  2458601.68422  2019-04-28.1808516  coadd_bG071531 1.46 -1.83 18.774     >18.774  99.990         -20.41        19.18   -0.040       0.037       
2458602.66049  2458602.66394  2019-04-29.1604998  coadd_bk208567 1.52 -1.98 18.916     >18.916  99.990         -20.34        14.63   -0.046       0.033       
2458604.41771  2458604.42129  2019-04-30.9177158  coadd_bo131215 1.44 -1.86 19.107     >19.107  99.990         -19.87        13.74   -0.040       0.028       
2458605.04362  2458605.04726  2019-05-01.5436299  coadd_bC031423 1.66 -1.65 19.562     >19.562  99.990          -1.82        10.88   -0.003       0.018       
2458605.57987  2458605.58354  2019-05-02.0798761  coadd_bo131666 1.53 -1.86 18.886     >18.886  99.990          22.91        16.85   0.046        0.034       
2458605.87895  2458605.88264  2019-05-02.3789510  coadd_bk210074 1.48 -1.98 19.015     >19.015  99.990           8.42        13.36   0.019        0.030       
2458607.67040  2458607.67422  2019-05-04.1703993  coadd_bG073774 1.47 -1.83 18.391     >18.391  99.990         -30.86        27.29   -0.060       0.053       
2458608.70798  2458608.71187  2019-05-05.2079752  coadd_bG074227 1.46 -1.83 18.706     >18.706  99.990         -57.93        20.40   -0.113       0.040       
2458610.92306  2458610.92711  2019-05-07.4230592  coadd_bC032733 1.48 -1.65 19.358     >19.358  99.990           8.32        13.13   0.014        0.022       
2458612.90576  2458612.90995  2019-05-09.4057693  coadd_bC033490 1.43 -1.65 19.160     >19.160  99.990          16.14        15.76   0.027        0.026       
2458614.64225  2458614.64655  2019-05-11.14225  coadd_bk213441 1.48 -1.98 18.657     >18.657  99.990          25.84        18.57   0.058        0.042       
2458615.76142  2458615.76578  2019-05-12.2614217  coadd_bk213986 1.49 -1.98 18.946     >18.946  99.990         -37.34        14.24   -0.084       0.032       
2458616.96678  2458616.97122  2019-05-13.4667927  coadd_bC035055 1.47 -1.65 18.730     >18.730  99.990          -4.11        23.42   -0.007       0.039       
2458618.64377  2458618.64831  2019-05-15.1437721  coadd_bG075678 1.42 -1.83 17.890     >17.890  99.990         -68.51        43.26   -0.134       0.084       
2458618.92570  2458618.93026  2019-05-15.4257089  coadd_bC035574 1.50 -1.65 18.374     >18.374  99.990          38.66        32.48   0.064        0.054       
2458619.96312  2458619.96773  2019-05-16.4631295  coadd_bs161251 1.44 -2.01 17.091     >17.091  99.990         121.83        76.04   0.283        0.176       
2458620.76967  2458620.77433  2019-05-17.2696738  coadd_bs159390 1.84 -2.01 16.512     >16.512  99.990         -27.66       129.66   -0.064       0.301       
2458620.93730  2458620.94197  2019-05-17.4373082  coadd_bC035945 1.51 -1.65 18.686     >18.686  99.990          39.49        24.39   0.066        0.041       
2458621.94926  2458621.95399  2019-05-18.4492637  coadd_bs159875 1.44 -2.01 17.336     >17.336  99.990         -98.24        60.70   -0.228       0.141       
2458626.67759  2458626.68256  2019-05-23.1775947  coadd_bG078759 1.47 -1.83 18.241     >18.241  99.990          38.11        31.32   0.074        0.061       
2458627.71868  2458627.72369  2019-05-24.2186819  coadd_bs161372 1.58 -2.01 19.054      18.835  0.298           45.76        12.47   0.106        0.029       
2458627.73608  2458627.74110  2019-05-24.2360863  coadd_bG079242 1.47 -1.83 17.821     >17.821  99.990        -133.87        46.09   -0.261       0.090       
2458628.95230  2458628.95737  2019-05-25.4523002  coadd_bC039137 2.08 -1.65 18.982     >18.982  99.990          22.61        18.57   0.038        0.031       
2458630.96069  2458630.96585  2019-05-27.4606938  coadd_bC039889 1.38 -1.65 19.383     >19.383  99.990         -13.99        12.83   -0.023       0.021       
2458631.81985  2458631.82504  2019-05-28.3198565  coadd_bk219791 1.66 -1.98 18.269     >18.269  99.990         -17.46        26.55   -0.039       0.060       
2458632.79548  2458632.80070  2019-05-29.2954805  coadd_bs162403 1.41 -2.01 19.092     >19.092  99.990          -5.35        12.04   -0.012       0.028       
2458634.84146  2458634.84676  2019-05-31.3414597  coadd_bC041283 1.43 -1.65 19.076     >19.076  99.990          14.27        17.02   0.024        0.028       
2458636.42604  2458636.43140  2019-06-01.9260428  coadd_bo139941 1.47 -1.86 18.851     >18.851  99.990          31.24        17.40   0.063        0.035       
2458637.58107  2458637.58647  2019-06-03.0810725  coadd_bk220990 1.49 -1.98 18.843     >18.843  99.990          31.73        15.65   0.071        0.035       
2458638.76028  2458638.76571  2019-06-04.2602834  coadd_bG081834 1.39 -1.83 18.860     >18.860  99.990         -12.41        17.70   -0.024       0.035       
2458640.62594  2458640.63143  2019-06-06.1259488  coadd_bk222409 1.40 -1.98 18.759     >18.759  99.990         -34.35        16.91   -0.077       0.038       
2458641.72962  2458641.73513  2019-06-07.2296188  coadd_bs163764 1.72 -2.01 19.167     >19.167  99.990         -10.15        11.23   -0.024       0.026       
2458642.42819  2458642.43372  2019-06-07.9281934  coadd_bo141481 1.46 -1.86 19.411     >19.411  99.990         -21.87        10.38   -0.044       0.021       
2458643.60621  2458643.61176  2019-06-09.1062108  coadd_bG083925 1.42 -1.83 18.938     >18.938  99.990           3.31        16.48   0.006        0.032       
2458644.64919  2458644.65477  2019-06-10.1491973  coadd_bG084400 1.42 -1.83 18.731     >18.731  99.990         -19.39        19.94   -0.038       0.039       
2458645.37105  2458645.37665  2019-06-10.8710597  coadd_bo142283 1.50 -1.86 18.882     >18.882  99.990          28.29        16.91   0.057        0.034       
2458646.59650  2458646.60211  2019-06-12.0965041  coadd_bk225148 1.57 -1.98 18.050      17.945  0.332          107.40        32.50   0.241        0.073       
2458647.61061  2458647.61624  2019-06-13.1106068  coadd_bk225620 1.50 -1.98 18.172     >18.172  99.990         -86.48        29.03   -0.194       0.065       
2458648.60681  2458648.61245  2019-06-14.1068081  coadd_bG086137 1.39 -1.83 17.993     >17.993  99.990         -53.40        39.36   -0.104       0.077       
2458649.91941  2458649.92508  2019-06-15.4194216  coadd_bC046165 1.38 -1.65 18.152     >18.152  99.990          73.82        39.86   0.123        0.066       
2458654.93528  2458654.94099  2019-06-20.4352853  coadd_bC047943 1.52 -1.65 18.461     >18.461  99.990         -63.58        30.00   -0.106       0.050       
2458655.65425  2458655.65996  2019-06-21.1542539  coadd_bk228841 1.61 -1.98 16.498     >16.498  99.990         -78.39       135.74   -0.176       0.305       
2458656.70092  2458656.70663  2019-06-22.2009309  coadd_bG089252 1.59 -1.83 17.736     >17.736  99.990          -1.73        49.87   -0.003       0.097       
2458657.74788  2458657.75358  2019-06-23.2478776  coadd_bG089730 1.43 -1.83 18.506     >18.506  99.990         -79.96        24.54   -0.156       0.048       
2458658.88623  2458658.89193  2019-06-24.3862293  coadd_bs168068 1.40 -2.01 18.465     >18.465  99.990          13.20        21.45   0.031        0.050       
2458660.96359  2458660.96929  2019-06-26.4635876  coadd_bC049534 1.63 -1.65 18.653     >18.653  99.990          19.50        25.12   0.032        0.042       
2458662.53035  2458662.53604  2019-06-28.03035  coadd_bk230999 1.63 -1.98 19.194     >19.194  99.990          -3.72        11.33   -0.008       0.025       
2458662.87864  2458662.88433  2019-06-28.3786442  coadd_bC049780 1.42 -1.65 19.532     >19.532  99.990          13.61        11.18   0.023        0.019       
2458666.83361  2458666.83924  2019-07-02.3336101  coadd_bG091056 1.61 -1.83 19.030     >19.030  99.990           2.23        15.15   0.004        0.030       
2458667.70773  2458667.71336  2019-07-03.2077333  coadd_bs168991 1.45 -2.01 19.035     >19.035  99.990         -23.30        12.69   -0.054       0.029       
2458668.71176  2458668.71737  2019-07-04.2117641  coadd_bG091798 1.56 -1.83 19.201     >19.201  99.990           1.31        12.94   0.003        0.025       
2458669.75984  2458669.76543  2019-07-05.2598483  coadd_bk232564 1.44 -1.98 19.116     >19.116  99.990           5.94        12.17   0.013        0.027       
2458670.49145  2458670.49702  2019-07-05.9914506  coadd_bk232803 1.49 -1.98 19.081     >19.081  99.990          26.34        12.57   0.059        0.028       
2458670.91572  2458670.92128  2019-07-06.4157143  coadd_bC051353 1.57 -1.65 19.429     >19.429  99.990         -13.49        12.29   -0.022       0.020       
2458671.94161  2458671.94715  2019-07-07.4416127  coadd_bC051730 1.42 -1.65 19.589     >19.589  99.990         -10.23        10.61   -0.017       0.018       
2458673.43568  2458673.44118  2019-07-08.9356788  coadd_bo148384 1.60 -1.86 19.379     >19.379  99.990           4.95        10.70   0.010        0.021       
2458674.53878  2458674.54425  2019-07-10.0387798  coadd_bG093796 1.44 -1.83 18.716     >18.716  99.990         -29.69        20.22   -0.058       0.039       
2458675.63324  2458675.63868  2019-07-11.1332379  coadd_bG094292 1.47 -1.83 18.645     >18.645  99.990           3.07        21.59   0.006        0.042       
2458682.72562  2458682.73082  2019-07-18.2256170  coadd_bG097067 1.56 -1.83 17.882     >17.882  99.990         118.86        43.57   0.232        0.085       
2458683.59728  2458683.60245  2019-07-19.0972934  coadd_bk237894 1.44 -1.98 18.114     >18.114  99.990         -92.02        30.61   -0.207       0.069       
2458685.89366  2458685.89873  2019-07-21.3936635  coadd_bC055422 2.09 -1.65 18.325     >18.325  99.990          18.13        34.00   0.030        0.057       
2458689.76945  2458689.77434  2019-07-25.2694560  coadd_bs174181 1.48 -2.01 19.122     >19.122  99.990         -30.90        11.71   -0.072       0.027       
2458690.65702  2458690.66186  2019-07-26.1570204  coadd_bG099551 1.56 -1.83 18.822     >18.822  99.990         -52.35        18.34   -0.102       0.036       
2458691.24158  2458691.24639  2019-07-26.7415862  coadd_bo152685 1.43 -1.86 19.337     >19.337  99.990          14.77        11.11   0.030        0.022       
2458692.58485  2458692.58960  2019-07-28.0848604  coadd_bk240795 1.69 -1.98 19.039     >19.039  99.990          35.97        13.06   0.081        0.029       
2458692.88474  2458692.88947  2019-07-28.3847394  coadd_bC057304 1.41 -1.65 19.434     >19.434  99.990          -4.24        12.24   -0.007       0.020       
2458693.72688  2458693.73156  2019-07-29.2268842  coadd_bG100762 1.57 -1.83 18.060     >18.060  99.990         -53.56        37.01   -0.105       0.072       
2458694.72818  2458694.73280  2019-07-30.2281805  coadd_bk241753 1.43 -1.98 19.072      18.761  0.273           50.65        12.67   0.114        0.028       
2458695.75169  2458695.75626  2019-07-31.2516914  coadd_bs175836 1.42 -2.01 18.716     >18.716  99.990          26.42        17.01   0.061        0.039       
2458695.76416  2458695.76873  2019-07-31.2641656  coadd_bk242221 1.49 -1.98 18.720     >18.720  99.990         -17.32        17.53   -0.039       0.039       
2458696.81609  2458696.82059  2019-08-01.3160857  coadd_bC058134 1.50 -1.65 19.648     >19.648  99.990          26.75        10.05   0.045        0.017       
2458697.62758  2458697.63204  2019-08-02.1275843  coadd_bG102247 1.43 -1.83 18.879     >18.879  99.990         -38.10        17.40   -0.074       0.034       
2458698.37241  2458698.37682  2019-08-02.8724084  coadd_bo154312 1.49 -1.86 19.496     >19.496  99.990          -6.48         9.60   -0.013       0.019       
2458699.28684  2458699.29119  2019-08-03.7868413  coadd_bo154635 1.52 -1.86 18.946     >18.946  99.990          42.12        15.93   0.084        0.032       
2458699.85555  2458699.85987  2019-08-04.3555548  coadd_bC058633 1.41 -1.65 19.479     >19.479  99.990           0.62        11.74   0.001        0.020       
2458700.73466  2458700.73892  2019-08-05.2346703  coadd_bs176921 1.45 -2.01 18.963     >18.963  99.990           7.84        13.56   0.018        0.031       
2458703.69007  2458703.69414  2019-08-08.1900739  coadd_bs177834 1.51 -2.01 17.889     >17.889  99.990          -2.07        36.47   -0.005       0.085       
2458704.48027  2458704.48429  2019-08-08.9802716  coadd_bk245805 1.44 -1.98 18.058     >18.058  99.990        -105.45        32.24   -0.237       0.072       
2458708.74652  2458708.75024  2019-08-13.2465327  coadd_bs179052 1.60 -2.01 17.158     >17.158  99.990        -125.87        71.49   -0.292       0.166       
2458711.47900  2458711.48251  2019-08-15.9790002  coadd_bk248575 1.48 -1.98 17.226     >17.226  99.990         -34.63        69.39   -0.078       0.156       
2458711.73948  2458711.74297  2019-08-16.2394776  coadd_bs179714 1.49 -2.01 17.101     >17.101  99.990        -137.80        75.37   -0.320       0.175       
2458712.40113  2458712.40457  2019-08-16.9011295  coadd_bo157892 1.43 -1.86 17.538     >17.538  99.990         125.49        58.30   0.252        0.117       
2458713.28085  2458713.28422  2019-08-17.7808511  coadd_bo158219 1.51 -1.86 18.086     >18.086  99.990         -28.83        35.19   -0.058       0.071       
2458713.79963  2458713.80296  2019-08-18.2996258  coadd_bC062738 1.52 -1.65 18.758     >18.758  99.990         -73.93        22.81   -0.123       0.038       
2458714.80648  2458714.80974  2019-08-19.3064813  coadd_bC062884 1.41 -1.65 19.353     >19.353  99.990           4.54        13.19   0.008        0.022       
2458715.41354  2458715.41674  2019-08-19.9135457  coadd_bo158910 1.41 -1.86 18.462     >18.462  99.990         -45.36        24.89   -0.091       0.050       
2458715.79043  2458715.79360  2019-08-20.2904278  coadd_bC062413 1.48 -1.65 19.454     >19.454  99.990         -15.80        12.01   -0.026       0.020       
2458716.38171  2458716.38484  2019-08-20.8817076  coadd_bo159308 1.45 -1.86 18.877     >18.877  99.990         -11.32        16.99   -0.023       0.034       
2458716.57004  2458716.57315  2019-08-21.0700437  coadd_bk250806 1.72 -1.98 19.213     >19.213  99.990         -11.51        11.13   -0.026       0.025       
2458717.71207  2458717.71509  2019-08-22.2120667  coadd_bs180676 1.46 -2.01 18.906     >18.906  99.990          23.79        14.28   0.055        0.033       
2458718.30634  2458718.30932  2019-08-22.8063516  coadd_bo159953 1.43 -1.86 18.950     >18.950  99.990         -21.51        15.87   -0.043       0.032       
2458719.66720  2458719.67007  2019-08-24.1672055  coadd_bk252184 1.47 -1.98 19.036     >19.036  99.990          24.90        13.10   0.056        0.029       
2458720.72181  2458720.72458  2019-08-25.2218159  coadd_bs181630 1.39 -2.01 19.035     >19.035  99.990          21.90        12.68   0.051        0.029       
2458721.65644  2458721.65913  2019-08-26.1564491  coadd_bG111671 1.42 -1.83 19.073     >19.073  99.990         -30.15        14.56   -0.059       0.028       
2458722.67971  2458722.68232  2019-08-27.1797160  coadd_bs182338 1.49 -2.01 19.183     >19.183  99.990          -7.07        11.07   -0.016       0.026       
2458724.76425  2458724.76668  2019-08-29.2642503  coadd_bC066389 1.37 -1.65 19.284     >19.284  99.990           3.16        14.05   0.005        0.023       
2458725.79172  2458725.79406  2019-08-30.2917211  coadd_bC066798 1.47 -1.65 17.984     >17.984  99.990         -96.61        46.54   -0.161       0.078       
2458726.77080  2458726.77305  2019-08-31.2708046  coadd_bC067142 1.39 -1.65 19.234     >19.234  99.990           4.68        14.72   0.008        0.025       
2458727.28328  2458727.28548  2019-08-31.7832799  coadd_bo162180 1.46 -1.86 19.165     >19.165  99.990         -25.22        13.02   -0.051       0.026       
2458727.77239  2458727.77455  2019-09-01.2723902  coadd_bC067487 1.44 -1.65 19.168     >19.168  99.990         -66.99        15.64   -0.112       0.026       
2458728.37354  2458728.37565  2019-09-01.8735394  coadd_bo162678 1.50 -1.86 19.264     >19.264  99.990         -10.33        11.89   -0.021       0.024       
2458729.34629  2458729.34832  2019-09-02.8462956  coadd_bo163077 1.49 -1.86 19.182     >19.182  99.990          -7.08        12.83   -0.014       0.026       
2458729.77619  2458729.77817  2019-09-03.2761872  coadd_bC067940 1.47 -1.65 19.247     >19.247  99.990          28.00        14.54   0.047        0.024       
2458730.27508  2458730.27702  2019-09-03.7750843  coadd_bo163455 1.50 -1.86 18.964     >18.964  99.990          17.57        15.67   0.035        0.031       
2458730.76062  2458730.76251  2019-09-04.2606289  coadd_bC068115 1.41 -1.65 19.131     >19.131  99.990         -26.97        16.18   -0.045       0.027       
2458737.68334  2458737.68460  2019-09-11.1833420  coadd_bs186015 1.90 -2.01 15.992     >15.992  99.990        -758.49       209.17   -1.760       0.485       
2458741.58387  2458741.58475  2019-09-15.0838708  coadd_bG118087 1.43 -1.83 18.314     >18.314  99.990          45.22        29.29   0.088        0.057       
2458742.34490  2458742.34572  2019-09-15.8449122  coadd_bo166084 1.50 -1.86 17.490     >17.490  99.990         180.92        60.94   0.363        0.122       
2458743.33600  2458743.33672  2019-09-16.8360006  coadd_bo166486 1.51 -1.86 18.037     >18.037  99.990         -59.53        36.81   -0.119       0.074       
2458744.30335  2458744.30398  2019-09-17.8033590  coadd_bo166871 1.41 -1.86 19.180     >19.180  99.990          -9.60        12.84   -0.019       0.026       
2458744.71955  2458744.72014  2019-09-18.2195585  coadd_bC071855 2.04 -1.65 18.726     >18.726  99.990          36.52        23.50   0.061        0.039       
2458746.56211  2458746.56252  2019-09-20.0621119  coadd_bk261742 1.47 -1.98 18.942     >18.942  99.990           0.30        14.29   0.001        0.032       
2458746.71430  2458746.71469  2019-09-20.2142974  coadd_bC072671 1.64 -1.65 17.682     >17.682  99.990         -39.29        61.46   -0.065       0.102       
2458750.32508  2458750.32512  2019-09-23.8250807  coadd_bo168279 1.52 -1.86 18.677     >18.677  99.990          -2.98        20.41   -0.006       0.041       
2458750.64743  2458750.64744  2019-09-24.1474266  coadd_bs186508 1.44 -2.01 17.164     >17.164  99.990          -7.30        71.08   -0.017       0.165       
2458751.53902  2458751.53895  2019-09-25.0390281  coadd_bk263697 1.44 -1.98 18.634      18.337  0.277           74.83        18.97   0.168        0.043       
2458752.31877  2458752.31862  2019-09-25.8187739  coadd_bo168740 1.61 -1.86 18.807     >18.807  99.990         -45.78        18.11   -0.092       0.036       
2458752.64219  2458752.64201  2019-09-26.1421967  coadd_bs187173 1.46 -2.01 18.987     >18.987  99.990         -20.73        13.27   -0.048       0.031       
2458753.31899  2458753.31875  2019-09-26.8189880  coadd_bo169129 1.42 -1.86 18.915     >18.915  99.990          12.51        16.40   0.025        0.033       
2458753.63669  2458753.63642  2019-09-27.1366910  coadd_bs187572 1.44 -2.01 19.041      18.829  0.300           46.01        12.62   0.107        0.029       
2458754.30791  2458754.30757  2019-09-27.8079059  coadd_bo169503 1.37 -1.86 18.832     >18.832  99.990         -25.05        17.70   -0.050       0.035       
2458754.63681  2458754.63644  2019-09-28.1368185  coadd_bs187974 1.41 -2.01 19.157     >19.157  99.990           1.36        11.34   0.003        0.026       
2458755.54275  2458755.54230  2019-09-29.0427546  coadd_bG123358 1.44 -1.83 18.841     >18.841  99.990         -50.19        18.02   -0.098       0.035       
2458756.56246  2458756.56190  2019-09-30.0624574  coadd_bk265698 1.41 -1.98 18.898     >18.898  99.990         -20.71        14.88   -0.046       0.033       
2458757.66579  2458757.66513  2019-10-01.1657921  coadd_bs188913 1.77 -2.01 18.008     >18.008  99.990          15.33        32.68   0.036        0.076       
2458758.62883  2458758.62808  2019-10-02.1288417  coadd_bs189142 1.52 -2.01 18.895     >18.895  99.990          16.77        14.44   0.039        0.034       
2458763.27607  2458763.27488  2019-10-06.7760768  coadd_bo171662 1.40 -1.86 18.220     >18.220  99.990           6.50        31.10   0.013        0.062       
2458763.58815  2458763.58693  2019-10-07.0881641  coadd_bs190286 1.46 -2.01 17.900     >17.900  99.990         -54.08        36.10   -0.125       0.084       
2458764.59098  2458764.58967  2019-10-08.0909875  coadd_bs190436 1.62 -2.01 17.907     >17.907  99.990          63.67        35.87   0.148        0.083       
2458766.51510  2458766.51361  2019-10-10.0151090  coadd_bk268862 1.50 -1.98 17.885     >17.885  99.990        -113.55        37.81   -0.255       0.085       
2458767.65332  2458767.65172  2019-10-11.1533344  coadd_bs191616 1.44 -2.01 16.949     >16.949  99.990          40.55        86.66   0.094        0.201       
2458768.51395  2458768.51227  2019-10-12.0139520  coadd_bG127493 1.54 -1.83 17.785     >17.785  99.990         -36.90        47.67   -0.072       0.093       
2458772.49576  2458772.49372  2019-10-15.9957690  coadd_bk270987 1.49 -1.98 17.751     >17.751  99.990          39.41        42.80   0.088        0.096       
2458772.53951  2458772.53746  2019-10-16.0395113  coadd_bG128692 1.49 -1.83 17.947     >17.947  99.990         -35.87        41.04   -0.070       0.080       
2458773.49276  2458773.49063  2019-10-16.9927585  coadd_bG129016 1.61 -1.83 18.174     >18.174  99.990         -64.55        33.30   -0.126       0.065       
2458773.54494  2458773.54280  2019-10-17.0449386  coadd_bk271401 1.48 -1.98 18.807     >18.807  99.990         -33.69        16.18   -0.076       0.036       
2458774.48959  2458774.48738  2019-10-17.9895943  coadd_bG129377 2.20 -1.83 17.701     >17.701  99.990          13.79        51.49   0.027        0.101       
2458774.53759  2458774.53537  2019-10-18.0375923  coadd_bk271769 1.43 -1.98 18.824     >18.824  99.990         -34.14        15.92   -0.077       0.036       
2458775.54814  2458775.54583  2019-10-19.0481417  coadd_bG129751 1.48 -1.83 18.633     >18.633  99.990         -57.11        21.82   -0.112       0.043       
2458776.49916  2458776.49676  2019-10-19.9991612  coadd_bk272441 2.24 -1.98 18.541     >18.541  99.990          30.17        20.68   0.068        0.046       
2458777.54346  2458777.54098  2019-10-21.0434699  coadd_bG130378 1.58 -1.83 18.762     >18.762  99.990          10.66        19.39   0.021        0.038       
2458780.54954  2458780.54680  2019-10-24.0495457  coadd_bs195655 2.24 -2.01 18.688     >18.688  99.990          -8.05        17.47   -0.019       0.041       
2458782.54449  2458782.54158  2019-10-26.0444988  coadd_bs196122 2.37 -2.01 17.362     >17.362  99.990          75.92        59.26   0.176        0.137       
2458899.86503  2458899.86227  2020-02-20.3650299  coadd_bk309597 1.42 -1.98 18.075     >18.075  99.990         -67.47        31.74   -0.151       0.071       
2458900.86611  2458900.86344  2020-02-21.3661140  coadd_bG164931 1.44 -1.83 18.295     >18.295  99.990          69.83        29.81   0.136        0.058       
2458903.51546  2458903.51302  2020-02-24.3569258  coadd_bG165707 1.44 -1.83 18.432     >18.432  99.990          43.78        26.28   0.086        0.051       
2458904.85112  2458904.84879  2020-02-25.3511174  coadd_bk311124 1.44 -1.98 18.695     >18.695  99.990          -1.02        17.94   -0.002       0.040       
2458905.85144  2458905.84920  2020-02-26.3514414  coadd_bG166427 1.43 -1.83 18.367     >18.367  99.990          17.26        27.89   0.034        0.054       
2458906.85061  2458906.84846  2020-02-27.3506100  coadd_bG166746 1.43 -1.83 18.429     >18.429  99.990         -22.33        26.34   -0.044       0.051       
2458907.86045  2458907.85839  2020-02-28.3604552  coadd_bk312214 1.49 -1.98 18.767     >18.767  99.990         -25.12        16.78   -0.056       0.038       
2458909.84066  2458909.83877  2020-03-01.3406640  coadd_bG167796 1.42 -1.83 18.558     >18.558  99.990         -61.00        23.40   -0.119       0.046       
2458910.83597  2458910.83418  2020-03-02.3359663  coadd_bG168161 1.45 -1.83 18.475     >18.475  99.990          14.73        25.25   0.029        0.049       
2458911.83482  2458911.83312  2020-03-03.3348189  coadd_bG168510 1.46 -1.83 18.767     >18.767  99.990         -35.33        19.29   -0.069       0.038       
2458912.83134  2458912.82974  2020-03-04.3313447  coadd_bG168863 1.43 -1.83 18.266     >18.266  99.990          -2.78        30.59   -0.005       0.060       
2458913.88812  2458913.88661  2020-03-05.3881162  coadd_bG169248 1.42 -1.83 18.774     >18.774  99.990         -26.88        19.17   -0.053       0.037       
2458915.82763  2458915.82630  2020-03-07.3276328  coadd_bG169917 1.49 -1.83 18.254     >18.254  99.990          60.60        30.94   0.118        0.060       
2458916.87754  2458916.87631  2020-03-08.3775336  coadd_bk315525 1.56 -1.98 18.492     >18.492  99.990          32.27        21.63   0.072        0.049       
2458920.81176  2458920.81091  2020-03-12.3117628  coadd_bG171705 1.47 -1.83 17.341     >17.341  99.990        -276.77        71.75   -0.541       0.140       
2458921.81375  2458921.81299  2020-03-13.3137454  coadd_bk317355 1.35 -1.98 17.664     >17.664  99.990          59.45        46.35   0.133        0.104       
2458926.93773  2458926.93747  2020-03-18.4377311  coadd_bs238802 1.74 -2.01 18.066     >18.066  99.990         -37.53        30.97   -0.087       0.072       
2458928.54455  2458928.54444  2020-03-20.0445511  coadd_bo207921 1.63 -1.86 18.710     >18.710  99.990         -35.04        19.81   -0.070       0.040       
2458929.57654  2458929.57653  2020-03-21.0765351  coadd_bo208331 1.62 -1.86 19.102     >19.102  99.990         -16.87        13.81   -0.034       0.028       
2458931.52952  2458931.52971  2020-03-23.0295212  coadd_bo209034 1.48 -1.86 19.017     >19.017  99.990           4.64        14.92   0.009        0.030       
2458933.52739  2458933.52777  2020-03-25.0273991  coadd_bo209705 1.39 -1.86 18.972     >18.972  99.990          -7.01        15.56   -0.014       0.031       
2458943.12032  2458943.12161  2020-04-03.6203221  coadd_bC119151 1.39 -1.65 18.853     >18.853  99.990         -40.53        20.90   -0.067       0.035       
2458948.01771  2458948.01946  2020-04-08.5177122  coadd_bC119855 1.54 -1.65 17.721     >17.721  99.990          78.64        59.29   0.131        0.099       
2458954.88299  2458954.88536  2020-04-15.3829937  coadd_bs240768 1.43 -2.01 18.674     >18.674  99.990          10.41        17.69   0.024        0.041       
2458956.86897  2458956.87152  2020-04-17.3689703  coadd_bs241373 1.53 -2.01 17.905     >17.905  99.990         -35.32        35.94   -0.082       0.083       
2458958.95188  2458958.95460  2020-04-19.4518829  coadd_bC122291 1.48 -1.65 19.248     >19.248  99.990          14.45        14.52   0.024        0.024       
2458960.85916  2458960.86205  2020-04-21.3591622  coadd_bs242470 1.50 -2.01 18.819     >18.819  99.990          41.86        15.48   0.097        0.036       
2458964.97707  2458964.98029  2020-04-25.4770704  coadd_bC124439 1.73 -1.65 18.805     >18.805  99.990          59.42        21.86   0.099        0.036       
2458967.02550  2458967.02889  2020-04-27.5255114  coadd_bC125228 1.42 -1.65 19.000     >19.000  99.990           7.93        18.26   0.013        0.030       
2458968.99024  2458968.99377  2020-04-29.4902363  coadd_bC125937 1.62 -1.65 19.224     >19.224  99.990          12.42        14.86   0.021        0.025       
2458973.02862  2458973.03245  2020-05-03.5286202  coadd_bC127398 1.43 -1.65 18.692     >18.692  99.990         -39.50        24.25   -0.066       0.040       
2458975.02702  2458975.03099  2020-05-05.5270166  coadd_bC128056 1.46 -1.65 18.472     >18.472  99.990         -15.18        29.70   -0.025       0.049       
2458981.89703  2458981.90145  2020-05-12.3970302  coadd_bC128377 1.36 -1.65 18.914     >18.914  99.990           7.88        19.76   0.013        0.033       
2458983.95720  2458983.96174  2020-05-14.4571971  coadd_bC129136 1.43 -1.65 19.399     >19.399  99.990          24.96        12.64   0.042        0.021       
2458986.05347  2458986.05813  2020-05-16.5534736  coadd_bC129870 1.44 -1.65 19.184     >19.184  99.990          -5.90        15.41   -0.010       0.026       
2458988.91728  2458988.92210  2020-05-19.4172828  coadd_bC130757 1.51 -1.65 19.214     >19.214  99.990          14.35        14.99   0.024        0.025       
2458994.86012  2458994.86522  2020-05-25.3601209  coadd_bC132462 1.52 -1.65 19.406     >19.406  99.990         -18.87        12.56   -0.031       0.021       
2458996.82876  2458996.83394  2020-05-27.3287560  coadd_bs251181 1.42 -2.01 19.157     >19.157  99.990          -2.26        11.34   -0.005       0.026       
2458999.02051  2458999.02578  2020-05-29.5205141  coadd_bC133705 1.57 -1.65 19.575     >19.575  99.990          -4.89        10.75   -0.008       0.018       
2459001.97758  2459001.98295  2020-06-01.4775847  coadd_bC134567 2.37 -1.65 18.729     >18.729  99.990         -35.02        23.43   -0.058       0.039       
2459002.79681  2459002.80220  2020-06-02.2968086  coadd_bs252884 1.49 -2.01 18.187     >18.187  99.990         -31.63        27.72   -0.073       0.064       
2459003.95177  2459003.95720  2020-06-03.4517728  coadd_bs253264 1.59 -2.01 17.743     >17.743  99.990         -21.32        41.69   -0.049       0.097       
2459009.38584  2459009.39141  2020-06-08.8858442  coadd_bo220536 1.39 -1.86 17.750     >17.750  99.990        -152.71        47.97   -0.306       0.096       
2459010.86769  2459010.87329  2020-06-10.3676879  coadd_bs255025 1.47 -2.01 18.616     >18.616  99.990         -20.60        18.66   -0.048       0.043       
2459012.93236  2459012.93799  2020-06-12.4323570  coadd_bC138039 1.74 -1.65 19.240     >19.240  99.990         -51.78        14.64   -0.086       0.024       
2459014.95793  2459014.96359  2020-06-14.4579299  coadd_bC138747 1.54 -1.65 19.098     >19.098  99.990         -12.33        16.69   -0.021       0.028       
2459016.98158  2459016.98726  2020-06-16.4815826  coadd_bC139414 1.52 -1.65 19.294     >19.294  99.990          -8.60        13.93   -0.014       0.023       
2459019.71736  2459019.72306  2020-06-19.2173553  coadd_bs257056 1.48 -2.01 19.204     >19.204  99.990           9.85        10.86   0.023        0.025       
2459020.26532  2459020.27103  2020-06-19.7653289  coadd_bo223236 1.45 -1.86 18.839     >18.839  99.990         -48.21        17.59   -0.097       0.035       
2459022.97693  2459022.98264  2020-06-22.4769371  coadd_bC141232 1.75 -1.65 18.787     >18.787  99.990          45.15        22.21   0.075        0.037       
2459023.94296  2459023.94867  2020-06-23.4429578  coadd_bC141544 1.47 -1.65 19.405     >19.405  99.990          -3.03        12.58   -0.005       0.021       
2459025.69956  2459025.70526  2020-06-25.1995599  coadd_bs258399 1.63 -2.01 19.040     >19.040  99.990          17.03        12.63   0.040        0.029       
2459029.83052  2459029.83619  2020-06-29.3305226  coadd_bC142916 1.49 -1.65 18.665     >18.665  99.990          37.29        24.86   0.062        0.041       
2459031.89064  2459031.89628  2020-07-01.3906394  coadd_bC143608 1.66 -1.65 17.826     >17.826  99.990         -16.02        53.81   -0.027       0.090       
2459032.94619  2459032.95182  2020-07-02.4461973  coadd_bC143974 1.55 -1.65 18.275     >18.275  99.990          18.90        35.61   0.031        0.059       
2459037.75396  2459037.75948  2020-07-07.2539614  coadd_bC145335 2.47 -1.65 18.306     >18.306  99.990          15.95        34.59   0.027        0.058       
2459039.91450  2459039.91997  2020-07-09.4144951  coadd_bC146127 1.54 -1.65 18.585     >18.585  99.990          25.54        26.75   0.043        0.045       
2459040.77570  2459040.78114  2020-07-10.2756965  coadd_bs261156 1.43 -2.01 18.368     >18.368  99.990          -7.19        23.46   -0.017       0.054       
2459041.85787  2459041.86329  2020-07-11.3578701  coadd_bs261497 1.47 -2.01 18.253     >18.253  99.990          16.32        26.08   0.038        0.061       
2459042.79083  2459042.79621  2020-07-12.2908276  coadd_bs261754 1.47 -2.01 19.078     >19.078  99.990         -30.48        12.19   -0.071       0.028       
2459044.82132  2459044.82664  2020-07-14.3213238  coadd_bC147794 1.71 -1.65 19.638     >19.638  99.990           6.16        10.15   0.010        0.017       
2459045.75482  2459045.76011  2020-07-15.2548276  coadd_bs262564 1.51 -2.01 19.040      18.768  0.284           48.68        12.63   0.113        0.029       
2459048.87235  2459048.87752  2020-07-18.3723525  coadd_bC148805 1.43 -1.65 19.364     >19.364  99.990          -2.73        13.06   -0.005       0.022       
2459053.89225  2459053.89719  2020-07-23.3922543  coadd_bC150321 1.41 -1.65 19.303     >19.303  99.990         -13.50        13.82   -0.022       0.023       
2459058.79253  2459058.79722  2020-07-28.2925276  coadd_bC151153 1.57 -1.65 18.841     >18.841  99.990         -10.29        21.14   -0.017       0.035       
2459059.74646  2459059.75109  2020-07-29.2464638  coadd_bs265161 1.49 -2.01 18.144     >18.144  99.990          38.74        28.82   0.090        0.067       
2459065.25615  2459065.26046  2020-08-03.7561468  coadd_bo235357 1.73 -1.86 17.005     >17.005  99.990        -321.39        95.23   -0.644       0.191       
2459066.23395  2459066.23820  2020-08-04.7339504  coadd_bo235557 1.68 -1.86 17.816     >17.816  99.990         112.94        45.13   0.226        0.090       
2459068.20884  2459068.21296  2020-08-06.7088395  coadd_bo235661 1.46 -1.86 18.328     >18.328  99.990          21.38        28.15   0.043        0.056       
2459069.82283  2459069.82684  2020-08-08.3228276  coadd_bC154475 1.58 -1.65 19.148     >19.148  99.990          16.97        15.93   0.028        0.027       
2459070.77206  2459070.77600  2020-08-09.2720593  coadd_bs268575 1.40 -2.01 18.399     >18.399  99.990          45.56        22.79   0.106        0.053       
2459073.78053  2459073.78427  2020-08-12.2805334  coadd_bC155801 1.41 -1.65 19.393     >19.393  99.990           0.73        12.71   0.001        0.021       
2459074.75191  2459074.75557  2020-08-13.2519104  coadd_bs269719 1.50 -2.01 18.965     >18.965  99.990         -11.26        13.54   -0.026       0.031       
2459075.74268  2459075.74627  2020-08-14.2426787  coadd_bs270062 1.51 -2.01 19.261     >19.261  99.990           9.43        10.31   0.022        0.024       
2459078.81542  2459078.81877  2020-08-17.3154194  coadd_bC157294 1.78 -1.65 19.306     >19.306  99.990         -44.06        13.77   -0.073       0.023       
2459079.73700  2459079.74028  2020-08-18.2370092  coadd_bs270691 1.42 -2.01 17.843     >17.843  99.990          -1.44        38.02   -0.003       0.088       
2459083.77455  2459083.77751  2020-08-22.2745483  coadd_bC158802 1.57 -1.65 19.441     >19.441  99.990          18.00        12.16   0.030        0.020       
2459084.73543  2459084.73831  2020-08-23.2354313  coadd_bs272292 1.46 -2.01 19.078     >19.078  99.990         -27.22        12.20   -0.063       0.028       
2459085.70471  2459085.70750  2020-08-24.2047128  coadd_bs272621 1.47 -2.01 18.362     >18.362  99.990          60.43        23.59   0.140        0.055       
2459086.71885  2459086.72156  2020-08-25.2188526  coadd_bs273003 1.46 -2.01 18.802     >18.802  99.990          -3.49        15.72   -0.008       0.036       
2459095.75549  2459095.75741  2020-09-03.2554906  coadd_bC163256 1.45 -1.65 18.403     >18.403  99.990         -21.25        31.64   -0.035       0.053       
2459097.76929  2459097.77103  2020-09-05.2692935  coadd_bC164075 1.38 -1.65 19.307     >19.307  99.990           2.82        13.76   0.005        0.023       
2459100.75588  2459100.75734  2020-09-08.2558784  coadd_bC165110 1.49 -1.65 19.650     >19.650  99.990         -12.40        10.03   -0.021       0.017       
2459102.75446  2459102.75573  2020-09-10.2544623  coadd_bC165746 1.34 -1.65 19.354     >19.354  99.990          37.04        13.18   0.062        0.022       
2459106.74422  2459106.74511  2020-09-14.2442206  coadd_bC167242 1.44 -1.65 19.369     >19.369  99.990          -8.35        12.99   -0.014       0.022       
2459118.70984  2459118.70959  2020-09-26.2098542  coadd_bC170877 1.72 -1.65 17.931     >17.931  99.990          59.69        48.88   0.099        0.081       
2459122.62326  2459122.62263  2020-09-30.1232635  coadd_bs277287 2.06 -2.01 17.900     >17.900  99.990           2.32        36.08   0.005        0.084       
2459126.61223  2459126.61122  2020-10-04.1122300  coadd_bs278248 1.47 -2.01 17.880     >17.880  99.990         -12.99        36.76   -0.030       0.085       
2459129.60621  2459129.60492  2020-10-07.1062118  coadd_bs279391 1.51 -2.01 18.666     >18.666  99.990         -36.07        17.82   -0.084       0.041       
2459131.60049  2459131.59901  2020-10-09.1004868  coadd_bs280077 1.43 -2.01 18.798     >18.798  99.990         -27.02        15.79   -0.063       0.037       
2459138.57361  2459138.57150  2020-10-16.0736081  coadd_bs282532 1.47 -2.01 18.760      18.612  0.319           56.18        16.35   0.130        0.038       
2459145.54716  2459145.54445  2020-10-23.0471662  coadd_bs284936 2.41 -2.01 17.453     >17.453  99.990         -95.56        54.48   -0.222       0.126       
2459147.55580  2459147.55291  2020-10-25.0558035  coadd_bs285597 1.72 -2.01 18.206     >18.206  99.990         -55.72        27.23   -0.129       0.063       
2459249.88397  2459249.88004  2021-02-04.3839759  coadd_bG201767 1.45 -1.83 16.889     >16.889  99.990           7.67       108.82   0.015        0.213       
2459250.88305  2459250.87919  2021-02-05.3830593  coadd_bG202089 1.53 -1.83 17.190     >17.190  99.990         108.33        82.44   0.212        0.161       
2459255.61268  2459255.60916  2021-02-10.1126824  coadd_bo277449 1.48 -1.86 18.505     >18.505  99.990          39.56        23.93   0.079        0.048       
2459256.88068  2459256.87726  2021-02-11.3806930  coadd_bk353140 1.45 -1.98 18.302     >18.302  99.990         -58.53        25.77   -0.131       0.058       
2459259.15204  2459259.14879  2021-02-13.6520466  coadd_bC211268 1.84 -1.65 18.932     >18.932  99.990         -67.27        19.44   -0.112       0.032       
2459259.85761  2459259.85441  2021-02-14.3576082  coadd_bG205025 1.43 -1.83 18.386     >18.386  99.990         -99.03        27.41   -0.193       0.054       
2459260.85274  2459260.84963  2021-02-15.3527540  coadd_bk354513 1.42 -1.98 18.488     >18.488  99.990         -40.09        21.70   -0.090       0.049       
2459262.85902  2459262.85607  2021-02-17.3590202  coadd_bk355224 1.44 -1.98 18.332     >18.332  99.990          -9.33        25.05   -0.021       0.056       
2459263.86038  2459263.85752  2021-02-18.3603885  coadd_bG206358 1.44 -1.83 18.601     >18.601  99.990         -40.23        22.49   -0.079       0.044       
2459266.60160  2459266.59896  2021-02-21.1015986  coadd_bo280181 1.47 -1.86 18.584     >18.584  99.990          24.18        22.24   0.048        0.045       
2459267.60493  2459267.60238  2021-02-22.1049247  coadd_bo280511 1.58 -1.86 18.759     >18.759  99.990           5.03        18.93   0.010        0.038       
2459267.85483  2459267.85230  2021-02-22.3548350  coadd_bG207750 1.56 -1.83 18.613     >18.613  99.990         -13.69        22.23   -0.027       0.043       
2459268.84220  2459268.83976  2021-02-23.3421990  coadd_bk357395 1.47 -1.98 18.825     >18.825  99.990          -8.08        15.91   -0.018       0.036       
2459269.83648  2459269.83413  2021-02-24.3364847  coadd_bk357764 1.56 -1.98 18.636     >18.636  99.990         -14.34        18.95   -0.032       0.043       
2459272.59585  2459272.59375  2021-02-27.0958532  coadd_bo282024 1.57 -1.86 17.171     >17.171  99.990        -279.18        81.76   -0.560       0.164       
2459273.84213  2459273.84013  2021-02-28.3421346  coadd_bG209778 1.47 -1.83 17.422     >17.422  99.990          13.97        66.61   0.027        0.130       
2459274.82196  2459274.82005  2021-03-01.3219684  coadd_bk359533 1.45 -1.98 17.816     >17.816  99.990        -104.64        40.32   -0.235       0.091       
2459276.98939  2459276.98768  2021-03-03.4893978  coadd_bs326144 1.48 -2.01 17.991     >17.991  99.990          33.18        33.18   0.077        0.077       
2459277.82417  2459277.82254  2021-03-04.3241858  coadd_bk360609 1.68 -1.98 17.657     >17.657  99.990          36.50        46.65   0.082        0.105       
2459285.54373  2459285.54282  2021-03-12.0437304  coadd_bo284990 2.04 -1.86 18.717     >18.717  99.990         -48.28        19.68   -0.097       0.039       
2459287.79958  2459287.79890  2021-03-14.2995819  coadd_bk364134 1.50 -1.98 18.603     >18.603  99.990          54.94        19.51   0.123        0.044       
2459290.91435  2459290.91396  2021-03-17.4143476  coadd_bG215424 1.43 -1.83 16.573     >16.573  99.990        -118.55       145.55   -0.232       0.284       
2459292.06220  2459292.06192  2021-03-18.5621942  coadd_bC215974 1.65 -1.65 18.494     >18.494  99.990          55.27        29.11   0.092        0.048       
2459292.52858  2459292.52835  2021-03-19.0285763  coadd_bo286563 1.41 -1.86 18.771     >18.771  99.990          17.44        18.72   0.035        0.038       
2459294.86852  2459294.86852  2021-03-21.3685182  coadd_bG216653 1.38 -1.83 18.515     >18.515  99.990         -51.63        24.34   -0.101       0.048       
2459294.91227  2459294.91227  2021-03-21.4122690  coadd_bs331090 1.45 -2.01 18.771     >18.771  99.990         -37.58        16.18   -0.087       0.038       
2459295.50971  2459295.50977  2021-03-22.0097057  coadd_bo287307 1.63 -1.86 18.933     >18.933  99.990          10.49        16.12   0.021        0.032       
2459295.78109  2459295.78117  2021-03-22.2810853  coadd_bG216956 1.40 -1.83 19.427     >19.427  99.990         -25.41        10.51   -0.050       0.021       
2459296.03366  2459296.03377  2021-03-22.5336612  coadd_bC217023 1.56 -1.65 18.857     >18.857  99.990         -20.32        20.82   -0.034       0.035       
2459298.51310  2459298.51345  2021-03-25.0131021  coadd_bo288088 1.40 -1.86 17.862     >17.862  99.990           4.54        43.27   0.009        0.087       
2459299.59436  2459299.59481  2021-03-26.0943665  coadd_bo288538 1.43 -1.86 18.699     >18.699  99.990         -50.24        20.01   -0.101       0.040       
2459299.76837  2459299.76884  2021-03-26.2683813  coadd_bk368225 1.51 -1.98 17.799     >17.799  99.990         -82.75        40.93   -0.186       0.092       
2459301.84375  2459301.84442  2021-03-28.3437459  coadd_bk369061 1.41 -1.98 17.760     >17.760  99.990        -260.42        42.42   -0.585       0.095       
2459301.90826  2459301.90894  2021-03-28.4082640  coadd_bs332781 1.61 -2.01 17.282     >17.282  99.990        -126.95        63.80   -0.295       0.148       
2459302.64371  2459302.64446  2021-03-29.1437229  coadd_bo289153 1.41 -1.86 17.103     >17.103  99.990         -62.66        87.00   -0.126       0.174       
2459302.86169  2459302.86246  2021-03-29.3616936  coadd_bk369202 1.55 -1.98 17.397     >17.397  99.990          68.29        59.26   0.153        0.133       
2459302.89444  2459302.89521  2021-03-29.3944391  coadd_bs333112 1.55 -2.01 17.607     >17.607  99.990         -39.02        47.29   -0.091       0.110       
2459304.75988  2459304.76083  2021-03-31.2598811  coadd_bk369916 1.40 -1.98 17.049     >17.049  99.990          -9.71        81.66   -0.022       0.183       
2459305.77004  2459305.77109  2021-04-01.2700416  coadd_bk370317 1.51 -1.98 17.402     >17.402  99.990         171.36        59.02   0.385        0.132       
2459309.47529  2459309.47669  2021-04-04.9752879  coadd_bo291090 1.50 -1.86 18.815     >18.815  99.990         -31.11        17.98   -0.062       0.036       
2459309.75536  2459309.75679  2021-04-05.2553613  coadd_bk371836 1.48 -1.98 19.008     >19.008  99.990          22.17        13.45   0.050        0.030       
2459309.81447  2459309.81590  2021-04-05.3144682  coadd_bG221855 1.47 -1.83 18.454     >18.454  99.990          67.42        25.73   0.132        0.050       
2459309.96962  2459309.97107  2021-04-05.4696270  coadd_bs335200 1.48 -2.01 18.431     >18.431  99.990         -35.15        22.12   -0.082       0.051       
2459310.77009  2459310.77162  2021-04-06.2700943  coadd_bG222203 1.53 -1.83 18.785     >18.785  99.990          19.72        18.97   0.039        0.037       
2459312.07140  2459312.07304  2021-04-07.5714019  coadd_bC221267 1.65 -1.65 19.168     >19.168  99.990          28.04        15.64   0.047        0.026       
2459312.77631  2459312.77802  2021-04-08.2763134  coadd_bG222987 1.46 -1.83 18.905      18.743  0.314           59.13        17.00   0.115        0.033       
2459313.71467  2459313.71647  2021-04-09.2146773  coadd_bG223339 1.54 -1.83 18.717     >18.717  99.990         -27.79        20.20   -0.054       0.039       
2459314.51332  2459314.51518  2021-04-10.0133237  coadd_bo292940 1.46 -1.86 18.605     >18.605  99.990         -43.18        21.83   -0.087       0.044       
2459315.82389  2459315.82588  2021-04-11.3239005  coadd_bG224212 1.57 -1.83 19.098     >19.098  99.990           2.81        14.22   0.005        0.028       
2459315.86800  2459315.86999  2021-04-11.3680009  coadd_bs337119 1.41 -2.01 19.167     >19.167  99.990           8.11        11.23   0.019        0.026       
2459316.48420  2459316.48625  2021-04-11.9842057  coadd_bo293681 1.60 -1.86 18.789     >18.789  99.990         -18.89        18.41   -0.038       0.037       
2459316.70352  2459316.70559  2021-04-12.2035332  coadd_bk374665 1.49 -1.98 18.726     >18.726  99.990          -7.60        17.43   -0.017       0.039       
2459316.75726  2459316.75933  2021-04-12.2572560  coadd_bG224567 1.48 -1.83 19.424     >19.424  99.990          -9.32        10.54   -0.018       0.021       
2459316.89963  2459316.90171  2021-04-12.3996283  coadd_bs337519 1.44 -2.01 19.156     >19.156  99.990          28.88        11.35   0.067        0.026       
2459318.98292  2459318.98519  2021-04-14.4829194  coadd_bC223463 1.63 -1.65 19.410     >19.410  99.990           1.31        12.51   0.002        0.021       
2459321.06448  2459321.06694  2021-04-16.5644803  coadd_bC224272 1.56 -1.65 18.768     >18.768  99.990         -68.48        22.60   -0.114       0.038       
2459321.85421  2459321.85673  2021-04-17.3542135  coadd_bk376874 1.52 -1.98 19.152     >19.152  99.990          -2.05        11.77   -0.005       0.026       
2459322.56884  2459322.57143  2021-04-18.0688444  coadd_bo295946 1.43 -1.86 19.030     >19.030  99.990         -10.63        14.75   -0.021       0.030       
2459323.60488  2459323.60755  2021-04-19.1048839  coadd_bo296364 1.45 -1.86 18.357     >18.357  99.990         -78.09        27.43   -0.157       0.055       
2459323.70121  2459323.70389  2021-04-19.2012104  coadd_bG227288 1.48 -1.83 18.758     >18.758  99.990          17.92        19.45   0.035        0.038       
2459323.73318  2459323.73586  2021-04-19.2331790  coadd_bk377620 1.42 -1.98 18.769     >18.769  99.990          -8.87        16.75   -0.020       0.038       
2459323.96097  2459323.96367  2021-04-19.4609679  coadd_bC225361 1.42 -1.65 19.342     >19.342  99.990         -32.43        13.33   -0.054       0.022       
2459325.90099  2459325.90386  2021-04-21.4009928  coadd_bs339129 1.44 -2.01 19.085     >19.085  99.990         -59.04        12.11   -0.137       0.028       
2459326.80121  2459326.80416  2021-04-22.3012219  coadd_bk378682 1.42 -1.98 19.019     >19.019  99.990          -1.37        13.31   -0.003       0.030       
2459327.72479  2459327.72781  2021-04-23.2247918  coadd_bk378993 1.58 -1.98 17.941     >17.941  99.990          58.47        35.93   0.131        0.081       
2459328.55060  2459328.55369  2021-04-24.0506119  coadd_bo297800 1.43 -1.86 18.369     >18.369  99.990         -66.67        27.12   -0.134       0.054       
2459329.66181  2459329.66498  2021-04-25.1618076  coadd_bk379765 1.60 -1.98 18.038     >18.038  99.990           7.34        32.85   0.016        0.074       
2459329.84264  2459329.84583  2021-04-25.3426364  coadd_bs340327 1.54 -2.01 17.672     >17.672  99.990         -70.31        44.54   -0.163       0.103       
2459330.50164  2459330.50488  2021-04-26.0016480  coadd_bo298295 1.81 -1.86 16.315     >16.315  99.990        -210.66       179.87   -0.422       0.361       
2459330.66766  2459330.67092  2021-04-26.1676729  coadd_bG229459 1.49 -1.83 17.996     >17.996  99.990          13.01        39.26   0.025        0.077       
2459330.71695  2459330.72021  2021-04-26.2169525  coadd_bk380213 1.51 -1.98 17.602     >17.602  99.990         -23.85        49.08   -0.054       0.110       
2459336.77807  2459336.78179  2021-05-02.2780711  coadd_bk381979 1.75 -1.98 18.157     >18.157  99.990          60.64        29.44   0.136        0.066       
2459337.39802  2459337.40178  2021-05-02.8980188  coadd_bo299601 2.49 -1.86 18.825     >18.825  99.990         -17.34        17.82   -0.035       0.036       
2459337.65374  2459337.65753  2021-05-03.1537421  coadd_bG231519 1.55 -1.83 18.874     >18.874  99.990          48.68        17.49   0.095        0.034       
2459337.98101  2459337.98481  2021-05-03.4810163  coadd_bC229095 1.35 -1.65 18.806     >18.806  99.990         -42.90        21.82   -0.071       0.036       
2459340.67477  2459340.67877  2021-05-06.1747797  coadd_bG232513 1.46 -1.83 18.362     >18.362  99.990          -8.16        28.02   -0.016       0.055       
2459342.83068  2459342.83483  2021-05-08.3306855  coadd_bs342598 1.65 -2.01 18.955     >18.955  99.990           1.48        13.66   0.003        0.032       
2459343.84292  2459343.84713  2021-05-09.3429283  coadd_bs342806 1.76 -2.01 19.232     >19.232  99.990           2.10        10.58   0.005        0.025       
2459344.54064  2459344.54490  2021-05-10.0406405  coadd_bo301258 1.37 -1.86 19.009     >19.009  99.990           4.64        15.04   0.009        0.030       
2459344.77393  2459344.77820  2021-05-10.2739347  coadd_bk384360 1.43 -1.98 19.127     >19.127  99.990          -4.36        12.05   -0.010       0.027       
2459344.85425  2459344.85853  2021-05-10.3542615  coadd_bs343150 1.45 -2.01 18.916     >18.916  99.990         -22.48        14.16   -0.052       0.033       
2459344.89611  2459344.90039  2021-05-10.3961082  coadd_bC230646 1.44 -1.65 19.680     >19.680  99.990          -9.49         9.76   -0.016       0.016       
2459345.79912  2459345.80345  2021-05-11.2991179  coadd_bG233895 1.45 -1.83 18.512     >18.512  99.990         -68.30        24.41   -0.133       0.048       
2459346.83661  2459346.84101  2021-05-12.3366168  coadd_bk385227 1.48 -1.98 19.131     >19.131  99.990           3.48        12.00   0.008        0.027       
2459348.62448  2459348.62899  2021-05-14.1244776  coadd_bk385627 1.68 -1.98 19.275     >19.275  99.990          -7.94        10.52   -0.018       0.024       
2459350.83116  2459350.83580  2021-05-16.3311615  coadd_bG235566 1.40 -1.83 18.781     >18.781  99.990         -50.49        19.05   -0.099       0.037       
2459351.35598  2459351.36064  2021-05-16.8559776  coadd_bo302957 1.40 -1.86 19.379     >19.379  99.990          -7.32        10.70   -0.015       0.021       
2459351.61273  2459351.61741  2021-05-17.1127328  coadd_bG235816 1.74 -1.83 19.272     >19.272  99.990         -11.31        12.11   -0.022       0.024       
2459351.73206  2459351.73675  2021-05-17.2320651  coadd_bk386880 1.53 -1.98 18.967     >18.967  99.990           3.48        13.96   0.008        0.031       
2459351.75669  2459351.76137  2021-05-17.2566831  coadd_bs344154 1.50 -2.01 19.206     >19.206  99.990           5.88        10.84   0.014        0.025       
2459351.91143  2459351.91612  2021-05-17.4114290  coadd_bC233028 1.49 -1.65 19.466      19.297  0.312           41.64        11.89   0.069        0.020       
2459352.78824  2459352.79299  2021-05-18.2882442  coadd_bG236366 1.55 -1.83 18.478     >18.478  99.990         -22.23        25.17   -0.043       0.049       
2459353.90107  2459353.90587  2021-05-19.4010666  coadd_bs344913 1.71 -2.01 19.104     >19.104  99.990         -16.77        11.90   -0.039       0.028       
2459355.79398  2459355.79888  2021-05-21.2939936  coadd_bs345473 1.54 -2.01 18.358     >18.358  99.990           0.26        23.68   0.001        0.055       
2459357.34176  2459357.34673  2021-05-22.8417615  coadd_bo303920 1.57 -1.86 17.490     >17.490  99.990         120.96        60.93   0.243        0.122       
2459358.35489  2459358.35991  2021-05-23.8548927  coadd_bo304353 1.61 -1.86 18.093     >18.093  99.990         -43.03        34.95   -0.086       0.070       
2459358.58858  2459358.59361  2021-05-24.0885802  coadd_bG237892 1.49 -1.83 18.455     >18.455  99.990          30.82        25.72   0.060        0.050       
2459358.67054  2459358.67557  2021-05-24.1705439  coadd_bk388741 1.46 -1.98 17.877     >17.877  99.990          39.15        38.11   0.088        0.086       
2459358.98493  2459358.98998  2021-05-24.4849322  coadd_bC235558 1.47 -1.65 18.098      18.049  0.349          131.45        41.91   0.219        0.070       
2459364.62324  2459364.62852  2021-05-30.1232434  coadd_bk390911 1.77 -1.98 17.781     >17.781  99.990          63.23        41.64   0.142        0.093       
2459365.31820  2459365.32350  2021-05-30.8182024  coadd_bo305782 1.48 -1.86 18.348     >18.348  99.990         -51.73        27.63   -0.104       0.055       
2459365.57793  2459365.58324  2021-05-31.0779296  coadd_bG240382 1.36 -1.83 18.998     >18.998  99.990          40.05        15.59   0.078        0.030       
2459365.68431  2459365.68963  2021-05-31.1843134  coadd_bk391369 1.46 -1.98 18.719     >18.719  99.990          19.68        17.55   0.044        0.039       
2459365.95001  2459365.95534  2021-05-31.4500156  coadd_bC238099 1.44 -1.65 18.907     >18.907  99.990          12.95        19.89   0.022        0.033       
2459366.73397  2459366.73932  2021-06-01.2339674  coadd_bk391852 1.45 -1.98 18.603     >18.603  99.990          23.67        19.52   0.053        0.044       
2459368.70770  2459368.71312  2021-06-03.2077054  coadd_bG241758 1.63 -1.83 18.964     >18.964  99.990          28.39        16.09   0.055        0.031       
2459371.41122  2459371.41671  2021-06-05.9112196  coadd_bo307357 1.46 -1.86 19.213     >19.213  99.990           2.04        12.47   0.004        0.025       
2459371.83844  2459371.84394  2021-06-06.3384483  coadd_bs348499 1.45 -2.01 18.865     >18.865  99.990         -11.66        14.84   -0.027       0.034       
2459372.30666  2459372.31217  2021-06-06.8066667  coadd_bo307691 1.52 -1.86 19.140     >19.140  99.990          33.27        13.33   0.067        0.027       
2459372.55496  2459372.56048  2021-06-07.0549596  coadd_bG243258 1.56 -1.83 18.787     >18.787  99.990          11.48        18.94   0.022        0.037       
2459372.59692  2459372.60244  2021-06-07.0969204  coadd_bk394315 1.48 -1.98 19.423     >19.423  99.990          -2.73         9.18   -0.006       0.021       
2459372.74813  2459372.75366  2021-06-07.2481321  coadd_bs348608 1.48 -2.01 19.235     >19.235  99.990          12.14        10.55   0.028        0.024       
2459372.94530  2459372.95083  2021-06-07.4452978  coadd_bC240255 2.03 -1.65 19.592     >19.592  99.990           5.17        10.58   0.009        0.018       
2459375.36551  2459375.37109  2021-06-09.8655109  coadd_bo308146 1.45 -1.86 18.865     >18.865  99.990          24.37        17.18   0.049        0.034       
2459376.37207  2459376.37767  2021-06-10.8720755  coadd_bo308576 1.46 -1.86 18.956     >18.956  99.990          22.35        15.79   0.045        0.032       
2459377.87984  2459377.88547  2021-06-12.3798474  coadd_bs350189 1.46 -2.01 19.009     >19.009  99.990          -8.86        13.00   -0.021       0.030       
2459378.83106  2459378.83671  2021-06-13.3310687  coadd_bs350443 1.56 -2.01 18.695     >18.695  99.990         -36.03        17.36   -0.084       0.040       
2459379.28518  2459379.29083  2021-06-13.7851806  coadd_bo309483 1.53 -1.86 19.276     >19.276  99.990          18.47        11.76   0.037        0.024       
2459379.53271  2459379.53836  2021-06-14.0327085  coadd_bG246181 1.42 -1.83 19.349     >19.349  99.990          26.90        11.28   0.053        0.022       
2459379.62987  2459379.63552  2021-06-14.1298770  coadd_bk397415 1.51 -1.98 18.997     >18.997  99.990         -41.04        13.58   -0.092       0.030       
2459379.68676  2459379.69242  2021-06-14.1867642  coadd_bs350634 1.39 -2.01 19.425     >19.425  99.990          21.22         8.86   0.049        0.021       
2459379.80913  2459379.81478  2021-06-14.3091285  coadd_bC242602 1.40 -1.65 19.530     >19.530  99.990           5.88        11.21   0.010        0.019       
2459382.81769  2459382.82338  2021-06-17.3176896  coadd_bC243637 1.42 -1.65 19.447     >19.447  99.990          11.16        12.10   0.019        0.020       
2459384.71313  2459384.71883  2021-06-19.2131296  coadd_bk398888 1.49 -1.98 18.461     >18.461  99.990         -15.13        22.25   -0.034       0.050       
2459386.26263  2459386.26834  2021-06-20.7626311  coadd_bo310772 1.48 -1.86 17.924     >17.924  99.990         -28.33        40.84   -0.057       0.082       
2459386.51847  2459386.52418  2021-06-21.0184686  coadd_bG248394 1.38 -1.83 18.407     >18.407  99.990         -94.99        26.87   -0.186       0.052       
2459386.56161  2459386.56731  2021-06-21.0616130  coadd_bk399647 1.46 -1.98 18.703     >18.703  99.990         -20.18        17.80   -0.045       0.040       
2459386.66652  2459386.67223  2021-06-21.1665315  coadd_bs352538 1.55 -2.01 17.302     >17.302  99.990         -26.09        62.61   -0.061       0.145       
2459386.96963  2459386.97534  2021-06-21.4696300  coadd_bC245126 1.43 -1.65 18.188      18.017  0.312          135.39        38.57   0.225        0.064       
2459387.79316  2459387.79887  2021-06-22.2931652  coadd_bk400264 1.57 -1.98 17.738      17.724  0.361          131.58        43.31   0.295        0.097       
2459391.80007  2459391.80576  2021-06-26.3000689  coadd_bC246677 1.30 -1.65 18.030     >18.030  99.990        -176.34        44.62   -0.294       0.074       
2459393.49356  2459393.49924  2021-06-27.9935593  coadd_bk401929 1.45 -1.98 18.476     >18.476  99.990          16.77        21.94   0.038        0.049       
2459393.59883  2459393.60451  2021-06-28.0988281  coadd_bG250695 1.46 -1.83 18.415     >18.415  99.990        -119.42        26.69   -0.233       0.052       
2459393.88098  2459393.88666  2021-06-28.3809837  coadd_bC247440 1.45 -1.65 18.901     >18.901  99.990          35.85        19.99   0.060        0.033       
2459395.52855  2459395.53421  2021-06-30.0285567  coadd_bk402833 1.53 -1.98 18.981     >18.981  99.990          -8.28        13.78   -0.019       0.031       
2459397.64709  2459397.65272  2021-07-02.1470877  coadd_bG252388 1.49 -1.83 18.675     >18.675  99.990          46.89        21.00   0.092        0.041       
2459400.50156  2459400.50714  2021-07-05.0015670  coadd_bG253519 1.49 -1.83 18.713     >18.713  99.990          24.43        20.28   0.048        0.040       
2459400.54971  2459400.55529  2021-07-05.0497098  coadd_bk405012 1.45 -1.98 18.682     >18.682  99.990         -14.40        18.16   -0.032       0.041       
2459400.79314  2459400.79872  2021-07-05.2931432  coadd_bs354564 1.47 -2.01 18.595     >18.595  99.990          37.78        19.04   0.088        0.044       
2459401.65136  2459401.65692  2021-07-06.1513590  coadd_bk405516 1.46 -1.98 18.868     >18.868  99.990          26.10        15.29   0.059        0.034       
2459402.90798  2459402.91351  2021-07-07.4079857  coadd_bC250249 1.43 -1.65 19.295     >19.295  99.990          -9.50        13.91   -0.016       0.023       
2459403.80088  2459403.80639  2021-07-08.3008878  coadd_bG254929 1.43 -1.83 19.213     >19.213  99.990         -13.95        12.80   -0.027       0.025       
2459405.26385  2459405.26931  2021-07-09.7638553  coadd_bo313050 1.47 -1.86 18.767     >18.767  99.990           1.33        18.79   0.003        0.038       
2459407.64244  2459407.64784  2021-07-12.1424452  coadd_bk407861 1.49 -1.98 19.319     >19.319  99.990          -2.64        10.09   -0.006       0.023       
2459407.70928  2459407.71468  2021-07-12.2092876  coadd_bG256293 1.55 -1.83 18.640     >18.640  99.990          11.04        21.68   0.022        0.042       
2459408.62354  2459408.62891  2021-07-13.1235388  coadd_bk408271 1.52 -1.98 18.720     >18.720  99.990          -1.96        17.54   -0.004       0.039       
2459409.76072  2459409.76605  2021-07-14.2607174  coadd_bk408802 1.47 -1.98 18.807     >18.807  99.990         -17.52        16.18   -0.039       0.036       
2459411.62814  2459411.63340  2021-07-16.1281346  coadd_bk409554 1.87 -1.98 18.563     >18.563  99.990          39.05        20.25   0.088        0.045       
2459412.76644  2459412.77166  2021-07-17.2664430  coadd_bk410092 1.51 -1.98 18.683     >18.683  99.990         -12.77        18.14   -0.029       0.041       
2459413.65743  2459413.66262  2021-07-18.1574349  coadd_bk410437 1.51 -1.98 19.137     >19.137  99.990          19.90        11.94   0.045        0.027       
2459414.41749  2459414.42264  2021-07-18.9174908  coadd_bo315687 1.49 -1.86 18.557     >18.557  99.990         -54.66        22.81   -0.110       0.046       
2459414.56057  2459414.56571  2021-07-19.0605630  coadd_bk410794 1.43 -1.98 18.467     >18.467  99.990          38.85        22.13   0.087        0.050       
2459414.67360  2459414.67874  2021-07-19.1736017  coadd_bG259138 1.46 -1.83 18.204     >18.204  99.990          34.54        32.40   0.067        0.063       
2459414.67419  2459414.67933  2021-07-19.1741875  coadd_bs357291 1.52 -2.01 17.625     >17.625  99.990          -8.09        46.51   -0.019       0.108       
2459414.86770  2459414.87284  2021-07-19.3677077  coadd_bC254197 1.73 -1.65 18.798     >18.798  99.990         -31.26        21.98   -0.052       0.037       
2459419.61198  2459419.61690  2021-07-24.1119770  coadd_bk412964 2.44 -1.98 17.212     >17.212  99.990         -98.82        70.29   -0.222       0.158       
2459421.25360  2459421.25844  2021-07-25.7536047  coadd_bo316811 1.67 -1.86 17.624     >17.624  99.990          57.49        53.87   0.115        0.108       
2459421.53267  2459421.53750  2021-07-26.0326737  coadd_bk413744 2.10 -1.98 18.111      17.971  0.321          104.79        30.70   0.235        0.069       
2459421.83084  2459421.83565  2021-07-26.3308416  coadd_bs358532 2.17 -2.01 15.543     >15.543  99.990        -402.47       316.38   -0.934       0.734       
2459422.63277  2459422.63753  2021-07-27.1327697  coadd_bk414243 1.52 -1.98 18.235     >18.235  99.990         -11.80        27.39   -0.026       0.061       
2459423.72646  2459423.73117  2021-07-28.2264620  coadd_bk414736 1.55 -1.98 18.056     >18.056  99.990         -18.63        32.30   -0.042       0.073       
2459424.74111  2459424.74576  2021-07-29.2411113  coadd_bk415170 1.77 -1.98 18.244     >18.244  99.990         -17.98        27.18   -0.040       0.061       
2459425.62438  2459425.62898  2021-07-30.1243841  coadd_bG263603 1.45 -1.83 18.835     >18.835  99.990         -16.23        18.13   -0.032       0.035       
2459426.57200  2459426.57655  2021-07-31.0720005  coadd_bk415887 1.42 -1.98 18.859     >18.859  99.990          -5.60        15.42   -0.013       0.035       
2459427.64732  2459427.65181  2021-08-01.1473237  coadd_bG264437 1.40 -1.83 18.750     >18.750  99.990          19.34        19.60   0.038        0.038       
2459427.86033  2459427.86481  2021-08-01.3603324  coadd_bC257978 2.42 -1.65 19.439     >19.439  99.990          -5.25        12.19   -0.009       0.020       
2459428.50132  2459428.50575  2021-08-02.0013185  coadd_bk416669 1.52 -1.98 19.590     >19.590  99.990           7.32         7.87   0.016        0.018       
2459428.63651  2459428.64094  2021-08-02.1365125  coadd_bG264838 1.39 -1.83 18.771     >18.771  99.990         -33.03        19.22   -0.065       0.038       
2459430.84687  2459430.85116  2021-08-04.3468724  coadd_bC259064 1.69 -1.65 19.224     >19.224  99.990          -3.82        14.85   -0.006       0.025       
2459431.77337  2459431.77759  2021-08-05.2733674  coadd_bs360619 1.40 -2.01 18.569     >18.569  99.990         -42.37        19.49   -0.098       0.045       
2459432.71787  2459432.72204  2021-08-06.2178795  coadd_bG266515 1.48 -1.83 18.645     >18.645  99.990          51.48        21.58   0.101        0.042       
2459433.65288  2459433.65698  2021-08-07.1528791  coadd_bG266868 1.55 -1.83 18.725     >18.725  99.990          13.75        20.06   0.027        0.039       
2459434.58468  2459434.58872  2021-08-08.0846807  coadd_bk419231 1.44 -1.98 18.877     >18.877  99.990          12.04        15.17   0.027        0.034       
2459435.52644  2459435.53042  2021-08-09.0264421  coadd_bk419349 1.50 -1.98 19.512     >19.512  99.990          -4.11         8.45   -0.009       0.019       
2459435.70302  2459435.70699  2021-08-09.2030268  coadd_bG267467 1.47 -1.83 18.890     >18.890  99.990          29.65        17.22   0.058        0.034       
2459435.77132  2459435.77528  2021-08-09.2713184  coadd_bC260860 1.41 -1.65 19.342     >19.342  99.990          34.22        13.32   0.057        0.022       
2459436.75946  2459436.76335  2021-08-10.2594630  coadd_bs362251 1.56 -2.01 18.826     >18.826  99.990          -4.50        15.38   -0.010       0.036       
2459437.66475  2459437.66858  2021-08-11.1647591  coadd_bk420284 1.47 -1.98 18.976     >18.976  99.990          -9.94        13.85   -0.022       0.031       
2459439.54059  2459439.54428  2021-08-13.0405868  coadd_bG268921 1.49 -1.83 18.628     >18.628  99.990         -41.68        21.92   -0.081       0.043       
2459441.79137  2459441.79490  2021-08-15.2913851  coadd_bC262959 1.69 -1.65 18.837     >18.837  99.990          32.99        21.21   0.055        0.035       
2459442.26574  2459442.26923  2021-08-15.7657403  coadd_bo320920 1.45 -1.86 18.343     >18.343  99.990          37.00        27.76   0.074        0.056       
2459442.53637  2459442.53984  2021-08-16.0363718  coadd_bk421920 1.55 -1.98 16.907     >16.907  99.990         -76.38        93.09   -0.171       0.209       
2459446.76524  2459446.76838  2021-08-20.2652474  coadd_bC264752 1.41 -1.65 17.856     >17.856  99.990          -5.30        52.38   -0.009       0.087       
2459448.64286  2459448.64584  2021-08-22.1428665  coadd_bk423500 1.44 -1.98 17.448     >17.448  99.990         -44.04        56.59   -0.099       0.127       
2459449.28677  2459449.28971  2021-08-22.7867769  coadd_bo321724 1.50 -1.86 17.300     >17.300  99.990          31.37        72.61   0.063        0.146       
2459449.49056  2459449.49348  2021-08-22.9905633  coadd_bk423804 1.43 -1.98 18.053     >18.053  99.990           3.51        32.40   0.008        0.073       
2459450.40678  2459450.40962  2021-08-23.9067817  coadd_bo322207 1.50 -1.86 17.565     >17.565  99.990         -39.19        56.87   -0.079       0.114       
2459450.80576  2459450.80857  2021-08-24.3057704  coadd_bC265953 1.39 -1.65 18.620     >18.620  99.990          64.23        25.90   0.107        0.043       
2459451.39957  2459451.40233  2021-08-24.8995769  coadd_bo322578 1.51 -1.86 17.918     >17.918  99.990        -138.63        41.08   -0.278       0.082       
2459451.78886  2459451.79159  2021-08-25.2888648  coadd_bC266087 1.66 -1.65 19.089      18.869  0.298           61.80        16.82   0.103        0.028       
2459452.66659  2459452.66924  2021-08-26.1666016  coadd_bk424336 1.78 -1.98 17.795     >17.795  99.990         -82.23        41.09   -0.185       0.092       
2459453.61202  2459453.61459  2021-08-27.1120331  coadd_bk424696 1.47 -1.98 18.134     >18.134  99.990         -97.82        30.08   -0.220       0.068       
2459454.77548  2459454.77795  2021-08-28.2754842  coadd_bC267142 1.42 -1.65 19.158     >19.158  99.990          -9.74        15.79   -0.016       0.026       
2459455.58591  2459455.58831  2021-08-29.0859115  coadd_bk425467 1.52 -1.98 18.878     >18.878  99.990          -7.37        15.15   -0.017       0.034       
2459456.29985  2459456.30219  2021-08-29.7998510  coadd_bo323163 1.43 -1.86 18.567     >18.567  99.990          44.12        22.60   0.088        0.045       
2459456.48052  2459456.48284  2021-08-29.9805247  coadd_bk425802 1.51 -1.98 19.044     >19.044  99.990         -28.43        13.00   -0.064       0.029       
2459456.55931  2459456.56163  2021-08-30.0593251  coadd_bG273435 1.44 -1.83 18.708     >18.708  99.990         -52.68        20.37   -0.103       0.040       
2459457.63329  2459457.63551  2021-08-31.1332940  coadd_bk426336 1.59 -1.98 18.906     >18.906  99.990          10.36        14.77   0.023        0.033       
2459458.59866  2459458.60079  2021-09-01.0986650  coadd_bG274147 1.45 -1.83 18.763     >18.763  99.990          16.91        19.37   0.033        0.038       
2459459.28348  2459459.28555  2021-09-01.7834839  coadd_bo323940 1.40 -1.86 18.776     >18.776  99.990         -29.06        18.64   -0.058       0.037       
2459459.58841  2459459.59045  2021-09-02.0884163  coadd_bk426947 1.44 -1.98 18.980     >18.980  99.990          27.79        13.79   0.062        0.031       
2459461.67064  2459461.67249  2021-09-04.1706456  coadd_bs365658 1.42 -2.01 18.812     >18.812  99.990         -11.33        15.59   -0.026       0.036       
2459463.29359  2459463.29529  2021-09-05.7935893  coadd_bo325046 1.46 -1.86 18.788     >18.788  99.990          28.98        18.44   0.058        0.037       
2459463.53238  2459463.53407  2021-09-06.0323916  coadd_bk428499 1.47 -1.98 19.105     >19.105  99.990         -14.29        12.30   -0.032       0.028       
2459463.61899  2459463.62067  2021-09-06.1189931  coadd_bG275855 1.50 -1.83 18.756     >18.756  99.990          23.01        19.49   0.045        0.038       
2459465.68245  2459465.68394  2021-09-08.1824552  coadd_bs366954 1.49 -2.01 18.763     >18.763  99.990         -14.94        16.30   -0.035       0.038       
2459466.61598  2459466.61738  2021-09-09.1159891  coadd_bs367269 1.47 -2.01 18.886     >18.886  99.990         -33.39        14.55   -0.077       0.034       
2459467.67679  2459467.67810  2021-09-10.1768023  coadd_bs367674 1.48 -2.01 18.792     >18.792  99.990          -1.70        15.88   -0.004       0.037       
2459469.67488  2459469.67600  2021-09-12.1748810  coadd_bs368083 1.96 -2.01 18.764     >18.764  99.990          -2.32        16.28   -0.005       0.038       
2459470.25795  2459470.25901  2021-09-12.7579629  coadd_bo326454 1.42 -1.86 16.787     >16.787  99.990        -280.77       116.42   -0.563       0.233       
2459475.26052  2459475.26110  2021-09-17.7605326  coadd_bo327043 1.50 -1.86 18.038     >18.038  99.990          16.85        36.78   0.034        0.074       
2459476.66245  2459476.66290  2021-09-19.1624562  coadd_bs370459 1.41 -2.01 17.226     >17.226  99.990        -551.84        67.17   -1.280       0.156       
2459477.34119  2459477.34157  2021-09-19.8411989  coadd_bo327829 1.49 -1.86 17.658     >17.658  99.990        -152.32        52.20   -0.305       0.105       
2459477.48440  2459477.48477  2021-09-19.9844033  coadd_bk433361 1.48 -1.98 18.010     >18.010  99.990         -59.36        33.72   -0.133       0.076       
2459477.57523  2459477.57559  2021-09-20.0752365  coadd_bG280536 1.51 -1.83 17.720     >17.720  99.990         -79.76        50.59   -0.156       0.099       
2459477.71660  2459477.71694  2021-09-20.2165991  coadd_bC273707 2.40 -1.65 18.092     >18.092  99.990          57.81        42.13   0.096        0.070       
2459480.71968  2459480.71974  2021-09-23.2196861  coadd_bC274945 2.07 -1.65 19.054     >19.054  99.990         -46.03        17.37   -0.077       0.029       
2459482.71068  2459482.71055  2021-09-25.2106880  coadd_bC275733 1.53 -1.65 18.235     >18.235  99.990         -30.19        36.95   -0.050       0.062       
2459483.23938  2459483.23920  2021-09-25.7393842  coadd_bo329552 1.73 -1.86 18.883     >18.883  99.990         -17.14        16.88   -0.034       0.034       
2459484.31337  2459484.31308  2021-09-26.8133774  coadd_bo329981 1.47 -1.86 18.822     >18.822  99.990          -1.53        17.86   -0.003       0.036       
2459484.47962  2459484.47932  2021-09-26.9796224  coadd_bk436025 1.49 -1.98 18.445     >18.445  99.990         -27.67        22.59   -0.062       0.051       
2459484.57037  2459484.57005  2021-09-27.0703777  coadd_bG282911 1.43 -1.83 18.520     >18.520  99.990         -43.63        24.22   -0.085       0.047       
2459484.62908  2459484.62876  2021-09-27.1290912  coadd_bs372281 1.43 -2.01 18.351     >18.351  99.990         -41.53        23.83   -0.096       0.055       
2459486.62932  2459486.62881  2021-09-29.1293246  coadd_bs372779 1.44 -2.01 18.850     >18.850  99.990         -12.71        15.04   -0.029       0.035       
2459488.62557  2459488.62487  2021-10-01.1255725  coadd_bs373441 1.64 -2.01 18.792     >18.792  99.990          15.91        15.87   0.037        0.037       
2459490.53574  2459490.53485  2021-10-03.0357398  coadd_bG284747 1.42 -1.83 18.722     >18.722  99.990         -55.05        20.11   -0.108       0.039       
2459491.29090  2459491.28995  2021-10-03.7909106  coadd_bo331059 1.43 -1.86 18.752     >18.752  99.990          49.13        19.05   0.099        0.038       
2459491.54733  2459491.54635  2021-10-04.0473391  coadd_bk438390 1.47 -1.98 18.823     >18.823  99.990         -32.05        15.94   -0.072       0.036       
