###  JD        HJD            UT_date             IMAGE          FWHM  Diff Limit      mag   mag_err       counts     count_err  flux (mJy)    flux_err
2457102.14896  2457102.14610  2015-03-20.6489756  coadd_bb187136 1.70 -2.01 17.761     >17.761  99.990          36.05        41.05   0.088        0.101       
2457105.13913  2457105.13634  2015-03-23.6391459  coadd_bb187964 1.79 -2.01 18.241     >18.241  99.990          12.30        26.38   0.030        0.065       
2457111.13668  2457111.13406  2015-03-29.6366938  coadd_bb189748 1.73 -2.01 18.248     >18.248  99.990         -14.16        26.20   -0.035       0.064       
2457133.07574  2457133.07395  2015-04-20.5757525  coadd_bb195341 1.68 -2.01 18.297     >18.297  99.990         -36.27        25.06   -0.089       0.061       
2457134.05901  2457134.05726  2015-04-21.5590236  coadd_bb195542 1.78 -2.01 18.301     >18.301  99.990          -3.56        24.97   -0.009       0.061       
2457149.08071  2457149.07969  2015-05-06.5807097  coadd_bb198068 1.78 -2.01 17.691     >17.691  99.990         121.09        43.76   0.297        0.107       
2457156.04129  2457156.04063  2015-05-13.5412848  coadd_bb199793 2.04 -2.01 18.153     >18.153  99.990         -58.92        28.61   -0.144       0.070       
2457161.03885  2457161.03846  2015-05-18.5388525  coadd_bb200731 1.68 -2.01 18.433     >18.433  99.990          -2.68        22.11   -0.007       0.054       
2457163.02562  2457163.02534  2015-05-20.5256313  coadd_bb201372 1.74 -2.01 18.172     >18.172  99.990          30.63        28.12   0.075        0.069       
2457164.06611  2457164.06589  2015-05-21.5661237  coadd_bb201671 1.74 -2.01 18.738     >18.738  99.990          -2.25        16.69   -0.006       0.041       
2457167.00992  2457167.00986  2015-05-24.5099366  coadd_bb202309 1.65 -2.01 18.190     >18.190  99.990           7.81        27.66   0.019        0.068       
2457178.04266  2457178.04318  2015-06-04.5426775  coadd_bb204472 1.70 -2.01 17.505     >17.505  99.990         -77.24        51.98   -0.189       0.127       
2457182.05884  2457182.05959  2015-06-08.5588523  coadd_bb205682 1.80 -2.01 17.975     >17.975  99.990         -14.47        33.70   -0.035       0.083       
2457183.93799  2457183.93883  2015-06-10.4380026  coadd_bb206064 1.73 -2.01 18.464     >18.464  99.990         -12.80        21.48   -0.031       0.053       
2457190.94917  2457190.95038  2015-06-17.4492039  coadd_bb207418 2.21 -2.01 18.306     >18.306  99.990          38.35        24.86   0.094        0.061       
2457193.96603  2457193.96738  2015-06-20.4660406  coadd_bb208183 2.01 -2.01 18.266      18.206  0.345           81.76        25.77   0.200        0.063       
2457198.01779  2457198.01934  2015-06-24.5178070  coadd_bb209371 2.26 -2.01 18.303     >18.303  99.990         -13.62        24.92   -0.033       0.061       
2457201.88367  2457201.88540  2015-06-28.3836990  coadd_bb210240 2.05 -2.01 17.762     >17.762  99.990         -42.92        41.03   -0.105       0.100       
2457206.97365  2457206.97560  2015-07-03.4736530  coadd_bb211709 1.73 -2.01 17.314     >17.314  99.990          47.43        61.99   0.116        0.152       
2457209.96260  2457209.96468  2015-07-06.4626061  coadd_bb212290 1.78 -2.01 17.720     >17.720  99.990         -24.09        42.64   -0.059       0.104       
2457213.02734  2457213.02955  2015-07-09.5273450  coadd_bb213048 1.63 -2.01 18.241     >18.241  99.990          15.40        26.38   0.038        0.065       
2457217.85367  2457217.85606  2015-07-14.3536746  coadd_bb213800 1.99 -2.01 18.254     >18.254  99.990          76.46        26.07   0.187        0.064       
2457222.94245  2457222.94501  2015-07-19.4424488  coadd_bb214669 1.71 -2.01 18.612     >18.612  99.990         -41.03        18.75   -0.100       0.046       
2457227.94001  2457227.94272  2015-07-24.4400092  coadd_bb215433 1.73 -2.01 18.849     >18.849  99.990          13.51        15.07   0.033        0.037       
2457233.80371  2457233.80658  2015-07-30.3037101  coadd_bb217083 2.11 -2.01 17.401     >17.401  99.990          -7.25        57.18   -0.018       0.140       
2457241.02898  2457241.03200  2015-08-06.5289796  coadd_bb218494 1.74 -2.01 18.174     >18.174  99.990          59.07        28.07   0.145        0.069       
2457242.86939  2457242.87245  2015-08-08.3693913  coadd_bb218964 1.78 -2.01 18.602     >18.602  99.990          -6.85        18.91   -0.017       0.046       
2457245.82707  2457245.83018  2015-08-11.3270737  coadd_bb219977 1.73 -2.01 18.431     >18.431  99.990          26.57        22.14   0.065        0.054       
2457246.74480  2457246.74792  2015-08-12.2448013  coadd_bb220253 2.14 -2.01 18.023     >18.023  99.990          15.12        32.24   0.037        0.079       
2457249.00480  2457249.00794  2015-08-14.5047961  coadd_bb220933 1.70 -2.01 18.596     >18.596  99.990           2.69        19.03   0.007        0.047       
2457250.73687  2457250.74004  2015-08-16.2368725  coadd_bb221088 2.44 -2.01 17.382     >17.382  99.990          63.70        58.19   0.156        0.143       
2457255.94954  2457255.95274  2015-08-21.4495391  coadd_bb221748 1.66 -2.01 18.769     >18.769  99.990           0.40        16.22   0.001        0.040       
2457263.84371  2457263.84693  2015-08-29.3437184  coadd_bb223033 2.02 -2.01 16.976      16.544  0.245          377.84        84.55   0.926        0.207       
2457264.90896  2457264.91217  2015-08-30.4089576  coadd_bb223489 1.69 -2.01 17.476     >17.476  99.990          -0.06        53.38   -0.000       0.131       
2457270.93840  2457270.94158  2015-09-05.4384002  coadd_bb224676 1.69 -2.01 18.157     >18.157  99.990           8.72        28.51   0.021        0.070       
2457274.91003  2457274.91317  2015-09-09.4100334  coadd_bb225825 1.80 -2.01 18.703     >18.703  99.990         -36.90        17.24   -0.090       0.042       
2457275.72385  2457275.72698  2015-09-10.2238517  coadd_bb226092 2.37 -2.01 17.623     >17.623  99.990          25.96        46.60   0.064        0.114       
2457277.92715  2457277.93024  2015-09-12.4271509  coadd_bb226900 2.00 -2.01 18.836     >18.836  99.990          10.50        15.25   0.026        0.037       
2457296.86888  2457296.87153  2015-10-01.3688851  coadd_bb229677 1.72 -2.01 18.259     >18.259  99.990          29.21        25.94   0.072        0.064       
2457297.72548  2457297.72811  2015-10-02.2254817  coadd_bb229893 2.11 -2.01 18.734     >18.734  99.990         -49.29        16.75   -0.121       0.041       
2457303.84731  2457303.84973  2015-10-08.3473114  coadd_bb231281 2.03 -2.01 18.599     >18.599  99.990           2.63        18.97   0.006        0.046       
2457307.80542  2457307.80769  2015-10-12.3054195  coadd_bb232428 2.02 -2.01 18.821     >18.821  99.990          23.08        15.46   0.057        0.038       
2457311.77856  2457311.78067  2015-10-16.2785653  coadd_bb233945 1.73 -2.01 18.613     >18.613  99.990          29.90        18.73   0.073        0.046       
2457315.81106  2457315.81300  2015-10-20.3110646  coadd_bb235013 1.77 -2.01 18.428     >18.428  99.990          22.44        22.21   0.055        0.054       
2457319.77875  2457319.78051  2015-10-24.2787571  coadd_bb236573 1.69 -2.01 17.909     >17.909  99.990         -30.43        35.83   -0.075       0.088       
2457322.80818  2457322.80979  2015-10-27.3081795  coadd_bb237808 2.05 -2.01 16.943     >16.943  99.990          35.03        87.16   0.086        0.214       
2457323.78890  2457323.79047  2015-10-28.2889061  coadd_bb238144 1.77 -2.01 17.651     >17.651  99.990         110.37        45.43   0.270        0.111       
2457327.76782  2457327.76919  2015-11-01.2678185  coadd_bb239059 1.64 -2.01 18.748     >18.748  99.990          -0.73        16.54   -0.002       0.041       
2457333.76209  2457333.76315  2015-11-07.2620883  coadd_bb240971 1.72 -2.01 18.844     >18.844  99.990         -14.78        15.15   -0.036       0.037       
2457351.70785  2457351.70793  2015-11-25.2078501  coadd_bb243586 1.69 -2.01 17.460     >17.460  99.990           8.84        54.14   0.022        0.133       
2457353.70287  2457353.70284  2015-11-27.2028695  coadd_bb243801 1.70 -2.01 18.089     >18.089  99.990          52.82        30.34   0.129        0.074       
2457463.15345  2457463.15050  2016-03-15.6534495  coadd_bb283121 2.14 -2.01 17.532     >17.532  99.990        -167.73        50.68   -0.411       0.124       
2457464.15168  2457464.14875  2016-03-16.6516842  coadd_bb283444 1.76 -2.01 17.820     >17.820  99.990         -79.47        38.88   -0.195       0.095       
2457466.14269  2457466.13980  2016-03-18.6426908  coadd_bb284043 2.13 -2.01 18.409     >18.409  99.990          54.92        22.61   0.135        0.055       
2457467.13904  2457467.13617  2016-03-19.6390388  coadd_bb284569 2.07 -2.01 18.169     >18.169  99.990         -74.11        28.20   -0.182       0.069       
2457484.10772  2457484.10535  2016-04-05.6077170  coadd_bb289649 1.74 -2.01 18.510     >18.510  99.990         -35.26        20.60   -0.086       0.050       
2457490.09019  2457490.08805  2016-04-11.5901878  coadd_bb290926 1.83 -2.01 18.326     >18.326  99.990          44.70        24.39   0.109        0.060       
2457499.06626  2457499.06451  2016-04-20.5662681  coadd_bb293581 2.00 -2.01 17.511     >17.511  99.990          20.94        51.66   0.051        0.127       
2457504.11053  2457504.10901  2016-04-25.6105351  coadd_bb295354 1.71 -2.01 17.944     >17.944  99.990           1.99        34.69   0.005        0.085       
2457511.08116  2457511.07998  2016-05-02.5811586  coadd_bb297639 1.79 -2.01 18.449     >18.449  99.990         -15.50        21.78   -0.038       0.053       
2457522.00564  2457522.00503  2016-05-13.5056401  coadd_bb299997 1.63 -2.01 18.540     >18.540  99.990         -44.12        20.03   -0.108       0.049       
2457527.98926  2457527.98897  2016-05-19.4892652  coadd_bb301284 1.78 -2.01 17.693     >17.693  99.990         -83.00        43.71   -0.203       0.107       
2457538.00397  2457538.00421  2016-05-29.5039656  coadd_bb303835 1.70 -2.01 17.965     >17.965  99.990         -29.93        34.02   -0.073       0.083       
2457542.08101  2457542.08148  2016-06-02.5810163  coadd_bb304828 1.67 -2.01 18.537     >18.537  99.990          30.79        20.09   0.075        0.049       
2457550.05256  2457550.05345  2016-06-10.5525670  coadd_bb307252 1.72 -2.01 18.684     >18.684  99.990          32.01        17.54   0.078        0.043       
2457559.09764  2457559.09899  2016-06-19.5976454  coadd_bb309116 1.74 -2.01 18.032     >18.032  99.990         -35.98        31.98   -0.088       0.078       
2457574.00670  2457574.00872  2016-07-04.5066983  coadd_bb312568 1.98 -2.01 18.666     >18.666  99.990          30.89        17.84   0.076        0.044       
2457577.98743  2457577.98962  2016-07-08.4874332  coadd_bb313900 1.75 -2.01 18.604     >18.604  99.990          23.99        18.89   0.059        0.046       
2457583.96024  2457583.96266  2016-07-14.4602473  coadd_bb315351 1.62 -2.01 18.562     >18.562  99.990         -38.24        19.62   -0.094       0.048       
2457587.99739  2457587.99994  2016-07-18.4973928  coadd_bb316329 1.77 -2.01 17.697     >17.697  99.990         -57.74        43.53   -0.141       0.107       
2457595.93823  2457595.94102  2016-07-26.4382331  coadd_bb317601 1.83 -2.01 18.538     >18.538  99.990          22.48        20.08   0.055        0.049       
2457598.98264  2457598.98551  2016-07-29.4826387  coadd_bb318588 2.02 -2.01 18.612     >18.612  99.990          25.12        18.74   0.062        0.046       
2457602.95465  2457602.95761  2016-08-02.4546537  coadd_bb319714 1.68 -2.01 18.722     >18.722  99.990         -57.46        16.93   -0.141       0.041       
2457604.86138  2457604.86438  2016-08-04.3613799  coadd_bb320367 1.73 -2.01 18.667     >18.667  99.990         -58.30        17.82   -0.143       0.044       
2457608.01270  2457608.01576  2016-08-07.5127059  coadd_bb321364 1.70 -2.01 18.639     >18.639  99.990         -41.01        18.28   -0.100       0.045       
2457608.79307  2457608.79614  2016-08-08.2930745  coadd_bb321527 2.06 -2.01 18.304     >18.304  99.990         -56.56        24.89   -0.139       0.061       
2457610.82534  2457610.82845  2016-08-10.3253464  coadd_bb322175 1.71 -2.01 18.321     >18.321  99.990          14.59        24.51   0.036        0.060       
2457612.97236  2457612.97549  2016-08-12.4723622  coadd_bb322984 1.76 -2.01 18.683     >18.683  99.990         -30.75        17.56   -0.075       0.043       
2457613.77504  2457613.77818  2016-08-13.2750427  coadd_bb323196 1.76 -2.01 18.099     >18.099  99.990          45.26        30.07   0.111        0.074       
2457617.98267  2457617.98586  2016-08-17.4826759  coadd_bb324316 1.77 -2.01 17.648     >17.648  99.990          37.87        45.54   0.093        0.112       
2457625.97260  2457625.97582  2016-08-25.4726040  coadd_bb326073 1.61 -2.01 18.514     >18.514  99.990           1.81        20.51   0.004        0.050       
2457626.96151  2457626.96472  2016-08-26.4615097  coadd_bb326319 2.01 -2.01 18.521     >18.521  99.990          34.86        20.38   0.085        0.050       
2457630.83480  2457630.83802  2016-08-30.3348076  coadd_bb327152 1.67 -2.01 18.626     >18.626  99.990         -24.67        18.50   -0.060       0.045       
2457637.93846  2457637.94162  2016-09-06.4384562  coadd_bb328220 1.73 -2.01 18.747     >18.747  99.990           0.10        16.56   0.000        0.041       
2457643.74220  2457643.74528  2016-09-12.2421983  coadd_bb329369 1.71 -2.01 18.021     >18.021  99.990          79.23        32.31   0.194        0.079       
2457650.84855  2457650.85150  2016-09-19.3485484  coadd_bb330329 1.80 -2.01 18.059     >18.059  99.990          -3.46        31.20   -0.008       0.076       
2457656.88702  2457656.88983  2016-09-25.3870293  coadd_bb331879 1.68 -2.01 18.489     >18.489  99.990          18.71        21.00   0.046        0.051       
2457658.77815  2457658.78091  2016-09-27.2781565  coadd_bb332512 1.74 -2.01 18.841     >18.841  99.990          15.76        15.18   0.039        0.037       
2457667.82229  2457667.82475  2016-10-06.3222891  coadd_bb334134 1.69 -2.01 18.851     >18.851  99.990          27.62        15.04   0.068        0.037       
2457670.80558  2457670.80793  2016-10-09.3055781  coadd_bb335334 1.68 -2.01 18.340     >18.340  99.990           0.19        24.08   0.000        0.059       
2457673.82293  2457673.82517  2016-10-12.3229344  coadd_bb336419 1.74 -2.01 17.871     >17.871  99.990         -99.75        37.08   -0.244       0.091       
2457676.76744  2457676.76956  2016-10-15.2674427  coadd_bb337601 2.03 -2.01 17.602     >17.602  99.990          59.24        47.51   0.145        0.116       
2457680.81504  2457680.81699  2016-10-19.3150461  coadd_bb339039 1.73 -2.01 18.310     >18.310  99.990         -22.84        24.75   -0.056       0.061       
2457685.79462  2457685.79634  2016-10-24.2946215  coadd_bb340058 2.07 -2.01 18.527     >18.527  99.990          34.68        20.28   0.085        0.050       
2457687.79704  2457687.79867  2016-10-26.2970434  coadd_bb340889 1.74 -2.01 18.404      18.384  0.359           69.36        22.71   0.170        0.056       
2457690.78445  2457690.78593  2016-10-29.2844498  coadd_bb342122 1.97 -2.01 18.640     >18.640  99.990           1.15        18.27   0.003        0.045       
2457693.77964  2457693.78097  2016-11-01.2796396  coadd_bb342798 1.72 -2.01 18.724     >18.724  99.990         -56.67        16.91   -0.139       0.041       
2457696.77075  2457696.77193  2016-11-04.2707572  coadd_bb344052 1.72 -2.01 18.397     >18.397  99.990         -20.95        22.86   -0.051       0.056       
2457699.74345  2457699.74447  2016-11-07.2434564  coadd_bb345267 1.70 -2.01 17.703     >17.703  99.990          68.78        43.29   0.168        0.106       
2457701.73154  2457701.73246  2016-11-09.2315392  coadd_bb345985 1.71 -2.01 17.838     >17.838  99.990         -66.34        38.24   -0.163       0.094       
2457704.70014  2457704.70090  2016-11-12.2001449  coadd_bb347201 1.72 -2.01 17.899      17.680  0.298          132.73        36.14   0.325        0.089       
2457710.71829  2457710.71872  2016-11-18.2182935  coadd_bb349698 1.84 -2.01 18.847     >18.847  99.990          20.84        15.09   0.051        0.037       
2457716.70291  2457716.70301  2016-11-24.2029145  coadd_bb351270 1.73 -2.01 18.047     >18.047  99.990           8.03        31.54   0.020        0.077       
2457718.70311  2457718.70310  2016-11-26.2031141  coadd_bb351885 1.84 -2.01 18.719     >18.719  99.990         -28.19        16.99   -0.069       0.042       
2457722.70799  2457722.70776  2016-11-30.2079910  coadd_bb353428 2.28 -2.01 18.583     >18.583  99.990          35.43        19.26   0.087        0.047       
2457831.15452  2457831.15162  2017-03-18.6545189  coadd_bb382173 1.76 -2.01 16.605     >16.605  99.990         -12.57       119.10   -0.031       0.292       
2457832.13908  2457832.13620  2017-03-19.6390792  coadd_bb382553 2.00 -2.01 18.022     >18.022  99.990           7.58        32.27   0.019        0.079       
2457845.12585  2457845.12334  2017-04-01.6258555  coadd_bb386919 2.01 -2.01 18.552     >18.552  99.990          21.46        19.82   0.053        0.049       
2457848.11491  2457848.11250  2017-04-04.6149155  coadd_bb387898 1.75 -2.01 18.683     >18.683  99.990          19.60        17.55   0.048        0.043       
2457853.09780  2457853.09557  2017-04-09.5978017  coadd_bb389704 1.68 -2.01 17.544     >17.544  99.990         -37.71        50.12   -0.092       0.123       
2457859.11927  2457859.11729  2017-04-15.6192730  coadd_bb391215 2.06 -2.01 17.774     >17.774  99.990        -103.06        40.57   -0.252       0.099       
2457870.08310  2457870.08161  2017-04-26.5831059  coadd_bb393342 1.78 -2.01 18.394     >18.394  99.990           6.51        22.92   0.016        0.056       
2457877.05904  2457877.05789  2017-05-03.5590427  coadd_bb394279 1.75 -2.01 18.695     >18.695  99.990         -52.51        17.36   -0.129       0.043       
2457880.03418  2457880.03319  2017-05-06.5341855  coadd_bb395346 1.77 -2.01 18.057     >18.057  99.990         -92.22        31.26   -0.226       0.077       
2457884.01213  2457884.01134  2017-05-10.5121276  coadd_bb396555 2.07 -2.01 17.620     >17.620  99.990         -19.99        46.75   -0.049       0.115       
2457890.07305  2457890.07259  2017-05-16.5730530  coadd_bb397726 1.99 -2.01 18.381     >18.381  99.990          21.52        23.20   0.053        0.057       
2457894.03504  2457894.03479  2017-05-20.5350471  coadd_bb399044 1.72 -2.01 18.473     >18.473  99.990         -74.92        21.32   -0.184       0.052       
2457899.04459  2457899.04461  2017-05-25.5445940  coadd_bb400655 1.75 -2.01 18.235     >18.235  99.990         -47.94        26.52   -0.117       0.065       
2457905.95300  2457905.95339  2017-06-01.4530024  coadd_bb402458 1.73 -2.01 18.544     >18.544  99.990          -9.58        19.96   -0.023       0.049       
2457906.95621  2457906.95665  2017-06-02.4562113  coadd_bb402798 1.66 -2.01 18.113     >18.113  99.990           2.19        29.69   0.005        0.073       
2457908.02054  2457908.02104  2017-06-03.5205410  coadd_bb403162 1.75 -2.01 18.479     >18.479  99.990           5.58        21.20   0.014        0.052       
2457911.03675  2457911.03741  2017-06-06.5367504  coadd_bb404056 1.71 -2.01 18.173     >18.173  99.990          38.22        28.09   0.094        0.069       
2457915.03410  2457915.03497  2017-06-10.5340984  coadd_bb405302 1.68 -2.01 17.837     >17.837  99.990          53.82        38.26   0.132        0.094       
2457925.01003  2457925.01141  2017-06-20.5100281  coadd_bb406831 2.34 -2.01 18.289     >18.289  99.990          13.70        25.23   0.034        0.062       
2457926.00262  2457926.00404  2017-06-21.5026158  coadd_bb407133 1.72 -2.01 18.847     >18.847  99.990          -6.09        15.09   -0.015       0.037       
2457930.01365  2457930.01526  2017-06-25.5136516  coadd_bb408378 1.67 -2.01 18.550     >18.550  99.990          23.51        19.85   0.058        0.049       
2457933.93456  2457933.93635  2017-06-29.4345604  coadd_bb409425 2.39 -2.01 18.791     >18.791  99.990         -33.07        15.89   -0.081       0.039       
2457937.86479  2457937.86676  2017-07-03.3647953  coadd_bb410162 1.71 -2.01 17.924     >17.924  99.990          18.63        35.32   0.046        0.087       
2457939.09120  2457939.09322  2017-07-04.5912133  coadd_bb410564 2.05 -2.01 18.890     >18.890  99.990         -11.74        14.51   -0.029       0.036       
2457939.85429  2457939.85634  2017-07-05.3542918  coadd_bb410731 2.00 -2.01 17.827     >17.827  99.990          39.15        38.63   0.096        0.095       
2457955.85459  2457955.85723  2017-07-21.3545938  coadd_bb411586 1.70 -2.01 18.595     >18.595  99.990         -10.45        19.05   -0.026       0.047       
2457959.98026  2457959.98302  2017-07-25.4802675  coadd_bb412326 1.70 -2.01 18.886     >18.886  99.990         -22.15        14.57   -0.054       0.036       
2457962.98825  2457962.99109  2017-07-28.4882546  coadd_bb413196 2.03 -2.01 17.295     >17.295  99.990        -105.68        63.04   -0.259       0.154       
2457964.86134  2457964.86423  2017-07-30.3613420  coadd_bb413406 1.75 -2.01 18.544     >18.544  99.990          15.57        19.96   0.038        0.049       
2457969.83572  2457969.83872  2017-08-04.3357233  coadd_bb414421 1.67 -2.01 17.977     >17.977  99.990         -45.90        33.65   -0.112       0.082       
2457972.00958  2457972.01262  2017-08-06.5095947  coadd_bb415276 1.68 -2.01 17.550     >17.550  99.990        -103.27        49.86   -0.253       0.122       
2457975.00121  2457975.00430  2017-08-09.5012173  coadd_bb416338 1.67 -2.01 17.435     >17.435  99.990          58.81        55.43   0.144        0.136       
2457977.93472  2457977.93785  2017-08-12.4347291  coadd_bb417195 1.76 -2.01 18.268     >18.268  99.990         -52.60        25.72   -0.129       0.063       
2457979.87075  2457979.87390  2017-08-14.3707599  coadd_bb417857 1.68 -2.01 18.680      18.525  0.316           60.94        17.61   0.149        0.043       
2457982.91351  2457982.91669  2017-08-17.4135084  coadd_bb418956 1.66 -2.01 18.193     >18.193  99.990         -56.48        27.58   -0.138       0.068       
2457983.73685  2457983.74003  2017-08-18.2368505  coadd_bb419179 1.79 -2.01 17.998     >17.998  99.990         -62.71        33.01   -0.154       0.081       
2457987.98458  2457987.98779  2017-08-22.4845847  coadd_bb420007 1.78 -2.01 18.400     >18.400  99.990           7.90        22.79   0.019        0.056       
2457990.88940  2457990.89262  2017-08-25.3894054  coadd_bb420887 2.17 -2.01 18.811     >18.811  99.990         -10.19        15.61   -0.025       0.038       
2457995.80953  2457995.81275  2017-08-30.3095386  coadd_bb421916 1.72 -2.01 18.264     >18.264  99.990          63.88        25.83   0.156        0.063       
2458000.83947  2458000.84265  2017-09-04.3394761  coadd_bb423689 2.02 -2.01 17.824     >17.824  99.990          21.12        38.73   0.052        0.095       
2458001.90183  2458001.90500  2017-09-05.4018281  coadd_bb423848 1.96 -2.01 17.462     >17.462  99.990         133.00        54.04   0.326        0.132       
2458002.80932  2458002.81249  2017-09-06.3093268  coadd_bb424104 2.08 -2.01 17.481     >17.481  99.990          23.91        53.11   0.059        0.130       
2458003.85085  2458003.85400  2017-09-07.3508517  coadd_bb424451 2.04 -2.01 17.628     >17.628  99.990         -35.92        46.38   -0.088       0.114       
2458008.85526  2458008.85835  2017-09-12.3552664  coadd_bb425264 1.72 -2.01 18.596     >18.596  99.990         -18.84        19.03   -0.046       0.047       
2458009.81994  2458009.82301  2017-09-13.3199432  coadd_bb425543 2.06 -2.01 18.474     >18.474  99.990         -11.90        21.29   -0.029       0.052       
2458012.89026  2458012.89328  2017-09-16.3902609  coadd_bb426455 1.77 -2.01 18.229     >18.229  99.990           7.00        26.67   0.017        0.065       
2458013.91215  2458013.91515  2017-09-17.4121605  coadd_bb426828 1.98 -2.01 18.554     >18.554  99.990         -55.89        19.77   -0.137       0.048       
2458017.89110  2458017.89402  2017-09-21.3911059  coadd_bb427874 1.70 -2.01 18.180     >18.180  99.990          -5.72        27.91   -0.014       0.068       
2458018.76685  2458018.76974  2017-09-22.2668557  coadd_bb428120 1.70 -2.01 18.813     >18.813  99.990          -4.42        15.57   -0.011       0.038       
2458022.71786  2458022.72065  2017-09-26.2178633  coadd_bb429590 1.81 -2.01 18.224     >18.224  99.990         -14.33        26.79   -0.035       0.066       
2458023.85604  2458023.85880  2017-09-27.3560444  coadd_bb430030 1.80 -2.01 18.275     >18.275  99.990         -15.46        25.57   -0.038       0.063       
2458028.82636  2458028.82897  2017-10-02.3263626  coadd_bb431530 1.64 -2.01 18.146     >18.146  99.990           5.72        28.81   0.014        0.071       
2458034.85320  2458034.85560  2017-10-08.3532103  coadd_bb433092 1.66 -2.01 17.558     >17.558  99.990           0.69        49.47   0.002        0.121       
2458036.76723  2458036.76956  2017-10-10.2672351  coadd_bb433344 1.77 -2.01 18.844     >18.844  99.990          27.88        15.14   0.068        0.037       
2458037.76267  2458037.76496  2017-10-11.2626714  coadd_bb433744 1.80 -2.01 18.592     >18.592  99.990          17.22        19.10   0.042        0.047       
2458075.73014  2458075.73058  2017-11-18.2301377  coadd_bb442795 1.75 -2.01 18.588     >18.588  99.990          -7.36        19.16   -0.018       0.047       
2458077.71845  2458077.71878  2017-11-20.2184521  coadd_bb443412 2.21 -2.01 18.527     >18.527  99.990         -28.71        20.27   -0.070       0.050       
2458080.71084  2458080.71101  2017-11-23.2108474  coadd_bb444462 2.29 -2.01 18.630     >18.630  99.990         -29.61        18.44   -0.073       0.045       
2458207.13598  2458207.13336  2018-03-29.6359799  coadd_bb468244 2.37 -2.01 18.325     >18.325  99.990          35.64        24.43   0.087        0.060       
2458208.13235  2458208.12976  2018-03-30.6323530  coadd_bb468534 2.20 -2.01 17.753     >17.753  99.990         -12.68        41.36   -0.031       0.101       
2458232.11381  2458232.11217  2018-04-23.6138137  coadd_bb472726 1.98 -2.01 18.444     >18.444  99.990         -46.50        21.89   -0.114       0.054       
2458245.02293  2458245.02193  2018-05-06.5229387  coadd_bb474458 2.05 -2.01 16.712     >16.712  99.990        -129.11       107.92   -0.316       0.264       
2458251.99992  2458251.99928  2018-05-13.4999254  coadd_bb475978 2.26 -2.01 18.574     >18.574  99.990          44.45        19.41   0.109        0.048       
2458253.02595  2458253.02536  2018-05-14.5259572  coadd_bb476352 2.26 -2.01 18.557     >18.557  99.990         -11.84        19.72   -0.029       0.048       
2458254.00917  2458254.00863  2018-05-15.5091758  coadd_bb476553 2.18 -2.01 18.528     >18.528  99.990          13.51        20.26   0.033        0.050       
2458257.03712  2458257.03674  2018-05-18.5371262  coadd_bb477081 1.61 -2.01 18.786     >18.786  99.990           5.88        15.98   0.014        0.039       
2458258.02686  2458258.02654  2018-05-19.5268703  coadd_bb477424 2.00 -2.01 18.687     >18.687  99.990          26.95        17.50   0.066        0.043       
2458259.04489  2458259.04463  2018-05-20.5448951  coadd_bb477786 2.27 -2.01 18.744     >18.744  99.990          33.50        16.60   0.082        0.041       
2458261.09857  2458261.09842  2018-05-22.5985725  coadd_bb478428 1.69 -2.01 18.103     >18.103  99.990          61.19        29.97   0.150        0.073       
2458269.96053  2458269.96085  2018-05-31.4605341  coadd_bb479857 1.99 -2.01 17.636     >17.636  99.990         126.41        46.05   0.310        0.113       
2458271.00497  2458271.00535  2018-06-01.5049678  coadd_bb480211 1.65 -2.01 16.704     >16.704  99.990         173.03       108.65   0.424        0.266       
2458286.91697  2458286.91818  2018-06-17.4169781  coadd_bb484281 1.97 -2.01 18.504     >18.504  99.990         -35.46        20.70   -0.087       0.051       
2458290.89540  2458290.89680  2018-06-21.3954054  coadd_bb484984 2.11 -2.01 18.669      17.897  0.179          108.65        17.79   0.266        0.044       
2458293.06987  2458293.07138  2018-06-23.5698689  coadd_bb485679 2.01 -2.01 18.912     >18.912  99.990          15.57        14.22   0.038        0.035       
2458293.89600  2458293.89755  2018-06-24.3960072  coadd_bb485839 1.99 -2.01 17.829     >17.829  99.990          31.98        38.55   0.078        0.094       
2458298.03692  2458298.03866  2018-06-28.5369210  coadd_bb487039 2.38 -2.01 17.623      17.429  0.305          167.14        46.60   0.409        0.114       
2458305.04821  2458305.05026  2018-07-05.5482138  coadd_bb488487 2.07 -2.01 18.348     >18.348  99.990         -19.20        23.90   -0.047       0.059       
2458309.04398  2458309.04619  2018-07-09.5439835  coadd_bb489342 1.61 -2.01 18.445     >18.445  99.990         -57.90        21.87   -0.142       0.054       
2458310.92493  2458310.92722  2018-07-11.4249355  coadd_bb489972 1.60 -2.01 18.785     >18.785  99.990          -0.33        15.98   -0.001       0.039       
2458316.02887  2458316.03134  2018-07-16.5288686  coadd_bb491279 2.01 -2.01 18.609     >18.609  99.990         -48.38        18.80   -0.119       0.046       
2458326.02924  2458326.03202  2018-07-26.5292415  coadd_bb494333 2.08 -2.01 17.756     >17.756  99.990         -21.20        41.23   -0.052       0.101       
2458334.02699  2458334.02996  2018-08-03.5269906  coadd_bb496701 2.03 -2.01 18.510     >18.510  99.990          24.33        20.59   0.060        0.050       
2458342.89644  2458342.89957  2018-08-12.3964431  coadd_bb498898 2.05 -2.01 19.014     >19.014  99.990         -30.95        12.94   -0.076       0.032       
2458345.94790  2458345.95106  2018-08-15.4478975  coadd_bb499810 2.06 -2.01 17.398     >17.398  99.990         -87.90        57.37   -0.215       0.141       
2458347.84031  2458347.84348  2018-08-17.3403127  coadd_bb500072 1.64 -2.01 18.589     >18.589  99.990           8.14        19.15   0.020        0.047       
2458351.93993  2458351.94314  2018-08-21.4399349  coadd_bb501227 2.07 -2.01 18.275     >18.275  99.990          41.11        25.58   0.101        0.063       
2458361.89294  2458361.89615  2018-08-31.3929422  coadd_bb502588 2.07 -2.01 18.265     >18.265  99.990         -55.68        25.81   -0.136       0.063       
2458367.92978  2458367.93295  2018-09-06.4297962  coadd_bb503671 2.02 -2.01 18.438     >18.438  99.990           1.69        22.00   0.004        0.054       
2458369.92849  2458369.93164  2018-09-08.4284925  coadd_bb504159 2.12 -2.01 18.757     >18.757  99.990          -3.41        16.40   -0.008       0.040       
2458372.92239  2458372.92550  2018-09-11.4223935  coadd_bb505146 2.04 -2.01 18.594     >18.594  99.990          31.62        19.06   0.077        0.047       
2458377.76750  2458377.77053  2018-09-16.2675084  coadd_bb505846 1.63 -2.01 18.540     >18.540  99.990          15.67        20.03   0.038        0.049       
2458383.82205  2458383.82495  2018-09-22.3220563  coadd_bb507584 2.21 -2.01 17.851     >17.851  99.990         -34.29        37.79   -0.084       0.093       
2458401.84112  2458401.84346  2018-10-10.3411296  coadd_bb511725 2.49 -2.01 18.255     >18.255  99.990         -49.66        26.05   -0.122       0.064       
2458409.79838  2458409.80040  2018-10-18.2983835  coadd_bb513436 1.62 -2.01 18.258     >18.258  99.990         -90.48        25.96   -0.222       0.064       
2458414.69494  2458414.69674  2018-10-23.1949508  coadd_bb514591 2.01 -2.01 17.581     >17.581  99.990        -114.90        48.47   -0.281       0.119       
2458417.80950  2458417.81115  2018-10-26.3095021  coadd_bb515411 2.30 -2.01 17.514     >17.514  99.990         -33.34        51.54   -0.082       0.126       
2458427.76736  2458427.76851  2018-11-05.2673659  coadd_bb516786 1.63 -2.01 18.706     >18.706  99.990         -30.30        17.19   -0.074       0.042       
2458431.75507  2458431.75601  2018-11-09.2550658  coadd_bb518006 2.36 -2.01 18.765     >18.765  99.990          -8.53        16.28   -0.021       0.040       
2458435.73499  2458435.73572  2018-11-13.2349894  coadd_bb519588 2.04 -2.01 18.743     >18.743  99.990           1.98        16.62   0.005        0.041       
2458448.70308  2458448.70310  2018-11-26.2030855  coadd_bb523241 2.24 -2.01 18.534     >18.534  99.990          -8.61        20.14   -0.021       0.049       
