###  JD        HJD            UT_date             IMAGE          FWHM  Diff Limit      mag   mag_err       counts     count_err  flux (mJy)    flux_err
2456337.00244  2456337.00339  2013-02-13.5024508  coadd_bb036289 2.18 -1.83 18.614      18.080  0.223          108.51        22.12   0.225        0.046       
2456365.05743  2456365.06080  2013-03-13.5574344  coadd_bb040938 3.01 -1.83 18.800     >18.800  99.990         -48.65        18.64   -0.101       0.039       
2456376.98033  2456376.98451  2013-03-25.4803328  coadd_bb042137 2.07 -1.83 18.037     >18.037  99.990         -34.55        37.63   -0.072       0.078       
2456377.98048  2456377.98473  2013-03-26.4804914  coadd_bb041936 1.95 -1.83 17.356     >17.356  99.990          75.92        70.50   0.157        0.146       
2456387.97491  2456387.97969  2013-04-05.4749105  coadd_bb043348 1.79 -1.83 18.848     >18.848  99.990          -4.90        17.83   -0.010       0.037       
2456392.00992  2456392.01488  2013-04-09.5099268  coadd_bb044479 2.06 -1.83 19.071     >19.071  99.990         -23.40        14.52   -0.048       0.030       
2456395.99789  2456396.00300  2013-04-13.4979002  coadd_bb045039 1.99 -1.83 19.043     >19.043  99.990         -69.37        14.90   -0.144       0.031       
2456399.93308  2456399.93831  2013-04-17.4330775  coadd_bb046141 2.01 -1.83 18.968     >18.968  99.990           1.19        15.97   0.002        0.033       
2456402.92458  2456402.92989  2013-04-20.4245790  coadd_bb046940 1.96 -1.83 18.222     >18.222  99.990          66.26        31.75   0.137        0.066       
2456415.94248  2456415.94798  2013-05-03.4424811  coadd_bb049669 1.87 -1.83 18.747     >18.747  99.990          -5.92        19.57   -0.012       0.041       
2456443.88288  2456443.88788  2013-05-31.3828799  coadd_bb051665 1.66 -1.83 19.045     >19.045  99.990         -34.83        14.87   -0.072       0.031       
2456449.87434  2456449.87908  2013-06-06.3743365  coadd_bb052872 1.73 -1.83 19.071     >19.071  99.990         -27.07        14.52   -0.056       0.030       
2456458.85759  2456458.86186  2013-06-15.3575912  coadd_bb055090 1.77 -1.83 18.636     >18.636  99.990          57.84        21.68   0.120        0.045       
2456463.84446  2456463.84842  2013-06-20.3444611  coadd_bb056584 2.22 -1.83 17.988     >17.988  99.990          73.01        39.38   0.151        0.082       
2456470.83734  2456470.84083  2013-06-27.3373462  coadd_bb058605 1.77 -1.83 18.562     >18.562  99.990         -16.87        23.20   -0.035       0.048       
2456474.85076  2456474.85395  2013-07-01.3507570  coadd_bb059645 2.15 -1.83 18.839     >18.839  99.990         -41.64        17.99   -0.086       0.037       
2456478.82097  2456478.82385  2013-07-05.3209708  coadd_bb060885 2.03 -1.83 18.887     >18.887  99.990         -20.24        17.20   -0.042       0.036       
2456479.82167  2456479.82447  2013-07-06.3216706  coadd_bb061209 2.03 -1.83 18.801     >18.801  99.990         -13.78        18.62   -0.029       0.039       
2456483.81868  2456483.82116  2013-07-10.3186869  coadd_bb062525 2.09 -1.83 18.925     >18.925  99.990           5.13        16.61   0.011        0.034       
2456487.80005  2456487.80219  2013-07-14.3000517  coadd_bb063714 2.10 -1.83 18.804     >18.804  99.990         -11.49        18.56   -0.024       0.038       
2456492.80150  2456492.80321  2013-07-19.3014990  coadd_bb065489 2.08 -1.83 17.969     >17.969  99.990          32.95        40.06   0.068        0.083       
2456509.76241  2456509.76258  2013-08-05.2624148  coadd_bb068655 2.23 -1.83 18.320      16.314  0.057          551.85        29.00   1.144        0.060       
2456517.74815  2456517.74758  2013-08-13.2481538  coadd_bb070464 2.62 -1.83 17.438      17.094  0.266          269.22        65.35   0.558        0.135       
2456645.15622  2456645.15238  2013-12-18.6562255  coadd_bb097699 3.65 -1.83 17.478     >17.478  99.990         -22.94        62.98   -0.048       0.131       
2456657.12139  2456657.11841  2013-12-30.6213893  coadd_bb099980 2.63 -1.83 18.367     >18.367  99.990         -65.81        27.77   -0.136       0.058       
2456701.02285  2456701.02369  2014-02-12.5228526  coadd_bb102650 1.81 -1.83 17.551     >17.551  99.990         -37.06        58.87   -0.077       0.122       
2456741.89968  2456741.90385  2014-03-25.3992797  coadd_bb105716 1.75 -1.83 18.642     >18.642  99.990         -20.98        21.55   -0.043       0.045       
2456755.87266  2456755.87756  2014-04-08.3722592  coadd_bb107315 1.71 -1.83 17.707     >17.707  99.990         101.43        51.00   0.210        0.106       
2456757.92205  2456757.92704  2014-04-10.4216452  coadd_bb108053 1.69 -1.83 18.244     >18.244  99.990         -51.74        31.11   -0.107       0.064       
2456758.96314  2456758.96816  2014-04-11.4627318  coadd_bb108381 1.67 -1.83 18.143     >18.143  99.990           1.16        34.13   0.002        0.071       
2456771.08835  2456771.09373  2014-04-23.5879487  coadd_bb110081 2.20 -1.83 18.203     >18.203  99.990        -122.26        32.30   -0.253       0.067       
2456783.93039  2456783.93590  2014-05-06.4299831  coadd_bb111544 1.65 -1.83 18.733     >18.733  99.990          20.18        19.83   0.042        0.041       
2456784.91942  2456784.92492  2014-05-07.4190119  coadd_bb111877 1.68 -1.83 18.623      18.446  0.310           77.49        21.93   0.161        0.045       
2456795.01345  2456795.01886  2014-05-17.5130437  coadd_bb113531 1.73 -1.83 17.692     >17.692  99.990         -94.98        51.71   -0.197       0.107       
2456797.01522  2456797.02059  2014-05-19.5148145  coadd_bb114173 1.84 -1.83 18.235     >18.235  99.990           7.05        31.36   0.015        0.065       
2456798.97596  2456798.98129  2014-05-21.4755630  coadd_bb114866 1.73 -1.83 18.530     >18.530  99.990         -42.15        23.91   -0.087       0.050       
2456801.89904  2456801.90429  2014-05-24.3986424  coadd_bb115735 1.61 -1.83 18.694     >18.694  99.990           4.12        20.56   0.009        0.043       
2456803.91056  2456803.91575  2014-05-26.4101658  coadd_bb116338 1.71 -1.83 17.796     >17.796  99.990          71.83        46.97   0.149        0.097       
2456805.89660  2456805.90172  2014-05-28.3961947  coadd_bb116973 1.71 -1.83 18.766     >18.766  99.990          46.80        19.23   0.097        0.040       
2456808.88345  2456808.88846  2014-05-31.3830475  coadd_bb117715 1.99 -1.83 18.389     >18.389  99.990         -37.75        27.23   -0.078       0.056       
2456811.91993  2456811.92482  2014-06-03.4195265  coadd_bb118670 1.71 -1.83 18.735     >18.735  99.990         -64.51        19.79   -0.134       0.041       
2456813.89086  2456813.89566  2014-06-05.3904554  coadd_bb119245 1.67 -1.83 18.156     >18.156  99.990        -112.24        33.73   -0.233       0.070       
2456816.84557  2456816.85023  2014-06-08.3451652  coadd_bb120210 1.71 -1.83 18.138     >18.138  99.990         -32.81        34.28   -0.068       0.071       
2456821.95453  2456821.95892  2014-06-13.4541188  coadd_bb121807 1.97 -1.83 17.028     >17.028  99.990        -268.04        95.35   -0.555       0.198       
2456824.93315  2456824.93737  2014-06-16.4327437  coadd_bb122733 2.02 -1.83 18.129     >18.129  99.990         -28.59        34.56   -0.059       0.072       
2456825.88158  2456825.88575  2014-06-17.3811827  coadd_bb123041 1.82 -1.83 17.976     >17.976  99.990         -85.10        39.82   -0.176       0.083       
2456827.85854  2456827.86258  2014-06-19.3581390  coadd_bb123682 2.00 -1.83 18.771     >18.771  99.990         -33.52        19.15   -0.069       0.040       
2456829.85648  2456829.86039  2014-06-21.3560769  coadd_bb124302 2.09 -1.83 18.815     >18.815  99.990          18.26        18.38   0.038        0.038       
2456832.85271  2456832.85642  2014-06-24.3523059  coadd_bb124960 1.77 -1.83 18.765     >18.765  99.990          45.61        19.26   0.095        0.040       
2456833.87567  2456833.87931  2014-06-25.3752640  coadd_bb125234 2.00 -1.83 18.835     >18.835  99.990         -30.31        18.04   -0.063       0.037       
2456835.84675  2456835.85026  2014-06-27.34635  coadd_bb125646 1.64 -1.83 18.578     >18.578  99.990         -17.63        22.86   -0.037       0.047       
2456848.83480  2456848.83730  2014-07-10.3343920  coadd_bb126604 1.73 -1.83 17.542     >17.542  99.990          56.58        59.39   0.117        0.123       
2456851.82337  2456851.82562  2014-07-13.3229630  coadd_bb127597 1.71 -1.83 17.654     >17.654  99.990        -116.45        53.55   -0.241       0.111       
2456855.84493  2456855.84683  2014-07-17.3445252  coadd_bb128463 1.74 -1.83 18.339     >18.339  99.990         -75.59        28.49   -0.157       0.059       
2456856.81792  2456856.81974  2014-07-18.3175173  coadd_bb128753 1.75 -1.83 18.977     >18.977  99.990         -84.42        15.83   -0.175       0.033       
2456857.82747  2456857.82920  2014-07-19.3270704  coadd_bb129098 1.71 -1.83 18.783     >18.783  99.990        -102.49        18.93   -0.212       0.039       
2456862.82702  2456862.82831  2014-07-24.3266178  coadd_bb129844 1.68 -1.83 18.987     >18.987  99.990         -25.68        15.69   -0.053       0.033       
2456863.80729  2456863.80849  2014-07-25.3068888  coadd_bb130171 1.63 -1.83 18.805     >18.805  99.990         -61.50        18.55   -0.127       0.038       
2456864.80490  2456864.80600  2014-07-26.3044957  coadd_bb130525 1.74 -1.83 18.785     >18.785  99.990         -56.35        18.89   -0.117       0.039       
2456865.80662  2456865.80763  2014-07-27.3062177  coadd_bb130795 1.68 -1.83 18.299     >18.299  99.990        -108.48        29.57   -0.225       0.061       
2456866.80455  2456866.80548  2014-07-28.3041504  coadd_bb131133 1.73 -1.83 18.614     >18.614  99.990         -79.06        22.11   -0.164       0.046       
2456868.79419  2456868.79493  2014-07-30.2937807  coadd_bb131758 1.68 -1.83 18.493     >18.493  99.990         -29.16        24.72   -0.060       0.051       
2456881.77048  2456881.77003  2014-08-12.2700773  coadd_bb133865 1.64 -1.83 18.052     >18.052  99.990        -183.84        37.11   -0.381       0.077       
2456882.76748  2456882.76693  2014-08-13.2670780  coadd_bb134266 1.73 -1.83 18.688     >18.688  99.990         -95.72        20.67   -0.198       0.043       
2456884.76712  2456884.76639  2014-08-15.2667168  coadd_bb134736 1.72 -1.83 18.555     >18.555  99.990        -136.34        23.35   -0.283       0.048       
2456887.76231  2456887.76130  2014-08-18.2619070  coadd_bb135689 1.70 -1.83 18.671     >18.671  99.990         -47.49        20.99   -0.098       0.043       
2456888.74515  2456888.74405  2014-08-19.2447416  coadd_bb136528 1.71 -1.83 18.505     >18.505  99.990         -81.85        24.45   -0.170       0.051       
2456889.74442  2456889.74324  2014-08-20.2440182  coadd_bb136146 1.69 -1.83 18.614     >18.614  99.990        -117.31        22.12   -0.243       0.046       
2456891.73774  2456891.73637  2014-08-22.2373319  coadd_bb136926 1.74 -1.83 17.917     >17.917  99.990        -112.74        42.02   -0.234       0.087       
2456892.74039  2456892.73894  2014-08-23.2399886  coadd_bb137292 1.74 -1.83 18.645     >18.645  99.990          19.89        21.49   0.041        0.045       
2456896.73171  2456896.72990  2014-08-27.2313059  coadd_bb138444 1.72 -1.83 17.902     >17.902  99.990         -93.29        42.60   -0.193       0.088       
2457008.16376  2457008.15963  2014-12-16.6633540  coadd_bb163661 2.12 -1.83 16.622     >16.622  99.990        -229.65       138.60   -0.476       0.287       
2457018.14835  2457018.14490  2014-12-26.6479501  coadd_bb166376 2.20 -1.83 18.499     >18.499  99.990         -31.33        24.60   -0.065       0.051       
2457022.14868  2457022.14553  2014-12-30.6482756  coadd_bb167500 1.73 -1.83 18.583     >18.583  99.990         -59.99        22.77   -0.124       0.047       
2457030.14278  2457030.14027  2015-01-07.6423721  coadd_bb168067 1.83 -1.83 17.721     >17.721  99.990        -196.22        50.33   -0.407       0.104       
2457031.13767  2457031.13525  2015-01-08.6372628  coadd_bb168471 1.69 -1.83 18.124     >18.124  99.990          40.45        34.73   0.084        0.072       
2457039.11075  2457039.10903  2015-01-16.6103462  coadd_bb171355 2.21 -1.83 18.543     >18.543  99.990         -91.16        23.61   -0.189       0.049       
2457041.10928  2457041.10775  2015-01-18.6088765  coadd_bb172187 1.79 -1.83 18.856     >18.856  99.990           4.38        17.70   0.009        0.037       
2457043.10774  2457043.10639  2015-01-20.6073350  coadd_bb172903 2.81 -1.83 18.704     >18.704  99.990          25.66        20.35   0.053        0.042       
2457045.10475  2457045.10358  2015-01-22.6043532  coadd_bb173728 1.76 -1.83 18.612     >18.612  99.990        -132.95        22.15   -0.275       0.046       
2457047.10093  2457047.09995  2015-01-24.6005291  coadd_bb174551 1.85 -1.83 18.615     >18.615  99.990          10.50        22.09   0.022        0.046       
2457049.11001  2457049.10922  2015-01-26.6096042  coadd_bb175330 1.88 -1.83 18.599     >18.599  99.990          26.25        22.42   0.054        0.046       
2457051.11025  2457051.10965  2015-01-28.6098520  coadd_bb175819 1.87 -1.83 18.761     >18.761  99.990         -56.70        19.32   -0.117       0.040       
2457054.07527  2457054.07495  2015-01-31.5748658  coadd_bb176849 2.32 -1.83 18.040     >18.040  99.990         -68.11        37.53   -0.141       0.078       
2457056.08717  2457056.08704  2015-02-02.5867621  coadd_bb177670 1.76 -1.83 18.048     >18.048  99.990         -10.37        37.25   -0.021       0.077       
2457062.06264  2457062.06308  2015-02-08.5622429  coadd_bb178457 1.74 -1.83 17.690     >17.690  99.990        -145.55        51.79   -0.302       0.107       
2457069.06039  2457069.06148  2015-02-15.5599748  coadd_bb179630 1.79 -1.83 18.752     >18.752  99.990          43.69        19.49   0.091        0.040       
2457071.05371  2457071.05500  2015-02-17.5532760  coadd_bb180401 1.71 -1.83 18.670     >18.670  99.990          37.05        21.00   0.077        0.044       
2457074.04895  2457074.05051  2015-02-20.5485606  coadd_bb181281 1.64 -1.83 18.592     >18.592  99.990         -72.59        22.58   -0.150       0.047       
2457078.04224  2457078.04416  2015-02-24.5418157  coadd_bb182096 1.84 -1.83 18.960     >18.960  99.990         -82.13        16.08   -0.170       0.033       
2457081.03794  2457081.04012  2015-02-27.5375349  coadd_bb183019 1.65 -1.83 18.945     >18.945  99.990           9.19        16.31   0.019        0.034       
2457084.03439  2457084.03683  2015-03-02.5339837  coadd_bb183506 1.80 -1.83 18.068     >18.068  99.990        -170.51        36.57   -0.353       0.076       
2457095.14718  2457095.15052  2015-03-13.6467778  coadd_bb184836 2.03 -1.83 18.368     >18.368  99.990          16.91        27.75   0.035        0.058       
2457095.78707  2457095.79046  2015-03-14.2866721  coadd_bf091103 1.43 -2.36 18.158     >18.158  99.990          -2.07        20.75   -0.007       0.070       
2457097.02282  2457097.02630  2015-03-15.5224202  coadd_bb185461 1.74 -1.83 18.637     >18.637  99.990         -67.06        21.65   -0.139       0.045       
2457098.94001  2457098.94363  2015-03-17.4396056  coadd_bb186035 1.69 -1.83 18.530     >18.530  99.990        -123.05        23.91   -0.255       0.050       
2457101.07475  2457101.07852  2015-03-19.5747655  coadd_bb186783 1.70 -1.83 18.597     >18.597  99.990           2.75        22.46   0.006        0.047       
2457104.01174  2457104.01570  2015-03-22.5117497  coadd_bb187596 1.72 -1.83 18.853      18.649  0.302           64.25        17.75   0.133        0.037       
2457107.02788  2457107.03203  2015-03-25.5278887  coadd_bb188592 1.59 -1.83 18.348      17.898  0.241          128.30        28.27   0.266        0.059       
2457109.90667  2457109.91101  2015-03-28.4066883  coadd_bb189274 1.67 -1.83 19.033     >19.033  99.990          32.24        15.03   0.067        0.031       
2457110.90382  2457110.90821  2015-03-29.4038328  coadd_bb189606 1.79 -1.83 19.036     >19.036  99.990          10.95        14.99   0.023        0.031       
2457111.98149  2457111.98594  2015-03-30.4815100  coadd_bb189962 1.72 -1.83 18.747     >18.747  99.990         -50.48        19.57   -0.105       0.041       
2457113.01608  2457113.02058  2015-03-31.5160884  coadd_bb190322 1.65 -1.83 18.409     >18.409  99.990        -120.34        26.71   -0.249       0.055       
2457113.99094  2457113.99550  2015-04-01.4909520  coadd_bb190657 1.69 -1.83 18.083     >18.083  99.990          25.62        36.07   0.053        0.075       
2457123.11177  2457123.11675  2015-04-10.6117895  coadd_bb193064 1.73 -1.83 17.963     >17.963  99.990        -135.19        40.29   -0.280       0.083       
2457125.01930  2457125.02436  2015-04-12.5193123  coadd_bb193374 1.86 -1.83 18.504     >18.504  99.990         -68.98        24.48   -0.143       0.051       
2457128.02638  2457128.03154  2015-04-15.5263902  coadd_bb194076 1.70 -1.83 18.083     >18.083  99.990          54.64        36.09   0.113        0.075       
2457130.93437  2457130.93962  2015-04-18.4343762  coadd_bb194583 1.71 -1.83 18.571      18.282  0.280           90.09        23.01   0.187        0.048       
2457135.93518  2457135.94055  2015-04-23.4351915  coadd_bb195925 1.70 -1.83 18.758      18.717  0.351           60.37        19.38   0.125        0.040       
2457138.84979  2457138.85522  2015-04-26.3497973  coadd_bb196829 1.66 -1.83 18.188     >18.188  99.990          30.04        32.76   0.062        0.068       
2457148.97174  2457148.97724  2015-05-06.4717398  coadd_bb198001 1.74 -1.83 17.555     >17.555  99.990         113.57        58.66   0.235        0.122       
2457149.89515  2457149.90066  2015-05-07.3951534  coadd_bb198285 1.78 -1.83 18.216     >18.216  99.990          32.13        31.93   0.067        0.066       
2457155.91653  2457155.92200  2015-05-13.4165324  coadd_bb199718 1.62 -1.83 18.524      18.063  0.239          110.26        24.04   0.228        0.050       
2457157.89503  2457157.90047  2015-05-15.3950589  coadd_bb200193 1.69 -1.83 18.504     >18.504  99.990         -28.72        24.47   -0.060       0.051       
2457161.90560  2457161.91097  2015-05-19.4056011  coadd_bb200973 1.73 -1.83 18.959     >18.959  99.990          -3.86        16.10   -0.008       0.033       
2457164.90705  2457164.91235  2015-05-22.4070607  coadd_bb201863 1.60 -1.83 18.867     >18.867  99.990          33.74        17.52   0.070        0.036       
2457166.75448  2457166.75974  2015-05-24.2544916  coadd_bb202156 1.79 -1.83 18.740     >18.740  99.990          34.77        19.69   0.072        0.041       
2457168.86978  2457168.87498  2015-05-26.3698008  coadd_bb202698 1.72 -1.83 18.582     >18.582  99.990          11.55        22.78   0.024        0.047       
2457177.97197  2457177.97683  2015-06-04.4719906  coadd_bb204428 1.65 -1.83 17.655      17.515  0.321          182.67        53.52   0.379        0.111       
2457178.86933  2457178.87415  2015-06-05.3693572  coadd_bb204682 1.76 -1.83 18.210     >18.210  99.990        -100.87        32.09   -0.209       0.066       
2457180.96308  2457180.96780  2015-06-07.4630906  coadd_bb205336 1.67 -1.83 17.767     >17.767  99.990          62.52        48.27   0.130        0.100       
2457183.79987  2457183.80445  2015-06-10.2998846  coadd_bb205998 1.81 -1.83 18.578      18.285  0.278           89.91        22.87   0.186        0.047       
2457188.87132  2457188.87562  2015-06-15.3713408  coadd_bb206758 1.72 -1.83 18.614      17.963  0.200          120.94        22.11   0.251        0.046       
2457191.89048  2457191.89460  2015-06-18.3904784  coadd_bb207639 1.63 -1.83 18.775      18.477  0.277           75.32        19.06   0.156        0.040       
2457193.87887  2457193.88287  2015-06-20.3788821  coadd_bb208129 1.81 -1.83 18.543      18.004  0.222          116.41        23.62   0.241        0.049       
2457195.88614  2457195.89000  2015-06-22.3861501  coadd_bb208715 1.79 -1.83 18.487      18.486  0.365           74.69        24.86   0.155        0.052       
2457199.75404  2457199.75764  2015-06-26.2540577  coadd_bb209548 2.02 -1.83 18.164     >18.164  99.990          90.16        33.48   0.187        0.069       
2457203.85330  2457203.85660  2015-06-30.3533012  coadd_bb210802 1.97 -1.83 17.579      17.102  0.235          267.17        57.36   0.554        0.119       
2457205.89032  2457205.89347  2015-07-02.3903194  coadd_bb211349 1.69 -1.83 17.855     >17.855  99.990         -86.30        44.51   -0.179       0.092       
2457206.87232  2457206.87540  2015-07-03.3723244  coadd_bb211645 1.71 -1.83 17.936     >17.936  99.990          96.87        41.31   0.201        0.086       
2457209.88718  2457209.89002  2015-07-06.3871839  coadd_bb212244 1.67 -1.83 18.135     >18.135  99.990         -96.37        34.40   -0.200       0.071       
2457210.79494  2457210.79771  2015-07-07.2949422  coadd_bb212480 1.76 -1.83 18.663     >18.663  99.990         -44.83        21.14   -0.093       0.044       
2457215.81935  2457215.82171  2015-07-12.3193513  coadd_bb213337 2.30 -1.83 18.897     >18.897  99.990           4.86        17.04   0.010        0.035       
2457221.84530  2457221.84714  2015-07-18.3452966  coadd_bb214299 1.72 -1.83 18.474     >18.474  99.990          59.05        25.15   0.122        0.052       
2457226.82671  2457226.82811  2015-07-23.3267096  coadd_bb215051 1.62 -1.83 18.483      17.984  0.230          118.60        24.96   0.246        0.052       
2457231.79948  2457231.80043  2015-07-28.2994817  coadd_bb216420 2.79 -1.83 17.866      17.755  0.329          146.42        44.05   0.303        0.091       
2457235.80610  2457235.80668  2015-08-01.3061038  coadd_bb217435 1.75 -1.83 17.560     >17.560  99.990          12.55        58.39   0.026        0.121       
2457237.78400  2457237.78441  2015-08-03.2840059  coadd_bb217806 1.98 -1.83 18.845      18.380  0.238           82.34        17.88   0.171        0.037       
2457242.78463  2457242.78457  2015-08-08.2846355  coadd_bb218906 2.03 -1.83 18.484      17.815  0.197          138.58        24.94   0.287        0.052       
2457244.78869  2457244.78844  2015-08-10.2886910  coadd_bb219600 2.23 -1.83 18.614     >18.614  99.990          36.12        22.12   0.075        0.046       
2457245.77468  2457245.77434  2015-08-11.2746840  coadd_bb219941 2.14 -1.83 18.564      17.527  0.140          180.60        23.16   0.374        0.048       
2457247.75916  2457247.75864  2015-08-13.2591630  coadd_bb220618 2.21 -1.83 18.076      17.936  0.321          123.96        36.32   0.257        0.075       
2457250.75321  2457250.75241  2015-08-16.2532153  coadd_bb221099 2.36 -1.83 17.423      17.371  0.348          208.48        66.24   0.432        0.137       
2457251.74804  2457251.74715  2015-08-17.2480405  coadd_bb221237 2.16 -1.83 18.914      18.443  0.236           77.69        16.78   0.161        0.035       
2457389.14700  2457389.14399  2016-01-01.6470018  coadd_bb254887 2.01 -1.83 18.491     >18.491  99.990         -68.38        24.77   -0.142       0.051       
2457395.12979  2457395.12727  2016-01-07.6297950  coadd_bb256845 2.53 -1.83 18.697     >18.697  99.990        -118.56        20.50   -0.246       0.042       
2457398.11975  2457398.11748  2016-01-10.6197478  coadd_bb258106 1.75 -1.83 18.597      18.540  0.346           71.03        22.47   0.147        0.047       
2457400.11307  2457400.11098  2016-01-12.613075  coadd_bb258970 1.82 -1.83 18.738     >18.738  99.990         -53.61        19.74   -0.111       0.041       
2457403.10302  2457403.10119  2016-01-15.6030223  coadd_bb259829 1.69 -1.83 18.824     >18.824  99.990         -28.84        18.23   -0.060       0.038       
2457404.14503  2457404.14329  2016-01-16.6450293  coadd_bb260276 1.72 -1.83 18.668     >18.668  99.990        -109.30        21.05   -0.226       0.044       
2457407.13485  2457407.13339  2016-01-19.6348525  coadd_bb261567 1.64 -1.83 18.877     >18.877  99.990          -0.83        17.36   -0.002       0.036       
2457410.08723  2457410.08604  2016-01-22.5872304  coadd_bb262800 1.77 -1.83 18.132     >18.132  99.990          20.98        34.47   0.043        0.071       
2457412.08027  2457412.07927  2016-01-24.5802728  coadd_bb263657 2.01 -1.83 17.698     >17.698  99.990        -219.52        51.43   -0.455       0.107       
2457414.09248  2457414.09166  2016-01-26.5924803  coadd_bb264533 1.71 -1.83 17.635     >17.635  99.990          38.77        54.50   0.080        0.113       
2457416.12955  2457416.12892  2016-01-28.6295493  coadd_bb265425 1.78 -1.83 18.242     >18.242  99.990           5.66        31.16   0.012        0.065       
2457422.14458  2457422.14452  2016-02-03.6445784  coadd_bb267953 1.73 -1.83 18.761     >18.761  99.990        -117.52        19.32   -0.244       0.040       
2457424.10818  2457424.10832  2016-02-05.6081844  coadd_bb268899 1.78 -1.83 18.480     >18.480  99.990         -33.06        25.03   -0.069       0.052       
2457427.04541  2457427.04582  2016-02-08.5454115  coadd_bb269519 2.13 -1.83 18.973     >18.973  99.990         -84.00        15.89   -0.174       0.033       
2457430.02997  2457430.03067  2016-02-11.5299759  coadd_bb270758 1.68 -1.83 18.879     >18.879  99.990         -79.39        17.33   -0.165       0.036       
2457431.02642  2457431.02722  2016-02-12.5264253  coadd_bb271179 1.70 -1.83 18.890     >18.890  99.990         -88.85        17.15   -0.184       0.036       
2457433.02325  2457433.02423  2016-02-14.5232576  coadd_bb271901 2.07 -1.83 18.932     >18.932  99.990         -41.12        16.50   -0.085       0.034       
2457437.00949  2457437.01085  2016-02-18.5094972  coadd_bb273134 1.74 -1.83 18.017     >18.017  99.990         -19.79        38.34   -0.041       0.079       
2457438.11195  2457438.11340  2016-02-19.6119540  coadd_bb273630 2.02 -1.83 18.634     >18.634  99.990        -109.55        21.71   -0.227       0.045       
2457439.00640  2457439.00793  2016-02-20.5064009  coadd_bb273969 2.32 -1.83 18.012     >18.012  99.990         -51.70        38.49   -0.107       0.080       
2457441.04106  2457441.04277  2016-02-22.5410563  coadd_bb274823 1.79 -1.83 17.663     >17.663  99.990        -128.48        53.12   -0.266       0.110       
2457443.07933  2457443.08123  2016-02-24.5793315  coadd_bb275662 1.79 -1.83 18.060     >18.060  99.990         -39.66        36.85   -0.082       0.076       
2457450.08107  2457450.08358  2016-03-02.5810708  coadd_bb278347 1.68 -1.83 18.585     >18.585  99.990         -12.80        22.71   -0.027       0.047       
2457452.08523  2457452.08791  2016-03-04.5852324  coadd_bb279175 1.79 -1.83 18.884     >18.884  99.990         -21.56        17.26   -0.045       0.036       
2457453.99871  2457454.00154  2016-03-06.4987092  coadd_bb279932 1.67 -1.83 18.842     >18.842  99.990           1.93        17.94   0.004        0.037       
2457457.95795  2457457.96110  2016-03-10.4579505  coadd_bb281168 1.77 -1.83 18.976     >18.976  99.990         -41.53        15.84   -0.086       0.033       
2457459.97381  2457459.97712  2016-03-12.4738119  coadd_bb281974 1.66 -1.83 19.093     >19.093  99.990           6.41        14.23   0.013        0.029       
2457461.07209  2457461.07548  2016-03-13.5720959  coadd_bb282376 1.69 -1.83 18.918     >18.918  99.990         -38.76        16.72   -0.080       0.035       
2457463.93654  2457463.94014  2016-03-16.4365418  coadd_bb283287 1.74 -1.83 18.416     >18.416  99.990         -18.79        26.53   -0.039       0.055       
2457465.03131  2457465.03498  2016-03-17.5313096  coadd_bb283680 1.76 -1.83 18.829     >18.829  99.990         -90.07        18.14   -0.187       0.038       
2457466.99182  2457466.99564  2016-03-19.4918237  coadd_bb284411 1.64 -1.83 18.165     >18.165  99.990         -31.01        33.46   -0.064       0.069       
2457469.92811  2457469.93211  2016-03-22.4281079  coadd_bb285236 1.94 -1.83 17.221     >17.221  99.990        -309.34        79.81   -0.641       0.165       
2457472.00649  2457472.01063  2016-03-24.5064909  coadd_bb285903 2.03 -1.83 17.529     >17.529  99.990          54.89        60.06   0.114        0.124       
2457476.91281  2457476.91724  2016-03-29.4128122  coadd_bb286966 1.69 -1.83 18.311     >18.311  99.990         -65.13        29.24   -0.135       0.061       
2457479.04201  2457479.04655  2016-03-31.5420087  coadd_bb287773 1.66 -1.83 18.469      18.354  0.328           84.33        25.29   0.175        0.052       
2457481.02004  2457481.02470  2016-04-02.5200460  coadd_bb288407 1.75 -1.83 18.944      18.900  0.350           51.02        16.32   0.106        0.034       
2457483.92603  2457483.93082  2016-04-05.4260302  coadd_bb289509 1.71 -1.83 18.832      18.444  0.255           77.62        18.09   0.161        0.037       
2457487.98006  2457487.98503  2016-04-09.4800626  coadd_bb290069 1.76 -1.83 18.673      18.669  0.364           63.07        20.95   0.131        0.043       
2457490.88516  2457490.89024  2016-04-12.3851608  coadd_bb291154 1.69 -1.83 18.907      18.868  0.352           52.54        16.89   0.109        0.035       
2457491.96961  2457491.97473  2016-04-13.4696098  coadd_bb291598 1.78 -1.83 18.749     >18.749  99.990          45.07        19.52   0.093        0.040       
2457493.02704  2457493.03220  2016-04-14.5270467  coadd_bb291940 1.66 -1.83 18.621     >18.621  99.990          44.39        21.98   0.092        0.046       
2457495.84389  2457495.84913  2016-04-17.3438894  coadd_bb292881 1.84 -1.83 17.730     >17.730  99.990          31.82        49.92   0.066        0.103       
2457499.98330  2457499.98864  2016-04-21.4832987  coadd_bb293896 1.67 -1.83 17.351     >17.351  99.990         110.65        70.81   0.229        0.147       
2457503.96539  2457503.97081  2016-04-25.4653918  coadd_bb295242 1.75 -1.83 17.940     >17.940  99.990        -119.87        41.15   -0.248       0.085       
2457504.83598  2457504.84142  2016-04-26.3359834  coadd_bb295516 1.68 -1.83 18.332     >18.332  99.990         -22.66        28.68   -0.047       0.059       
2457506.82082  2457506.82628  2016-04-28.3208222  coadd_bb296246 1.86 -1.83 18.927     >18.927  99.990          32.48        16.58   0.067        0.034       
2457510.97908  2457510.98458  2016-05-02.4790858  coadd_bb297561 1.73 -1.83 19.007     >19.007  99.990         -17.65        15.40   -0.037       0.032       
2457514.86470  2457514.87020  2016-05-06.3646988  coadd_bb298952 1.64 -1.83 18.789     >18.789  99.990          -4.10        18.82   -0.008       0.039       
2457523.81613  2457523.82156  2016-05-15.3161312  coadd_bb300254 1.71 -1.83 18.360     >18.360  99.990         -30.67        27.96   -0.064       0.058       
2457531.89176  2457531.89703  2016-05-23.3917640  coadd_bb302485 2.14 -1.83 17.793     >17.793  99.990         -22.76        47.10   -0.047       0.098       
2457535.97644  2457535.98158  2016-05-27.4764447  coadd_bb303272 1.64 -1.83 18.189     >18.189  99.990         -66.28        32.71   -0.137       0.068       
2457538.95104  2457538.95607  2016-05-30.4510398  coadd_bb304148 1.64 -1.83 18.700     >18.700  99.990          20.66        20.43   0.043        0.042       
2457542.93712  2457542.94199  2016-06-03.4371285  coadd_bb305071 1.80 -1.83 19.050      18.814  0.293           55.21        14.80   0.114        0.031       
2457546.94968  2457546.95437  2016-06-07.4496858  coadd_bb306168 1.69 -1.83 18.930      18.853  0.340           53.24        16.54   0.110        0.034       
2457547.95005  2457547.95468  2016-06-08.4500491  coadd_bb306502 1.72 -1.83 18.923     >18.923  99.990          49.24        16.64   0.102        0.034       
2457549.93140  2457549.93594  2016-06-10.4314033  coadd_bb307159 1.74 -1.83 18.623     >18.623  99.990          39.82        21.94   0.083        0.045       
2457558.87946  2457558.88347  2016-06-19.3794597  coadd_bb308948 1.67 -1.83 17.794     >17.794  99.990          52.89        47.06   0.110        0.098       
2457560.91434  2457560.91822  2016-06-21.4143395  coadd_bb309673 1.65 -1.83 17.677     >17.677  99.990        -106.65        52.45   -0.221       0.109       
2457561.78773  2457561.79155  2016-06-22.2877327  coadd_bb309869 1.78 -1.83 18.222     >18.222  99.990          23.79        31.75   0.049        0.066       
2457565.81908  2457565.82262  2016-06-26.3190834  coadd_bb310727 1.73 -1.83 19.127     >19.127  99.990           8.84        13.80   0.018        0.029       
2457570.85039  2457570.85356  2016-07-01.3503869  coadd_bb312114 1.79 -1.83 17.847     >17.847  99.990         -99.01        44.81   -0.205       0.093       
2457572.88369  2457572.88671  2016-07-03.3836950  coadd_bb312381 1.80 -1.83 18.901     >18.901  99.990         -27.35        16.97   -0.057       0.035       
2457575.87418  2457575.87696  2016-07-06.3741822  coadd_bb313108 1.73 -1.83 18.716     >18.716  99.990         -61.27        20.13   -0.127       0.042       
2457577.86447  2457577.86709  2016-07-08.3644701  coadd_bb313805 1.65 -1.83 18.983     >18.983  99.990         -20.02        15.74   -0.041       0.033       
2457581.84898  2457581.85127  2016-07-12.3489799  coadd_bb314773 1.71 -1.83 18.259     >18.259  99.990        -123.15        30.67   -0.255       0.064       
2457586.83286  2457586.83472  2016-07-17.3328570  coadd_bb315864 1.77 -1.83 17.849     >17.849  99.990        -162.82        44.73   -0.337       0.093       
2457591.81515  2457591.81657  2016-07-22.3151461  coadd_bb316817 1.68 -1.83 18.278     >18.278  99.990         -67.89        30.13   -0.141       0.062       
2457596.82190  2457596.82288  2016-07-27.3219059  coadd_bb317817 2.28 -1.83 18.982     >18.982  99.990         -31.32        15.76   -0.065       0.033       
2457600.78245  2457600.78306  2016-07-31.2824565  coadd_bb318970 1.74 -1.83 18.833     >18.833  99.990        -108.63        18.07   -0.225       0.037       
2457602.78927  2457602.78969  2016-08-02.2892723  coadd_bb319585 1.76 -1.83 18.919     >18.919  99.990         -60.50        16.70   -0.125       0.035       
2457604.77689  2457604.77713  2016-08-04.2768896  coadd_bb320301 1.75 -1.83 18.907     >18.907  99.990         -72.80        16.88   -0.151       0.035       
2457606.77632  2457606.77638  2016-08-06.2763265  coadd_bb320836 1.84 -1.83 18.920     >18.920  99.990         -43.06        16.68   -0.089       0.035       
2457613.75736  2457613.75677  2016-08-13.2573584  coadd_bb323185 2.04 -1.83 18.324     >18.324  99.990          -6.48        28.89   -0.013       0.060       
2457617.73971  2457617.73875  2016-08-17.2397099  coadd_bb324132 2.25 -1.83 17.874     >17.874  99.990         -49.86        43.73   -0.103       0.091       
2457620.73797  2457620.73674  2016-08-20.2379711  coadd_bb325233 2.11 -1.83 18.198     >18.198  99.990         -59.14        32.44   -0.123       0.067       
2457629.53218  2457629.53018  2016-08-29.0321872  coadd_bf228046 1.55 -2.36 18.615     >18.615  99.990          18.55        13.62   0.062        0.046       
2457630.52008  2457630.51799  2016-08-30.0200796  coadd_bf228430 1.57 -2.36 18.567     >18.567  99.990          14.51        14.24   0.049        0.048       
2457631.51238  2457631.51021  2016-08-31.0123858  coadd_bf228827 2.06 -2.36 18.404     >18.404  99.990         -64.64        16.54   -0.217       0.056       
2457633.50941  2457633.50707  2016-09-02.0094143  coadd_bf229443 1.55 -2.36 18.571     >18.571  99.990         -40.54        14.18   -0.136       0.048       
2457634.51017  2457634.50775  2016-09-03.0101778  coadd_bf229844 1.56 -2.36 18.576     >18.576  99.990          -2.06        14.11   -0.007       0.047       
2457635.50206  2457635.49955  2016-09-04.0020618  coadd_bf230235 1.53 -2.36 18.587     >18.587  99.990         -30.72        13.98   -0.103       0.047       
2457641.48099  2457641.47800  2016-09-09.9809878  coadd_bf232315 1.78 -2.36 18.098     >18.098  99.990         -10.75        21.92   -0.036       0.074       
2457756.14720  2457756.14432  2017-01-02.6471978  coadd_bb358496 1.70 -1.83 18.787     >18.787  99.990           1.34        18.85   0.003        0.039       
2457762.11974  2457762.11736  2017-01-08.6197381  coadd_bb360620 1.71 -1.83 18.978     >18.978  99.990         -15.53        15.81   -0.032       0.033       
2457765.12104  2457765.11893  2017-01-11.6210462  coadd_bb361880 1.71 -1.83 17.909     >17.909  99.990          90.50        42.35   0.188        0.088       
2457768.11443  2457768.11258  2017-01-14.6144337  coadd_bb363242 1.79 -1.83 17.984     >17.984  99.990        -104.56        39.50   -0.217       0.082       
2457777.14829  2457777.14727  2017-01-23.6482960  coadd_bb366224 1.71 -1.83 18.668      18.381  0.280           82.28        21.05   0.170        0.044       
2457779.86058  2457779.85981  2017-01-26.3605778  coadd_bf270568 1.43 -2.36 18.466     >18.466  99.990         -34.88        15.62   -0.117       0.053       
2457783.10152  2457783.10106  2017-01-29.6015214  coadd_bb368651 1.72 -1.83 18.703      17.790  0.157          141.80        20.38   0.294        0.042       
2457784.85826  2457784.85797  2017-01-31.3582653  coadd_bf272198 1.48 -2.36 18.357     >18.357  99.990          36.67        17.27   0.123        0.058       
2457789.04741  2457789.04751  2017-02-04.5474090  coadd_bb370851 1.77 -1.83 19.089     >19.089  99.990         -41.13        14.28   -0.085       0.030       
2457790.10015  2457790.10035  2017-02-05.6001472  coadd_bb371309 1.76 -1.83 18.947      18.253  0.192           92.54        16.27   0.192        0.034       
2457794.03365  2457794.03423  2017-02-09.5336547  coadd_bb372081 1.82 -1.83 17.704     >17.704  99.990         -16.52        51.16   -0.034       0.106       
2457798.09603  2457798.09699  2017-02-13.5960275  coadd_bb373206 2.01 -1.83 17.897     >17.897  99.990          -5.05        42.80   -0.010       0.089       
2457804.15959  2457804.16111  2017-02-19.6595957  coadd_bb375500 1.81 -1.83 18.495     >18.495  99.990         -39.42        24.68   -0.082       0.051       
2457806.05689  2457806.05859  2017-02-21.5568960  coadd_bb375992 2.00 -1.83 19.078     >19.078  99.990          19.44        14.42   0.040        0.030       
2457809.98901  2457809.99106  2017-02-25.4890179  coadd_bb377289 2.04 -1.83 18.624     >18.624  99.990         -59.40        21.91   -0.123       0.045       
2457816.97232  2457816.97497  2017-03-04.4723228  coadd_bb378005 2.15 -1.83 18.928     >18.928  99.990         -26.94        16.56   -0.056       0.034       
2457817.96880  2457817.97153  2017-03-05.4687974  coadd_bb378391 2.11 -1.83 18.972     >18.972  99.990          25.43        15.90   0.053        0.033       
2457818.96502  2457818.96784  2017-03-06.4650256  coadd_bb378707 2.04 -1.83 18.411     >18.411  99.990          29.76        26.67   0.062        0.055       
2457819.96133  2457819.96423  2017-03-07.4613324  coadd_bb379046 2.02 -1.83 18.002     >18.002  99.990          85.58        38.86   0.177        0.081       
2457824.02335  2457824.02656  2017-03-11.5233506  coadd_bb379753 1.98 -1.83 17.612     >17.612  99.990         121.20        55.65   0.251        0.115       
2457825.04211  2457825.04540  2017-03-12.5421091  coadd_bb379851 2.17 -1.83 17.613     >17.613  99.990          62.91        55.61   0.130        0.115       
2457827.72718  2457827.73067  2017-03-15.2271806  coadd_bf284109 1.46 -2.36 17.280     >17.280  99.990        -103.63        46.57   -0.348       0.157       
2457832.14684  2457832.15064  2017-03-19.6468368  coadd_bb382559 1.78 -1.83 18.219     >18.219  99.990           2.58        31.82   0.005        0.066       
2457833.01363  2457833.01749  2017-03-20.5136312  coadd_bb382851 1.70 -1.83 18.595     >18.595  99.990         -36.00        22.50   -0.075       0.047       
2457835.02859  2457835.03259  2017-03-22.5285980  coadd_bb383623 1.75 -1.83 19.081     >19.081  99.990          34.71        14.38   0.072        0.030       
2457837.80200  2457837.80617  2017-03-25.3020038  coadd_bf287859 1.52 -2.36 18.800     >18.800  99.990          17.17        11.49   0.058        0.039       
2457844.89611  2457844.90069  2017-04-01.3961171  coadd_bb386744 1.80 -1.83 18.756     >18.756  99.990          29.19        19.41   0.060        0.040       
2457847.00911  2457847.01380  2017-04-03.5091160  coadd_bb387432 1.67 -1.83 18.953     >18.953  99.990          14.57        16.18   0.030        0.034       
2457848.88831  2457848.89308  2017-04-05.3883115  coadd_bb388098 1.80 -1.83 18.431     >18.431  99.990          46.08        26.18   0.095        0.054       
2457850.05901  2457850.06384  2017-04-06.5590144  coadd_bb388603 1.78 -1.83 18.822      18.613  0.301           66.44        18.26   0.138        0.038       
2457850.90044  2457850.90531  2017-04-07.4004467  coadd_bb388846 2.07 -1.83 18.202     >18.202  99.990          52.09        32.33   0.108        0.067       
2457851.86175  2457851.86666  2017-04-08.3617490  coadd_bf292132 1.64 -2.36 18.493     >18.493  99.990          27.34        15.24   0.092        0.051       
2457852.87166  2457852.87661  2017-04-09.3716638  coadd_bb389533 1.80 -1.83 17.695     >17.695  99.990          53.61        51.58   0.111        0.107       
2457859.01980  2457859.02498  2017-04-15.5198032  coadd_bb391139 1.85 -1.83 17.983      17.705  0.283          153.26        39.55   0.318        0.082       
2457863.00932  2457863.01461  2017-04-19.5093214  coadd_bb391780 1.79 -1.83 18.677      17.886  0.176          129.76        20.87   0.269        0.043       
2457865.77593  2457865.78129  2017-04-22.2759349  coadd_bf296077 1.43 -2.36 18.633      18.291  0.266           55.06        13.40   0.185        0.045       
2457869.73581  2457869.74125  2017-04-26.2358140  coadd_bf297487 1.42 -2.36 18.512     >18.512  99.990          41.99        14.98   0.141        0.050       
2457872.60876  2457872.61423  2017-04-29.1087637  coadd_bf298660 1.42 -2.36 18.254      17.991  0.286           72.55        18.99   0.244        0.064       
2457877.58538  2457877.59088  2017-05-04.0853813  coadd_bf300601 1.40 -2.36 18.067     >18.067  99.990         -45.45        22.55   -0.153       0.076       
2457878.79154  2457878.79705  2017-05-05.2915422  coadd_bf301184 1.49 -2.36 18.068      17.931  0.322           76.72        22.54   0.258        0.076       
2457880.60482  2457880.61033  2017-05-07.1048215  coadd_bf301860 1.71 -2.36 17.549     >17.549  99.990         -16.40        36.35   -0.055       0.122       
2457888.04226  2457888.04771  2017-05-14.5422675  coadd_bb397380 1.99 -1.83 17.593     >17.593  99.990          90.35        56.66   0.187        0.117       
2457890.00267  2457890.00809  2017-05-16.5026755  coadd_bb397676 1.78 -1.83 18.156      16.966  0.122          302.88        33.72   0.628        0.070       
2457891.91321  2457891.91859  2017-05-18.4132060  coadd_bb398318 2.00 -1.83 18.724      17.415  0.109          200.32        19.98   0.415        0.041       
2457894.69043  2457894.69575  2017-05-21.1904313  coadd_bf305240 1.44 -2.36 18.728     >18.728  99.990           0.48        12.28   0.002        0.041       
2457895.74280  2457895.74810  2017-05-22.2428055  coadd_bb399518 2.18 -1.83 17.657     >17.657  99.990          84.81        53.39   0.176        0.111       
2457897.00294  2457897.00821  2017-05-23.5029452  coadd_bb400050 1.99 -1.83 17.953      17.127  0.171          261.00        40.68   0.541        0.084       
2457897.99089  2457897.99613  2017-05-24.4908880  coadd_bb400270 1.71 -1.83 18.755      18.268  0.233           91.32        19.43   0.189        0.040       
2457900.94610  2457900.95125  2017-05-27.4461059  coadd_bb401257 1.64 -1.83 18.594      17.317  0.112          219.10        22.54   0.454        0.047       
2457907.85420  2457907.85908  2017-06-03.3542040  coadd_bb403034 1.75 -1.83 18.196     >18.196  99.990          59.25        32.51   0.123        0.067       
2457913.82799  2457913.83260  2017-06-09.3279962  coadd_bb404807 2.01 -1.83 17.476     >17.476  99.990         125.95        63.09   0.261        0.131       
2457917.93600  2457917.94038  2017-06-13.4360048  coadd_bb405756 1.69 -1.83 18.206      17.510  0.192          183.56        32.22   0.380        0.067       
2457924.92057  2457924.92453  2017-06-20.4205758  coadd_bb406763 2.32 -1.83 19.059     >19.059  99.990         -60.11        14.68   -0.125       0.030       
2457926.83225  2457926.83608  2017-06-22.3322511  coadd_bb407337 1.75 -1.83 19.049      18.529  0.226           71.77        14.82   0.149        0.031       
2457929.90703  2457929.91065  2017-06-25.4070298  coadd_bb408297 1.81 -1.83 19.038     >19.038  99.990         -30.04        14.97   -0.062       0.031       
2457935.81558  2457935.81877  2017-07-01.3155809  coadd_bb409780 2.04 -1.83 18.271     >18.271  99.990         -67.99        30.34   -0.141       0.063       
2457936.60762  2457936.61075  2017-07-02.1076230  coadd_bf319486 1.62 -2.36 18.358     >18.358  99.990          13.43        17.26   0.045        0.058       
2457940.76933  2457940.77214  2017-07-06.2693331  coadd_bb411002 2.02 -1.83 17.831     >17.831  99.990        -124.41        45.49   -0.258       0.094       
2457953.84228  2457953.84399  2017-07-19.3422831  coadd_bb411377 1.72 -1.83 18.682     >18.682  99.990          25.66        20.77   0.053        0.043       
2457954.64305  2457954.64469  2017-07-20.1430583  coadd_bf326225 1.51 -2.36 18.285     >18.285  99.990         -38.83        18.47   -0.131       0.062       
2457958.59507  2457958.59636  2017-07-24.0950739  coadd_bf327471 1.52 -2.36 18.325     >18.325  99.990         -60.36        17.79   -0.203       0.060       
2457960.81198  2457960.81307  2017-07-26.3119868  coadd_bb412544 1.68 -1.83 19.017     >19.017  99.990         -34.49        15.26   -0.071       0.032       
2457968.75466  2457968.75502  2017-08-03.2546608  coadd_bb414174 1.75 -1.83 18.068     >18.068  99.990          14.62        36.58   0.030        0.076       
2457971.59601  2457971.59611  2017-08-06.0960163  coadd_bf333011 1.42 -2.36 17.667     >17.667  99.990          25.33        32.60   0.085        0.110       
2457973.77168  2457973.77157  2017-08-08.2716776  coadd_bb415800 1.71 -1.83 17.956     >17.956  99.990        -174.59        40.56   -0.362       0.084       
2457975.76289  2457975.76259  2017-08-10.2628892  coadd_bb416607 1.71 -1.83 18.910     >18.910  99.990          29.22        16.84   0.061        0.035       
2457976.76346  2457976.76307  2017-08-11.2634582  coadd_bb416509 1.84 -1.83 18.884     >18.884  99.990          -9.86        17.25   -0.020       0.036       
2457980.75255  2457980.75180  2017-08-15.2525541  coadd_bb418123 2.02 -1.83 18.827      18.211  0.207           96.20        18.18   0.199        0.038       
2457983.74210  2457983.74107  2017-08-18.2421041  coadd_bb419184 1.75 -1.83 18.680     >18.680  99.990         -16.24        20.82   -0.034       0.043       
2457984.53858  2457984.53748  2017-08-19.0385915  coadd_bf337094 1.42 -2.36 18.709     >18.709  99.990          -5.97        12.49   -0.020       0.042       
2457996.48489  2457996.48274  2017-08-30.9848878  coadd_bf338510 1.47 -2.36 17.975     >17.975  99.990        -100.40        24.55   -0.338       0.083       
2458011.47507  2458011.47173  2017-09-14.9750736  coadd_bf342626 2.26 -2.36 17.724     >17.724  99.990         -16.25        30.96   -0.055       0.104       
2458110.15145  2458110.14773  2017-12-22.6514553  coadd_bb448551 1.68 -1.83 18.726     >18.726  99.990          24.60        19.94   0.051        0.041       
2458120.14018  2458120.13721  2018-01-01.6401847  coadd_bb451023 2.07 -1.83 17.593     >17.593  99.990        -284.35        56.64   -0.589       0.117       
2458121.14311  2458121.14021  2018-01-02.6431121  coadd_bb451378 1.72 -1.83 17.698     >17.698  99.990        -179.16        51.44   -0.371       0.107       
2458122.13668  2458122.13386  2018-01-03.6366824  coadd_bb451733 1.78 -1.83 17.901     >17.901  99.990          23.05        42.64   0.048        0.088       
2458123.13298  2458123.13025  2018-01-04.6329863  coadd_bb452089 1.82 -1.83 18.053     >18.053  99.990          17.72        37.07   0.037        0.077       
2458124.13316  2458124.13050  2018-01-05.6331596  coadd_bb452488 2.04 -1.83 18.143     >18.143  99.990        -116.57        34.14   -0.242       0.071       
2458159.17081  2458159.17138  2018-02-09.6708134  coadd_bb461654 2.00 -1.83 18.165     >18.165  99.990         -58.21        33.44   -0.121       0.069       
2458161.11756  2458161.11831  2018-02-11.6175584  coadd_bb462123 2.00 -1.83 18.821      18.670  0.317           63.05        18.28   0.131        0.038       
2458162.81226  2458162.81317  2018-02-13.3122652  coadd_bf382215 1.41 -2.36 18.711      18.526  0.307           44.36        12.46   0.149        0.042       
2458166.85487  2458166.85616  2018-02-17.3548782  coadd_bf383502 1.44 -2.36 18.465     >18.465  99.990          18.77        15.64   0.063        0.053       
2458181.80145  2458181.80406  2018-03-04.3014518  coadd_bf388185 1.49 -2.36 17.499     >17.499  99.990           4.72        38.07   0.016        0.128       
2458187.85849  2458187.86160  2018-03-10.3584971  coadd_bf390121 1.43 -2.36 18.122      17.714  0.251           93.69        21.45   0.315        0.072       
2458198.06198  2458198.06583  2018-03-20.5619787  coadd_bb467502 1.69 -1.83 18.765     >18.765  99.990          44.05        19.24   0.091        0.040       
2458206.93953  2458206.94393  2018-03-29.4395291  coadd_bb468093 2.16 -1.83 17.857     >17.857  99.990          42.66        44.43   0.088        0.092       
2458207.91225  2458207.91671  2018-03-30.4122531  coadd_bb468366 1.71 -1.83 18.104     >18.104  99.990          51.45        35.40   0.107        0.073       
2458209.89383  2458209.89840  2018-04-01.3938398  coadd_bb468916 1.96 -1.83 17.188     >17.188  99.990         -86.69        82.29   -0.180       0.171       
2458220.96487  2458220.96993  2018-04-12.4648680  coadd_bb469839 1.64 -1.83 18.668      17.745  0.156          147.81        21.04   0.306        0.044       
2458221.96132  2458221.96642  2018-04-13.4613260  coadd_bb470166 2.14 -1.83 18.679      17.305  0.103          221.61        20.83   0.459        0.043       
2458231.64695  2458231.65232  2018-04-23.1469542  coadd_bf406509 1.48 -2.36 17.785     >17.785  99.990         -37.48        29.24   -0.126       0.098       
2458231.85201  2458231.85739  2018-04-23.3520172  coadd_bb472525 1.72 -1.83 18.973     >18.973  99.990          22.85        15.90   0.047        0.033       
2458232.95388  2458232.95928  2018-04-24.4538829  coadd_bb472942 1.69 -1.83 18.322     >18.322  99.990          81.24        28.95   0.168        0.060       
2458233.81516  2458233.82057  2018-04-25.3151571  coadd_bf407414 1.50 -2.36 18.118     >18.118  99.990          62.56        21.54   0.210        0.072       
2458233.98798  2458233.99340  2018-04-25.4879862  coadd_bb473338 2.11 -1.83 18.324      18.002  0.271          116.60        28.90   0.242        0.060       
2458241.83388  2458241.83938  2018-05-03.3338839  coadd_bf410333 1.58 -2.36 17.751     >17.751  99.990          35.15        30.18   0.118        0.101       
2458243.65059  2458243.65609  2018-05-05.1505899  coadd_bf410681 1.47 -2.36 18.054     >18.054  99.990           2.94        22.84   0.010        0.077       
2458244.65127  2458244.65678  2018-05-06.1512737  coadd_bf411109 1.42 -2.36 18.125     >18.125  99.990          13.50        21.39   0.045        0.072       
2458250.90254  2458250.90802  2018-05-12.4025435  coadd_bb475721 1.70 -1.83 17.950     >17.950  99.990        -119.95        40.76   -0.249       0.084       
2458251.85975  2458251.86521  2018-05-13.3597487  coadd_bb475870 1.78 -1.83 19.070     >19.070  99.990         -37.54        14.54   -0.078       0.030       
2458252.95997  2458252.96542  2018-05-14.4599776  coadd_bb476301 2.12 -1.83 18.901     >18.901  99.990          12.40        16.98   0.026        0.035       
2458269.94494  2458269.94995  2018-05-31.4449390  coadd_bb479845 1.69 -1.83 17.723     >17.723  99.990          31.32        50.24   0.065        0.104       
2458270.85301  2458270.85799  2018-06-01.3530122  coadd_bb480094 1.59 -1.83 17.959      17.770  0.307          144.44        40.44   0.299        0.084       
2458271.80662  2458271.81156  2018-06-02.3066241  coadd_bb480407 1.68 -1.83 18.764      17.334  0.097          215.74        19.26   0.447        0.040       
2458274.92447  2458274.92927  2018-06-05.4244773  coadd_bb481110 1.75 -1.83 18.758      18.610  0.318           66.60        19.37   0.138        0.040       
2458280.83211  2458280.83662  2018-06-11.3321138  coadd_bb482446 1.69 -1.83 18.796     >18.796  99.990         -37.97        18.71   -0.079       0.039       
2458281.87642  2458281.88087  2018-06-12.3764210  coadd_bb482780 1.72 -1.83 18.962     >18.962  99.990           6.80        16.06   0.014        0.033       
2458285.91435  2458285.91857  2018-06-16.4143509  coadd_bb484016 1.68 -1.83 18.967     >18.967  99.990         -55.96        15.98   -0.116       0.033       
2458290.85381  2458290.85773  2018-06-21.3538163  coadd_bb484954 1.98 -1.83 18.445     >18.445  99.990         -16.81        25.85   -0.035       0.054       
2458296.89597  2458296.89948  2018-06-27.3959773  coadd_bb486607 1.75 -1.83 17.734     >17.734  99.990        -276.31        49.73   -0.573       0.103       
2458298.77082  2458298.77418  2018-06-29.2708275  coadd_bb487168 2.15 -1.83 18.160     >18.160  99.990        -121.97        33.60   -0.253       0.070       
2458300.88210  2458300.88531  2018-07-01.3820996  coadd_bb487700 1.74 -1.83 16.734     >16.734  99.990        -122.90       125.00   -0.255       0.259       
2458301.67168  2458301.67483  2018-07-02.1716795  coadd_bf413508 1.55 -2.36 17.122     >17.122  99.990        -134.52        53.87   -0.452       0.181       
2458303.47307  2458303.47608  2018-07-03.9730703  coadd_bf414209 1.43 -2.36 18.737     >18.737  99.990          14.83        12.18   0.050        0.041       
2458310.67830  2458310.68073  2018-07-11.1783076  coadd_bf416539 1.47 -2.36 18.319     >18.319  99.990         -21.46        17.88   -0.072       0.060       
2458315.83030  2458315.83230  2018-07-16.3303077  coadd_bb491126 1.68 -1.83 18.858     >18.858  99.990          31.02        17.67   0.064        0.037       
2458318.79981  2458318.80154  2018-07-19.2998059  coadd_bb491894 1.72 -1.83 18.496     >18.496  99.990          29.99        24.66   0.062        0.051       
2458322.81484  2458322.81622  2018-07-23.3148373  coadd_bb493190 1.68 -1.83 17.272     >17.272  99.990          91.83        76.15   0.190        0.158       
2458325.62604  2458325.62717  2018-07-26.1260446  coadd_bf422124 1.55 -2.36 16.924     >16.924  99.990         -35.28        64.67   -0.119       0.217       
2458329.81507  2458329.81581  2018-07-30.3150732  coadd_bb495479 2.25 -1.83 18.094     >18.094  99.990        -106.92        35.70   -0.222       0.074       
2458338.75854  2458338.75846  2018-08-08.2585469  coadd_bb498056 1.67 -1.83 19.090     >19.090  99.990          39.36        14.27   0.082        0.030       
2458345.56108  2458345.56037  2018-08-15.0610850  coadd_bf429833 1.45 -2.36 18.645     >18.645  99.990          26.56        13.25   0.089        0.045       
2458352.54742  2458352.54607  2018-08-22.0474197  coadd_bf431826 1.38 -2.36 17.916     >17.916  99.990         -92.64        25.93   -0.311       0.087       
2458352.73320  2458352.73184  2018-08-22.2332016  coadd_bb501429 2.25 -1.83 17.800     >17.800  99.990           0.90        46.79   0.002        0.097       
2458356.53748  2458356.53578  2018-08-26.0374822  coadd_bf433354 1.49 -2.36 17.597      17.518  0.340          112.20        34.79   0.377        0.117       
2458358.53024  2458358.52836  2018-08-28.0302364  coadd_bf433784 1.50 -2.36 17.851     >17.851  99.990          12.46        27.52   0.042        0.093       
2458360.52331  2458360.52126  2018-08-30.0233134  coadd_bf434605 1.56 -2.36 18.456     >18.456  99.990          14.42        15.77   0.048        0.053       
2458366.49068  2458366.48813  2018-09-04.9906813  coadd_bf436760 1.54 -2.36 18.739     >18.739  99.990         -23.93        12.15   -0.080       0.041       
2458369.49541  2458369.49262  2018-09-07.9954197  coadd_bf437957 1.43 -2.36 18.544     >18.544  99.990         -21.01        14.54   -0.071       0.049       
2458372.48512  2458372.48210  2018-09-10.9851230  coadd_bf439155 1.41 -2.36 18.492     >18.492  99.990          18.83        15.25   0.063        0.051       
2458373.48539  2458373.48229  2018-09-11.9853927  coadd_bf439555 1.48 -2.36 18.386     >18.386  99.990          -8.11        16.82   -0.027       0.057       
