###  JD        HJD            UT_date             IMAGE          FWHM  Diff Limit      mag   mag_err       counts     count_err  flux (mJy)    flux_err
2458127.02092  2458127.01737  2018-01-08.5209252  coadd_br034509 1.49 -1.58 18.456     >18.456  99.990           1.89        32.36   0.003        0.050       
2458129.00706  2458129.00362  2018-01-10.5070625  coadd_br035440 1.62 -1.58 18.159     >18.159  99.990         -71.52        42.53   -0.111       0.066       
2458131.01210  2458131.00879  2018-01-12.5121042  coadd_br036054 1.53 -1.58 18.988     >18.988  99.990         -36.83        19.82   -0.057       0.031       
2458141.99759  2458141.99502  2018-01-23.4975886  coadd_br039187 1.51 -1.58 19.234     >19.234  99.990         -19.74        15.80   -0.031       0.025       
2458142.99443  2458142.99193  2018-01-24.4944337  coadd_br039654 1.46 -1.58 18.985     >18.985  99.990         -93.10        19.87   -0.144       0.031       
2458143.98764  2458143.98522  2018-01-25.4876452  coadd_br040118 1.43 -1.58 19.108     >19.108  99.990         -86.31        17.74   -0.134       0.028       
2458144.98441  2458144.98206  2018-01-26.4844074  coadd_br040585 1.76 -1.58 19.069     >19.069  99.990         -31.75        18.40   -0.049       0.029       
2458145.97969  2458145.97742  2018-01-27.4796951  coadd_br041050 1.79 -1.58 19.207     >19.207  99.990         -56.75        16.20   -0.088       0.025       
2458147.98142  2458147.97930  2018-01-29.4814175  coadd_br041987 1.55 -1.58 18.627     >18.627  99.990          31.76        27.63   0.049        0.043       
2458148.97461  2458148.97257  2018-01-30.4746159  coadd_br042448 2.04 -1.58 17.805     >17.805  99.990         -39.82        58.92   -0.062       0.091       
2458155.94879  2458155.94730  2018-02-06.4487916  coadd_br044377 1.46 -1.58 18.376     >18.376  99.990           4.32        34.82   0.007        0.054       
2458157.94536  2458157.94403  2018-02-08.4453616  coadd_br045082 1.38 -1.58 18.388     >18.388  99.990          33.86        34.44   0.053        0.053       
2458162.89225  2458162.89133  2018-02-13.3922541  coadd_bj048336 1.53 -1.69 17.431     >17.431  99.990        -161.40        75.02   -0.278       0.129       
2458170.88471  2458170.88447  2018-02-21.3847069  coadd_bj050311 1.54 -1.69 18.218     >18.218  99.990         -61.73        36.33   -0.106       0.062       
2458171.88564  2458171.88549  2018-02-22.3856474  coadd_bj050684 1.55 -1.69 18.599     >18.599  99.990        -111.30        25.58   -0.191       0.044       
2458172.62174  2458172.62166  2018-02-23.1217458  coadd_bn029342 1.60 -1.65 19.144     >19.144  99.990         -26.19        16.07   -0.043       0.027       
2458173.85998  2458173.85999  2018-02-24.3599789  coadd_bj051302 1.55 -1.69 18.709     >18.709  99.990         -90.22        23.11   -0.155       0.040       
2458174.90506  2458174.90517  2018-02-25.4050761  coadd_br050890 1.55 -1.58 19.084     >19.084  99.990          47.20        18.14   0.073        0.028       
2458175.89418  2458175.89437  2018-02-26.3941790  coadd_br051320 1.56 -1.58 17.629     >17.629  99.990        -104.59        69.28   -0.162       0.107       
2458176.60940  2458176.60965  2018-02-27.1093938  coadd_bn030477 1.47 -1.65 19.068     >19.068  99.990         -26.26        17.23   -0.043       0.029       
2458176.85773  2458176.85800  2018-02-27.3577292  coadd_bj052431 1.52 -1.69 19.082     >19.082  99.990          -2.55        16.40   -0.004       0.028       
2458176.89837  2458176.89865  2018-02-27.3983761  coadd_br051748 1.68 -1.58 18.162     >18.162  99.990         -74.16        42.42   -0.115       0.066       
2458177.60098  2458177.60131  2018-02-28.1009795  coadd_bn030867 1.50 -1.65 19.115     >19.115  99.990          32.14        16.50   0.053        0.027       
2458177.85926  2458177.85962  2018-02-28.3592664  coadd_bj052810 1.56 -1.69 17.801     >17.801  99.990        -230.13        53.33   -0.396       0.092       
2458181.90046  2458181.90116  2018-03-04.4004576  coadd_br053079 1.80 -1.58 17.822     >17.822  99.990        -273.00        58.00   -0.423       0.090       
2458182.90226  2458182.90304  2018-03-05.4022679  coadd_br053491 1.70 -1.58 17.536     >17.536  99.990         -40.24        75.46   -0.062       0.117       
2458183.93248  2458183.93336  2018-03-06.4324862  coadd_br053902 1.45 -1.58 18.512     >18.512  99.990          48.43        30.72   0.075        0.048       
2458186.88029  2458186.88141  2018-03-09.3802900  coadd_br054682 1.67 -1.58 18.368     >18.368  99.990          31.98        35.09   0.050        0.054       
2458187.86472  2458187.86592  2018-03-10.3647189  coadd_bj056433 1.54 -1.69 18.659     >18.659  99.990          26.77        24.21   0.046        0.042       
2458188.85818  2458188.85946  2018-03-11.3581849  coadd_bj056839 1.56 -1.69 18.876     >18.876  99.990         -25.66        19.81   -0.044       0.034       
2458190.90942  2458190.91087  2018-03-13.4094180  coadd_bj057599 1.57 -1.69 17.031     >17.031  99.990          20.63       108.45   0.035        0.186       
2458193.89927  2458193.90097  2018-03-16.3992738  coadd_bj058800 1.56 -1.69 18.716     >18.716  99.990         -34.95        22.97   -0.060       0.039       
2458196.86264  2458196.86457  2018-03-19.3626371  coadd_bj059986 1.52 -1.69 19.124     >19.124  99.990          -3.15        15.78   -0.005       0.027       
2458198.84091  2458198.84299  2018-03-21.3409093  coadd_br057550 1.54 -1.58 18.901     >18.901  99.990         -22.87        21.47   -0.035       0.033       
2458199.84140  2458199.84356  2018-03-22.3414034  coadd_bj061181 1.58 -1.69 19.146     >19.146  99.990         -15.54        15.45   -0.027       0.027       
2458203.55402  2458203.55646  2018-03-26.0540204  coadd_bn038313 1.69 -1.65 19.064      18.247  0.172          110.14        17.30   0.182        0.029       
2458203.83797  2458203.84044  2018-03-26.3379751  coadd_bj062685 1.59 -1.69 18.999     >18.999  99.990         -35.72        17.70   -0.061       0.030       
2458204.52651  2458204.52903  2018-03-27.0265190  coadd_bn038761 1.55 -1.65 19.305     >19.305  99.990          24.52        13.85   0.041        0.023       
2458205.52105  2458205.52364  2018-03-28.0210516  coadd_bn039078 1.49 -1.65 18.586     >18.586  99.990         -21.31        26.86   -0.035       0.044       
2458207.94300  2458207.94576  2018-03-30.4430047  coadd_br059807 2.22 -1.58 17.512     >17.512  99.990          51.68        77.21   0.080        0.120       
2458210.51354  2458210.51649  2018-04-02.0135464  coadd_bn039616 1.50 -1.65 17.711     >17.711  99.990          86.49        60.17   0.143        0.100       
2458210.89437  2458210.89733  2018-04-02.3943762  coadd_br060742 1.44 -1.58 17.890      17.485  0.252          237.25        54.51   0.368        0.085       
2458211.93010  2458211.93314  2018-04-03.4301033  coadd_br061124 1.48 -1.58 17.739     >17.739  99.990         121.23        62.61   0.188        0.097       
2458212.86207  2458212.86517  2018-04-04.3620790  coadd_br061391 1.54 -1.58 17.927     >17.927  99.990         -55.46        52.66   -0.086       0.082       
2458213.86638  2458213.86954  2018-04-05.3663846  coadd_br061672 1.50 -1.58 18.272     >18.272  99.990         -15.01        38.34   -0.023       0.059       
2458216.78993  2458216.79329  2018-04-08.2899355  coadd_br062349 1.59 -1.58 19.260     >19.260  99.990         -36.49        15.42   -0.057       0.024       
2458220.77626  2458220.77986  2018-04-12.2762648  coadd_br063628 1.46 -1.58 18.945     >18.945  99.990          13.92        20.62   0.022        0.032       
2458221.81189  2458221.81554  2018-04-13.3118903  coadd_br063964 1.50 -1.58 19.099     >19.099  99.990         -69.97        17.89   -0.109       0.028       
2458223.79271  2458223.79648  2018-04-15.2927113  coadd_bj070665 1.56 -1.69 18.291     >18.291  99.990         -91.82        33.97   -0.158       0.058       
2458224.77123  2458224.77505  2018-04-16.2712314  coadd_bj071088 1.57 -1.69 19.114     >19.114  99.990         -67.47        15.92   -0.116       0.027       
2458228.80653  2458228.81056  2018-04-20.3065320  coadd_bj072864 1.58 -1.69 19.214     >19.214  99.990         -51.58        14.52   -0.089       0.025       
2458230.72627  2458230.73039  2018-04-22.2262711  coadd_bj073676 1.55 -1.69 18.975     >18.975  99.990         -57.58        18.09   -0.099       0.031       
2458233.44627  2458233.45052  2018-04-24.9462685  coadd_bn044904 1.53 -1.65 18.442     >18.442  99.990        -107.97        30.68   -0.179       0.051       
2458233.77076  2458233.77502  2018-04-25.2707665  coadd_bj075026 1.51 -1.69 18.682     >18.682  99.990         -26.58        23.69   -0.046       0.041       
2458239.45340  2458239.45789  2018-04-30.9533988  coadd_bn045990 1.52 -1.65 17.548     >17.548  99.990          83.10        69.90   0.138        0.116       
2458242.48096  2458242.48556  2018-05-03.9809622  coadd_bn046747 1.53 -1.65 17.852     >17.852  99.990          82.18        52.85   0.136        0.088       
2458242.81728  2458242.82189  2018-05-04.3172858  coadd_bj078518 1.60 -1.69 17.938     >17.938  99.990          32.74        47.04   0.056        0.081       
2458243.45803  2458243.46266  2018-05-04.9580454  coadd_bn047156 1.50 -1.65 18.352     >18.352  99.990         -58.88        33.35   -0.098       0.055       
2458243.78594  2458243.79058  2018-05-05.2859383  coadd_bj078935 1.63 -1.69 18.378     >18.378  99.990         -63.70        31.34   -0.110       0.054       
2458244.45824  2458244.46290  2018-05-05.9582414  coadd_bn047545 1.51 -1.65 18.597     >18.597  99.990          24.82        26.61   0.041        0.044       
2458245.43153  2458245.43622  2018-05-06.9315267  coadd_bn047934 1.49 -1.65 18.444     >18.444  99.990         -20.29        30.64   -0.034       0.051       
2458245.79985  2458245.80455  2018-05-07.2998537  coadd_bj079791 1.57 -1.69 18.596     >18.596  99.990         -27.74        25.65   -0.048       0.044       
2458247.77697  2458247.78172  2018-05-09.2769690  coadd_bj080663 1.65 -1.69 18.143     >18.143  99.990        -123.41        38.93   -0.212       0.067       
2458249.81029  2458249.81509  2018-05-11.3102912  coadd_bj081332 1.59 -1.69 19.270     >19.270  99.990         -19.67        13.78   -0.034       0.024       
2458250.80264  2458250.80746  2018-05-12.3026422  coadd_br071274 1.96 -1.58 19.046     >19.046  99.990         -28.49        18.79   -0.044       0.029       
2458255.74069  2458255.74560  2018-05-17.2406901  coadd_bj083645 1.55 -1.69 18.913     >18.913  99.990         -49.39        19.15   -0.085       0.033       
2458258.66042  2458258.66537  2018-05-20.1604256  coadd_bj084828 1.68 -1.69 19.105     >19.105  99.990         -46.92        16.06   -0.081       0.028       
2458260.62327  2458260.62823  2018-05-22.1232677  coadd_bj085706 1.54 -1.69 18.842     >18.842  99.990           5.68        20.46   0.010        0.035       
2458261.63836  2458261.64333  2018-05-23.1383662  coadd_bj086172 1.56 -1.69 18.994     >18.994  99.990          19.14        17.77   0.033        0.031       
2458262.36763  2458262.37260  2018-05-23.8676334  coadd_bn051951 1.57 -1.65 14.895     >14.895  99.990       -1065.77       805.10   -1.765       1.334       
2458262.60773  2458262.61270  2018-05-24.1077267  coadd_bj086602 1.54 -1.69 18.616     >18.616  99.990          15.75        25.19   0.027        0.043       
2458263.64095  2458263.64593  2018-05-25.1409590  coadd_bj087084 1.62 -1.69 18.825     >18.825  99.990           7.52        20.76   0.013        0.036       
2458265.36347  2458265.36845  2018-05-26.8634725  coadd_bn052311 1.51 -1.65 17.826     >17.826  99.990         -78.39        54.13   -0.130       0.090       
2458274.80792  2458274.81284  2018-06-05.3079165  coadd_bj090324 1.62 -1.69 18.203     >18.203  99.990         -48.02        36.85   -0.083       0.063       
2458277.67574  2458277.68062  2018-06-08.1757393  coadd_bj091346 1.58 -1.69 18.933     >18.933  99.990         -52.25        18.81   -0.090       0.032       
2458281.48516  2458281.48997  2018-06-11.9851650  coadd_bn055665 1.50 -1.65 19.935      19.645  0.279           30.41         7.76   0.050        0.013       
2458284.56587  2458284.57061  2018-06-15.0658715  coadd_bj093258 1.60 -1.69 19.422     >19.422  99.990           3.67        11.98   0.006        0.021       
2458285.64822  2458285.65292  2018-06-16.1482146  coadd_bj093795 1.71 -1.69 18.726     >18.726  99.990           8.03        22.76   0.014        0.039       
2458291.55177  2458291.55630  2018-06-22.0517815  coadd_bj096519 1.67 -1.69 18.303     >18.303  99.990           5.46        33.60   0.009        0.058       
2458291.85257  2458291.85708  2018-06-22.3525685  coadd_br081389 1.40 -1.58 19.309     >19.309  99.990           8.03        14.74   0.012        0.023       
2458292.27750  2458292.28200  2018-06-22.7775015  coadd_bn057716 1.66 -1.65 18.577     >18.577  99.990         -32.36        27.09   -0.054       0.045       
2458293.84660  2458293.85104  2018-06-24.3465987  coadd_br082035 1.57 -1.58 17.867     >17.867  99.990          53.09        55.64   0.082        0.086       
2458294.69203  2458294.69644  2018-06-25.1920365  coadd_br082238 1.61 -1.58 17.875     >17.875  99.990         -78.19        55.25   -0.121       0.086       
2458296.69776  2458296.70209  2018-06-27.1977642  coadd_bj098888 1.54 -1.69 17.338     >17.338  99.990         -94.41        81.71   -0.162       0.141       
2458298.36096  2458298.36522  2018-06-28.8609616  coadd_bn058947 1.50 -1.65 17.866     >17.866  99.990        -217.22        52.16   -0.360       0.086       
2458300.68190  2458300.68605  2018-07-01.1819116  coadd_bj100558 1.67 -1.69 17.849     >17.849  99.990          11.37        51.03   0.020        0.088       
2458301.79537  2458301.79947  2018-07-02.2953671  coadd_br083867 1.43 -1.58 18.259     >18.259  99.990          58.87        38.80   0.091        0.060       
2458305.55432  2458305.55824  2018-07-06.0543253  coadd_bj102342 1.56 -1.69 18.988     >18.988  99.990         -53.51        17.88   -0.092       0.031       
2458311.48571  2458311.48929  2018-07-11.9857107  coadd_bj104452 1.67 -1.69 19.251     >19.251  99.990         -29.01        14.03   -0.050       0.024       
2458312.60127  2458312.60480  2018-07-13.1012768  coadd_bj105004 1.62 -1.69 19.167     >19.167  99.990         -12.77        15.16   -0.022       0.026       
2458313.48244  2458313.48591  2018-07-13.9824420  coadd_bj105367 2.09 -1.69 18.867     >18.867  99.990         -78.34        19.98   -0.135       0.034       
2458314.66603  2458314.66943  2018-07-15.1660392  coadd_bj105968 1.56 -1.69 18.962     >18.962  99.990         -37.82        18.32   -0.065       0.031       
2458316.46483  2458316.46811  2018-07-16.9648336  coadd_bj106484 1.57 -1.69 18.715     >18.715  99.990         -56.94        22.98   -0.098       0.040       
2458316.79658  2458316.79985  2018-07-17.2965895  coadd_br085749 1.58 -1.58 19.110     >19.110  99.990          20.71        17.72   0.032        0.027       
2458320.79266  2458320.79566  2018-07-21.2926615  coadd_br086650 1.38 -1.58 18.590     >18.590  99.990         -10.95        28.60   -0.017       0.044       
2458321.23525  2458321.23822  2018-07-21.7352486  coadd_bn064109 1.63 -1.65 17.429     >17.429  99.990         187.32        78.02   0.310        0.129       
2458322.24519  2458322.24810  2018-07-22.7451950  coadd_bn064552 1.73 -1.65 18.256     >18.256  99.990         -73.37        36.43   -0.122       0.060       
2458322.55274  2458322.55562  2018-07-23.0527396  coadd_bj108522 1.57 -1.69 18.161     >18.161  99.990         -50.14        38.27   -0.086       0.066       
2458323.33597  2458323.33880  2018-07-23.8359793  coadd_bn065059 1.55 -1.65 17.891     >17.891  99.990         125.24        50.95   0.207        0.084       
2458323.78323  2458323.78604  2018-07-24.2832438  coadd_br087675 1.40 -1.58 17.106     >17.106  99.990        -219.11       112.12   -0.340       0.174       
2458324.39175  2458324.39451  2018-07-24.8917513  coadd_bn065499 1.61 -1.65 17.449     >17.449  99.990        -132.02        76.59   -0.219       0.127       
2458326.25278  2458326.25541  2018-07-26.7527815  coadd_bn065963 1.55 -1.65 17.788     >17.788  99.990          18.08        56.03   0.030        0.093       
2458328.68321  2458328.68567  2018-07-29.1832180  coadd_br088866 1.44 -1.58 18.115     >18.115  99.990           8.17        44.29   0.013        0.069       
2458329.48794  2458329.49034  2018-07-29.9879421  coadd_bj111019 1.57 -1.69 18.360     >18.360  99.990          35.63        31.89   0.061        0.055       
2458330.47581  2458330.47813  2018-07-30.9758188  coadd_bj111449 2.09 -1.69 17.696     >17.696  99.990         114.61        58.78   0.197        0.101       
2458331.64478  2458331.64702  2018-08-01.1447839  coadd_bj112033 1.74 -1.69 18.284     >18.284  99.990         -28.84        34.19   -0.050       0.059       
2458332.47420  2458332.47637  2018-08-01.9741987  coadd_bj112343 1.61 -1.69 19.170     >19.170  99.990         -56.62        15.12   -0.097       0.026       
2458336.64302  2458336.64487  2018-08-06.1430241  coadd_bj114232 2.00 -1.69 18.853     >18.853  99.990         -22.35        20.25   -0.038       0.035       
2458338.67711  2458338.67881  2018-08-08.1771162  coadd_br091357 1.44 -1.58 19.259      19.172  0.337           50.15        15.44   0.078        0.024       
2458352.32844  2458352.32902  2018-08-21.8284410  coadd_bn071576 1.51 -1.65 17.997     >17.997  99.990          42.84        46.22   0.071        0.077       
2458353.69852  2458353.69899  2018-08-23.1985208  coadd_br094097 1.40 -1.58 18.217     >18.217  99.990         -89.68        40.32   -0.139       0.063       
2458356.70358  2458356.70380  2018-08-26.2035883  coadd_br094844 1.45 -1.58 17.425     >17.425  99.990         153.72        83.59   0.238        0.130       
2458357.58338  2458357.58353  2018-08-27.0833847  coadd_bj122826 1.65 -1.69 17.497     >17.497  99.990         100.45        70.61   0.173        0.121       
2458363.50355  2458363.50321  2018-09-02.0035515  coadd_bj124775 1.57 -1.69 19.054     >19.054  99.990          18.75        16.83   0.032        0.029       
2458364.50045  2458364.50001  2018-09-03.0004531  coadd_bj125195 2.21 -1.69 19.161     >19.161  99.990         -45.75        15.24   -0.079       0.026       
2458365.56020  2458365.55968  2018-09-04.0601944  coadd_bj125665 2.15 -1.69 18.882     >18.882  99.990         -55.09        19.71   -0.095       0.034       
2458366.61311  2458366.61251  2018-09-05.1131231  coadd_br096856 1.48 -1.58 19.120     >19.120  99.990           8.26        17.54   0.013        0.027       
2458377.24326  2458377.24178  2018-09-15.7432561  coadd_bn077072 2.38 -1.65 18.101     >18.101  99.990           7.89        42.02   0.013        0.070       
2458378.52434  2458378.52276  2018-09-17.0243386  coadd_bj130911 1.63 -1.69 18.117     >18.117  99.990           7.87        39.86   0.014        0.069       
2458379.51344  2458379.51178  2018-09-18.0134486  coadd_bj131311 1.69 -1.69 18.202     >18.202  99.990         -34.56        36.86   -0.059       0.063       
2458384.60736  2458384.60531  2018-09-23.1073582  coadd_br099256 1.51 -1.58 18.108     >18.108  99.990         -99.50        44.57   -0.154       0.069       
2458385.48941  2458385.48729  2018-09-23.9894086  coadd_bj133349 1.66 -1.69 17.930     >17.930  99.990        -101.67        47.36   -0.175       0.081       
2458386.60191  2458386.59971  2018-09-25.1019222  coadd_br100070 1.69 -1.58 17.794     >17.794  99.990          32.75        59.51   0.051        0.092       
2458387.59686  2458387.59458  2018-09-26.0968648  coadd_br100461 2.09 -1.58 17.983     >17.983  99.990         140.76        50.00   0.218        0.078       
2458392.59913  2458392.59649  2018-10-01.0991335  coadd_br101666 1.98 -1.58 19.091     >19.091  99.990          40.65        18.02   0.063        0.028       
2458396.56731  2458396.56440  2018-10-05.0673082  coadd_br102434 1.77 -1.58 18.457     >18.457  99.990          37.98        32.33   0.059        0.050       
2458398.56949  2458398.56645  2018-10-07.0694935  coadd_br102869 1.51 -1.58 18.676      18.250  0.247          117.27        26.41   0.182        0.041       
2458496.02278  2458496.01945  2019-01-12.5227814  coadd_br127297 1.44 -1.58 18.717     >18.717  99.990          71.39        25.43   0.111        0.039       
2458505.99638  2458505.99373  2019-01-22.4963863  coadd_br130341 1.49 -1.58 17.690     >17.690  99.990          34.77        65.51   0.054        0.102       
2458521.89203  2458521.89060  2019-02-07.3920335  coadd_bj177891 1.66 -1.69 16.654     >16.654  99.990         409.11       153.45   0.704        0.264       
2458522.88898  2458522.88763  2019-02-08.3889783  coadd_bF042824 1.41 -1.74 17.720      17.162  0.219          275.45        54.91   0.496        0.099       
2458523.89050  2458523.88923  2019-02-09.3905  coadd_bj178612 1.56 -1.69 17.463     >17.463  99.990          59.31        72.86   0.102        0.125       
2458524.89150  2458524.89031  2019-02-10.3915016  coadd_bF043524 1.55 -1.74 17.610     >17.610  99.990          12.07        60.72   0.022        0.109       
2458529.62020  2458529.61942  2019-02-15.1202055  coadd_bn110116 1.47 -1.65 18.930     >18.930  99.990          26.93        19.57   0.045        0.032       
2458533.87896  2458533.87853  2019-02-19.3789616  coadd_bF046684 1.52 -1.74 17.877     >17.877  99.990        -143.97        47.51   -0.259       0.086       
2458534.87818  2458534.87784  2019-02-20.3781912  coadd_bF047048 1.47 -1.74 17.619     >17.619  99.990          35.38        60.24   0.064        0.108       
2458541.88311  2458541.88337  2019-02-27.3831203  coadd_bj185239 1.57 -1.69 18.326     >18.326  99.990        -104.88        32.89   -0.180       0.057       
2458542.87503  2458542.87537  2019-02-28.3750363  coadd_bj185613 1.59 -1.69 18.725     >18.725  99.990         -51.15        22.77   -0.088       0.039       
2458544.96781  2458544.96833  2019-03-02.4678130  coadd_br140310 1.52 -1.58 19.157      18.940  0.299           62.09        16.97   0.096        0.026       
2458548.56836  2458548.56918  2019-03-06.0683616  coadd_bn115596 1.50 -1.65 18.972     >18.972  99.990         -17.36        18.84   -0.029       0.031       
2458548.96971  2458548.97057  2019-03-06.4697186  coadd_br141196 1.43 -1.58 17.586     >17.586  99.990        -205.42        72.10   -0.319       0.112       
2458549.60188  2458549.60279  2019-03-07.1018877  coadd_bn115956 1.47 -1.65 18.668     >18.668  99.990         -42.00        24.92   -0.070       0.041       
2458549.86619  2458549.86712  2019-03-07.3661913  coadd_bF052359 1.48 -1.74 18.919     >18.919  99.990         -32.02        18.20   -0.058       0.033       
2458552.84904  2458552.85022  2019-03-10.3490390  coadd_bF053445 1.98 -1.74 18.602     >18.602  99.990         -58.01        24.38   -0.104       0.044       
2458553.82488  2458553.82614  2019-03-11.3248788  coadd_bF053805 1.59 -1.74 19.062     >19.062  99.990           0.29        15.95   0.001        0.029       
2458555.81929  2458555.82071  2019-03-13.3192858  coadd_bF054562 1.59 -1.74 19.019     >19.019  99.990         -12.30        16.60   -0.022       0.030       
2458557.87595  2458557.87754  2019-03-15.3759467  coadd_bj191237 1.52 -1.69 18.908     >18.908  99.990         -44.56        19.24   -0.077       0.033       
2458561.83717  2458561.83908  2019-03-19.3371707  coadd_br144066 1.48 -1.58 17.635     >17.635  99.990        -139.40        68.88   -0.216       0.107       
2458562.88157  2458562.88356  2019-03-20.3815752  coadd_br144490 1.48 -1.58 17.608     >17.608  99.990          71.43        70.65   0.111        0.110       
2458563.56307  2458563.56512  2019-03-21.0630725  coadd_bn119497 1.62 -1.65 15.001     >15.001  99.990        -462.61       729.68   -0.766       1.209       
2458564.58122  2458564.58334  2019-03-22.0812222  coadd_bn119919 1.58 -1.65 17.662     >17.662  99.990        -116.33        62.93   -0.193       0.104       
2458565.96424  2458565.96647  2019-03-23.4642420  coadd_br144992 1.40 -1.58 17.874     >17.874  99.990         -87.76        55.28   -0.136       0.086       
2458566.86580  2458566.86810  2019-03-24.3658040  coadd_bj194863 1.51 -1.69 18.009     >18.009  99.990          42.90        44.06   0.074        0.076       
2458567.82355  2458567.82592  2019-03-25.3235488  coadd_bj195239 1.61 -1.69 17.978     >17.978  99.990           3.84        45.32   0.007        0.078       
2458569.60859  2458569.61110  2019-03-27.1085947  coadd_bn121447 1.48 -1.65 16.983     >16.983  99.990         -16.25       117.61   -0.027       0.195       
2458570.86245  2458570.86504  2019-03-28.3624560  coadd_br146467 1.37 -1.58 18.713     >18.713  99.990         -56.52        25.54   -0.088       0.040       
2458571.76372  2458571.76637  2019-03-29.2637263  coadd_bj196775 1.68 -1.69 18.719      17.995  0.188          133.84        22.91   0.230        0.039       
2458572.76318  2458572.76591  2019-03-30.2631818  coadd_bF061092 1.57 -1.74 18.685     >18.685  99.990        -238.50        22.56   -0.429       0.041       
2458573.85132  2458573.85412  2019-03-31.3513172  coadd_bj197462 1.65 -1.69 19.002     >19.002  99.990           9.61        17.64   0.017        0.030       
2458575.74893  2458575.75187  2019-04-02.2489391  coadd_bF062081 1.58 -1.74 18.970     >18.970  99.990        -160.78        17.36   -0.289       0.031       
2458576.83146  2458576.83447  2019-04-03.3314579  coadd_bF062546 1.94 -1.74 18.975     >18.975  99.990        -181.72        17.28   -0.327       0.031       
2458578.82843  2458578.83158  2019-04-05.3284402  coadd_br149087 1.98 -1.58 19.064     >19.064  99.990         -48.55        18.49   -0.075       0.029       
2458583.75815  2458583.76161  2019-04-10.2581549  coadd_bj201044 1.63 -1.69 18.712     >18.712  99.990        -102.44        23.06   -0.176       0.040       
2458586.46977  2458586.47339  2019-04-12.9697689  coadd_bn126919 1.46 -1.65 18.932     >18.932  99.990         -20.08        19.54   -0.033       0.032       
2458591.77546  2458591.77938  2019-04-18.2754578  coadd_bF068155 1.65 -1.74 17.419     >17.419  99.990         134.18        72.43   0.242        0.130       
2458591.86904  2458591.87296  2019-04-18.3690509  coadd_br152818 1.59 -1.58 17.764     >17.764  99.990        -142.91        61.18   -0.222       0.095       
2458595.70657  2458595.71068  2019-04-22.2065724  coadd_bj206073 1.57 -1.69 17.711     >17.711  99.990          81.09        57.97   0.139        0.100       
2458599.68079  2458599.68508  2019-04-26.1807922  coadd_bF070744 1.53 -1.74 19.214     >19.214  99.990         -13.72        13.86   -0.025       0.025       
2458599.89454  2458599.89884  2019-04-26.3945440  coadd_bj207452 1.53 -1.69 18.330     >18.330  99.990          17.53        32.77   0.030        0.056       
2458600.73671  2458600.74104  2019-04-27.2367150  coadd_bj207771 1.54 -1.69 18.790     >18.790  99.990         -32.17        21.45   -0.055       0.037       
2458601.80815  2458601.81253  2019-04-28.30815  coadd_bj208271 1.58 -1.69 18.905     >18.905  99.990         -32.78        19.29   -0.056       0.033       
2458602.54987  2458602.55428  2019-04-29.0498756  coadd_bn130654 1.70 -1.65 18.995     >18.995  99.990          51.64        18.44   0.086        0.031       
2458607.66260  2458607.66719  2019-05-04.1625989  coadd_bF073832 1.48 -1.74 18.045     >18.045  99.990          -2.04        40.71   -0.004       0.073       
2458608.66517  2458608.66980  2019-05-05.1651766  coadd_bF074262 1.43 -1.74 18.755     >18.755  99.990         -51.63        21.17   -0.093       0.038       
2458609.66006  2458609.66471  2019-05-06.1600550  coadd_bj211704 1.65 -1.69 18.793     >18.793  99.990          35.30        21.40   0.061        0.037       
2458613.90363  2458613.90840  2019-05-10.4036342  coadd_bj213252 1.58 -1.69 17.613     >17.613  99.990         -69.54        63.42   -0.120       0.109       
2458616.76415  2458616.76898  2019-05-13.2641509  coadd_bj214467 1.57 -1.69 19.028     >19.028  99.990          24.63        17.23   0.042        0.030       
2458617.70824  2458617.71309  2019-05-14.2082431  coadd_bj214872 1.52 -1.69 18.227     >18.227  99.990          12.85        36.04   0.022        0.062       
2458618.68174  2458618.68661  2019-05-15.1817420  coadd_bj215301 1.54 -1.69 18.034     >18.034  99.990          44.21        43.06   0.076        0.074       
2458625.50527  2458625.51023  2019-05-22.0052747  coadd_bn137210 1.53 -1.65 17.975     >17.975  99.990        -144.24        47.19   -0.239       0.078       
2458626.81043  2458626.81540  2019-05-23.3104289  coadd_bF078927 1.47 -1.74 18.320     >18.320  99.990         -12.20        31.58   -0.022       0.057       
2458633.45226  2458633.45724  2019-05-29.9522599  coadd_bn139424 1.52 -1.65 18.993     >18.993  99.990          52.32        18.48   0.087        0.031       
2458635.60310  2458635.60807  2019-06-01.1031009  coadd_bj220124 1.58 -1.69 18.904     >18.904  99.990         -75.68        19.31   -0.130       0.033       
2458639.56690  2458639.57183  2019-06-05.0669059  coadd_bF082199 1.67 -1.74 18.643     >18.643  99.990         -19.28        23.46   -0.035       0.042       
2458641.82227  2458641.82718  2019-06-07.3222771  coadd_bj223061 1.67 -1.69 18.835     >18.835  99.990         -28.56        20.58   -0.049       0.035       
2458643.74971  2458643.75458  2019-06-09.2497107  coadd_br164485 1.40 -1.58 18.877     >18.877  99.990         -69.39        21.94   -0.108       0.034       
2458645.75995  2458645.76478  2019-06-11.2599534  coadd_bj224852 1.64 -1.69 18.912     >18.912  99.990         -57.63        19.18   -0.099       0.033       
2458648.46344  2458648.46821  2019-06-13.9634387  coadd_bn142971 1.51 -1.65 18.124     >18.124  99.990          86.53        41.11   0.143        0.068       
2458650.37537  2458650.38009  2019-06-15.8753820  coadd_bn143748 1.63 -1.65 17.419     >17.419  99.990         143.03        78.69   0.237        0.130       
2458651.67067  2458651.67535  2019-06-17.1706646  coadd_bj227192 1.73 -1.69 17.196     >17.196  99.990          -1.48        93.10   -0.003       0.160       
2458652.75565  2458652.76030  2019-06-18.2556532  coadd_br166382 1.44 -1.58 17.706     >17.706  99.990         100.59        64.54   0.156        0.100       
2458653.71780  2458653.72242  2019-06-19.2178003  coadd_br166654 1.41 -1.58 17.495     >17.495  99.990         -66.77        78.36   -0.104       0.122       
2458655.64185  2458655.64642  2019-06-21.1418651  coadd_bj228864 1.51 -1.69 17.816      17.777  0.353          163.51        52.62   0.281        0.090       
2458657.77368  2458657.77817  2019-06-23.2736844  coadd_bj229895 1.64 -1.69 17.910     >17.910  99.990          12.72        48.25   0.022        0.083       
2458658.74827  2458658.75273  2019-06-24.2482804  coadd_br168173 1.42 -1.58 18.963     >18.963  99.990         -81.93        20.27   -0.127       0.031       
2458660.76041  2458660.76478  2019-06-26.2604144  coadd_bj230590 1.53 -1.69 18.404     >18.404  99.990         -26.78        30.61   -0.046       0.053       
2458661.46072  2458661.46507  2019-06-26.9607221  coadd_bn147173 1.57 -1.65 19.207     >19.207  99.990          19.59        15.17   0.032        0.025       
2458662.67096  2458662.67525  2019-06-28.1709657  coadd_bj231139 1.55 -1.69 19.147     >19.147  99.990          35.82        15.44   0.062        0.027       
2458667.65884  2458667.66291  2019-07-03.1588371  coadd_bF091401 1.49 -1.74 19.380     >19.380  99.990          26.11        11.90   0.047        0.021       
2458670.52452  2458670.52845  2019-07-06.0245251  coadd_bF092587 1.51 -1.74 19.237     >19.237  99.990         -17.06        13.57   -0.031       0.024       
2458672.75307  2458672.75688  2019-07-08.2530657  coadd_br170093 1.49 -1.58 19.008     >19.008  99.990          42.56        19.46   0.066        0.030       
2458673.79844  2458673.80219  2019-07-09.2984375  coadd_br170285 1.35 -1.58 18.770     >18.770  99.990         -75.88        24.23   -0.118       0.038       
2458675.71170  2458675.71535  2019-07-11.2117070  coadd_bj234758 1.58 -1.69 17.327     >17.327  99.990          93.85        82.58   0.161        0.142       
2458677.38285  2458677.38640  2019-07-12.8828494  coadd_bn149656 1.48 -1.65 17.025     >17.025  99.990        -207.64       113.12   -0.344       0.187       
2458678.53604  2458678.53952  2019-07-14.0360443  coadd_bF095362 1.56 -1.74 17.901     >17.901  99.990          -2.39        46.45   -0.004       0.084       
2458679.32693  2458679.33037  2019-07-14.8269336  coadd_bn150371 1.49 -1.65 17.756     >17.756  99.990         122.70        57.71   0.203        0.096       
2458679.47908  2458679.48250  2019-07-14.9790881  coadd_bj236062 1.67 -1.69 17.552     >17.552  99.990         -75.29        67.12   -0.129       0.115       
2458681.36283  2458681.36614  2019-07-16.8628296  coadd_bn151280 1.64 -1.65 18.149      18.025  0.326          135.20        40.20   0.224        0.067       
2458686.74184  2458686.74480  2019-07-22.2418456  coadd_br173847 1.40 -1.58 18.535     >18.535  99.990         -54.98        30.07   -0.085       0.047       
2458687.69742  2458687.70032  2019-07-23.1974237  coadd_bF098835 1.54 -1.74 18.223     >18.223  99.990         -88.43        34.55   -0.159       0.062       
2458688.78578  2458688.78860  2019-07-24.2857810  coadd_br174079 1.57 -1.58 18.381     >18.381  99.990          -8.90        34.65   -0.014       0.054       
2458689.72307  2458689.72582  2019-07-25.2230712  coadd_br174360 1.41 -1.58 19.149     >19.149  99.990         -38.49        17.08   -0.060       0.026       
2458690.63367  2458690.63636  2019-07-26.1336718  coadd_bF099642 1.58 -1.74 19.127     >19.127  99.990         -24.13        15.02   -0.043       0.027       
2458691.64613  2458691.64875  2019-07-27.1461363  coadd_bj240430 1.51 -1.69 18.825     >18.825  99.990         -65.22        20.77   -0.112       0.036       
2458692.29414  2458692.29671  2019-07-27.7941438  coadd_bn153386 1.52 -1.65 18.591      18.029  0.217          134.71        26.74   0.223        0.044       
2458694.58487  2458694.58728  2019-07-30.0848760  coadd_bF101184 1.46 -1.74 18.869     >18.869  99.990         -71.51        19.05   -0.129       0.034       
2458697.74495  2458697.74712  2019-08-02.2449478  coadd_br176360 1.40 -1.58 18.980     >18.980  99.990          -8.12        19.97   -0.013       0.031       
2458698.66210  2458698.66421  2019-08-03.1621037  coadd_bF102809 1.52 -1.74 18.830     >18.830  99.990         -27.39        19.75   -0.049       0.036       
2458699.66335  2458699.66538  2019-08-04.1633501  coadd_bF103236 1.61 -1.74 18.884     >18.884  99.990         -49.68        18.79   -0.089       0.034       
2458700.66096  2458700.66291  2019-08-05.1609687  coadd_bF103657 1.59 -1.74 18.799     >18.799  99.990        -101.36        20.33   -0.182       0.037       
2458701.46813  2458701.47002  2019-08-05.9681378  coadd_bj244516 1.59 -1.69 18.581     >18.581  99.990          28.24        26.00   0.049        0.045       
2458701.75799  2458701.75986  2019-08-06.2579972  coadd_br177504 1.36 -1.58 18.964     >18.964  99.990         -24.45        20.26   -0.038       0.031       
2458702.75671  2458702.75850  2019-08-07.2567091  coadd_br177855 1.40 -1.58 18.744     >18.744  99.990         -43.00        24.82   -0.067       0.039       
2458704.56057  2458704.56222  2019-08-09.0605776  coadd_bF105073 1.55 -1.74 18.412     >18.412  99.990          -1.51        29.01   -0.003       0.052       
2458709.36160  2458709.36286  2019-08-13.8616098  coadd_bn157065 1.48 -1.65 17.888     >17.888  99.990        -121.94        51.14   -0.202       0.085       
2458710.72071  2458710.72185  2019-08-15.2207164  coadd_br179677 1.48 -1.58 17.389     >17.389  99.990        -116.44        86.43   -0.181       0.134       
2458714.62342  2458714.62425  2019-08-19.1234229  coadd_bF109062 1.48 -1.74 16.774     >16.774  99.990          83.87       131.21   0.151        0.236       
2458715.35714  2458715.35791  2019-08-19.8571394  coadd_bn159096 1.48 -1.65 17.906     >17.906  99.990         125.11        50.25   0.207        0.083       
2458716.35204  2458716.35272  2019-08-20.8520356  coadd_bn159515 1.50 -1.65 19.054     >19.054  99.990          11.59        17.47   0.019        0.029       
2458717.34911  2458717.34971  2019-08-21.8491092  coadd_bn159934 1.48 -1.65 18.773     >18.773  99.990          65.21        22.63   0.108        0.037       
2458718.34566  2458718.34618  2019-08-22.8456680  coadd_bn160217 1.46 -1.65 18.666      18.529  0.322           84.94        24.97   0.141        0.041       
2458719.61019  2458719.61061  2019-08-24.1101913  coadd_bF111173 1.52 -1.74 18.482     >18.482  99.990        -125.39        27.21   -0.226       0.049       
2458720.58851  2458720.58884  2019-08-25.0885054  coadd_bF111486 1.52 -1.74 18.905     >18.905  99.990         -19.90        18.43   -0.036       0.033       
2458721.60345  2458721.60369  2019-08-26.1034570  coadd_bF111770 1.61 -1.74 19.096     >19.096  99.990          21.95        15.46   0.040        0.028       
2458722.59838  2458722.59855  2019-08-27.0983847  coadd_bF112188 1.64 -1.74 18.759     >18.759  99.990         -85.34        21.08   -0.154       0.038       
2458726.22228  2458726.22214  2019-08-30.7222837  coadd_bn162280 1.56 -1.65 18.898      18.621  0.283           78.09        20.17   0.129        0.033       
2458727.22213  2458727.22191  2019-08-31.7221317  coadd_bn162362 1.48 -1.65 18.849     >18.849  99.990         -36.55        21.09   -0.061       0.035       
2458728.66794  2458728.66760  2019-09-02.1679429  coadd_br184622 1.39 -1.58 18.617     >18.617  99.990          35.75        27.90   0.055        0.043       
2458731.57567  2458731.57509  2019-09-05.0756715  coadd_bF115771 1.56 -1.74 18.090     >18.090  99.990         -92.16        39.04   -0.166       0.070       
2458732.23559  2458732.23495  2019-09-05.7355887  coadd_bn164117 1.58 -1.65 18.198     >18.198  99.990         -39.11        38.40   -0.065       0.064       
2458738.53762  2458738.53646  2019-09-12.0376137  coadd_bj258557 1.59 -1.69 17.893     >17.893  99.990         -63.33        49.00   -0.109       0.084       
2458739.55228  2458739.55104  2019-09-13.0522762  coadd_bF117443 1.65 -1.74 16.776     >16.776  99.990          11.60       130.92   0.021        0.236       
2458740.54949  2458740.54817  2019-09-14.0494947  coadd_bj259406 1.63 -1.69 17.275     >17.275  99.990         217.91        86.62   0.375        0.149       
2458742.22586  2458742.22440  2019-09-15.7258621  coadd_bn166220 2.31 -1.65 18.099      17.527  0.216          213.82        42.09   0.354        0.070       
2458743.24351  2458743.24198  2019-09-16.7435175  coadd_bn166642 1.68 -1.65 18.885     >18.885  99.990          38.60        20.40   0.064        0.034       
2458744.25854  2458744.25693  2019-09-17.75855  coadd_bn167066 1.46 -1.65 19.019     >19.019  99.990          42.51        18.03   0.070        0.030       
2458744.49892  2458744.49728  2019-09-17.9989201  coadd_bF119270 1.98 -1.74 19.111     >19.111  99.990          17.89        15.25   0.032        0.027       
2458745.51339  2458745.51167  2019-09-19.0133928  coadd_bj261335 1.67 -1.69 19.116     >19.116  99.990           3.50        15.89   0.006        0.027       
2458750.24304  2458750.24095  2019-09-23.7430364  coadd_bn168444 1.56 -1.65 18.719     >18.719  99.990          53.54        23.78   0.089        0.039       
2458750.59937  2458750.59726  2019-09-24.0993685  coadd_br186687 1.40 -1.58 18.950     >18.950  99.990          40.69        20.52   0.063        0.032       
2458751.24222  2458751.24007  2019-09-24.7422225  coadd_bn168849 2.16 -1.65 18.760     >18.760  99.990          55.32        22.90   0.092        0.038       
2458752.25662  2458752.25439  2019-09-25.7566283  coadd_bn168922 1.69 -1.65 18.937     >18.937  99.990          19.98        19.45   0.033        0.032       
2458752.59749  2458752.59523  2019-09-26.0974949  coadd_br187354 1.42 -1.58 19.122     >19.122  99.990           4.85        17.51   0.008        0.027       
2458753.23322  2458753.23092  2019-09-26.7332270  coadd_bn169291 1.56 -1.65 18.383     >18.383  99.990          69.29        32.39   0.115        0.054       
2458753.59294  2458753.59061  2019-09-27.0929366  coadd_br187755 1.46 -1.58 18.981     >18.981  99.990          -4.95        19.94   -0.008       0.031       
2458754.27918  2458754.27680  2019-09-27.7791777  coadd_bn169711 1.57 -1.65 18.550     >18.550  99.990         -60.43        27.79   -0.100       0.046       
2458754.49140  2458754.48901  2019-09-27.9914042  coadd_bF123075 1.63 -1.74 19.034     >19.034  99.990         -18.07        16.37   -0.033       0.029       
2458755.49876  2458755.49629  2019-09-28.9987682  coadd_bj265284 1.54 -1.69 18.913     >18.913  99.990         -23.96        19.16   -0.041       0.033       
2458756.48460  2458756.48206  2019-09-29.9845998  coadd_bF123810 1.98 -1.74 18.576     >18.576  99.990         -26.15        24.95   -0.047       0.045       
2458757.58581  2458757.58319  2019-10-01.0858237  coadd_br189120 1.43 -1.58 18.595     >18.595  99.990          -3.26        28.45   -0.005       0.044       
2458758.57626  2458758.57358  2019-10-02.0762648  coadd_br189318 2.21 -1.58 17.693     >17.693  99.990          64.94        65.32   0.101        0.101       
2458761.58470  2458761.58180  2019-10-05.0847085  coadd_br189801 1.42 -1.58 16.324      16.123  0.304          831.67       230.57   1.290        0.358       
2458762.57034  2458762.56738  2019-10-06.0703447  coadd_br190085 1.47 -1.58 18.283     >18.283  99.990         -51.40        37.95   -0.080       0.059       
2458763.56950  2458763.56647  2019-10-07.0695062  coadd_br190487 1.46 -1.58 18.233     >18.233  99.990        -137.56        39.71   -0.213       0.062       
2458764.56499  2458764.56190  2019-10-08.0649989  coadd_br190631 2.12 -1.58 17.814     >17.814  99.990         -58.15        58.45   -0.090       0.091       
2458772.59605  2458772.59246  2019-10-16.0960465  coadd_br193231 1.50 -1.58 17.575     >17.575  99.990         198.95        72.81   0.309        0.113       
2458856.03869  2458856.03505  2020-01-07.5386886  coadd_br222616 1.44 -1.58 17.510     >17.510  99.990          -9.00        77.34   -0.014       0.120       
2458859.03647  2458859.03301  2020-01-10.5364810  coadd_br223852 1.60 -1.58 17.148     >17.148  99.990          -6.53       107.92   -0.010       0.167       
2458861.02503  2458861.02168  2020-01-12.5250245  coadd_br224467 2.32 -1.58 15.334     >15.334  99.990        -592.21       573.54   -0.919       0.890       
2458867.02834  2458867.02538  2020-01-18.5283349  coadd_br226062 1.50 -1.58 18.367     >18.367  99.990         -13.74        35.13   -0.021       0.054       
2458868.04014  2458868.03726  2020-01-19.5401439  coadd_br226527 1.47 -1.58 17.552     >17.552  99.990        -326.69        74.35   -0.507       0.115       
2458870.03378  2458870.03103  2020-01-21.5337811  coadd_br226839 1.50 -1.58 18.571     >18.571  99.990         -85.79        29.10   -0.133       0.045       
2458880.97241  2458880.97048  2020-02-01.4724086  coadd_br230153 1.57 -1.58 19.236     >19.236  99.990         -43.60        15.77   -0.068       0.024       
2458881.96816  2458881.96631  2020-02-02.4681615  coadd_br230593 1.51 -1.58 18.247      17.739  0.229          187.77        39.22   0.291        0.061       
2458882.96791  2458882.96614  2020-02-03.4679153  coadd_br231015 1.49 -1.58 18.846     >18.846  99.990         -24.43        22.59   -0.038       0.035       
2458886.95583  2458886.95438  2020-02-07.4558288  coadd_br231297 1.57 -1.58 16.789     >16.789  99.990         233.68       150.25   0.362        0.233       
2458887.95267  2458887.95130  2020-02-08.4526798  coadd_br231719 1.47 -1.58 17.964     >17.964  99.990         -49.52        50.88   -0.077       0.079       
2458898.59518  2458898.59471  2020-02-19.0951834  coadd_bn202305 1.48 -1.65 18.493     >18.493  99.990          39.90        29.28   0.066        0.048       
2458901.88975  2458901.88956  2020-02-22.3897471  coadd_bj310420 1.55 -1.69 18.590     >18.590  99.990         -63.84        25.79   -0.110       0.044       
2458902.85532  2458902.85521  2020-02-23.3553160  coadd_bj310629 1.53 -1.69 18.753     >18.753  99.990         -91.45        22.20   -0.157       0.038       
2458904.89918  2458904.89924  2020-02-25.3991885  coadd_br234786 1.52 -1.58 19.215     >19.215  99.990          35.19        16.08   0.055        0.025       
2458905.85530  2458905.85545  2020-02-26.3553052  coadd_bF166618 1.49 -1.74 18.738     >18.738  99.990         -46.28        21.49   -0.083       0.039       
2458906.91652  2458906.91676  2020-02-27.4165237  coadd_br235448 1.44 -1.58 19.041     >19.041  99.990         -65.30        18.87   -0.101       0.029       
2458907.99865  2458907.99898  2020-02-28.4986505  coadd_br235910 1.54 -1.58 17.895     >17.895  99.990        -122.41        54.23   -0.190       0.084       
2458909.88206  2458909.88255  2020-03-01.3820601  coadd_bj313224 1.49 -1.69 18.694     >18.694  99.990         -21.17        23.44   -0.036       0.040       
2458910.83618  2458910.83675  2020-03-02.3361814  coadd_bj313570 1.59 -1.69 18.520     >18.520  99.990         -18.99        27.52   -0.033       0.047       
2458911.82678  2458911.82743  2020-03-03.3267784  coadd_bj313926 1.53 -1.69 18.679     >18.679  99.990         -75.72        23.77   -0.130       0.041       
2458912.57706  2458912.57778  2020-03-04.0770636  coadd_bn205501 1.52 -1.65 18.765     >18.765  99.990         -43.11        22.78   -0.071       0.038       
2458914.88052  2458914.88143  2020-03-06.3805199  coadd_br236843 1.45 -1.58 16.867      16.255  0.208          736.61       139.84   1.143        0.217       
2458916.81543  2458916.81650  2020-03-08.3154296  coadd_bj315745 1.55 -1.69 17.717     >17.717  99.990          29.99        57.61   0.052        0.099       
2458919.87203  2458919.87336  2020-03-11.3720328  coadd_br237834 1.41 -1.58 17.603      17.401  0.304          256.44        70.99   0.398        0.110       
2458920.84015  2458920.84155  2020-03-12.3401456  coadd_bj317251 1.54 -1.69 17.485     >17.485  99.990        -116.57        71.35   -0.200       0.123       
2458923.79653  2458923.79818  2020-03-15.2965362  coadd_bF172918 1.53 -1.74 17.799     >17.799  99.990          72.79        51.02   0.131        0.092       
2458924.82321  2458924.82494  2020-03-16.3232164  coadd_bj318664 1.53 -1.69 18.548     >18.548  99.990         -36.07        26.80   -0.062       0.046       
2458925.79004  2458925.79185  2020-03-17.2900430  coadd_bj319015 1.53 -1.69 18.373     >18.373  99.990        -112.10        31.49   -0.193       0.054       
2458926.55319  2458926.55506  2020-03-18.0531927  coadd_bn207402 1.65 -1.65 18.560     >18.560  99.990          72.07        27.52   0.119        0.046       
2458927.58732  2458927.58927  2020-03-19.0873222  coadd_bn207814 1.61 -1.65 18.793     >18.793  99.990         -67.05        22.22   -0.111       0.037       
2458928.95712  2458928.95918  2020-03-20.4571190  coadd_br238917 1.44 -1.58 19.394     >19.394  99.990         -12.99        13.63   -0.020       0.021       
2458930.52350  2458930.52568  2020-03-22.0235003  coadd_bn208857 1.64 -1.65 18.889     >18.889  99.990          -2.97        20.32   -0.005       0.034       
2458959.91569  2458959.91975  2020-04-20.4156868  coadd_br242136 1.50 -1.58 18.995     >18.995  99.990         -82.19        19.68   -0.127       0.031       
2458963.85707  2458963.86131  2020-04-24.3570711  coadd_br243175 1.49 -1.58 19.278     >19.278  99.990          -0.07        15.17   -0.000       0.024       
2458965.91141  2458965.91574  2020-04-26.4114077  coadd_br243882 1.41 -1.58 19.240     >19.240  99.990         -70.12        15.71   -0.109       0.024       
2458967.86846  2458967.87287  2020-04-28.3684560  coadd_br244553 1.45 -1.58 19.272     >19.272  99.990          -4.52        15.26   -0.007       0.024       
2458973.76954  2458973.77417  2020-05-04.2695427  coadd_br245171 1.50 -1.58 16.975     >16.975  99.990        -412.29       126.52   -0.640       0.196       
2458978.95097  2458978.95573  2020-05-09.4509663  coadd_br246856 1.47 -1.58 16.504     >16.504  99.990         341.11       195.27   0.529        0.303       
2458983.90941  2458983.91428  2020-05-14.4094114  coadd_br247994 1.50 -1.58 18.859     >18.859  99.990         -10.21        22.31   -0.016       0.035       
2458989.94576  2458989.95071  2020-05-20.4457613  coadd_br249297 1.52 -1.58 18.600     >18.600  99.990          45.07        28.34   0.070        0.044       
2458990.83770  2458990.84266  2020-05-21.3377195  coadd_br249434 1.46 -1.58 19.580     >19.580  99.990           5.19        11.49   0.008        0.018       
2458992.85462  2458992.85959  2020-05-23.3546214  coadd_br249886 1.45 -1.58 19.281     >19.281  99.990         -18.73        15.13   -0.029       0.023       
2458993.76304  2458993.76802  2020-05-24.2630488  coadd_br250135 1.42 -1.58 19.141     >19.141  99.990          15.71        17.22   0.024        0.027       
2459000.36579  2459000.37076  2020-05-30.8657942  coadd_bn217249 1.50 -1.65 15.638     >15.638  99.990         571.29       406.02   0.946        0.673       
2459002.68537  2459002.69033  2020-06-02.1853768  coadd_br252600 1.42 -1.58 18.091     >18.091  99.990        -132.83        45.29   -0.206       0.070       
2459008.50849  2459008.51337  2020-06-08.0084878  coadd_bn220407 1.65 -1.65 16.808     >16.808  99.990         233.23       138.26   0.386        0.229       
2459020.75904  2459020.76361  2020-06-20.2590497  coadd_br257110 1.45 -1.58 18.994     >18.994  99.990         -30.42        19.72   -0.047       0.031       
2459035.75956  2459035.76349  2020-07-05.2595609  coadd_br259870 1.47 -1.58 17.317     >17.317  99.990         -96.62        92.33   -0.150       0.143       
2459044.72264  2459044.72607  2020-07-14.2226437  coadd_br262131 1.43 -1.58 18.938     >18.938  99.990         -37.49        20.76   -0.058       0.032       
2459046.81525  2459046.81855  2020-07-16.3152513  coadd_br262670 1.43 -1.58 19.031     >19.031  99.990         -15.86        19.05   -0.025       0.030       
2459053.37435  2459053.37722  2020-07-22.8743513  coadd_bn231518 1.51 -1.65 19.033     >19.033  99.990         -17.84        17.80   -0.030       0.029       
2459055.43635  2459055.43907  2020-07-24.9363505  coadd_bn232404 1.67 -1.65 18.978     >18.978  99.990           2.40        18.72   0.004        0.031       
2459056.32138  2459056.32404  2020-07-25.8213847  coadd_bn232666 1.56 -1.65 18.596     >18.596  99.990         -12.46        26.63   -0.021       0.044       
2459058.77340  2459058.77588  2020-07-28.2733967  coadd_br264661 1.49 -1.58 18.712     >18.712  99.990          15.70        25.55   0.024        0.040       
2459063.21801  2459063.22017  2020-08-01.7180100  coadd_bn235117 1.49 -1.65 17.558     >17.558  99.990          45.93        69.29   0.076        0.115       
2459066.22038  2459066.22231  2020-08-04.7203815  coadd_bn235742 1.57 -1.65 18.367     >18.367  99.990           8.20        32.88   0.014        0.054       
2459066.71732  2459066.71921  2020-08-05.2173240  coadd_br267059 1.47 -1.58 17.650     >17.650  99.990         -49.88        67.94   -0.077       0.105       
2459070.74227  2459070.74384  2020-08-09.2422703  coadd_br268358 1.39 -1.58 18.391     >18.391  99.990         -86.51        34.33   -0.134       0.053       
2459079.72711  2459079.72796  2020-08-18.2271098  coadd_br270490 1.47 -1.58 18.172     >18.172  99.990         -89.62        42.04   -0.139       0.065       
2459080.69793  2459080.69869  2020-08-19.1979339  coadd_br270823 1.41 -1.58 18.991     >18.991  99.990         -29.62        19.76   -0.046       0.031       
2459081.71578  2459081.71645  2020-08-20.2157762  coadd_br271194 1.42 -1.58 18.546     >18.546  99.990          83.52        29.78   0.130        0.046       
2459087.69577  2459087.69595  2020-08-26.1957730  coadd_br273169 1.38 -1.58 18.113     >18.113  99.990        -253.66        44.36   -0.393       0.069       
2459091.66631  2459091.66616  2020-08-30.1663121  coadd_br274609 1.46 -1.58 17.650     >17.650  99.990          50.99        67.99   0.079        0.105       
2459097.63838  2459097.63773  2020-09-05.1383825  coadd_br276163 1.53 -1.58 18.432     >18.432  99.990          85.28        33.06   0.132        0.051       
2459125.58702  2459125.58420  2020-10-03.0870230  coadd_br277051 1.37 -1.58 17.872     >17.872  99.990        -111.04        55.38   -0.172       0.086       
2459127.58174  2459127.57879  2020-10-05.0817393  coadd_br277493 1.47 -1.58 18.867     >18.867  99.990          21.52        22.15   0.033        0.034       
2459129.57644  2459129.57336  2020-10-07.0764407  coadd_br278306 1.49 -1.58 18.631     >18.631  99.990          71.82        27.52   0.111        0.043       
2459132.56647  2459132.56320  2020-10-10.0664743  coadd_br279359 1.55 -1.58 18.942     >18.942  99.990         -29.77        20.68   -0.046       0.032       
2459218.02248  2459218.01866  2021-01-03.5224748  coadd_br308689 1.63 -1.58 17.896     >17.896  99.990        -112.31        54.18   -0.174       0.084       
2459219.02318  2459219.01941  2021-01-04.5231787  coadd_br309105 1.54 -1.58 18.444     >18.444  99.990          26.15        32.71   0.041        0.051       
2459221.01647  2459221.01282  2021-01-06.5164737  coadd_br309950 1.47 -1.58 18.495      18.441  0.348           98.38        31.20   0.153        0.048       
2459231.98810  2459231.98513  2021-01-17.4881042  coadd_br313514 1.65 -1.58 19.382     >19.382  99.990         -23.76        13.78   -0.037       0.021       
2459232.99484  2459232.99194  2021-01-18.4948435  coadd_br313972 1.58 -1.58 19.138     >19.138  99.990         -86.90        17.26   -0.135       0.027       
2459238.97603  2459238.97355  2021-01-24.4760325  coadd_br315567 1.50 -1.58 19.217     >19.217  99.990         -82.03        16.05   -0.127       0.025       
2459239.98685  2459239.98445  2021-01-25.4868554  coadd_br315821 1.46 -1.58 19.130     >19.130  99.990         -73.51        17.39   -0.114       0.027       
2459241.98251  2459241.98026  2021-01-27.4825130  coadd_br316434 1.73 -1.58 17.967     >17.967  99.990        -114.89        50.74   -0.178       0.079       
2459245.95897  2459245.95703  2021-01-31.4589846  coadd_br317517 1.47 -1.58 17.936     >17.936  99.990           9.84        52.23   0.015        0.081       
2459246.94883  2459246.94696  2021-02-01.4488325  coadd_br317937 1.50 -1.58 17.415     >17.415  99.990        -176.09        84.40   -0.273       0.131       
2459251.02155  2459251.02001  2021-02-05.5215593  coadd_br319497 1.46 -1.58 18.550     >18.550  99.990        -104.50        29.68   -0.162       0.046       
2459252.87411  2459252.87272  2021-02-07.3741179  coadd_bF202689 1.44 -1.74 18.526     >18.526  99.990          -0.57        26.14   -0.001       0.047       
2459252.94616  2459252.94478  2021-02-07.4461710  coadd_br320244 1.71 -1.58 19.262     >19.262  99.990         -12.29        15.40   -0.019       0.024       
2459253.62146  2459253.62013  2021-02-08.1214605  coadd_bn276793 1.64 -1.65 18.303     >18.303  99.990          -8.96        34.86   -0.015       0.058       
2459253.87350  2459253.87218  2021-02-08.3734993  coadd_bF203017 1.46 -1.74 18.922     >18.922  99.990          40.14        18.14   0.072        0.033       
2459253.95805  2459253.95675  2021-02-08.4580534  coadd_br320681 1.50 -1.58 19.206     >19.206  99.990          -3.93        16.21   -0.006       0.025       
2459255.93941  2459255.93827  2021-02-10.4394192  coadd_br321513 1.66 -1.58 17.967     >17.967  99.990          55.89        50.74   0.087        0.079       
2459259.85719  2459259.85638  2021-02-14.3571968  coadd_bj354438 1.53 -1.69 18.674     >18.674  99.990         -13.58        23.86   -0.023       0.041       
2459260.85284  2459260.85212  2021-02-15.3528480  coadd_bF205323 1.55 -1.74 18.904     >18.904  99.990         -71.25        18.44   -0.128       0.033       
2459262.85650  2459262.85595  2021-02-17.3565087  coadd_bj355496 1.57 -1.69 18.723     >18.723  99.990          52.74        22.82   0.091        0.039       
2459263.85645  2459263.85598  2021-02-18.3564541  coadd_bF206316 1.51 -1.74 18.901     >18.901  99.990         -33.69        18.50   -0.061       0.033       
2459267.60120  2459267.60104  2021-02-22.1012047  coadd_bn280533 1.58 -1.65 18.668     >18.668  99.990          48.75        24.92   0.081        0.041       
2459270.60616  2459270.60626  2021-02-25.1061549  coadd_bn281563 1.58 -1.65 18.765     >18.765  99.990          41.57        22.78   0.069        0.038       
2459272.88246  2459272.88275  2021-02-27.3824564  coadd_bF208347 1.63 -1.74 17.575     >17.575  99.990         124.30        62.73   0.224        0.113       
2459273.89410  2459273.89448  2021-02-28.3940986  coadd_bF208713 1.54 -1.74 17.490     >17.490  99.990         148.64        67.86   0.268        0.122       
2459274.83039  2459274.83085  2021-03-01.3303942  coadd_bF209024 1.48 -1.74 17.608     >17.608  99.990          75.53        60.89   0.136        0.110       
2459275.82944  2459275.82999  2021-03-02.3294471  coadd_bj360192 1.56 -1.69 17.481     >17.481  99.990        -127.17        71.66   -0.219       0.123       
2459276.84118  2459276.84181  2021-03-03.3411850  coadd_bj360550 1.56 -1.69 17.578     >17.578  99.990        -254.95        65.48   -0.438       0.113       
2459277.81265  2459277.81337  2021-03-04.3126550  coadd_bj360874 1.59 -1.69 17.803     >17.803  99.990         -15.48        53.25   -0.027       0.092       
2459278.81181  2459278.81261  2021-03-05.3118101  coadd_bj361194 1.50 -1.69 18.007     >18.007  99.990          26.56        44.12   0.046        0.076       
2459280.85372  2459280.85470  2021-03-07.3537215  coadd_br326100 1.49 -1.58 19.242     >19.242  99.990         -21.38        15.68   -0.033       0.024       
2459280.90099  2459280.90196  2021-03-07.4009913  coadd_bj361924 1.54 -1.69 17.964     >17.964  99.990         -69.30        45.90   -0.119       0.079       
2459281.80834  2459281.80939  2021-03-08.3083424  coadd_bF211368 1.54 -1.74 18.924     >18.924  99.990         -87.21        18.12   -0.157       0.033       
2459281.83552  2459281.83657  2021-03-08.3355280  coadd_bj362258 1.51 -1.69 18.795     >18.795  99.990         -33.83        21.35   -0.058       0.037       
2459281.92737  2459281.92843  2021-03-08.4273668  coadd_br326537 1.42 -1.58 18.196     >18.196  99.990         -32.00        41.11   -0.050       0.064       
2459286.85284  2459286.85431  2021-03-13.3528440  coadd_br327621 1.48 -1.58 18.822     >18.822  99.990         -69.20        23.09   -0.107       0.036       
2459291.53507  2459291.53692  2021-03-18.0350687  coadd_bn286217 1.52 -1.65 18.649     >18.649  99.990         -91.62        25.36   -0.152       0.042       
2459292.90158  2459292.90353  2021-03-19.4015842  coadd_br329031 1.37 -1.58 19.226     >19.226  99.990         -13.24        15.92   -0.021       0.025       
2459294.86155  2459294.86365  2021-03-21.3615547  coadd_bj366339 1.59 -1.69 19.044     >19.044  99.990          32.43        16.98   0.056        0.029       
2459294.90856  2459294.91066  2021-03-21.4085562  coadd_br329799 1.43 -1.58 19.100     >19.100  99.990         -46.39        17.87   -0.072       0.028       
2459295.50231  2459295.50447  2021-03-22.0023077  coadd_bn287326 1.51 -1.65 18.988     >18.988  99.990          26.87        18.56   0.045        0.031       
2459295.77716  2459295.77934  2021-03-22.2771593  coadd_bF215614 1.48 -1.74 18.972     >18.972  99.990          -0.54        17.33   -0.001       0.031       
2459295.79123  2459295.79341  2021-03-22.2912336  coadd_bj366664 1.59 -1.69 19.202     >19.202  99.990          14.65        14.68   0.025        0.025       
2459298.78873  2459298.79114  2021-03-25.2887326  coadd_bF216739 1.58 -1.74 18.628     >18.628  99.990         -88.34        23.78   -0.159       0.043       
2459300.98137  2459300.98394  2021-03-27.4813755  coadd_br331280 1.42 -1.58 18.111     >18.111  99.990           4.83        44.46   0.007        0.069       
2459301.85180  2459301.85443  2021-03-28.3518041  coadd_bF217828 1.44 -1.74 17.729     >17.729  99.990          15.15        54.44   0.027        0.098       
2459301.88527  2459301.88790  2021-03-28.3852715  coadd_br331475 1.66 -1.58 17.151     >17.151  99.990        -195.21       107.59   -0.303       0.167       
2459302.86290  2459302.86560  2021-03-29.3629033  coadd_bF217974 1.56 -1.74 17.545     >17.545  99.990          74.83        64.53   0.135        0.116       
2459302.87936  2459302.88206  2021-03-29.3793694  coadd_br331812 1.44 -1.58 17.962     >17.962  99.990           5.85        51.01   0.009        0.079       
2459302.89763  2459302.90034  2021-03-29.3976359  coadd_bj369206 1.67 -1.69 17.493     >17.493  99.990        -301.45        70.84   -0.518       0.122       
2459304.74877  2459304.75161  2021-03-31.2487814  coadd_bj369893 1.55 -1.69 17.304     >17.304  99.990         165.03        84.35   0.284        0.145       
2459305.75057  2459305.75348  2021-04-01.2505689  coadd_bF219016 1.58 -1.74 17.459     >17.459  99.990         -39.12        69.84   -0.070       0.126       
2459306.80643  2459306.80941  2021-04-02.3064390  coadd_bj370729 1.52 -1.69 18.040     >18.040  99.990        -181.08        42.79   -0.311       0.074       
2459308.83821  2459308.84132  2021-04-04.3382103  coadd_bF220159 1.49 -1.74 18.326     >18.326  99.990          60.94        31.41   0.110        0.057       
2459308.86515  2459308.86827  2021-04-04.3651538  coadd_br333481 1.55 -1.58 19.020     >19.020  99.990          22.56        19.25   0.035        0.030       
2459309.47154  2459309.47470  2021-04-04.9715530  coadd_bn291114 1.51 -1.65 19.084     >19.084  99.990         -18.72        16.98   -0.031       0.028       
2459309.72120  2459309.72437  2021-04-05.2212021  coadd_bj371795 1.61 -1.69 18.992     >18.992  99.990         -10.26        17.81   -0.018       0.031       
2459309.78290  2459309.78607  2021-04-05.2828947  coadd_br333779 1.44 -1.58 19.435     >19.435  99.990         -48.86        13.13   -0.076       0.020       
2459311.51880  2459311.52209  2021-04-07.0188034  coadd_bn291739 1.58 -1.65 19.013     >19.013  99.990         -65.95        18.14   -0.109       0.030       
2459312.78490  2459312.78827  2021-04-08.2848966  coadd_bj373063 1.53 -1.69 18.709     >18.709  99.990         -15.10        23.11   -0.026       0.040       
2459313.77202  2459313.77545  2021-04-09.2720261  coadd_br335118 1.49 -1.58 19.155     >19.155  99.990         -36.12        16.99   -0.056       0.026       
2459313.90776  2459313.91120  2021-04-09.4077629  coadd_bj373572 1.59 -1.69 18.640     >18.640  99.990         -50.97        24.64   -0.088       0.042       
2459315.84202  2459315.84557  2021-04-11.3420178  coadd_br335810 1.48 -1.58 19.330     >19.330  99.990         -31.01        14.46   -0.048       0.022       
2459316.45949  2459316.46308  2021-04-11.9594958  coadd_bn293687 1.49 -1.65 18.875     >18.875  99.990          41.43        20.59   0.069        0.034       
2459316.71443  2459316.71803  2021-04-12.2144303  coadd_bF222867 1.53 -1.74 18.979     >18.979  99.990         -12.72        17.21   -0.023       0.031       
2459316.72216  2459316.72577  2021-04-12.2221662  coadd_bj374666 1.58 -1.69 19.153     >19.153  99.990          24.13        15.36   0.041        0.026       
2459316.84341  2459316.84703  2021-04-12.3434216  coadd_br336186 1.38 -1.58 18.891     >18.891  99.990         -57.37        21.67   -0.089       0.034       
2459321.50368  2459321.50755  2021-04-17.0036821  coadd_bn295536 1.96 -1.65 18.844     >18.844  99.990          37.98        21.19   0.063        0.035       
2459322.87249  2459322.87644  2021-04-18.3725035  coadd_bj377290 1.57 -1.69 18.688     >18.688  99.990         -35.09        23.56   -0.060       0.041       
2459323.53322  2459323.53720  2021-04-19.0332167  coadd_bn295960 1.51 -1.65 19.245     >19.245  99.990          31.16        14.65   0.052        0.024       
2459323.69171  2459323.69570  2021-04-19.1917087  coadd_bj377573 1.60 -1.69 19.191     >19.191  99.990          -2.92        14.83   -0.005       0.026       
2459323.72862  2459323.73261  2021-04-19.2286219  coadd_bF225642 1.67 -1.74 18.896     >18.896  99.990          32.50        18.58   0.059        0.033       
2459325.52889  2459325.53297  2021-04-21.0288927  coadd_bn296383 1.50 -1.65 19.086     >19.086  99.990          34.73        16.95   0.058        0.028       
2459326.77130  2459326.77544  2021-04-22.2713155  coadd_bj378644 1.56 -1.69 18.491     >18.491  99.990          21.59        28.27   0.037        0.049       
2459328.93877  2459328.94300  2021-04-24.4387741  coadd_br338754 1.44 -1.58 18.413     >18.413  99.990          91.72        33.64   0.142        0.052       
2459330.66417  2459330.66849  2021-04-26.1641773  coadd_bj380157 1.54 -1.69 17.823     >17.823  99.990          35.63        52.27   0.061        0.090       
2459330.83967  2459330.84399  2021-04-26.3396700  coadd_bF228226 1.61 -1.74 17.475     >17.475  99.990         188.25        68.80   0.339        0.124       
2459332.80970  2459332.81410  2021-04-28.3096994  coadd_bj381104 1.53 -1.69 17.396     >17.396  99.990          99.10        77.46   0.170        0.133       
2459336.67780  2459336.68235  2021-05-02.1778025  coadd_bF229768 1.57 -1.74 17.959     >17.959  99.990         -85.99        44.03   -0.155       0.079       
2459337.39119  2459337.39576  2021-05-02.8911935  coadd_bn299026 1.54 -1.65 19.347     >19.347  99.990           6.66        13.34   0.011        0.022       
2459337.64985  2459337.65443  2021-05-03.1498571  coadd_bF230151 1.59 -1.74 19.122     >19.122  99.990          -9.06        15.09   -0.016       0.027       
2459337.67529  2459337.67987  2021-05-03.1752875  coadd_bj382301 1.58 -1.69 18.696     >18.696  99.990         -62.61        23.38   -0.108       0.040       
2459339.54876  2459339.55339  2021-05-05.0487618  coadd_bn299567 1.47 -1.65 18.703     >18.703  99.990          26.39        24.12   0.044        0.040       
2459340.90961  2459340.91429  2021-05-06.4096182  coadd_br340957 1.39 -1.58 19.154     >19.154  99.990         -22.00        17.00   -0.034       0.026       
2459343.54730  2459343.55206  2021-05-09.0473047  coadd_bn300315 1.73 -1.65 18.999     >18.999  99.990          46.16        18.37   0.076        0.030       
2459344.44247  2459344.44725  2021-05-09.9424843  coadd_bn300606 1.45 -1.65 19.723     >19.723  99.990           8.72         9.43   0.014        0.016       
2459344.68558  2459344.69036  2021-05-10.1855804  coadd_br341726 1.48 -1.58 19.572     >19.572  99.990         -35.13        11.58   -0.054       0.018       
2459346.53318  2459346.53801  2021-05-12.0331892  coadd_bn301408 1.61 -1.65 18.877     >18.877  99.990         -24.50        20.56   -0.041       0.034       
2459350.86121  2459350.86611  2021-05-16.3612122  coadd_bj386536 1.62 -1.69 18.680     >18.680  99.990           0.01        23.75   0.000        0.041       
2459351.34853  2459351.35344  2021-05-16.8485348  coadd_bn302377 1.51 -1.65 19.390     >19.390  99.990         -18.16        12.82   -0.030       0.021       
2459351.61599  2459351.62090  2021-05-17.1159864  coadd_bj386771 1.57 -1.69 19.150     >19.150  99.990         -24.83        15.40   -0.043       0.026       
2459351.65970  2459351.66461  2021-05-17.1597101  coadd_br342787 1.44 -1.58 19.445     >19.445  99.990         -52.89        13.00   -0.082       0.020       
2459351.73269  2459351.73760  2021-05-17.2326929  coadd_bF234543 1.64 -1.74 19.385     >19.385  99.990         -37.75        11.84   -0.068       0.021       
2459352.74522  2459352.75015  2021-05-18.2452239  coadd_bj387305 1.56 -1.69 18.635     >18.635  99.990         -49.57        24.74   -0.085       0.043       
2459353.77314  2459353.77808  2021-05-19.2731431  coadd_br343522 1.39 -1.58 19.278     >19.278  99.990          24.54        15.18   0.038        0.024       
2459357.34918  2459357.35415  2021-05-22.8491817  coadd_bn303351 1.60 -1.65 18.428     >18.428  99.990          17.87        31.09   0.030        0.051       
2459357.85124  2459357.85621  2021-05-23.3512409  coadd_bj388436 1.65 -1.69 18.837     >18.837  99.990         -16.48        20.55   -0.028       0.035       
2459358.35115  2459358.35613  2021-05-23.8511543  coadd_bn303775 1.62 -1.65 18.102     >18.102  99.990          57.54        41.98   0.095        0.070       
2459358.58466  2459358.58964  2021-05-24.0846621  coadd_bF236524 1.54 -1.74 18.118     >18.118  99.990          40.45        38.06   0.073        0.069       
2459358.69698  2459358.70195  2021-05-24.1969766  coadd_bj388746 1.58 -1.69 17.931     >17.931  99.990         -24.27        47.31   -0.042       0.081       
2459362.43947  2459362.44445  2021-05-27.9394706  coadd_bn304836 2.05 -1.65 17.574     >17.574  99.990          29.22        68.27   0.048        0.113       
2459365.31447  2459365.31944  2021-05-30.8144755  coadd_bn305204 1.46 -1.65 18.901     >18.901  99.990         -59.70        20.11   -0.099       0.033       
2459365.57404  2459365.57901  2021-05-31.0740453  coadd_bF239019 1.57 -1.74 18.904     >18.904  99.990           5.37        18.45   0.010        0.033       
2459365.62826  2459365.63323  2021-05-31.1282587  coadd_bj391311 1.55 -1.69 18.910     >18.910  99.990         -29.29        19.21   -0.050       0.033       
2459366.71139  2459366.71636  2021-06-01.2113950  coadd_bj391815 1.53 -1.69 18.526     >18.526  99.990         -38.01        27.36   -0.065       0.047       
2459369.56029  2459369.56523  2021-06-04.0602966  coadd_bF240713 1.65 -1.74 18.644     >18.644  99.990         -22.87        23.44   -0.041       0.042       
2459372.29869  2459372.30360  2021-06-06.7986916  coadd_bn307110 1.60 -1.65 19.196     >19.196  99.990           4.08        15.32   0.007        0.025       
2459372.55105  2459372.55595  2021-06-07.0510508  coadd_bF241899 1.50 -1.74 19.509     >19.509  99.990          29.76        10.57   0.054        0.019       
2459372.57812  2459372.58301  2021-06-07.0781224  coadd_bj394280 1.55 -1.69 19.450     >19.450  99.990         -36.99        11.68   -0.064       0.020       
2459374.50591  2459374.51078  2021-06-09.0059112  coadd_bn307365 1.51 -1.65 18.805     >18.805  99.990         -73.73        21.97   -0.122       0.036       
2459375.36921  2459375.37406  2021-06-09.8692159  coadd_bn307574 1.55 -1.65 19.282     >19.282  99.990          35.27        14.16   0.058        0.023       
2459377.29596  2459377.30077  2021-06-11.7959640  coadd_bn308339 1.52 -1.65 18.850     >18.850  99.990          49.12        21.08   0.081        0.035       
2459378.46076  2459378.46554  2021-06-12.9607555  coadd_bn308682 1.79 -1.65 17.985      17.750  0.294          174.05        46.76   0.288        0.077       
2459378.82343  2459378.82820  2021-06-13.3234405  coadd_br349149 1.41 -1.58 19.256     >19.256  99.990         -31.14        15.49   -0.048       0.024       
2459379.28133  2459379.28610  2021-06-13.7813310  coadd_bn308904 1.55 -1.65 19.521     >19.521  99.990           3.82        11.35   0.006        0.019       
2459379.52886  2459379.53362  2021-06-14.0288593  coadd_bF244817 1.53 -1.74 19.727     >19.727  99.990           0.95         8.65   0.002        0.016       
2459379.55151  2459379.55627  2021-06-14.0515105  coadd_bj397331 1.52 -1.69 19.136     >19.136  99.990         -24.78        15.59   -0.043       0.027       
2459379.69046  2459379.69521  2021-06-14.1904638  coadd_br349349 1.41 -1.58 19.360     >19.360  99.990         -27.03        14.07   -0.042       0.022       
2459386.25500  2459386.25956  2021-06-20.7550016  coadd_bn310190 1.58 -1.65 17.837     >17.837  99.990         -16.45        53.55   -0.027       0.089       
2459386.51453  2459386.51908  2021-06-21.0145287  coadd_bF247029 1.59 -1.74 17.360     >17.360  99.990        -137.33        76.47   -0.247       0.138       
2459386.54645  2459386.55100  2021-06-21.0464532  coadd_bj399615 1.60 -1.69 17.945     >17.945  99.990         -44.55        46.73   -0.077       0.080       
2459386.68534  2459386.68988  2021-06-21.1853372  coadd_br351265 1.44 -1.58 17.494     >17.494  99.990         136.34        78.45   0.211        0.122       
2459393.49547  2459393.49975  2021-06-27.9954677  coadd_bF249255 1.51 -1.74 19.124     >19.124  99.990          14.46        15.06   0.026        0.027       
2459393.70631  2459393.71058  2021-06-28.2063061  coadd_bj402077 1.57 -1.69 18.082     >18.082  99.990         -64.78        41.17   -0.111       0.071       
2459394.60855  2459394.61278  2021-06-29.1085469  coadd_bF249758 1.53 -1.74 18.543     >18.543  99.990         -45.51        25.72   -0.082       0.046       
2459396.66944  2459396.67358  2021-07-01.1694373  coadd_bF250627 1.51 -1.74 19.008     >19.008  99.990          10.25        16.77   0.018        0.030       
2459400.49759  2459400.50155  2021-07-04.9975976  coadd_bF252156 1.57 -1.74 19.216     >19.216  99.990          31.27        13.84   0.056        0.025       
2459400.58898  2459400.59293  2021-07-05.0889787  coadd_bj405023 1.56 -1.69 18.144     >18.144  99.990         -42.68        38.89   -0.073       0.067       
2459400.73266  2459400.73660  2021-07-05.2326633  coadd_br353229 1.51 -1.58 18.917     >18.917  99.990         -26.14        21.15   -0.041       0.033       
2459401.64759  2459401.65148  2021-07-06.1475877  coadd_bj405493 1.63 -1.69 19.046     >19.046  99.990         -19.61        16.94   -0.034       0.029       
2459403.47868  2459403.48248  2021-07-07.9786835  coadd_bF253332 1.45 -1.74 18.858     >18.858  99.990          29.45        19.25   0.053        0.035       
2459404.83810  2459404.84182  2021-07-09.3380956  coadd_br354016 1.36 -1.58 18.405     >18.405  99.990         -30.23        33.90   -0.047       0.053       
2459405.81734  2459405.82100  2021-07-10.3173350  coadd_br354302 1.44 -1.58 18.869     >18.869  99.990         -68.19        22.11   -0.106       0.034       
2459407.22452  2459407.22811  2021-07-11.7245174  coadd_bn313256 1.73 -1.65 19.027     >19.027  99.990           5.13        17.90   0.008        0.030       
2459407.47862  2459407.48219  2021-07-11.9786228  coadd_bj407712 1.51 -1.69 18.848     >18.848  99.990         -64.76        20.33   -0.111       0.035       
2459407.55223  2459407.55580  2021-07-12.0522295  coadd_bF254815 1.53 -1.74 19.125     >19.125  99.990         -15.26        15.05   -0.027       0.027       
2459408.64992  2459408.65342  2021-07-13.1499204  coadd_bF255280 1.54 -1.74 18.909     >18.909  99.990          18.16        18.36   0.033        0.033       
2459410.66574  2459410.66913  2021-07-15.1657430  coadd_bj409137 1.63 -1.69 18.737     >18.737  99.990         -43.98        22.52   -0.076       0.039       
2459412.80256  2459412.80581  2021-07-17.3025556  coadd_br355623 1.45 -1.58 18.854     >18.854  99.990         -81.27        22.42   -0.126       0.035       
2459413.70695  2459413.71014  2021-07-18.2069524  coadd_bj410456 1.59 -1.69 17.673     >17.673  99.990          19.11        60.02   0.033        0.103       
2459414.21269  2459414.21585  2021-07-18.7126885  coadd_bn314942 1.72 -1.65 18.192     >18.192  99.990          11.01        38.63   0.018        0.064       
2459414.45448  2459414.45762  2021-07-18.9544788  coadd_bj410690 2.20 -1.69 18.125     >18.125  99.990          19.69        39.59   0.034        0.068       
2459414.52945  2459414.53259  2021-07-19.0294533  coadd_bF257669 1.48 -1.74 18.270     >18.270  99.990         -50.12        33.06   -0.090       0.060       
2459416.59566  2459416.59866  2021-07-21.0956596  coadd_bj411651 1.61 -1.69 17.864     >17.864  99.990         -49.43        50.32   -0.085       0.087       
2459418.60395  2459418.60682  2021-07-23.1039542  coadd_bj412515 1.99 -1.69 17.246     >17.246  99.990        -114.03        88.92   -0.196       0.153       
2459421.48846  2459421.49112  2021-07-25.9884592  coadd_bF260513 2.05 -1.74 18.974     >18.974  99.990         -43.49        17.29   -0.078       0.031       
2459423.61709  2459423.61961  2021-07-28.1170917  coadd_bj414634 2.16 -1.69 17.864     >17.864  99.990        -130.08        50.33   -0.224       0.087       
2459424.64585  2459424.64829  2021-07-29.1458497  coadd_bj415075 1.64 -1.69 18.201     >18.201  99.990         -29.82        36.90   -0.051       0.063       
2459425.56917  2459425.57154  2021-07-30.0691818  coadd_bF262200 1.49 -1.74 19.151     >19.151  99.990         -13.52        14.69   -0.024       0.026       
2459426.41830  2459426.42061  2021-07-30.9183091  coadd_bn317449 1.50 -1.65 18.727     >18.727  99.990         -99.10        23.60   -0.164       0.039       
2459427.40605  2459427.40829  2021-07-31.9060572  coadd_bn317688 1.65 -1.65 18.318     >18.318  99.990        -142.94        34.39   -0.237       0.057       
2459428.48978  2459428.49194  2021-08-01.9897908  coadd_bj416640 1.69 -1.69 19.166     >19.166  99.990         -30.68        15.17   -0.053       0.026       
2459428.52642  2459428.52857  2021-08-02.0264212  coadd_bF263393 1.49 -1.74 19.427     >19.427  99.990         -52.06        11.40   -0.094       0.021       
2459432.69069  2459432.69252  2021-08-06.1906901  coadd_br359590 1.40 -1.58 19.075     >19.075  99.990         -12.08        18.29   -0.019       0.028       
2459434.68974  2459434.69142  2021-08-08.1897380  coadd_br360237 1.37 -1.58 19.201     >19.201  99.990          42.61        16.29   0.066        0.025       
2459435.47364  2459435.47526  2021-08-08.9736510  coadd_bF265934 1.53 -1.74 18.816     >18.816  99.990         -44.09        20.01   -0.079       0.036       
2459435.53023  2459435.53184  2021-08-09.0302324  coadd_bj419332 1.57 -1.69 19.429     >19.429  99.990           8.97        11.91   0.015        0.020       
2459435.68555  2459435.68714  2021-08-09.1855431  coadd_br360568 1.37 -1.58 19.081     >19.081  99.990          35.65        18.19   0.055        0.028       
2459436.58766  2459436.58919  2021-08-10.0876711  coadd_bF266420 1.49 -1.74 18.672     >18.672  99.990         -70.67        22.84   -0.127       0.041       
2459439.59682  2459439.59810  2021-08-13.0968285  coadd_bj421007 1.59 -1.69 18.760     >18.760  99.990          38.09        22.05   0.065        0.038       
2459442.33384  2459442.33490  2021-08-15.8338428  coadd_bn320388 1.46 -1.65 18.139     >18.139  99.990          11.74        40.54   0.019        0.067       
2459444.48754  2459444.48842  2021-08-17.9875452  coadd_bj422447 1.54 -1.69 17.987      17.845  0.321          153.64        44.94   0.264        0.077       
2459448.33264  2459448.33320  2021-08-21.8326388  coadd_bn320939 1.54 -1.65 17.278     >17.278  99.990         -33.53        89.65   -0.056       0.149       
2459449.27922  2459449.27971  2021-08-22.7792297  coadd_bn321135 1.52 -1.65 17.440     >17.440  99.990          37.68        77.21   0.062        0.128       
2459449.46764  2459449.46811  2021-08-22.9676459  coadd_bF270091 2.00 -1.74 17.873     >17.873  99.990        -127.75        47.70   -0.230       0.086       
2459449.54011  2459449.54057  2021-08-23.0401098  coadd_bj423823 1.57 -1.69 17.602     >17.602  99.990          -6.24        64.07   -0.011       0.110       
2459449.67011  2459449.67057  2021-08-23.1701237  coadd_br361690 1.38 -1.58 16.384      16.256  0.325          735.81       218.05   1.141        0.338       
2459452.65755  2459452.65775  2021-08-26.1575505  coadd_br362672 1.38 -1.58 18.139     >18.139  99.990         -48.74        43.32   -0.076       0.067       
2459453.60075  2459453.60087  2021-08-27.1007537  coadd_bj424667 1.58 -1.69 18.419     >18.419  99.990          -6.06        30.20   -0.010       0.052       
2459456.26958  2459456.26948  2021-08-29.7695875  coadd_bn322556 1.54 -1.65 18.865     >18.865  99.990         -10.85        20.79   -0.018       0.034       
2459456.47644  2459456.47633  2021-08-29.9764440  coadd_bF272011 1.56 -1.74 18.991     >18.991  99.990          -6.95        17.03   -0.013       0.031       
2459456.51097  2459456.51086  2021-08-30.0109784  coadd_bj425806 1.72 -1.69 18.706     >18.706  99.990          27.67        23.18   0.048        0.040       
2459460.56786  2459460.56740  2021-09-03.0678596  coadd_bF273341 1.54 -1.74 18.867     >18.867  99.990          18.55        19.09   0.033        0.034       
2459461.64800  2459461.64746  2021-09-04.1480068  coadd_br364162 1.47 -1.58 18.895     >18.895  99.990          27.32        21.59   0.042        0.033       
2459462.56053  2459462.55991  2021-09-05.0605383  coadd_bF274057 1.52 -1.74 18.416     >18.416  99.990          24.23        28.92   0.044        0.052       
2459463.22567  2459463.22499  2021-09-05.7256711  coadd_bn324446 1.69 -1.65 18.478     >18.478  99.990          14.87        29.69   0.025        0.049       
2459463.52860  2459463.52790  2021-09-06.0286092  coadd_bj428476 1.55 -1.69 18.776     >18.776  99.990         -28.08        21.73   -0.048       0.037       
2459463.65777  2459463.65705  2021-09-06.1577723  coadd_br364932 1.42 -1.58 18.730     >18.730  99.990          12.97        25.14   0.020        0.039       
2459465.49621  2459465.49534  2021-09-07.9962114  coadd_bF275030 1.65 -1.74 18.677     >18.677  99.990         -24.59        22.73   -0.044       0.041       
2459470.47417  2459470.47289  2021-09-12.9741722  coadd_bF276600 1.56 -1.74 18.328     >18.328  99.990         -16.23        31.36   -0.029       0.056       
2459470.60938  2459470.60810  2021-09-13.1093930  coadd_br366924 1.43 -1.58 17.972     >17.972  99.990          14.61        50.52   0.023        0.078       
2459472.63441  2459472.63297  2021-09-15.1344248  coadd_br367673 1.40 -1.58 17.660     >17.660  99.990         -84.82        67.33   -0.132       0.104       
2459474.49145  2459474.48986  2021-09-16.9914618  coadd_bF278125 2.00 -1.74 18.368     >18.368  99.990          68.13        30.21   0.123        0.054       
2459477.26512  2459477.26331  2021-09-19.7651275  coadd_bn327191 1.61 -1.65 17.323     >17.323  99.990        -235.28        85.97   -0.390       0.142       
2459477.52806  2459477.52623  2021-09-20.0280593  coadd_bF279139 1.62 -1.74 17.720     >17.720  99.990         -24.37        54.88   -0.044       0.099       
2459484.24893  2459484.24659  2021-09-26.7489392  coadd_bn329349 1.49 -1.65 18.578     >18.578  99.990           9.39        27.08   0.016        0.045       
2459484.50330  2459484.50094  2021-09-27.0033052  coadd_bF281499 1.53 -1.74 18.969     >18.969  99.990          26.35        17.38   0.047        0.031       
2459484.62542  2459484.62305  2021-09-27.1254240  coadd_br370801 1.44 -1.58 18.743     >18.743  99.990         -30.17        24.84   -0.047       0.039       
2459485.24883  2459485.24641  2021-09-27.7488402  coadd_bn329566 2.07 -1.65 18.584     >18.584  99.990         -36.08        26.92   -0.060       0.045       
2459486.59529  2459486.59278  2021-09-29.0952984  coadd_br371277 1.44 -1.58 18.849     >18.849  99.990          47.41        22.53   0.074        0.035       
2459489.22998  2459489.22728  2021-10-01.7299770  coadd_bn330147 1.97 -1.65 16.519     >16.519  99.990         -12.35       180.42   -0.020       0.299       
2459490.48750  2459490.48472  2021-10-02.9875060  coadd_bF283354 1.99 -1.74 17.653     >17.653  99.990         -32.94        58.37   -0.059       0.105       
2459491.48271  2459491.47985  2021-10-03.9827144  coadd_bF283704 2.04 -1.74 17.256     >17.256  99.990         -88.19        84.18   -0.159       0.152       
