###  JD        HJD            UT_date             IMAGE          FWHM  Diff Limit      mag   mag_err       counts     count_err  flux (mJy)    flux_err
2456220.95435  2456220.95895  2012-10-20.4543528  coadd_ba022604 2.62 -2.11 18.364     >18.364  99.990         -40.59        21.55   -0.109       0.058       
2456232.75107  2456232.75487  2012-11-01.2510693  coadd_ba026881 2.56 -2.11 18.254     >18.254  99.990         -79.10        23.86   -0.212       0.064       
2456234.81882  2456234.82247  2012-11-03.3188418  coadd_ba026299 2.31 -2.11 18.349     >18.349  99.990        -129.82        21.84   -0.348       0.058       
2456238.74258  2456238.74591  2012-11-07.2425854  coadd_ba025125 2.22 -2.11 18.769     >18.769  99.990         -86.48        14.84   -0.232       0.040       
2456240.87051  2456240.87367  2012-11-09.3705263  coadd_ba024716 2.01 -2.11 19.037     >19.037  99.990         -32.13        11.60   -0.086       0.031       
2456246.74876  2456246.75141  2012-11-15.2487725  coadd_ba029033 2.28 -2.11 18.802     >18.802  99.990        -106.91        14.40   -0.286       0.039       
2456268.75665  2456268.75719  2012-12-07.2566516  coadd_ba031241 2.47 -2.11 18.776     >18.776  99.990         -68.83        14.74   -0.184       0.039       
2456318.71221  2456318.70818  2013-01-26.2122082  coadd_ba037394 2.37 -2.11 16.598     >16.598  99.990         -70.72       109.61   -0.189       0.293       
2456415.12054  2456415.11692  2013-05-02.6205496  coadd_ba053721 2.39 -2.11 17.536     >17.536  99.990         -17.78        46.21   -0.048       0.124       
2456438.06013  2456438.05847  2013-05-25.5601328  coadd_ba055415 2.43 -2.11 16.823     >16.823  99.990        -100.03        89.15   -0.268       0.239       
2456447.03389  2456447.03308  2013-06-03.5338883  coadd_ba056362 2.90 -2.11 17.741     >17.741  99.990         -31.60        38.25   -0.085       0.102       
2456450.07715  2456450.07664  2013-06-06.5771552  coadd_ba057221 2.56 -2.11 18.426      17.897  0.224           99.42        20.36   0.266        0.055       
2456458.03737  2456458.03763  2013-06-14.5373659  coadd_ba059110 2.04 -2.11 18.399     >18.399  99.990         -44.96        20.87   -0.120       0.056       
2456464.01747  2456464.01831  2013-06-20.5174716  coadd_ba060932 1.72 -2.11 17.905     >17.905  99.990        -144.73        32.90   -0.387       0.088       
2456469.01296  2456469.01428  2013-06-25.5129682  coadd_ba062414 1.83 -2.11 17.264     >17.264  99.990        -139.16        59.36   -0.373       0.159       
2456473.00926  2456473.01095  2013-06-29.5092592  coadd_ba063438 2.32 -2.11 17.565     >17.565  99.990         -61.14        44.99   -0.164       0.120       
2456476.00654  2456476.00851  2013-07-02.5065432  coadd_ba064312 1.71 -2.11 18.302     >18.302  99.990         -44.24        22.83   -0.118       0.061       
2456478.99510  2456478.99734  2013-07-05.4951055  coadd_ba065233 2.01 -2.11 18.518     >18.518  99.990         -55.04        18.71   -0.147       0.050       
2456479.99698  2456479.99931  2013-07-06.4969893  coadd_ba065559 2.05 -2.11 18.634     >18.634  99.990         -66.65        16.81   -0.178       0.045       
2456483.01501  2456483.01760  2013-07-09.5150133  coadd_ba066570 2.28 -2.11 18.420     >18.420  99.990         -53.77        20.48   -0.144       0.055       
2456484.93432  2456484.93708  2013-07-11.4343237  coadd_ba067024 2.13 -2.11 18.341     >18.341  99.990         -41.29        22.02   -0.111       0.059       
2456488.98635  2456488.98945  2013-07-15.4863540  coadd_ba068425 1.83 -2.11 18.094     >18.094  99.990         -60.10        27.65   -0.161       0.074       
2456490.99412  2456490.99738  2013-07-17.4941232  coadd_ba069140 1.84 -2.11 18.619     >18.619  99.990         -75.20        17.05   -0.201       0.046       
2456493.91525  2456493.91874  2013-07-20.4152458  coadd_ba070062 2.19 -2.11 17.224     >17.224  99.990         -56.64        61.57   -0.152       0.165       
2456505.94036  2456505.94471  2013-08-01.4403586  coadd_ba071649 2.06 -2.11 18.710     >18.710  99.990         -82.64        15.67   -0.221       0.042       
2456508.98204  2456508.98658  2013-08-04.4820511  coadd_ba072694 1.79 -2.11 18.639     >18.639  99.990          -2.34        16.74   -0.006       0.045       
2456512.97479  2456512.97956  2013-08-08.4747901  coadd_ba073700 2.14 -2.11 19.043     >19.043  99.990          12.34        11.54   0.033        0.031       
2456517.94210  2456517.94713  2013-08-13.4421050  coadd_ba074824 1.78 -2.11 18.111     >18.111  99.990         -78.86        27.21   -0.211       0.073       
2456518.97193  2456518.97700  2013-08-14.4719322  coadd_ba075209 1.99 -2.11 18.571     >18.571  99.990          13.14        17.81   0.035        0.048       
2456521.93810  2456521.94331  2013-08-17.4381043  coadd_ba076062 2.05 -2.11 18.168     >18.168  99.990         -31.87        25.82   -0.085       0.069       
2456527.89440  2456527.89984  2013-08-23.3944040  coadd_ba077642 1.69 -2.11 16.807     >16.807  99.990        -111.92        90.43   -0.300       0.242       
2456532.91969  2456532.92528  2013-08-28.4196995  coadd_ba078663 2.04 -2.11 18.442     >18.442  99.990         -57.29        20.06   -0.153       0.054       
2456534.92739  2456534.93302  2013-08-30.4273934  coadd_ba079391 2.02 -2.11 18.433     >18.433  99.990         -68.39        20.23   -0.183       0.054       
2456536.91939  2456536.92506  2013-09-01.4193986  coadd_ba080124 1.92 -2.11 18.809     >18.809  99.990         -52.53        14.30   -0.141       0.038       
2456537.92576  2456537.93145  2013-09-02.4257603  coadd_ba080508 2.04 -2.11 18.547     >18.547  99.990          -5.33        18.22   -0.014       0.049       
2456540.91465  2456540.92039  2013-09-05.4146533  coadd_ba081450 2.15 -2.11 18.530     >18.530  99.990        -141.78        18.50   -0.380       0.050       
2456544.90577  2456544.91154  2013-09-09.4057710  coadd_ba081985 2.11 -2.11 18.485     >18.485  99.990         -69.44        19.27   -0.186       0.052       
2456556.77133  2456556.77705  2013-09-21.2713334  coadd_ba083987 1.81 -2.11 17.307     >17.307  99.990        -155.19        57.07   -0.415       0.153       
2456562.88411  2456562.88971  2013-09-27.3841138  coadd_ba084850 2.20 -2.11 18.756     >18.756  99.990          10.32        15.02   0.028        0.040       
2456567.88144  2456567.88690  2013-10-02.3814413  coadd_ba086003 2.06 -2.11 17.761     >17.761  99.990        -106.11        37.56   -0.284       0.101       
2456568.87305  2456568.87848  2013-10-03.3730512  coadd_ba086325 1.81 -2.11 17.204      17.069  0.323          213.12        62.76   0.571        0.168       
2456570.83089  2456570.83624  2013-10-05.3308893  coadd_ba087089 1.67 -2.11 18.524     >18.524  99.990          16.65        18.61   0.045        0.050       
2456592.83603  2456592.84017  2013-10-27.3360282  coadd_ba090150 1.74 -2.11 18.411     >18.411  99.990         -96.17        20.65   -0.257       0.055       
2456593.82478  2456593.82885  2013-10-28.3247826  coadd_ba090543 1.77 -2.11 18.826     >18.826  99.990         -53.43        14.09   -0.143       0.038       
2456600.82482  2456600.82838  2013-11-04.3248253  coadd_ba091972 1.67 -2.11 18.546     >18.546  99.990         -80.39        18.23   -0.215       0.049       
2456638.75760  2456638.75766  2013-12-12.2576070  coadd_ba099756 1.75 -2.11 17.516     >17.516  99.990          31.77        47.05   0.085        0.126       
2456655.72359  2456655.72197  2013-12-29.2235913  coadd_ba103728 2.32 -2.11 18.341     >18.341  99.990         -10.68        22.01   -0.029       0.059       
2456778.12392  2456778.12014  2014-04-30.6235211  coadd_ba117992 2.06 -2.11 17.031     >17.031  99.990         -31.44        73.59   -0.084       0.197       
2456784.10856  2456784.10523  2014-05-06.6081572  coadd_ba118953 2.13 -2.11 18.029     >18.029  99.990          79.95        29.36   0.214        0.079       
2456785.10608  2456785.10283  2014-05-07.6056711  coadd_ba119294 3.25 -2.11 17.958     >17.958  99.990          31.07        31.33   0.083        0.084       
2456788.09579  2456788.09278  2014-05-10.5953829  coadd_ba120012 1.80 -2.11 17.927     >17.927  99.990          -6.09        32.24   -0.016       0.086       
2456789.09341  2456789.09049  2014-05-11.5930138  coadd_ba120350 2.49 -2.11 18.203     >18.203  99.990          10.97        25.00   0.029        0.067       
2456796.08835  2456796.08603  2014-05-18.5879489  coadd_ba121147 3.06 -2.11 17.584     >17.584  99.990         -25.20        44.22   -0.067       0.118       
2456797.09656  2456797.09433  2014-05-19.5961604  coadd_ba121508 2.32 -2.11 17.708     >17.708  99.990          31.40        39.44   0.084        0.106       
2456803.06544  2456803.06375  2014-05-25.5650357  coadd_ba123491 2.24 -2.11 17.910     >17.910  99.990          -7.51        32.74   -0.020       0.088       
2456805.07767  2456805.07618  2014-05-27.5772715  coadd_ba124057 2.22 -2.11 18.161     >18.161  99.990         -73.53        25.98   -0.197       0.070       
2456809.05689  2456809.05577  2014-05-31.5564900  coadd_ba125114 2.38 -2.11 18.321     >18.321  99.990          28.83        22.42   0.077        0.060       
2456810.06700  2456810.06598  2014-06-01.5665979  coadd_ba125408 2.43 -2.11 18.224     >18.224  99.990         -40.45        24.52   -0.108       0.066       
2456813.06378  2456813.06304  2014-06-04.5633707  coadd_ba126366 1.63 -2.11 18.454     >18.454  99.990         -31.24        19.84   -0.084       0.053       
2456815.05801  2456815.05747  2014-06-06.5576099  coadd_ba126955 1.63 -2.11 18.150     >18.150  99.990          -4.80        26.26   -0.013       0.070       
2456816.05231  2456816.05187  2014-06-07.5519134  coadd_ba127277 1.63 -2.11 18.249     >18.249  99.990           6.33        23.96   0.017        0.064       
2456819.05111  2456819.05096  2014-06-10.5507081  coadd_ba128269 1.72 -2.11 17.823     >17.823  99.990         -52.96        35.48   -0.142       0.095       
2456820.05438  2456820.05432  2014-06-11.5539737  coadd_ba128538 1.72 -2.11 17.502     >17.502  99.990        -100.47        47.67   -0.269       0.128       
2456822.02961  2456822.02975  2014-06-13.5292094  coadd_ba129164 1.71 -2.11 16.958     >16.958  99.990         -85.50        78.70   -0.229       0.211       
2456829.98048  2456829.98139  2014-06-21.4800774  coadd_ba131693 1.65 -2.11 18.090     >18.090  99.990         -61.75        27.75   -0.165       0.074       
2456833.03304  2456833.03424  2014-06-24.5326403  coadd_ba132389 1.68 -2.11 18.188     >18.188  99.990        -144.74        25.36   -0.387       0.068       
2456847.01765  2456847.02013  2014-07-08.5172408  coadd_ba133353 1.83 -2.11 18.349     >18.349  99.990        -118.98        21.85   -0.319       0.059       
2456849.00110  2456849.00376  2014-07-10.5006961  coadd_ba134021 1.79 -2.11 17.767     >17.767  99.990        -129.57        37.36   -0.347       0.100       
2456849.97018  2456849.97292  2014-07-11.4697796  coadd_ba134305 1.90 -2.11 17.033     >17.033  99.990          57.27        73.47   0.153        0.197       
2456850.94902  2456850.95185  2014-07-12.4486201  coadd_ba134635 1.76 -2.11 16.820     >16.820  99.990         -78.75        89.35   -0.211       0.239       
2456856.92353  2456856.92685  2014-07-18.4231327  coadd_ba136126 1.66 -2.11 18.124     >18.124  99.990          39.48        26.89   0.106        0.072       
2456862.99647  2456863.00026  2014-07-24.4960680  coadd_ba137258 1.83 -2.11 18.587     >18.587  99.990         -61.48        17.55   -0.165       0.047       
2456863.99386  2456863.99771  2014-07-25.4934564  coadd_ba137604 1.73 -2.11 18.647     >18.647  99.990         -42.05        16.61   -0.113       0.044       
2456865.99757  2456866.00157  2014-07-27.4971715  coadd_ba138222 1.65 -2.11 18.650     >18.650  99.990         -62.24        16.56   -0.167       0.044       
2456866.99184  2456866.99591  2014-07-28.4914377  coadd_ba138553 1.66 -2.11 18.517     >18.517  99.990         -45.13        18.72   -0.121       0.050       
2456867.99494  2456867.99908  2014-07-29.4945405  coadd_ba138872 1.66 -2.11 18.461     >18.461  99.990          -3.29        19.71   -0.009       0.053       
2456868.98038  2456868.98458  2014-07-30.4799769  coadd_ba139170 1.62 -2.11 18.517     >18.517  99.990        -103.57        18.72   -0.277       0.050       
2456873.94054  2456873.94506  2014-08-04.4401348  coadd_ba139997 1.81 -2.11 18.534     >18.534  99.990         -61.48        18.44   -0.165       0.049       
2456874.88685  2456874.89143  2014-08-05.3864435  coadd_ba140284 2.20 -2.11 18.043     >18.043  99.990          11.16        28.98   0.030        0.078       
2456875.97993  2456875.98457  2014-08-06.4795253  coadd_ba140671 1.81 -2.11 18.367     >18.367  99.990         -22.62        21.50   -0.061       0.058       
2456876.96874  2456876.97343  2014-08-07.4683309  coadd_ba140999 1.70 -2.11 18.020     >18.020  99.990         -80.13        29.59   -0.215       0.079       
2456884.93956  2456884.94467  2014-08-15.4391646  coadd_ba142160 1.78 -2.11 17.916     >17.916  99.990         -30.61        32.57   -0.082       0.087       
2456886.07969  2456886.08485  2014-08-16.5792821  coadd_ba142610 1.82 -2.11 18.531     >18.531  99.990          23.97        18.47   0.064        0.049       
2456887.10196  2456887.10717  2014-08-17.6015599  coadd_ba142875 2.18 -2.11 18.108     >18.108  99.990          34.09        27.28   0.091        0.073       
2456888.10071  2456888.10595  2014-08-18.6003009  coadd_ba143211 1.68 -2.11 18.184     >18.184  99.990          72.69        25.43   0.195        0.068       
2456889.03115  2456889.03643  2014-08-19.5307456  coadd_ba144019 1.63 -2.11 18.731     >18.731  99.990          26.47        15.38   0.071        0.041       
2456891.94652  2456891.95191  2014-08-22.4461155  coadd_ba144372 1.64 -2.11 18.720     >18.720  99.990         -18.02        15.53   -0.048       0.042       
2456894.94086  2456894.94635  2014-08-25.4404552  coadd_ba145254 1.71 -2.11 18.438     >18.438  99.990         -27.48        20.13   -0.074       0.054       
2456895.94385  2456895.94938  2014-08-26.4434496  coadd_ba145541 1.69 -2.11 18.468     >18.468  99.990          10.38        19.58   0.028        0.052       
2456896.93442  2456896.93997  2014-08-27.4340221  coadd_ba145890 1.64 -2.11 18.532     >18.532  99.990         -38.62        18.46   -0.103       0.049       
2456898.94290  2456898.94850  2014-08-29.4424972  coadd_ba146578 1.70 -2.11 18.289     >18.289  99.990          56.94        23.09   0.152        0.062       
2456900.92584  2456900.93148  2014-08-31.4254350  coadd_ba147102 1.66 -2.11 18.832     >18.832  99.990          33.15        14.00   0.089        0.037       
2456902.82917  2456902.83485  2014-09-02.3287674  coadd_ba147493 1.69 -2.11 18.044     >18.044  99.990         -51.15        28.93   -0.137       0.077       
2456904.88834  2456904.89405  2014-09-04.3879381  coadd_ba148062 1.71 -2.11 18.060     >18.060  99.990          81.86        28.52   0.219        0.076       
2456906.90373  2456906.90947  2014-09-06.4033229  coadd_ba148498 1.79 -2.11 17.860     >17.860  99.990          51.83        34.29   0.139        0.092       
2456917.01553  2456917.02130  2014-09-16.5151281  coadd_ba151559 1.67 -2.11 18.157      17.834  0.271          105.42        26.08   0.282        0.070       
2456917.91322  2456917.91898  2014-09-17.4128240  coadd_ba151843 1.67 -2.11 18.450      17.521  0.155          140.60        19.91   0.376        0.053       
2456918.90955  2456918.91531  2014-09-18.4091539  coadd_ba152186 1.71 -2.11 18.735      18.127  0.208           80.47        15.32   0.215        0.041       
2456919.91014  2456919.91589  2014-09-19.4097431  coadd_ba152547 1.62 -2.11 18.360      17.915  0.242           97.83        21.64   0.262        0.058       
2456920.90829  2456920.91402  2014-09-20.4078839  coadd_ba152892 1.64 -2.11 18.446     >18.446  99.990          40.81        19.98   0.109        0.054       
2456924.90048  2456924.90615  2014-09-24.4000745  coadd_ba153817 2.00 -2.11 18.426      17.190  0.117          190.68        20.36   0.510        0.055       
2456928.88881  2456928.89439  2014-09-28.3884067  coadd_ba154371 1.74 -2.11 18.229      17.243  0.147          181.70        24.41   0.486        0.065       
2456930.88430  2456930.88982  2014-09-30.3838954  coadd_ba154763 1.71 -2.11 18.436     >18.436  99.990          29.65        20.17   0.079        0.054       
2456931.88073  2456931.88623  2014-10-01.3803321  coadd_ba154997 1.65 -2.11 18.737      18.197  0.222           75.43        15.29   0.202        0.041       
2456933.88236  2456933.88780  2014-10-03.3819625  coadd_ba155687 1.72 -2.11 17.989      17.393  0.211          158.24        30.45   0.424        0.082       
2456939.87186  2456939.87707  2014-10-09.3714561  coadd_ba157014 1.78 -2.11 17.471     >17.471  99.990         101.78        49.04   0.272        0.131       
2456961.85348  2456961.85739  2014-10-31.3530792  coadd_ba158434 2.07 -2.11 17.973     >17.973  99.990         -43.51        30.89   -0.116       0.083       
2456967.86047  2456967.86391  2014-11-06.3600614  coadd_ba159178 1.69 -2.11 17.477     >17.477  99.990         -90.78        48.78   -0.243       0.131       
2456969.81808  2456969.82137  2014-11-08.3176807  coadd_ba159802 1.77 -2.11 17.881     >17.881  99.990         -60.27        33.62   -0.161       0.090       
2456970.85355  2456970.85675  2014-11-09.3531491  coadd_ba160149 1.68 -2.11 17.825     >17.825  99.990         -96.72        35.42   -0.259       0.095       
2456972.80564  2456972.80867  2014-11-11.3052332  coadd_ba160915 1.65 -2.11 18.520     >18.520  99.990         -69.47        18.66   -0.186       0.050       
2456979.80068  2456979.80310  2014-11-18.3002733  coadd_ba162147 1.81 -2.11 18.535     >18.535  99.990         -65.58        18.41   -0.176       0.049       
2456981.79881  2456981.80105  2014-11-20.2984068  coadd_ba162800 1.70 -2.11 18.316     >18.316  99.990         -51.02        22.52   -0.137       0.060       
2456983.78878  2456983.79083  2014-11-22.2883704  coadd_ba163561 1.68 -2.11 18.684     >18.684  99.990         -37.13        16.06   -0.099       0.043       
2456985.78374  2456985.78561  2014-11-24.2833368  coadd_ba164322 1.63 -2.11 18.150     >18.150  99.990         -87.59        26.26   -0.234       0.070       
2456993.79401  2456993.79509  2014-12-02.2936131  coadd_ba166716 1.72 -2.11 17.920     >17.920  99.990          62.50        32.45   0.167        0.087       
2456997.77703  2456997.77772  2014-12-06.2766265  coadd_ba167200 1.73 -2.11 17.395     >17.395  99.990         -94.94        52.60   -0.254       0.141       
2456999.75846  2456999.75896  2014-12-08.2580585  coadd_ba167951 1.62 -2.11 17.840     >17.840  99.990          47.45        34.94   0.127        0.094       
2457001.76743  2457001.76772  2014-12-10.2670230  coadd_ba168767 1.65 -2.11 18.763     >18.763  99.990          -5.53        14.93   -0.015       0.040       
2457003.74780  2457003.74790  2014-12-12.2473975  coadd_ba169525 1.79 -2.11 18.439     >18.439  99.990         -74.77        20.11   -0.200       0.054       
2457005.74789  2457005.74779  2014-12-14.2474871  coadd_ba170274 1.75 -2.11 17.833     >17.833  99.990         -61.85        35.15   -0.166       0.094       
2457008.74873  2457008.74833  2014-12-17.2483319  coadd_ba171212 2.04 -2.11 18.660     >18.660  99.990         -18.89        16.41   -0.051       0.044       
2457012.73676  2457012.73596  2014-12-21.2363600  coadd_ba172814 2.00 -2.11 18.732     >18.732  99.990          37.21        15.35   0.100        0.041       
2457020.71527  2457020.71369  2014-12-29.2148700  coadd_ba174218 1.73 -2.11 17.872     >17.872  99.990         -59.68        33.90   -0.160       0.091       
2457024.74579  2457024.74382  2015-01-02.2453849  coadd_ba175320 2.09 -2.11 17.405     >17.405  99.990        -147.04        52.14   -0.394       0.140       
2457148.11761  2457148.11418  2015-05-05.6176112  coadd_ba205510 1.78 -2.11 16.974     >16.974  99.990          79.53        77.52   0.213        0.208       
2457150.11190  2457150.10863  2015-05-07.6119039  coadd_ba206171 1.76 -2.11 17.556      17.459  0.334          148.88        45.35   0.399        0.121       
2457158.11989  2457158.11729  2015-05-15.6199255  coadd_ba208036 2.22 -2.11 17.371     >17.371  99.990          68.91        53.82   0.184        0.144       
2457161.08676  2457161.08442  2015-05-18.5867603  coadd_ba208514 1.74 -2.11 18.339      17.541  0.175          137.98        22.06   0.369        0.059       
2457164.08476  2457164.08269  2015-05-21.5847693  coadd_ba209436 2.02 -2.11 18.127      17.344  0.177          165.57        26.80   0.443        0.072       
2457170.09502  2457170.09351  2015-05-27.5950259  coadd_ba210688 1.68 -2.11 18.353      17.319  0.141          169.34        21.78   0.453        0.058       
2457178.05200  2457178.05124  2015-06-04.5520192  coadd_ba212253 1.76 -2.11 17.438      16.877  0.218          254.54        50.57   0.681        0.135       
2457180.09449  2457180.09393  2015-06-06.5944954  coadd_ba212909 1.83 -2.11 17.655     >17.655  99.990         104.35        41.41   0.279        0.111       
2457186.11110  2457186.11112  2015-06-12.6111178  coadd_ba214474 2.20 -2.11 18.155     >18.155  99.990          20.47        26.13   0.055        0.070       
2457189.02618  2457189.02649  2015-06-15.5262041  coadd_ba214876 2.06 -2.11 18.256     >18.256  99.990           3.96        23.82   0.011        0.064       
2457190.07361  2457190.07402  2015-06-16.5736350  coadd_ba215210 1.77 -2.11 18.532     >18.532  99.990          -0.98        18.47   -0.003       0.049       
2457193.03244  2457193.03313  2015-06-19.5324472  coadd_ba215940 1.69 -2.11 18.789     >18.789  99.990           1.31        14.57   0.003        0.039       
2457195.04960  2457195.05048  2015-06-21.5496114  coadd_ba216543 2.07 -2.11 18.411     >18.411  99.990         -29.54        20.64   -0.079       0.055       
2457197.03631  2457197.03738  2015-06-23.5363200  coadd_ba217135 1.84 -2.11 18.957     >18.957  99.990          -7.88        12.49   -0.021       0.033       
2457200.98262  2457200.98407  2015-06-27.4826422  coadd_ba218019 1.62 -2.11 18.988     >18.988  99.990          17.48        12.13   0.047        0.032       
2457201.99535  2457201.99690  2015-06-28.4953756  coadd_ba218332 1.67 -2.11 17.942     >17.942  99.990          53.16        31.78   0.142        0.085       
2457204.97330  2457204.97513  2015-07-01.4733015  coadd_ba219165 1.71 -2.11 17.781     >17.781  99.990          25.48        36.89   0.068        0.099       
2457216.10423  2457216.10705  2015-07-12.6042344  coadd_ba221557 1.66 -2.11 18.466      18.107  0.262           81.94        19.63   0.219        0.053       
2457222.93313  2457222.93650  2015-07-19.4331290  coadd_ba222705 1.63 -2.11 18.341      17.393  0.152          158.19        22.01   0.423        0.059       
2457226.99238  2457226.99607  2015-07-23.4923803  coadd_ba223198 1.68 -2.11 18.763      18.327  0.244           66.90        14.93   0.179        0.040       
2457229.90338  2457229.90728  2015-07-26.4033811  coadd_ba224042 1.63 -2.11 18.984      18.248  0.185           71.97        12.18   0.193        0.033       
2457230.90620  2457230.91018  2015-07-27.4062046  coadd_ba224302 1.65 -2.11 18.423      17.402  0.142          156.89        20.41   0.420        0.055       
2457231.90296  2457231.90701  2015-07-28.4029663  coadd_ba224542 1.63 -2.11 17.465     >17.465  99.990          41.35        49.33   0.111        0.132       
2457233.11572  2457233.11985  2015-07-29.6157262  coadd_ba225015 1.68 -2.11 18.455      17.639  0.172          126.13        19.83   0.338        0.053       
2457235.98726  2457235.99158  2015-08-01.4872579  coadd_ba225585 1.71 -2.11 17.124     >17.124  99.990         110.22        67.52   0.295        0.181       
2457245.11363  2457245.11849  2015-08-10.6136349  coadd_ba227871 1.64 -2.11 17.857      16.897  0.151          249.90        34.40   0.669        0.092       
2457246.11270  2457246.11761  2015-08-11.6127096  coadd_ba228202 1.64 -2.11 18.128      17.255  0.163          179.58        26.78   0.481        0.072       
2457246.98180  2457246.98676  2015-08-12.4818020  coadd_ba228468 1.61 -2.11 18.399      17.256  0.127          179.41        20.88   0.480        0.056       
2457248.91458  2457248.91963  2015-08-14.4145840  coadd_ba228943 1.63 -2.11 18.471      17.759  0.189          112.94        19.53   0.302        0.052       
2457260.84395  2457260.84946  2015-08-26.3439559  coadd_ba230271 2.17 -2.11 16.820     >16.820  99.990         -65.85        89.35   -0.176       0.239       
2457261.86751  2457261.87304  2015-08-27.3675075  coadd_ba230418 2.28 -2.11 17.008     >17.008  99.990         173.82        75.14   0.465        0.201       
2457263.02020  2457263.02577  2015-08-28.5202064  coadd_ba230832 1.67 -2.11 17.744      17.469  0.283          147.55        38.15   0.395        0.102       
2457270.05196  2457270.05767  2015-09-04.5519542  coadd_ba232332 2.09 -2.11 18.082     >18.082  99.990         -78.10        27.96   -0.209       0.075       
2457272.03318  2457272.03892  2015-09-06.5331752  coadd_ba233121 1.64 -2.11 18.394     >18.394  99.990         -13.94        20.96   -0.037       0.056       
2457274.01286  2457274.01862  2015-09-08.5128650  coadd_ba233631 1.64 -2.11 18.913     >18.913  99.990          -3.01        13.00   -0.008       0.035       
2457277.00343  2457277.00920  2015-09-11.5034270  coadd_ba234631 1.67 -2.11 18.786     >18.786  99.990          42.95        14.62   0.115        0.039       
2457277.95733  2457277.96310  2015-09-12.4573258  coadd_ba234990 1.61 -2.11 18.979     >18.979  99.990         -25.38        12.24   -0.068       0.033       
2457284.99027  2457284.99601  2015-09-19.4902706  coadd_ba235691 1.64 -2.11 18.400     >18.400  99.990         -15.63        20.84   -0.042       0.056       
2457297.94394  2457297.94941  2015-10-02.4439446  coadd_ba238140 1.71 -2.11 18.362      17.843  0.226          104.55        21.59   0.280        0.058       
2457298.87938  2457298.88483  2015-10-03.3793888  coadd_ba238494 1.62 -2.11 18.485      18.299  0.307           68.68        19.27   0.184        0.052       
2457303.94411  2457303.94937  2015-10-08.4441174  coadd_ba239453 1.60 -2.11 18.597      17.835  0.181          105.25        17.39   0.282        0.047       
2457304.93591  2457304.94112  2015-10-09.4359148  coadd_ba239833 1.66 -2.11 18.754      17.707  0.139          118.49        15.05   0.317        0.040       
2457305.89386  2457305.89903  2015-10-10.3938649  coadd_ba240207 1.64 -2.11 18.630      17.804  0.170          108.30        16.87   0.290        0.045       
2457308.78779  2457308.79283  2015-10-13.2877956  coadd_ba240925 1.62 -2.11 18.531      17.751  0.178          113.75        18.49   0.305        0.050       
2457313.82126  2457313.82603  2015-10-18.3212636  coadd_ba242225 1.85 -2.11 18.594      18.141  0.240           79.42        17.43   0.213        0.047       
2457317.73745  2457317.74199  2015-10-22.2374482  coadd_ba243705 1.66 -2.11 17.616     >17.616  99.990         106.83        42.91   0.286        0.115       
2457323.86511  2457323.86925  2015-10-28.3651122  coadd_ba246311 1.74 -2.11 17.650      17.414  0.294          155.20        41.59   0.415        0.111       
2457324.77662  2457324.78069  2015-10-29.2766182  coadd_ba246662 1.65 -2.11 17.916     >17.916  99.990          36.72        32.56   0.098        0.087       
2457328.87576  2457328.87953  2015-11-02.3757608  coadd_ba247677 1.64 -2.11 18.507      18.052  0.240           86.25        18.90   0.231        0.051       
2457330.84122  2457330.84484  2015-11-04.3412210  coadd_ba248381 2.07 -2.11 18.557      18.320  0.293           67.37        18.04   0.180        0.048       
2457333.85724  2457333.86063  2015-11-07.3572437  coadd_ba249153 1.70 -2.11 18.422      17.067  0.104          213.65        20.44   0.572        0.055       
2457334.80080  2457334.80410  2015-11-08.3007972  coadd_ba249392 2.21 -2.11 18.512      17.612  0.159          129.25        18.80   0.346        0.050       
2457342.77286  2457342.77548  2015-11-16.2728594  coadd_ba250268 1.81 -2.11 18.327      17.454  0.163          149.49        22.31   0.400        0.060       
2457351.79405  2457351.79584  2015-11-25.2940527  coadd_ba251761 1.66 -2.11 16.869     >16.869  99.990         -23.53        85.44   -0.063       0.229       
2457353.80177  2457353.80337  2015-11-27.3017714  coadd_ba251986 1.68 -2.11 17.717      17.402  0.273          156.95        39.10   0.420        0.105       
2457354.74108  2457354.74259  2015-11-28.2410788  coadd_ba252280 1.66 -2.11 18.419     >18.419  99.990          51.59        20.48   0.138        0.055       
2457358.79121  2457358.79232  2015-12-02.2912082  coadd_ba253587 1.66 -2.11 18.731     >18.731  99.990          34.68        15.37   0.093        0.041       
2457360.78377  2457360.78469  2015-12-04.2837726  coadd_ba254450 1.67 -2.11 18.606     >18.606  99.990         -50.52        17.25   -0.135       0.046       
2457361.72667  2457361.72750  2015-12-05.2266740  coadd_ba254843 1.78 -2.11 18.739     >18.739  99.990          18.85        15.26   0.050        0.041       
2457362.71549  2457362.71621  2015-12-06.2154890  coadd_ba255271 1.74 -2.11 18.790     >18.790  99.990           2.32        14.56   0.006        0.039       
2457363.77265  2457363.77326  2015-12-07.2726474  coadd_ba255738 1.85 -2.11 18.811     >18.811  99.990          -4.86        14.28   -0.013       0.038       
2457364.76908  2457364.76960  2015-12-08.2690810  coadd_ba256172 1.78 -2.11 18.849     >18.849  99.990          -1.46        13.79   -0.004       0.037       
2457365.72730  2457365.72772  2015-12-09.2273042  coadd_ba256578 1.73 -2.11 18.935     >18.935  99.990          10.46        12.74   0.028        0.034       
2457368.73961  2457368.73974  2015-12-12.2396162  coadd_ba257586 1.86 -2.11 18.473     >18.473  99.990          20.39        19.50   0.055        0.052       
2457372.75428  2457372.75400  2015-12-16.2542795  coadd_ba258749 1.78 -2.11 18.544     >18.544  99.990         -12.92        18.27   -0.035       0.049       
2457380.72033  2457380.71926  2015-12-24.2203331  coadd_ba260283 1.67 -2.11 17.843     >17.843  99.990         -90.90        34.84   -0.243       0.093       
2457385.70694  2457385.70538  2015-12-29.2069424  coadd_ba261387 1.85 -2.11 18.615     >18.615  99.990         -34.09        17.10   -0.091       0.046       
2457509.12742  2457509.12367  2016-04-30.6274253  coadd_ba305335 1.83 -2.11 16.915     >16.915  99.990         144.30        81.90   0.386        0.219       
2457514.11000  2457514.10663  2016-05-05.6100059  coadd_ba306962 1.70 -2.11 18.027     >18.027  99.990        -115.21        29.41   -0.308       0.079       
2457521.10772  2457521.10492  2016-05-12.6077174  coadd_ba307995 2.04 -2.11 18.305     >18.305  99.990        -113.69        22.77   -0.304       0.061       
2457530.08069  2457530.07869  2016-05-21.5806896  coadd_ba310235 1.74 -2.11 17.198     >17.198  99.990         145.16        63.10   0.389        0.169       
2457533.07476  2457533.07303  2016-05-24.5747641  coadd_ba311107 1.74 -2.11 17.686     >17.686  99.990         -29.04        40.24   -0.078       0.108       
2457542.11484  2457542.11397  2016-06-02.6148452  coadd_ba313054 1.81 -2.11 17.737     >17.737  99.990           9.56        38.42   0.026        0.103       
2457543.09983  2457543.09905  2016-06-03.5998349  coadd_ba313396 1.66 -2.11 18.439      18.346  0.335           65.74        20.11   0.176        0.054       
2457549.06006  2457549.05986  2016-06-09.5600635  coadd_ba315140 1.64 -2.11 18.536     >18.536  99.990         -37.43        18.40   -0.100       0.049       
2457555.04094  2457555.04132  2016-06-15.5409456  coadd_ba316182 2.13 -2.11 18.865     >18.865  99.990          -9.81        13.59   -0.026       0.036       
2457559.10532  2457559.10610  2016-06-19.6053252  coadd_ba317333 1.79 -2.11 18.166     >18.166  99.990          52.58        25.86   0.141        0.069       
2457563.04011  2457563.04126  2016-06-23.5401107  coadd_ba318635 1.77 -2.11 17.647     >17.647  99.990          74.21        41.70   0.199        0.112       
2457575.03313  2457575.03539  2016-07-05.5331302  coadd_ba321169 1.60 -2.11 18.609     >18.609  99.990          -6.83        17.20   -0.018       0.046       
2457579.01377  2457579.01639  2016-07-09.5137739  coadd_ba322504 1.65 -2.11 18.751     >18.751  99.990          -0.26        15.09   -0.001       0.040       
2457583.03257  2457583.03552  2016-07-13.5325702  coadd_ba323374 1.72 -2.11 18.966     >18.966  99.990         -15.03        12.38   -0.040       0.033       
2457585.92939  2457585.93259  2016-07-16.4293907  coadd_ba323955 1.71 -2.11 17.917     >17.917  99.990          45.29        32.52   0.121        0.087       
2457587.11487  2457587.11816  2016-07-17.6148718  coadd_ba324314 1.77 -2.11 18.542     >18.542  99.990          39.10        18.30   0.105        0.049       
2457587.92580  2457587.92915  2016-07-18.4258020  coadd_ba324505 1.67 -2.11 17.302     >17.302  99.990          34.93        57.33   0.093        0.153       
2457596.00281  2457596.00677  2016-07-26.5028104  coadd_ba325882 2.12 -2.11 18.370     >18.370  99.990          16.94        21.43   0.045        0.057       
2457597.99053  2457597.99463  2016-07-28.4905303  coadd_ba326536 1.79 -2.11 18.590     >18.590  99.990         -70.21        17.50   -0.188       0.047       
2457602.03077  2457602.03514  2016-08-01.5307693  coadd_ba327641 1.64 -2.11 18.890     >18.890  99.990          26.63        13.27   0.071        0.036       
2457605.05584  2457605.06039  2016-08-04.5558385  coadd_ba328643 1.74 -2.11 18.715     >18.715  99.990          30.31        15.59   0.081        0.042       
2457606.86860  2457606.87327  2016-08-06.3686054  coadd_ba329149 2.05 -2.11 18.899     >18.899  99.990           1.23        13.17   0.003        0.035       
2457608.98593  2457608.99072  2016-08-08.4859365  coadd_ba329914 1.67 -2.11 18.878      18.408  0.236           62.10        13.43   0.166        0.036       
2457611.87014  2457611.87508  2016-08-11.3701468  coadd_ba330780 1.69 -2.11 18.389     >18.389  99.990          43.58        21.07   0.117        0.056       
2457613.01020  2457613.01519  2016-08-12.5102034  coadd_ba331255 1.76 -2.11 18.923     >18.923  99.990         -34.35        12.88   -0.092       0.034       
2457613.87477  2457613.87981  2016-08-13.3747724  coadd_ba331516 1.66 -2.11 17.422     >17.422  99.990         -85.42        51.31   -0.229       0.137       
2457616.94448  2457616.94966  2016-08-16.4444839  coadd_ba332218 1.75 -2.11 17.997     >17.997  99.990          26.26        30.23   0.070        0.081       
2457626.01328  2457626.01879  2016-08-25.5132798  coadd_ba334330 1.69 -2.11 18.443      18.273  0.312           70.33        20.05   0.188        0.054       
2457626.99219  2457626.99772  2016-08-26.4921913  coadd_ba334595 2.01 -2.11 18.512     >18.512  99.990         -12.88        18.80   -0.034       0.050       
2457631.03001  2457631.03565  2016-08-30.5300109  coadd_ba335555 1.64 -2.11 18.734     >18.734  99.990          18.61        15.34   0.050        0.041       
2457631.66589  2457631.67154  2016-08-31.1658925  coadd_be230757 1.49 -2.27 18.227     >18.227  99.990          47.02        21.18   0.145        0.065       
2457636.95380  2457636.95954  2016-09-05.4538006  coadd_ba336096 1.65 -2.11 18.722     >18.722  99.990          46.48        15.50   0.124        0.042       
2457638.95262  2457638.95838  2016-09-07.4526262  coadd_ba336868 1.68 -2.11 18.824      18.545  0.282           54.78        14.12   0.147        0.038       
2457650.65705  2457650.66279  2016-09-19.1570519  coadd_be237406 1.44 -2.27 17.606     >17.606  99.990          79.79        37.53   0.247        0.116       
2457652.78070  2457652.78642  2016-09-21.2807057  coadd_be238265 1.47 -2.27 17.432     >17.432  99.990         116.44        44.04   0.360        0.136       
2457653.98786  2457653.99355  2016-09-22.4878585  coadd_ba339742 2.11 -2.11 18.465     >18.465  99.990          -2.79        19.63   -0.007       0.053       
2457656.84879  2457656.85443  2016-09-25.3487910  coadd_ba340114 1.63 -2.11 18.747     >18.747  99.990           2.83        15.15   0.008        0.041       
2457660.95496  2457660.96050  2016-09-29.4549574  coadd_ba341216 1.65 -2.11 18.493      18.227  0.286           73.35        19.14   0.196        0.051       
2457662.72338  2457662.72887  2016-10-01.2233864  coadd_be242017 1.58 -2.27 18.366      17.975  0.254           80.17        18.64   0.248        0.058       
2457667.51928  2457667.52460  2016-10-06.0192775  coadd_be243408 2.13 -2.27 18.195      17.883  0.274           87.24        21.81   0.270        0.067       
2457669.80234  2457669.80757  2016-10-08.3023437  coadd_ba343193 1.66 -2.11 18.500     >18.500  99.990          13.59        19.01   0.036        0.051       
2457670.93195  2457670.93712  2016-10-09.4319480  coadd_ba343699 1.70 -2.11 18.598     >18.598  99.990         -23.58        17.38   -0.063       0.047       
2457677.85500  2457677.85984  2016-10-16.3550039  coadd_ba346347 2.01 -2.11 17.132     >17.132  99.990           9.23        67.01   0.025        0.179       
2457678.70910  2457678.71389  2016-10-17.2090966  coadd_ba346642 1.67 -2.11 17.768     >17.768  99.990          13.49        37.31   0.036        0.100       
2457685.90176  2457685.90612  2016-10-24.4017645  coadd_ba348409 2.04 -2.11 18.612     >18.612  99.990         -32.64        17.15   -0.087       0.046       
2457687.88938  2457687.89361  2016-10-26.3893856  coadd_ba349229 1.86 -2.11 18.768     >18.768  99.990         -24.40        14.86   -0.065       0.040       
2457688.81717  2457688.82133  2016-10-27.3171733  coadd_ba349570 1.78 -2.11 18.744     >18.744  99.990         -43.37        15.19   -0.116       0.041       
2457693.87575  2457693.87955  2016-11-01.3757541  coadd_ba351142 1.88 -2.11 18.452     >18.452  99.990          24.19        19.88   0.065        0.053       
2457695.79403  2457695.79768  2016-11-03.2940320  coadd_ba351918 1.68 -2.11 18.738     >18.738  99.990         -55.95        15.27   -0.150       0.041       
2457697.86726  2457697.87074  2016-11-05.3672612  coadd_ba352789 1.72 -2.11 18.636     >18.636  99.990           9.02        16.77   0.024        0.045       
2457699.62764  2457699.63098  2016-11-07.1276405  coadd_be251418 1.43 -2.27 18.207     >18.207  99.990         -39.52        21.58   -0.122       0.067       
2457704.76915  2457704.77206  2016-11-12.2691497  coadd_ba355525 1.63 -2.11 17.319     >17.319  99.990         -36.91        56.44   -0.099       0.151       
2457706.73060  2457706.73334  2016-11-14.2306018  coadd_ba356344 1.75 -2.11 17.445     >17.445  99.990         128.89        50.23   0.345        0.134       
2457709.77695  2457709.77942  2016-11-17.2769539  coadd_ba357602 2.38 -2.11 18.042     >18.042  99.990          45.85        29.00   0.123        0.078       
2457711.78210  2457711.78439  2016-11-19.2821055  coadd_ba358425 1.74 -2.11 18.367     >18.367  99.990          -9.73        21.50   -0.026       0.058       
2457713.71060  2457713.71271  2016-11-21.2106070  coadd_ba358986 1.68 -2.11 18.408     >18.408  99.990         -85.23        20.70   -0.228       0.055       
2457715.62606  2457715.62799  2016-11-23.1260670  coadd_be255520 1.59 -2.27 18.246     >18.246  99.990          39.64        20.81   0.123        0.064       
2457718.74510  2457718.74673  2016-11-26.2450976  coadd_ba360199 1.73 -2.11 18.728     >18.728  99.990           1.29        15.41   0.003        0.041       
2457720.74075  2457720.74219  2016-11-28.2407508  coadd_ba360940 2.48 -2.11 17.823     >17.823  99.990          85.10        35.48   0.228        0.095       
2457721.78740  2457721.78873  2016-11-29.2874019  coadd_ba361402 1.67 -2.11 18.784     >18.784  99.990           2.21        14.64   0.006        0.039       
2457735.78188  2457735.78183  2016-12-13.2818863  coadd_ba362272 1.86 -2.11 17.526     >17.526  99.990         -81.01        46.63   -0.217       0.125       
2457744.72378  2457744.72283  2016-12-22.2237825  coadd_ba363551 1.77 -2.11 18.732     >18.732  99.990           7.66        15.36   0.020        0.041       
2457746.72075  2457746.71960  2016-12-24.2207504  coadd_ba364372 1.77 -2.11 18.673     >18.673  99.990           7.37        16.22   0.020        0.043       
2457747.71731  2457747.71606  2016-12-25.2173092  coadd_ba364761 2.00 -2.11 18.545     >18.545  99.990          45.53        18.24   0.122        0.049       
2457751.70739  2457751.70576  2016-12-29.2073929  coadd_ba365964 1.65 -2.11 18.528     >18.528  99.990          -9.94        18.52   -0.027       0.050       
2457872.92436  2457872.92050  2017-04-29.4243616  coadd_be302244 1.53 -2.27 17.727      16.889  0.169          217.99        33.57   0.674        0.104       
2457877.11696  2457877.11341  2017-05-03.6169620  coadd_ba402653 1.66 -2.11 17.686      17.320  0.260          169.18        40.23   0.453        0.108       
2457879.10995  2457879.10656  2017-05-05.6099506  coadd_ba403372 1.67 -2.11 17.965      17.561  0.251          135.55        31.12   0.363        0.083       
2457886.10766  2457886.10484  2017-05-12.6076605  coadd_ba405477 1.73 -2.11 17.726     >17.726  99.990         -60.18        38.80   -0.161       0.104       
2457889.89244  2457889.88994  2017-05-16.3924375  coadd_be307357 1.44 -2.27 17.646      16.994  0.200          197.91        36.16   0.612        0.112       
2457904.05689  2457904.05570  2017-05-30.5568895  coadd_ba410332 2.01 -2.11 18.296      17.474  0.171          146.81        22.95   0.393        0.061       
2457905.90495  2457905.90393  2017-06-01.4049486  coadd_be311643 1.50 -2.27 18.272      17.842  0.245           90.58        20.32   0.280        0.063       
2457910.04430  2457910.04369  2017-06-05.5443059  coadd_ba412081 1.69 -2.11 17.861     >17.861  99.990          65.83        34.24   0.176        0.092       
2457910.92382  2457910.92329  2017-06-06.4238232  coadd_be313726 1.46 -2.27 18.398      17.841  0.218           90.71        18.09   0.280        0.056       
2457914.03390  2457914.03367  2017-06-09.5339054  coadd_ba413323 1.67 -2.11 17.465     >17.465  99.990        -128.39        49.32   -0.344       0.132       
2457916.81275  2457916.81279  2017-06-12.3127505  coadd_be315860 1.55 -2.27 17.877     >17.877  99.990          25.05        29.24   0.077        0.090       
2457923.90047  2457923.90120  2017-06-19.4004792  coadd_be318182 1.44 -2.27 18.275      17.367  0.158          140.40        20.27   0.434        0.063       
2457927.02493  2457927.02596  2017-06-22.5249434  coadd_ba415846 1.71 -2.11 18.667      18.249  0.248           71.88        16.30   0.192        0.044       
2457931.01756  2457931.01897  2017-06-26.5175701  coadd_ba417048 1.73 -2.11 18.707     >18.707  99.990          15.32        15.72   0.041        0.042       
2457935.01102  2457935.01280  2017-06-30.5110175  coadd_ba418014 2.06 -2.11 18.506     >18.506  99.990          43.38        18.91   0.116        0.051       
2457938.96164  2457938.96379  2017-07-04.4616467  coadd_ba418843 1.74 -2.11 17.978     >17.978  99.990          84.65        30.75   0.227        0.082       
2457940.07494  2457940.07719  2017-07-05.5749464  coadd_ba419278 1.65 -2.11 18.779     >18.779  99.990         -74.26        14.71   -0.199       0.039       
2457940.95768  2457940.96000  2017-07-06.4576828  coadd_ba419526 1.71 -2.11 17.887     >17.887  99.990          33.84        33.45   0.091        0.090       
2457944.73858  2457944.74123  2017-07-10.2385829  coadd_be325326 1.47 -2.27 17.225     >17.225  99.990         108.07        53.31   0.334        0.165       
2457958.98838  2457958.99218  2017-07-24.4883850  coadd_ba423348 1.63 -2.11 18.759     >18.759  99.990         -45.17        14.98   -0.121       0.040       
2457962.04073  2457962.04475  2017-07-27.5407322  coadd_ba424338 1.67 -2.11 18.785     >18.785  99.990         -25.21        14.63   -0.067       0.039       
2457966.80617  2457966.81051  2017-08-01.3061747  coadd_be334080 1.56 -2.27 18.499     >18.499  99.990          31.43        16.49   0.097        0.051       
2457967.67448  2457967.67887  2017-08-02.1744863  coadd_be334353 1.77 -2.27 18.200     >18.200  99.990         -82.72        21.71   -0.256       0.067       
2457969.06082  2457969.06530  2017-08-03.5608260  coadd_ba425573 1.71 -2.11 18.973     >18.973  99.990          -3.24        12.30   -0.009       0.033       
2457970.87438  2457970.87897  2017-08-05.3743875  coadd_ba426126 2.03 -2.11 17.627     >17.627  99.990         -36.79        42.49   -0.098       0.114       
2457978.00266  2457978.00764  2017-08-12.5026577  coadd_ba428563 1.70 -2.11 17.853     >17.853  99.990          17.48        34.50   0.047        0.092       
2457979.96760  2457979.97268  2017-08-14.4676064  coadd_ba429247 1.59 -2.11 18.290     >18.290  99.990         -40.06        23.08   -0.107       0.062       
2457980.78873  2457980.79384  2017-08-15.2887324  coadd_be338723 1.53 -2.27 18.373     >18.373  99.990          26.98        18.51   0.083        0.057       
2457982.97358  2457982.97878  2017-08-17.4735807  coadd_ba430318 1.71 -2.11 18.588     >18.588  99.990          51.79        17.53   0.139        0.047       
2457988.96239  2457988.96783  2017-08-23.4623936  coadd_ba431552 1.77 -2.11 18.555     >18.555  99.990          44.47        18.08   0.119        0.048       
2457992.92231  2457992.92786  2017-08-27.4223076  coadd_ba432817 1.82 -2.11 18.643      17.599  0.139          130.87        16.67   0.350        0.045       
2457997.87471  2457997.88038  2017-09-01.3747164  coadd_ba434045 1.74 -2.11 17.971     >17.971  99.990         -17.66        30.96   -0.047       0.083       
2458008.62096  2458008.62673  2017-09-12.1209628  coadd_be344972 1.49 -2.27 18.418     >18.418  99.990          22.44        17.77   0.069        0.055       
2458012.96976  2458012.97553  2017-09-16.4697723  coadd_ba437856 1.64 -2.11 18.634     >18.634  99.990         -28.99        16.81   -0.078       0.045       
2458015.99825  2458016.00399  2017-09-19.4982581  coadd_ba438820 2.15 -2.11 18.409     >18.409  99.990         -17.34        20.68   -0.046       0.055       
2458018.98051  2458018.98621  2017-09-22.4805104  coadd_ba439629 1.81 -2.11 18.556     >18.556  99.990         -12.28        18.07   -0.033       0.048       
2458021.97153  2458021.97717  2017-09-25.4715325  coadd_ba440737 1.78 -2.11 18.441     >18.441  99.990          -9.58        20.08   -0.026       0.054       
2458022.72215  2458022.72778  2017-09-26.2221503  coadd_be349688 1.60 -2.27 18.777     >18.777  99.990           2.12        12.76   0.007        0.039       
2458032.96170  2458032.96702  2017-10-06.4617146  coadd_ba443756 2.04 -2.11 17.119     >17.119  99.990         -88.85        67.84   -0.238       0.182       
2458033.71486  2458033.72015  2017-10-07.2148659  coadd_ba443968 1.64 -2.11 18.468     >18.468  99.990         -57.36        19.59   -0.154       0.052       
2458045.82526  2458045.82995  2017-10-19.3252737  coadd_ba446029 2.27 -2.11 18.707     >18.707  99.990         -32.56        15.71   -0.087       0.042       
2458046.79741  2458046.80204  2017-10-20.2974262  coadd_ba446374 2.48 -2.11 18.375     >18.375  99.990         -48.01        21.34   -0.129       0.057       
2458048.78178  2458048.78629  2017-10-22.2817936  coadd_ba446639 1.69 -2.11 18.853     >18.853  99.990         -34.69        13.74   -0.093       0.037       
2458053.53016  2458053.53436  2017-10-27.0301666  coadd_be359132 1.49 -2.27 18.291     >18.291  99.990         -29.48        19.97   -0.091       0.062       
2458054.54967  2458054.55380  2017-10-28.0496795  coadd_be359492 1.56 -2.27 18.183     >18.183  99.990         -30.43        22.06   -0.094       0.068       
2458055.56168  2458055.56573  2017-10-29.0616753  coadd_be359856 1.66 -2.27 18.191     >18.191  99.990         -39.48        21.88   -0.122       0.068       
2458060.69460  2458060.69827  2017-11-03.1946  coadd_ba449149 1.99 -2.11 17.287     >17.287  99.990         -63.91        58.12   -0.171       0.156       
2458061.70964  2458061.71324  2017-11-04.2096418  coadd_ba450025 2.04 -2.11 17.590     >17.590  99.990          18.06        43.98   0.048        0.118       
2458062.76337  2458062.76688  2017-11-05.2633700  coadd_ba450361 2.10 -2.11 17.817     >17.817  99.990        -199.25        35.66   -0.533       0.095       
2458063.77839  2458063.78183  2017-11-06.2784032  coadd_ba450669 1.69 -2.11 17.820     >17.820  99.990         -83.25        35.57   -0.223       0.095       
2458066.74134  2458066.74453  2017-11-09.2413491  coadd_ba451666 1.70 -2.11 18.377     >18.377  99.990         -80.72        21.29   -0.216       0.057       
2458067.74296  2458067.74607  2017-11-10.2429681  coadd_ba452090 1.70 -2.11 18.496     >18.496  99.990        -115.82        19.09   -0.310       0.051       
2458070.72713  2458070.72998  2017-11-13.2271320  coadd_ba452756 2.01 -2.11 18.644     >18.644  99.990         -91.34        16.65   -0.245       0.045       
2458071.72682  2458071.72959  2017-11-14.2268255  coadd_ba453180 1.84 -2.11 18.510     >18.510  99.990        -116.88        18.84   -0.313       0.050       
2458072.71119  2458072.71387  2017-11-15.2111981  coadd_ba453522 1.73 -2.11 18.455     >18.455  99.990        -100.53        19.82   -0.269       0.053       
2458073.69575  2458073.69834  2017-11-16.1957582  coadd_ba453604 2.09 -2.11 18.365     >18.365  99.990         -51.24        21.54   -0.137       0.058       
2458074.83451  2458074.83699  2017-11-17.3345112  coadd_ba453825 1.69 -2.11 18.386     >18.386  99.990        -155.03        21.12   -0.415       0.057       
2458075.83403  2458075.83643  2017-11-18.3340393  coadd_ba454233 1.69 -2.11 18.548     >18.548  99.990        -115.86        18.19   -0.310       0.049       
2458076.78888  2458076.79119  2017-11-19.2888819  coadd_ba454571 2.02 -2.11 18.021     >18.021  99.990        -123.23        29.56   -0.330       0.079       
2458077.82224  2458077.82445  2017-11-20.3222414  coadd_ba454852 2.02 -2.11 18.458     >18.458  99.990        -101.84        19.76   -0.273       0.053       
2458079.81820  2458079.82023  2017-11-22.3182033  coadd_ba455547 1.67 -2.11 18.525     >18.525  99.990        -130.02        18.59   -0.348       0.050       
2458082.59754  2458082.59931  2017-11-25.0975537  coadd_be364981 1.52 -2.27 18.602     >18.602  99.990         -25.25        14.99   -0.078       0.046       
2458091.78471  2458091.78558  2017-12-04.2847234  coadd_ba456858 1.73 -2.11 17.472     >17.472  99.990        -106.16        49.02   -0.284       0.131       
2458096.76608  2458096.76645  2017-12-09.2660859  coadd_ba457890 1.76 -2.11 18.404     >18.404  99.990         -86.65        20.78   -0.232       0.056       
2458099.75984  2458099.75991  2017-12-12.2598475  coadd_ba458593 2.01 -2.11 18.550     >18.550  99.990         -65.55        18.16   -0.175       0.049       
2458110.73860  2458110.73758  2017-12-23.2386054  coadd_ba460080 1.73 -2.11 18.322     >18.322  99.990        -119.88        22.41   -0.321       0.060       
2458115.72336  2458115.72185  2017-12-28.2233597  coadd_ba461343 1.72 -2.11 17.511     >17.511  99.990        -181.21        47.27   -0.485       0.127       
2458118.70077  2458118.69897  2017-12-31.2007754  coadd_ba462289 2.12 -2.11 17.632     >17.632  99.990         -35.77        42.30   -0.096       0.113       
2458119.69689  2458119.69500  2018-01-01.1968943  coadd_ba462675 2.22 -2.11 16.915     >16.915  99.990        -188.05        81.91   -0.503       0.219       
2458120.54234  2458120.54037  2018-01-02.0423434  coadd_be374132 1.52 -2.27 16.961     >16.961  99.990         -43.18        67.97   -0.133       0.210       
2458120.70640  2458120.70441  2018-01-02.2063959  coadd_ba463066 2.07 -2.11 17.275     >17.275  99.990         -92.03        58.77   -0.246       0.157       
2458121.54236  2458121.54030  2018-01-03.0423673  coadd_be374330 1.43 -2.27 17.636     >17.636  99.990        -125.83        36.49   -0.389       0.113       
2458121.70639  2458121.70431  2018-01-03.2063929  coadd_ba463433 1.88 -2.11 17.910     >17.910  99.990        -186.62        32.74   -0.500       0.088       
2458122.54231  2458122.54015  2018-01-04.0423130  coadd_be374620 1.42 -2.27 17.856     >17.856  99.990         -50.78        29.81   -0.157       0.092       
2458122.70712  2458122.70495  2018-01-04.2071215  coadd_ba463815 1.75 -2.11 17.804     >17.804  99.990        -193.35        36.09   -0.518       0.097       
2458123.54242  2458123.54017  2018-01-05.0424243  coadd_be374909 1.45 -2.27 18.118     >18.118  99.990         -59.11        23.41   -0.183       0.072       
2458123.70750  2458123.70523  2018-01-05.2074989  coadd_ba464185 1.89 -2.11 17.929     >17.929  99.990         -45.89        32.17   -0.123       0.086       
2458124.54243  2458124.54009  2018-01-06.0424319  coadd_be375231 1.45 -2.27 18.036     >18.036  99.990         -75.04        25.26   -0.232       0.078       
2458124.70786  2458124.70550  2018-01-06.2078623  coadd_ba464601 2.05 -2.11 18.160     >18.160  99.990        -120.55        26.00   -0.323       0.070       
2458125.54245  2458125.54002  2018-01-07.0424593  coadd_be375554 1.50 -2.27 17.981     >17.981  99.990        -133.82        26.58   -0.414       0.082       
2458125.70827  2458125.70582  2018-01-07.2082771  coadd_ba465016 2.05 -2.11 18.409     >18.409  99.990          -6.58        20.68   -0.018       0.055       
2458126.70862  2458126.70608  2018-01-08.2086248  coadd_ba465442 2.28 -2.11 18.156     >18.156  99.990         -58.80        26.11   -0.157       0.070       
2458127.54254  2458127.53993  2018-01-09.0425451  coadd_be376045 1.50 -2.27 17.763     >17.763  99.990         -58.45        32.46   -0.181       0.100       
2458127.70899  2458127.70636  2018-01-09.2089961  coadd_ba465856 2.06 -2.11 18.440     >18.440  99.990         -13.85        20.10   -0.037       0.054       
2458128.70935  2458128.70663  2018-01-10.2093489  coadd_ba466278 2.02 -2.11 18.104     >18.104  99.990         -54.16        27.37   -0.145       0.073       
2458129.70972  2458129.70692  2018-01-11.2097244  coadd_ba466671 1.72 -2.11 18.228     >18.228  99.990        -100.92        24.44   -0.270       0.065       
2458130.71045  2458130.70755  2018-01-12.2104479  coadd_ba467036 1.75 -2.11 18.165     >18.165  99.990         -12.46        25.88   -0.033       0.069       
2458131.71082  2458131.70784  2018-01-13.2108275  coadd_ba467423 1.74 -2.11 18.088     >18.088  99.990         -63.00        27.79   -0.169       0.074       
2458132.71124  2458132.70817  2018-01-14.2112386  coadd_ba467828 2.03 -2.11 18.287     >18.287  99.990         -98.54        23.14   -0.264       0.062       
2458133.71163  2458133.70848  2018-01-15.2116317  coadd_ba468242 1.94 -2.11 18.011     >18.011  99.990        -116.50        29.84   -0.312       0.080       
2458257.09747  2458257.09515  2018-05-18.5974747  coadd_ba489192 1.63 -2.11 18.272     >18.272  99.990         -92.23        23.47   -0.247       0.063       
2458270.09385  2458270.09273  2018-05-31.5938542  coadd_ba492042 1.65 -2.11 17.444     >17.444  99.990         -86.40        50.30   -0.231       0.135       
2458281.07597  2458281.07591  2018-06-11.5759719  coadd_ba494697 1.63 -2.11 18.292     >18.292  99.990         -76.88        23.04   -0.206       0.062       
2458282.02704  2458282.02708  2018-06-12.5270443  coadd_ba494974 1.66 -2.11 18.421     >18.421  99.990         -65.38        20.45   -0.175       0.055       
2458288.01183  2458288.01245  2018-06-18.5118368  coadd_ba496700 1.81 -2.11 18.587     >18.587  99.990         -27.09        17.55   -0.073       0.047       
2458294.98887  2458294.99016  2018-06-25.4888766  coadd_ba498227 1.76 -2.11 17.539     >17.539  99.990         111.19        46.07   0.298        0.123       
2458296.98818  2458296.98965  2018-06-27.4881754  coadd_ba498764 1.76 -2.11 17.493     >17.493  99.990           1.47        48.09   0.004        0.129       
2458298.08747  2458298.08905  2018-06-28.5874694  coadd_ba499168 2.08 -2.11 17.704     >17.704  99.990         -30.44        39.60   -0.081       0.106       
2458306.12222  2458306.12453  2018-07-06.6222190  coadd_ba500862 1.67 -2.11 17.266     >17.266  99.990        -193.84        59.28   -0.519       0.159       
2458310.02245  2458310.02510  2018-07-10.5224504  coadd_ba501776 1.68 -2.11 18.536     >18.536  99.990        -136.27        18.39   -0.365       0.049       
2458311.80345  2458311.80626  2018-07-12.3034523  coadd_be421260 1.64 -2.27 18.499     >18.499  99.990         -44.84        16.49   -0.139       0.051       
2458318.98122  2458318.98462  2018-07-19.4812258  coadd_ba504124 1.75 -2.11 18.446     >18.446  99.990        -144.26        19.98   -0.386       0.054       
2458322.06573  2458322.06937  2018-07-22.5657371  coadd_ba505136 1.60 -2.11 18.520     >18.520  99.990        -114.33        18.67   -0.306       0.050       
2458322.94327  2458322.94697  2018-07-23.4432756  coadd_ba505381 1.66 -2.11 18.187     >18.187  99.990        -168.24        25.37   -0.450       0.068       
2458324.07892  2458324.08270  2018-07-24.5789216  coadd_ba505806 1.66 -2.11 17.070     >17.070  99.990          32.65        70.96   0.087        0.190       
2458325.11635  2458325.12021  2018-07-25.6163542  coadd_ba506131 1.70 -2.11 18.410     >18.410  99.990        -116.46        20.66   -0.312       0.055       
2458325.89698  2458325.90090  2018-07-26.3969892  coadd_ba506324 2.12 -2.11 17.817     >17.817  99.990         -84.00        35.68   -0.225       0.096       
2458327.92449  2458327.92855  2018-07-28.4244892  coadd_ba507069 1.55 -2.11 17.375     >17.375  99.990        -180.04        53.58   -0.482       0.143       
2458334.02311  2458334.02757  2018-08-03.5231104  coadd_ba508793 1.68 -2.11 18.272     >18.272  99.990        -112.61        23.47   -0.301       0.063       
2458337.01103  2458337.01567  2018-08-06.5110252  coadd_ba509668 1.69 -2.11 18.527     >18.527  99.990        -151.34        18.54   -0.405       0.050       
2458338.66288  2458338.66762  2018-08-08.1628859  coadd_be431119 1.48 -2.27 18.598     >18.598  99.990         -55.81        15.05   -0.173       0.047       
2458338.96209  2458338.96684  2018-08-08.4620952  coadd_ba510296 2.22 -2.11 18.550     >18.550  99.990         -89.99        18.16   -0.241       0.049       
2458342.79077  2458342.79572  2018-08-12.2907722  coadd_be432926 1.41 -2.27 18.120     >18.120  99.990         -92.51        23.37   -0.286       0.072       
2458352.07289  2458352.07825  2018-08-21.5728925  coadd_ba513428 1.70 -2.11 18.612     >18.612  99.990        -137.88        17.15   -0.369       0.046       
2458353.01703  2458353.02242  2018-08-22.5170284  coadd_ba513747 1.71 -2.11 17.294     >17.294  99.990        -176.30        57.74   -0.472       0.155       
2458360.50125  2458360.50219  2018-08-30.5408113  coadd_ba514479 1.74 -2.11 17.740     >17.740  99.990        -127.82        38.31   -0.342       0.103       
2458363.03943  2458363.04510  2018-09-01.5394346  coadd_ba515047 1.65 -2.11 17.989     >17.989  99.990        -159.47        30.45   -0.427       0.082       
2458363.77607  2458363.78175  2018-09-02.2760739  coadd_be439978 1.53 -2.27 18.467     >18.467  99.990         -46.37        16.98   -0.143       0.052       
2458371.89585  2458371.90162  2018-09-10.3958538  coadd_ba516842 1.59 -2.11 18.732     >18.732  99.990         -35.19        15.36   -0.094       0.041       
2458376.73107  2458376.73684  2018-09-15.2310740  coadd_be444804 1.63 -2.27 18.453     >18.453  99.990         -97.69        17.20   -0.302       0.053       
2458377.00493  2458377.01070  2018-09-15.5049289  coadd_ba517820 1.63 -2.11 18.443     >18.443  99.990         -99.24        20.04   -0.266       0.054       
2458378.55302  2458378.55879  2018-09-17.0530251  coadd_be445460 2.10 -2.27 18.140     >18.140  99.990        -106.48        22.94   -0.329       0.071       
2458379.91722  2458379.92298  2018-09-18.4172247  coadd_ba518771 1.79 -2.11 18.292     >18.292  99.990        -110.63        23.04   -0.296       0.062       
2458382.78962  2458382.79534  2018-09-21.2896177  coadd_be447098 1.41 -2.27 17.592     >17.592  99.990         -79.64        38.01   -0.246       0.117       
2458383.55491  2458383.56062  2018-09-22.0549050  coadd_be447314 1.52 -2.27 17.734     >17.734  99.990          16.57        33.34   0.051        0.103       
2458391.96373  2458391.96925  2018-09-30.4637299  coadd_ba521807 2.00 -2.11 17.917     >17.917  99.990          13.35        32.54   0.036        0.087       
2458393.92510  2458393.93056  2018-10-02.4250991  coadd_ba522429 1.66 -2.11 18.364     >18.364  99.990         -62.09        21.56   -0.166       0.058       
2458396.94978  2458396.95514  2018-10-05.4497850  coadd_ba523206 1.66 -2.11 18.271     >18.271  99.990        -115.42        23.48   -0.309       0.063       
2458397.70394  2458397.70927  2018-10-06.2039429  coadd_ba523417 1.59 -2.11 17.361     >17.361  99.990        -138.53        54.27   -0.371       0.145       
2458406.86417  2458406.86909  2018-10-15.3641734  coadd_ba524564 1.73 -2.11 18.493     >18.493  99.990         -73.98        19.14   -0.198       0.051       
2458409.89492  2458409.89967  2018-10-18.3949189  coadd_ba525606 2.19 -2.11 16.624     >16.624  99.990         113.16       107.00   0.303        0.286       
2458416.85815  2458416.86247  2018-10-25.3581468  coadd_ba527205 1.64 -2.11 17.534     >17.534  99.990         -34.59        46.29   -0.093       0.124       
2458423.87509  2458423.87892  2018-11-01.3750881  coadd_ba528596 1.78 -2.11 18.569     >18.569  99.990         -75.65        17.85   -0.203       0.048       
2458428.86676  2458428.87021  2018-11-06.3667655  coadd_ba529370 1.63 -2.11 18.724     >18.724  99.990         -57.11        15.48   -0.153       0.041       
2458430.85156  2458430.85485  2018-11-08.3515741  coadd_ba529798 1.64 -2.11 18.436     >18.436  99.990        -107.21        20.18   -0.287       0.054       
2458432.84429  2458432.84741  2018-11-10.3442880  coadd_ba530619 1.86 -2.11 18.096     >18.096  99.990        -117.62        27.58   -0.315       0.074       
2458433.85794  2458433.86098  2018-11-11.3579538  coadd_ba530947 2.14 -2.11 18.088     >18.088  99.990         -83.07        27.78   -0.222       0.074       
2458434.83209  2458434.83504  2018-11-12.3320901  coadd_ba531352 2.17 -2.11 18.608     >18.608  99.990         -70.34        17.22   -0.188       0.046       
2458442.80806  2458442.81030  2018-11-20.3080606  coadd_ba533515 1.60 -2.11 17.635     >17.635  99.990         -49.22        42.17   -0.132       0.113       
2458445.79565  2458445.79761  2018-11-23.2956531  coadd_ba534139 1.57 -2.11 17.359     >17.359  99.990         -59.33        54.41   -0.159       0.146       
2458448.80002  2458448.80170  2018-11-26.3000273  coadd_ba535433 1.63 -2.11 17.975     >17.975  99.990         -93.15        30.83   -0.249       0.083       
2458450.74204  2458450.74353  2018-11-28.2420444  coadd_ba536252 2.02 -2.11 18.546     >18.546  99.990         -81.58        18.24   -0.218       0.049       
