###  JD        HJD            UT_date             IMAGE          FWHM  Diff Limit      mag   mag_err       counts     count_err  flux (mJy)    flux_err
2458117.03682  2458117.03371  2017-12-29.5368243  coadd_br030776 1.53 -1.61 18.094     >18.094  99.990         -64.56        43.66   -0.104       0.070       
2458118.03364  2458118.03059  2017-12-30.5336456  coadd_br031239 1.48 -1.61 18.654     >18.654  99.990         -11.98        26.07   -0.019       0.042       
2458122.03522  2458122.03242  2018-01-03.5352207  coadd_br032741 1.70 -1.61 17.967     >17.967  99.990        -100.39        49.07   -0.161       0.079       
2458124.01308  2458124.01040  2018-01-05.5130792  coadd_br033175 1.54 -1.61 17.912     >17.912  99.990         -38.06        51.64   -0.061       0.083       
2458127.00063  2458126.99816  2018-01-08.5006344  coadd_br034493 1.50 -1.61 18.342     >18.342  99.990           4.80        34.75   0.008        0.056       
2458128.99475  2458128.99241  2018-01-10.4947603  coadd_br035431 1.57 -1.61 18.074     >18.074  99.990         -75.68        44.44   -0.121       0.071       
2458130.99532  2458130.99312  2018-01-12.4953262  coadd_br036041 1.52 -1.61 19.211     >19.211  99.990           4.27        15.60   0.007        0.025       
2458132.98152  2458132.97946  2018-01-14.4815200  coadd_br036492 1.69 -1.61 19.585     >19.585  99.990           0.72        11.05   0.001        0.018       
2458133.97834  2458133.97635  2018-01-15.4783431  coadd_br036965 1.48 -1.61 19.400     >19.400  99.990          35.25        13.11   0.057        0.021       
2458146.94388  2458146.94287  2018-01-28.4438920  coadd_br041491 1.53 -1.61 18.989     >18.989  99.990          33.38        19.13   0.054        0.031       
2458155.92214  2458155.92184  2018-02-06.4221375  coadd_br044356 1.50 -1.61 18.585     >18.585  99.990          59.32        27.77   0.095        0.045       
2458157.91938  2458157.91924  2018-02-08.4193785  coadd_br045061 1.40 -1.61 18.048     >18.048  99.990          -3.23        45.55   -0.005       0.073       
2458158.91632  2458158.91626  2018-02-09.4163292  coadd_br045514 1.52 -1.61 18.903     >18.903  99.990         -48.29        20.71   -0.077       0.033       
2458159.93513  2458159.93515  2018-02-10.4351309  coadd_br045989 1.54 -1.61 19.320     >19.320  99.990          29.54        14.11   0.047        0.023       
2458161.94575  2458161.94593  2018-02-12.4457561  coadd_br046713 1.53 -1.61 19.345      19.075  0.284           53.06        13.79   0.085        0.022       
2458162.93307  2458162.93333  2018-02-13.4330688  coadd_br047160 1.43 -1.61 17.534     >17.534  99.990          85.12        73.14   0.137        0.117       
2458168.88344  2458168.88417  2018-02-19.3834402  coadd_br048432 1.45 -1.61 19.533     >19.533  99.990         -16.27        11.60   -0.026       0.019       
2458171.87631  2458171.87728  2018-02-22.3763098  coadd_bj050677 1.53 -1.82 18.763     >18.763  99.990          50.69        19.52   0.098        0.038       
2458172.62549  2458172.62652  2018-02-23.1254929  coadd_bn029345 1.56 -1.69 19.065     >19.065  99.990         -53.86        16.58   -0.093       0.029       
2458173.85629  2458173.85741  2018-02-24.3562884  coadd_bj051299 1.57 -1.82 18.827     >18.827  99.990          -3.40        18.41   -0.007       0.036       
2458174.88283  2458174.88403  2018-02-25.3828412  coadd_br050872 1.56 -1.61 19.095     >19.095  99.990           2.97        17.36   0.005        0.028       
2458175.86794  2458175.86923  2018-02-26.3679471  coadd_br051300 1.53 -1.61 18.010     >18.010  99.990          87.49        47.17   0.140        0.076       
2458176.86142  2458176.86277  2018-02-27.3614190  coadd_bj052434 1.60 -1.82 19.216     >19.216  99.990           0.36        12.86   0.001        0.025       
2458176.86444  2458176.86580  2018-02-27.3644488  coadd_br051721 1.54 -1.61 18.467     >18.467  99.990         -44.74        30.97   -0.072       0.050       
2458178.59541  2458178.59690  2018-03-01.0954076  coadd_bn031226 1.64 -1.69 18.068     >18.068  99.990          51.45        41.51   0.089        0.072       
2458178.84421  2458178.84572  2018-03-01.3442113  coadd_bj053147 1.74 -1.82 17.711     >17.711  99.990         -67.03        51.46   -0.130       0.100       
2458179.88136  2458179.88295  2018-03-02.3813607  coadd_br052339 1.54 -1.61 17.867     >17.867  99.990           1.94        53.82   0.003        0.086       
2458181.84806  2458181.84979  2018-03-04.3480627  coadd_br053059 1.97 -1.61 17.886     >17.886  99.990          86.72        52.88   0.139        0.085       
2458182.59779  2458182.59958  2018-03-05.0977934  coadd_bn032540 1.66 -1.69 17.340     >17.340  99.990         148.99        81.13   0.257        0.140       
2458183.90584  2458183.90772  2018-03-06.4058436  coadd_br053881 1.43 -1.61 18.547     >18.547  99.990         -38.07        28.77   -0.061       0.046       
2458184.98183  2458184.98379  2018-03-07.4818359  coadd_br054240 1.44 -1.61 18.724     >18.724  99.990          21.99        24.44   0.035        0.039       
2458185.94056  2458185.94259  2018-03-08.4405671  coadd_br054376 1.44 -1.61 18.150     >18.150  99.990          85.78        41.46   0.138        0.067       
2458187.82037  2458187.82254  2018-03-10.3203819  coadd_br055047 1.72 -1.61 18.294     >18.294  99.990           9.39        36.29   0.015        0.058       
2458189.85734  2458189.85964  2018-03-12.3573392  coadd_bj057231 1.62 -1.82 19.041     >19.041  99.990         -29.98        15.12   -0.058       0.029       
2458190.59665  2458190.59901  2018-03-13.0966521  coadd_bn034257 1.52 -1.69 19.281     >19.281  99.990          -9.34        13.58   -0.016       0.023       
2458193.82332  2458193.82590  2018-03-16.3233216  coadd_br056159 1.45 -1.61 19.576     >19.576  99.990         -13.80        11.15   -0.022       0.018       
2458195.57119  2458195.57389  2018-03-18.0712019  coadd_bn035282 1.51 -1.69 19.662     >19.662  99.990          -3.85         9.56   -0.007       0.017       
2458196.56426  2458196.56702  2018-03-19.0642670  coadd_bn035738 1.55 -1.69 19.452     >19.452  99.990          17.15        11.60   0.030        0.020       
2458197.81991  2458197.82275  2018-03-20.3199138  coadd_bj060357 1.57 -1.82 19.160     >19.160  99.990          -5.71        13.54   -0.011       0.026       
2458199.80620  2458199.80916  2018-03-22.3062052  coadd_br057915 1.42 -1.61 19.198     >19.198  99.990         -13.84        15.80   -0.022       0.025       
2458201.79416  2458201.79724  2018-03-24.2941672  coadd_br058631 1.44 -1.61 18.793     >18.793  99.990          42.67        22.93   0.068        0.037       
2458202.80077  2458202.80390  2018-03-25.3007690  coadd_bj062246 1.55 -1.82 19.145     >19.145  99.990         -29.23        13.74   -0.057       0.027       
2458205.51739  2458205.52068  2018-03-28.0173902  coadd_bn039075 1.54 -1.69 18.673     >18.673  99.990          19.79        23.77   0.034        0.041       
2458207.93481  2458207.93824  2018-03-30.4348190  coadd_br059801 2.20 -1.61 18.227     >18.227  99.990          65.98        38.62   0.106        0.062       
2458210.52470  2458210.52826  2018-04-02.0247021  coadd_bn039625 1.59 -1.69 17.929     >17.929  99.990          99.77        47.20   0.172        0.082       
2458210.88322  2458210.88680  2018-04-02.3832189  coadd_br060733 1.49 -1.61 18.136      17.338  0.175          262.67        41.99   0.421        0.067       
2458211.93609  2458211.93972  2018-04-03.4360846  coadd_br061128 1.55 -1.61 17.341     >17.341  99.990          92.39        87.36   0.148        0.140       
2458212.82779  2458212.83146  2018-04-04.3277960  coadd_br061364 1.61 -1.61 18.179     >18.179  99.990          92.75        40.37   0.149        0.065       
2458213.80699  2458213.81071  2018-04-05.3069934  coadd_br061625 1.49 -1.61 18.546     >18.546  99.990         -94.18        28.78   -0.151       0.046       
2458216.75294  2458216.75680  2018-04-08.2529478  coadd_br062319 1.62 -1.61 19.207     >19.207  99.990          23.38        15.65   0.038        0.025       
2458219.80827  2458219.81225  2018-04-11.3082719  coadd_br063282 1.70 -1.61 19.166     >19.166  99.990         -31.71        16.26   -0.051       0.026       
2458223.78530  2458223.78945  2018-04-15.2853137  coadd_br064239 1.34 -1.61 18.869     >18.869  99.990          29.34        21.38   0.047        0.034       
2458224.76908  2458224.77325  2018-04-16.2690803  coadd_br064602 1.39 -1.61 19.201     >19.201  99.990          39.52        15.75   0.063        0.025       
2458226.73320  2458226.73744  2018-04-18.2332060  coadd_bj071932 1.62 -1.82 19.117     >19.117  99.990          -5.38        14.09   -0.010       0.027       
2458229.79090  2458229.79524  2018-04-21.2909034  coadd_bj073288 1.71 -1.82 18.932     >18.932  99.990           9.18        16.71   0.018        0.032       
2458232.77558  2458232.77999  2018-04-24.2755839  coadd_br066539 1.49 -1.61 18.714     >18.714  99.990         -19.85        24.67   -0.032       0.040       
2458233.44991  2458233.45434  2018-04-24.9499093  coadd_bn044907 1.52 -1.69 18.513     >18.513  99.990         -41.05        27.56   -0.071       0.048       
2458233.82982  2458233.83426  2018-04-25.3298273  coadd_bj075073 1.64 -1.82 18.791     >18.791  99.990          45.22        19.03   0.088        0.037       
2458239.47301  2458239.47756  2018-04-30.9730162  coadd_bn046005 1.58 -1.69 17.841     >17.841  99.990          44.54        51.17   0.077        0.088       
2458242.45162  2458242.45621  2018-05-03.9516239  coadd_bn046724 1.54 -1.69 18.362     >18.362  99.990         -14.81        31.68   -0.026       0.055       
2458243.44678  2458243.45138  2018-05-04.9467843  coadd_bn047147 1.49 -1.69 18.619     >18.619  99.990         -28.36        25.00   -0.049       0.043       
2458244.44340  2458244.44801  2018-05-05.9434033  coadd_bn047533 1.57 -1.69 18.571     >18.571  99.990         -40.62        26.13   -0.070       0.045       
2458245.44261  2458245.44723  2018-05-06.9426094  coadd_bn047943 1.53 -1.69 19.094     >19.094  99.990          17.62        16.13   0.030        0.028       
2458250.71744  2458250.72209  2018-05-12.2174451  coadd_bj081705 1.60 -1.82 19.070     >19.070  99.990         -55.35        14.72   -0.107       0.029       
2458254.76328  2458254.76792  2018-05-16.2632804  coadd_br072415 1.57 -1.61 19.508     >19.508  99.990          33.51        11.87   0.054        0.019       
2458256.62047  2458256.62510  2018-05-18.1204726  coadd_bj083888 1.58 -1.82 19.146     >19.146  99.990         -20.59        13.72   -0.040       0.027       
2458261.83214  2458261.83671  2018-05-23.3321459  coadd_br073862 1.46 -1.61 18.488     >18.488  99.990          20.36        30.37   0.033        0.049       
2458264.62223  2458264.62676  2018-05-26.1222391  coadd_bj087524 1.62 -1.82 17.946     >17.946  99.990         -43.52        41.43   -0.084       0.080       
2458265.37215  2458265.37666  2018-05-26.8721520  coadd_bn052318 1.53 -1.69 17.763     >17.763  99.990          31.83        55.00   0.055        0.095       
2458265.69030  2458265.69481  2018-05-27.1903067  coadd_bj088034 1.65 -1.82 17.442     >17.442  99.990         -95.73        65.92   -0.185       0.128       
2458268.73204  2458268.73649  2018-05-30.2320439  coadd_br076012 1.41 -1.61 17.787     >17.787  99.990        -109.30        57.90   -0.175       0.093       
2458270.81526  2458270.81966  2018-06-01.3152663  coadd_br076760 1.42 -1.61 18.276     >18.276  99.990          44.63        36.90   0.072        0.059       
2458274.74592  2458274.75021  2018-06-05.2459214  coadd_bj090274 1.59 -1.82 18.569     >18.569  99.990         -25.15        23.35   -0.049       0.045       
2458277.62372  2458277.62791  2018-06-08.1237173  coadd_bj091304 1.57 -1.82 19.028     >19.028  99.990          28.24        15.29   0.055        0.030       
2458283.59818  2458283.60216  2018-06-14.0981854  coadd_bj092812 1.64 -1.82 19.193     >19.193  99.990          -3.46        13.14   -0.007       0.025       
2458284.63317  2458284.63710  2018-06-15.1331679  coadd_bj093312 1.62 -1.82 18.926     >18.926  99.990          10.23        16.79   0.020        0.033       
2458291.31642  2458291.32005  2018-06-21.8164208  coadd_bn057536 1.59 -1.69 18.191     >18.191  99.990        -105.31        37.08   -0.182       0.064       
2458292.29762  2458292.30121  2018-06-22.7976277  coadd_bn057731 1.67 -1.69 18.239     >18.239  99.990          55.04        35.45   0.095        0.061       
2458294.53318  2458294.53665  2018-06-25.0331848  coadd_bj097815 2.04 -1.82 17.508     >17.508  99.990        -102.42        62.03   -0.198       0.120       
2458294.72549  2458294.72895  2018-06-25.2254957  coadd_br082265 1.63 -1.61 17.850     >17.850  99.990          53.84        54.65   0.086        0.088       
2458295.82284  2458295.82624  2018-06-26.3228476  coadd_br082670 1.49 -1.61 17.686     >17.686  99.990          39.11        63.59   0.063        0.102       
2458296.42422  2458296.42759  2018-06-26.9242222  coadd_bn058572 1.59 -1.69 17.474     >17.474  99.990        -272.10        71.77   -0.470       0.124       
2458296.72007  2458296.72342  2018-06-27.2200745  coadd_bj098906 1.68 -1.82 17.365     >17.365  99.990        -127.43        70.72   -0.247       0.137       
2458303.43823  2458303.44120  2018-07-03.9382332  coadd_bn059408 1.53 -1.69 18.315     >18.315  99.990         -16.45        33.05   -0.028       0.057       
2458310.74477  2458310.74728  2018-07-11.2447697  coadd_br084883 1.47 -1.61 19.177     >19.177  99.990         -11.40        16.10   -0.018       0.026       
2458311.66458  2458311.66703  2018-07-12.1645819  coadd_bj104596 1.60 -1.82 18.898     >18.898  99.990          41.60        17.23   0.081        0.033       
2458315.47570  2458315.47789  2018-07-15.9756982  coadd_bj106271 1.60 -1.82 17.619     >17.619  99.990          13.77        56.01   0.027        0.109       
2458318.65518  2458318.65715  2018-07-19.1551868  coadd_bj106881 2.20 -1.82 18.596     >18.596  99.990          -8.37        22.76   -0.016       0.044       
2458319.22046  2458319.22239  2018-07-19.7204690  coadd_bn063246 1.59 -1.69 18.173     >18.173  99.990         -83.75        37.68   -0.145       0.065       
2458321.24989  2458321.25168  2018-07-21.7498964  coadd_bn064121 1.58 -1.69 18.176     >18.176  99.990           0.23        37.59   0.000        0.065       
2458322.23768  2458322.23939  2018-07-22.7376809  coadd_bn064538 1.77 -1.69 18.263     >18.263  99.990          11.69        34.70   0.020        0.060       
2458322.56022  2458322.56191  2018-07-23.0602256  coadd_bj108528 1.55 -1.82 17.956     >17.956  99.990          79.76        41.06   0.155        0.080       
2458323.33975  2458323.34138  2018-07-23.8397528  coadd_bn065062 1.63 -1.69 18.169     >18.169  99.990          -7.77        37.81   -0.013       0.065       
2458323.69951  2458323.70111  2018-07-24.1995112  coadd_br087608 1.53 -1.61 17.990     >17.990  99.990         141.57        48.05   0.227        0.077       
2458324.35928  2458324.36084  2018-07-24.8592798  coadd_bn065474 1.55 -1.69 17.957     >17.957  99.990          -8.93        45.97   -0.015       0.079       
2458324.60862  2458324.61016  2018-07-25.1086245  coadd_bj109469 1.70 -1.82 17.974     >17.974  99.990          35.03        40.38   0.068        0.078       
2458326.23387  2458326.23529  2018-07-26.7338703  coadd_bn065948 1.57 -1.69 18.035     >18.035  99.990          18.04        42.79   0.031        0.074       
2458327.20822  2458327.20957  2018-07-27.7082236  coadd_bn066161 1.68 -1.69 17.519     >17.519  99.990         -85.44        68.84   -0.148       0.119       
2458328.59543  2458328.59667  2018-07-29.0954311  coadd_bj110672 2.01 -1.82 17.831     >17.831  99.990          23.10        46.04   0.045        0.089       
2458331.61141  2458331.61242  2018-08-01.1114063  coadd_bj112006 1.77 -1.82 18.064     >18.064  99.990           1.30        37.15   0.003        0.072       
2458332.72557  2458332.72650  2018-08-02.2255718  coadd_br089691 1.39 -1.61 18.562     >18.562  99.990          81.70        28.37   0.131        0.046       
2458335.60142  2458335.60213  2018-08-05.1014256  coadd_bj113753 1.78 -1.82 19.080     >19.080  99.990          -5.68        14.58   -0.011       0.028       
2458336.70054  2458336.70117  2018-08-06.2005468  coadd_br090667 1.40 -1.61 19.123     >19.123  99.990         -31.33        16.93   -0.050       0.027       
2458337.69253  2458337.69308  2018-08-07.1925342  coadd_br091015 1.41 -1.61 19.176     >19.176  99.990          32.10        16.11   0.051        0.026       
2458338.59552  2458338.59600  2018-08-08.0955246  coadd_bj114836 1.61 -1.82 19.051     >19.051  99.990          31.54        14.97   0.061        0.029       
2458341.58531  2458341.58555  2018-08-11.0853104  coadd_bj116159 1.66 -1.82 19.136     >19.136  99.990          -2.45        13.85   -0.005       0.027       
2458342.58539  2458342.58555  2018-08-12.0853906  coadd_bj116601 1.65 -1.82 18.884     >18.884  99.990          26.11        17.46   0.051        0.034       
2458348.68424  2458348.68393  2018-08-18.1842467  coadd_br092692 1.39 -1.61 18.545     >18.545  99.990         -34.95        28.80   -0.056       0.046       
2458351.67401  2458351.67347  2018-08-21.1740182  coadd_br093327 1.44 -1.61 17.555     >17.555  99.990          54.25        71.70   0.087        0.115       
2458354.49645  2458354.49569  2018-08-23.9964556  coadd_bj121464 1.70 -1.82 18.069     >18.069  99.990          22.30        37.01   0.043        0.072       
2458355.53814  2458355.53730  2018-08-25.0381450  coadd_bj121929 1.86 -1.82 17.593     >17.593  99.990         -29.39        57.32   -0.057       0.111       
2458356.69291  2458356.69198  2018-08-26.1929116  coadd_br094836 1.50 -1.61 17.431     >17.431  99.990          81.17        80.38   0.130        0.129       
2458357.53876  2458357.53776  2018-08-27.0387614  coadd_bj122790 1.67 -1.82 17.702     >17.702  99.990        -343.68        51.85   -0.666       0.100       
2458359.65477  2458359.65362  2018-08-29.1547741  coadd_br095353 1.45 -1.61 16.858     >16.858  99.990         256.17       136.29   0.411        0.219       
2458361.65771  2458361.65641  2018-08-31.1577166  coadd_br095946 1.45 -1.61 19.299     >19.299  99.990         -14.45        14.39   -0.023       0.023       
2458365.63593  2458365.63432  2018-09-04.1359254  coadd_br096730 1.46 -1.61 19.127     >19.127  99.990         -30.29        16.85   -0.049       0.027       
2458366.50118  2458366.49952  2018-09-05.0011851  coadd_bj126038 1.57 -1.82 19.031      18.915  0.328           50.93        15.25   0.099        0.030       
2458368.50544  2458368.50363  2018-09-07.0054443  coadd_bj126827 1.64 -1.82 18.738     >18.738  99.990         -80.31        19.98   -0.156       0.039       
2458369.49831  2458369.49643  2018-09-07.9983052  coadd_bj127236 1.59 -1.82 19.163     >19.163  99.990          26.09        13.50   0.051        0.026       
2458371.61578  2458371.61375  2018-09-10.1157881  coadd_br097412 1.40 -1.61 19.233     >19.233  99.990           9.28        15.28   0.015        0.025       
2458376.60512  2458376.60275  2018-09-15.1051324  coadd_br098831 1.56 -1.61 18.998     >18.998  99.990           6.03        18.98   0.010        0.030       
2458384.58148  2458384.57860  2018-09-23.0814892  coadd_br099235 1.44 -1.61 18.173     >18.173  99.990        -121.27        40.58   -0.195       0.065       
2458387.58211  2458387.57905  2018-09-26.0821171  coadd_br100449 2.19 -1.61 18.096     >18.096  99.990          72.58        43.58   0.116        0.070       
2458390.56506  2458390.56183  2018-09-29.0650675  coadd_br100996 2.14 -1.61 17.611     >17.611  99.990          32.25        68.10   0.052        0.109       
2458391.56419  2458391.56091  2018-09-30.0641957  coadd_br101405 1.57 -1.61 17.636      17.039  0.211          346.04        66.58   0.555        0.107       
2458474.03542  2458474.03187  2018-12-21.5354265  coadd_br121293 1.81 -1.61 17.564     >17.564  99.990          28.55        71.13   0.046        0.114       
2458476.02865  2458476.02520  2018-12-23.5286487  coadd_br122172 1.57 -1.61 17.547     >17.547  99.990         118.95        72.21   0.191        0.116       
2458477.02550  2458477.02210  2018-12-24.5255021  coadd_br122630 1.83 -1.61 17.856     >17.856  99.990         -25.88        54.37   -0.042       0.087       
2458478.02558  2458478.02223  2018-12-25.5255895  coadd_br123094 1.79 -1.61 17.747     >17.747  99.990          97.47        60.07   0.156        0.096       
2458479.02615  2458479.02286  2018-12-26.5261554  coadd_br123526 2.15 -1.61 18.214     >18.214  99.990          99.07        39.08   0.159        0.063       
2458481.01567  2458481.01250  2018-12-28.5156800  coadd_br124128 1.62 -1.61 18.545     >18.545  99.990          12.23        28.81   0.020        0.046       
2458485.00629  2458485.00335  2019-01-01.5062967  coadd_br124942 1.72 -1.61 18.707     >18.707  99.990         -15.71        24.81   -0.025       0.040       
2458488.00402  2458488.00127  2019-01-04.5040304  coadd_br125517 1.76 -1.61 19.227     >19.227  99.990         -41.13        15.37   -0.066       0.025       
2458490.02040  2458490.01778  2019-01-06.5204086  coadd_br126244 1.64 -1.61 18.080     >18.080  99.990          40.91        44.22   0.066        0.071       
2458492.15270  2458492.15021  2019-01-08.6526967  coadd_bB011878 1.78 -1.17 19.573     >19.573  99.990         -28.68        16.80   -0.031       0.018       
2458493.15161  2458493.14920  2019-01-09.6516119  coadd_bB012304 1.74 -1.17 19.353     >19.353  99.990         -13.99        20.57   -0.015       0.022       
2458495.15017  2458495.14790  2019-01-11.6501745  coadd_bB013203 1.74 -1.17 19.273     >19.273  99.990           9.80        22.15   0.010        0.024       
2458507.97757  2458507.97623  2019-01-24.4775804  coadd_br131020 1.71 -1.61 18.135     >18.135  99.990         -83.09        42.04   -0.133       0.067       
2458509.14076  2458509.13951  2019-01-25.6407627  coadd_bB018652 1.73 -1.17 18.682     >18.682  99.990          -7.42        38.19   -0.008       0.041       
2458519.08035  2458519.07988  2019-02-04.5803516  coadd_bB019478 2.08 -1.17 19.441     >19.441  99.990         -10.66        18.98   -0.011       0.020       
2458522.97323  2458522.97307  2019-02-08.4732284  coadd_br134632 1.62 -1.61 19.064     >19.064  99.990          -3.81        17.86   -0.006       0.029       
2458523.87938  2458523.87930  2019-02-09.3793912  coadd_bj178603 1.53 -1.82 18.538     >18.538  99.990         -26.45        24.02   -0.051       0.047       
2458524.88274  2458524.88273  2019-02-10.3827446  coadd_bj178968 1.56 -1.82 18.404     >18.404  99.990          78.32        27.17   0.152        0.053       
2458529.61654  2458529.61692  2019-02-15.1165527  coadd_bn110113 1.50 -1.69 19.193     >19.193  99.990         -15.04        14.73   -0.026       0.025       
2458534.87041  2458534.87121  2019-02-20.3704230  coadd_bF047042 1.59 -1.83 17.654     >17.654  99.990          61.32        53.62   0.120        0.105       
2458539.86273  2458539.86391  2019-02-25.3627322  coadd_bj184468 1.78 -1.82 18.236     >18.236  99.990          41.91        31.71   0.081        0.061       
2458540.87390  2458540.87516  2019-02-26.3739034  coadd_br138944 1.44 -1.61 18.263     >18.263  99.990           8.34        37.37   0.013        0.060       
2458541.95818  2458541.95953  2019-02-27.4581959  coadd_br139385 1.39 -1.61 18.340     >18.340  99.990          22.84        34.81   0.037        0.056       
2458544.60310  2458544.60465  2019-03-02.1031078  coadd_bn114580 1.47 -1.69 19.197     >19.197  99.990          28.64        14.67   0.049        0.025       
2458545.97198  2458545.97363  2019-03-03.4719812  coadd_br140721 1.64 -1.61 19.337     >19.337  99.990         -33.09        13.89   -0.053       0.022       
2458548.57203  2458548.57387  2019-03-06.0720373  coadd_bn115599 1.50 -1.69 19.356     >19.356  99.990         -18.14        12.68   -0.031       0.022       
2458550.87227  2458550.87427  2019-03-08.3722775  coadd_bj188491 1.58 -1.82 18.277     >18.277  99.990         -30.35        30.53   -0.059       0.059       
2458551.87122  2458551.87330  2019-03-09.3712230  coadd_bj188879 1.59 -1.82 18.343     >18.343  99.990         -14.46        28.74   -0.028       0.056       
2458552.85931  2458552.86146  2019-03-10.3593109  coadd_bj189260 1.63 -1.82 18.792     >18.792  99.990         -38.45        19.00   -0.074       0.037       
2458554.81632  2458554.81860  2019-03-12.3163269  coadd_bF054179 1.44 -1.83 18.915     >18.915  99.990         -10.12        16.78   -0.020       0.033       
2458555.91646  2458555.91883  2019-03-13.4164677  coadd_br142355 1.56 -1.61 19.676     >19.676  99.990          -6.93        10.17   -0.011       0.016       
2458556.56928  2458556.57169  2019-03-14.0692849  coadd_bn117243 1.67 -1.69 19.185     >19.185  99.990         -34.96        14.84   -0.060       0.026       
2458556.88792  2458556.89035  2019-03-14.3879332  coadd_bj190852 1.70 -1.82 19.170     >19.170  99.990           5.18        13.42   0.010        0.026       
2458558.82631  2458558.82887  2019-03-16.3263171  coadd_br143284 1.41 -1.61 18.481     >18.481  99.990         -17.33        30.55   -0.028       0.049       
2458559.54043  2458559.54304  2019-03-17.0404359  coadd_bn118405 1.54 -1.69 19.212     >19.212  99.990           7.76        14.48   0.013        0.025       
2458560.81463  2458560.81732  2019-03-18.3146324  coadd_bj192381 1.70 -1.82 18.743     >18.743  99.990         -52.85        19.88   -0.102       0.039       
2458564.79484  2458564.79778  2019-03-22.2948393  coadd_bj193986 1.61 -1.82 17.508      17.507  0.365          186.21        62.04   0.361        0.120       
2458565.93366  2458565.93667  2019-03-23.4336719  coadd_br144969 1.46 -1.61 17.582     >17.582  99.990        -110.61        69.95   -0.177       0.112       
2458566.94560  2458566.94867  2019-03-24.4456063  coadd_br145378 1.56 -1.61 17.706     >17.706  99.990         -26.23        62.42   -0.042       0.100       
2458567.63065  2458567.63376  2019-03-25.1306525  coadd_bn120984 1.50 -1.69 17.923     >17.923  99.990          99.76        47.45   0.172        0.082       
2458569.61966  2458569.62289  2019-03-27.1196605  coadd_bn121456 1.42 -1.69 17.051     >17.051  99.990         -16.65       105.94   -0.029       0.183       
2458571.74146  2458571.74481  2019-03-29.2414667  coadd_bj196757 1.59 -1.82 18.748     >18.748  99.990          30.41        19.79   0.059        0.038       
2458571.96334  2458571.96670  2019-03-29.4633449  coadd_br146870 1.52 -1.61 19.151     >19.151  99.990         -13.24        16.48   -0.021       0.026       
2458572.87325  2458572.87666  2019-03-30.3732631  coadd_bj197237 1.70 -1.82 18.174     >18.174  99.990          -0.78        33.57   -0.002       0.065       
2458575.74244  2458575.74600  2019-04-02.2424396  coadd_bF062076 1.59 -1.83 19.321     >19.321  99.990          28.98        11.55   0.057        0.023       
2458575.85999  2458575.86356  2019-04-02.3599953  coadd_br147948 1.61 -1.61 19.278     >19.278  99.990          21.86        14.67   0.035        0.024       
2458576.77624  2458576.77986  2019-04-03.2762496  coadd_bj198232 1.53 -1.82 19.017     >19.017  99.990           0.13        15.46   0.000        0.030       
2458577.74461  2458577.74827  2019-04-04.2446099  coadd_bF062834 1.62 -1.83 19.062     >19.062  99.990          30.63        14.65   0.060        0.029       
2458577.89004  2458577.89371  2019-04-04.3900490  coadd_br148749 1.45 -1.61 19.383     >19.383  99.990         -20.65        13.32   -0.033       0.021       
2458578.95529  2458578.95901  2019-04-05.4552869  coadd_bB023510 2.10 -1.17 19.483     >19.483  99.990          38.10        18.27   0.041        0.019       
2458580.10915  2458580.11293  2019-04-06.6091562  coadd_bB024032 2.09 -1.17 19.478     >19.478  99.990          49.31        18.35   0.053        0.020       
2458581.73781  2458581.74166  2019-04-08.2378146  coadd_bF064370 1.57 -1.83 19.322     >19.322  99.990         -16.67        11.54   -0.033       0.023       
2458582.74728  2458582.75117  2019-04-09.2472762  coadd_bF064778 1.60 -1.83 19.325     >19.325  99.990          16.60        11.51   0.033        0.023       
2458583.71349  2458583.71742  2019-04-10.2134934  coadd_bj201008 1.56 -1.82 18.977     >18.977  99.990         -49.42        16.04   -0.096       0.031       
2458586.46612  2458586.47016  2019-04-12.9661222  coadd_bn126916 1.48 -1.69 19.198     >19.198  99.990          -3.63        14.66   -0.006       0.025       
2458587.88561  2458587.88970  2019-04-14.3856173  coadd_br151443 1.44 -1.61 19.087     >19.087  99.990          28.61        17.50   0.046        0.028       
2458588.76148  2458588.76561  2019-04-15.2614787  coadd_br151725 1.43 -1.61 18.377     >18.377  99.990          23.22        33.62   0.037        0.054       
2458589.71408  2458589.71825  2019-04-16.2140913  coadd_br152064 1.44 -1.61 17.858     >17.858  99.990          27.89        54.26   0.045        0.087       
2458589.85528  2458589.85945  2019-04-16.3552832  coadd_bB026515 2.00 -1.17 18.182     >18.182  99.990        -106.47        60.51   -0.114       0.065       
2458591.69484  2458591.69908  2019-04-18.1948465  coadd_bF068093 1.69 -1.83 16.885     >16.885  99.990        -130.01       108.85   -0.255       0.213       
2458591.99068  2458591.99492  2019-04-18.4906848  coadd_bB027390 2.01 -1.17 17.987     >17.987  99.990        -140.48        72.43   -0.150       0.077       
2458593.74317  2458593.74747  2019-04-20.2431842  coadd_br153449 1.48 -1.61 17.596     >17.596  99.990          39.13        69.05   0.063        0.111       
2458595.74165  2458595.74600  2019-04-22.2416515  coadd_bF069608 1.55 -1.83 18.051     >18.051  99.990          92.92        37.19   0.182        0.073       
2458596.68434  2458596.68872  2019-04-23.1843435  coadd_bF069981 1.58 -1.83 18.123     >18.123  99.990         -80.35        34.81   -0.157       0.068       
2458598.97236  2458598.97680  2019-04-25.4723581  coadd_bB030092 1.71 -1.17 19.118     >19.118  99.990          18.77        25.54   0.020        0.027       
2458599.35911  2458599.36356  2019-04-25.8591141  coadd_bn129220 1.47 -1.69 18.736     >18.736  99.990          10.07        22.43   0.017        0.039       
2458599.69250  2458599.69695  2019-04-26.1925074  coadd_br154054 1.44 -1.61 19.813     >19.813  99.990          -8.63         8.96   -0.014       0.014       
2458599.90257  2458599.90703  2019-04-26.4025771  coadd_bB030428 1.77 -1.17 19.604     >19.604  99.990         -19.54        16.33   -0.021       0.017       
2458600.80777  2458600.81225  2019-04-27.3077759  coadd_bj207828 1.51 -1.82 18.702     >18.702  99.990          10.34        20.64   0.020        0.040       
2458601.77793  2458601.78242  2019-04-28.2779354  coadd_bj208247 1.63 -1.82 19.007     >19.007  99.990           4.67        15.59   0.009        0.030       
2458602.72006  2458602.72458  2019-04-29.2200702  coadd_bj208645 1.58 -1.82 19.118     >19.118  99.990          -2.86        14.07   -0.006       0.027       
2458603.77589  2458603.78042  2019-04-30.2758887  coadd_bF072515 1.50 -1.83 18.159     >18.159  99.990           8.07        33.67   0.016        0.066       
2458604.78524  2458604.78979  2019-05-01.2852408  coadd_br155844 1.40 -1.61 19.066     >19.066  99.990         -19.89        17.83   -0.032       0.029       
2458605.74839  2458605.75295  2019-05-02.2483945  coadd_br156171 1.39 -1.61 19.326     >19.326  99.990          -3.89        14.04   -0.006       0.023       
2458607.41715  2458607.42173  2019-05-03.9171453  coadd_bn132140 1.45 -1.69 19.267     >19.267  99.990         -10.06        13.76   -0.017       0.024       
2458608.68852  2458608.69312  2019-05-05.1885168  coadd_bF074278 1.52 -1.83 19.463     >19.463  99.990          -6.98        10.13   -0.014       0.020       
2458609.98965  2458609.99427  2019-05-06.4896528  coadd_bB032393 2.18 -1.17 19.643     >19.643  99.990           6.27        15.76   0.007        0.017       
2458612.01146  2458612.01609  2019-05-08.5114618  coadd_bB033180 1.73 -1.17 19.643     >19.643  99.990         -13.59        15.76   -0.015       0.017       
2458613.81903  2458613.82367  2019-05-10.3190302  coadd_bB033809 1.72 -1.17 19.042     >19.042  99.990          32.60        27.41   0.035        0.029       
2458614.67204  2458614.67668  2019-05-11.1720386  coadd_bj213495 1.62 -1.82 19.106     >19.106  99.990         -32.29        14.24   -0.063       0.028       
2458615.71632  2458615.72096  2019-05-12.2163314  coadd_br158645 1.37 -1.61 18.847     >18.847  99.990         -17.75        21.82   -0.028       0.035       
2458616.68660  2458616.69124  2019-05-13.1865998  coadd_bj214405 1.50 -1.82 18.421     >18.421  99.990         -90.77        26.76   -0.176       0.052       
2458618.81203  2458618.81667  2019-05-15.3120379  coadd_bB035488 1.74 -1.17 18.202     >18.202  99.990          26.51        59.39   0.028        0.063       
2458619.77682  2458619.78146  2019-05-16.2768221  coadd_br159582 1.42 -1.61 17.989     >17.989  99.990        -143.07        48.07   -0.230       0.077       
2458621.73949  2458621.74412  2019-05-18.2394922  coadd_bj216250 1.59 -1.82 17.235     >17.235  99.990         105.87        79.77   0.205        0.155       
2458622.78949  2458622.79411  2019-05-19.2895020  coadd_br160585 1.54 -1.61 17.686     >17.686  99.990         -55.01        63.57   -0.088       0.102       
2458624.87176  2458624.87636  2019-05-21.3717653  coadd_bB037573 2.22 -1.17 18.465     >18.465  99.990          62.89        46.62   0.067        0.050       
2458625.75567  2458625.76025  2019-05-22.2556719  coadd_bj217720 1.65 -1.82 18.025     >18.025  99.990         -36.39        38.54   -0.070       0.075       
2458626.67994  2458626.68452  2019-05-23.1799498  coadd_bj218112 1.60 -1.82 18.321     >18.321  99.990          -7.09        29.34   -0.014       0.057       
2458636.44453  2458636.44891  2019-06-01.9445319  coadd_bn139982 1.49 -1.69 18.502     >18.502  99.990         -42.60        27.84   -0.074       0.048       
2458637.52726  2458637.53162  2019-06-03.0272694  coadd_bn140404 1.50 -1.69 19.301     >19.301  99.990          32.97        13.33   0.057        0.023       
2458637.62200  2458637.62635  2019-06-03.1220026  coadd_bj221056 1.66 -1.82 18.928      18.659  0.285           64.42        16.76   0.125        0.032       
2458639.57575  2458639.58005  2019-06-05.0757612  coadd_bj221941 1.52 -1.82 19.023     >19.023  99.990         -28.45        15.36   -0.055       0.030       
2458640.78224  2458640.78650  2019-06-06.2822353  coadd_bF082806 1.59 -1.83 18.759     >18.759  99.990         -49.90        19.37   -0.098       0.038       
2458641.86445  2458641.86868  2019-06-07.3644478  coadd_br164063 1.40 -1.61 19.204     >19.204  99.990          -4.87        15.71   -0.008       0.025       
2458642.95637  2458642.96056  2019-06-08.4563680  coadd_bB043612 1.99 -1.17 19.659     >19.659  99.990          19.91        15.53   0.021        0.017       
2458643.98753  2458643.99169  2019-06-09.4875289  coadd_bB044005 1.72 -1.17 19.465     >19.465  99.990         -32.94        18.56   -0.035       0.020       
2458645.29298  2458645.29709  2019-06-10.7929883  coadd_bn142248 1.49 -1.69 18.460     >18.460  99.990          -0.29        28.92   -0.000       0.050       
2458646.52550  2458646.52957  2019-06-12.0255005  coadd_bj225124 1.61 -1.82 17.889     >17.889  99.990         -76.63        43.67   -0.148       0.085       
2458647.52457  2458647.52860  2019-06-13.0245806  coadd_bj225584 1.53 -1.82 17.639     >17.639  99.990          63.82        54.97   0.124        0.106       
2458648.55596  2458648.55994  2019-06-14.0559545  coadd_bF086172 1.50 -1.83 17.681     >17.681  99.990        -161.64        52.32   -0.317       0.102       
2458650.40514  2458650.40905  2019-06-15.9051386  coadd_bn143772 1.61 -1.69 17.777     >17.777  99.990          62.81        54.27   0.109        0.094       
2458650.74890  2458650.75279  2019-06-16.2489078  coadd_bj226792 1.71 -1.82 17.393     >17.393  99.990        -158.23        68.96   -0.307       0.134       
2458651.70975  2458651.71361  2019-06-17.2097586  coadd_br166030 1.48 -1.61 17.635     >17.635  99.990         -82.45        66.62   -0.132       0.107       
2458653.54448  2458653.54825  2019-06-19.0444770  coadd_bF087892 1.57 -1.83 17.983     >17.983  99.990          14.35        39.61   0.028        0.078       
2458654.59060  2458654.59433  2019-06-20.0906056  coadd_bF088370 1.44 -1.83 18.384     >18.384  99.990          54.82        27.36   0.107        0.054       
2458655.72698  2458655.73065  2019-06-21.2269805  coadd_bF088920 1.52 -1.83 17.633     >17.633  99.990          38.22        54.66   0.075        0.107       
2458656.87374  2458656.87736  2019-06-22.3737409  coadd_bB048621 1.74 -1.17 19.381     >19.381  99.990         -31.68        20.06   -0.034       0.021       
2458658.48132  2458658.48486  2019-06-23.9813240  coadd_bn146324 1.62 -1.69 18.412      18.395  0.359           92.16        30.24   0.159        0.052       
2458659.32839  2458659.33188  2019-06-24.8283915  coadd_bn146626 1.52 -1.69 18.658     >18.658  99.990         -33.90        24.11   -0.059       0.042       
2458660.71303  2458660.71645  2019-06-26.2130280  coadd_bj230560 1.53 -1.82 18.836     >18.836  99.990           3.90        18.24   0.008        0.035       
2458666.88539  2458666.88847  2019-07-02.3853965  coadd_bB050044 1.76 -1.17 19.624     >19.624  99.990           4.13        16.04   0.004        0.017       
2458668.82268  2458668.82564  2019-07-04.3226805  coadd_bB050600 2.04 -1.17 19.422     >19.422  99.990         -30.06        19.31   -0.032       0.021       
2458670.64156  2458670.64441  2019-07-06.1415649  coadd_bj232953 1.59 -1.82 18.882     >18.882  99.990         -14.33        17.49   -0.028       0.034       
2458671.67430  2458671.67709  2019-07-07.1743083  coadd_bj233433 1.58 -1.82 18.550     >18.550  99.990          30.45        23.76   0.059        0.046       
2458673.27781  2458673.28050  2019-07-08.7778144  coadd_bn148286 1.60 -1.69 18.871     >18.871  99.990          15.75        19.81   0.027        0.034       
2458675.39993  2458675.40247  2019-07-10.8999241  coadd_bn149099 1.64 -1.69 17.719     >17.719  99.990         126.51        57.27   0.219        0.099       
2458675.54621  2458675.54875  2019-07-11.0462172  coadd_bj234627 1.72 -1.82 17.211     >17.211  99.990         198.28        81.51   0.384        0.158       
2458676.21868  2458676.22117  2019-07-11.7186799  coadd_bn149199 1.52 -1.69 18.225     >18.225  99.990          33.32        35.93   0.058        0.062       
2458677.32945  2458677.33187  2019-07-12.8294446  coadd_bn149613 1.53 -1.69 18.092     >18.092  99.990          29.21        40.59   0.050        0.070       
2458677.82084  2458677.82323  2019-07-13.3208386  coadd_bB052899 2.04 -1.17 18.472     >18.472  99.990          37.40        46.33   0.040        0.049       
2458678.65708  2458678.65942  2019-07-14.1570881  coadd_bF095455 1.60 -1.83 17.609     >17.609  99.990         123.01        55.87   0.241        0.109       
2458679.36187  2458679.36416  2019-07-14.8618694  coadd_bn150399 1.50 -1.69 17.575     >17.575  99.990          57.46        65.36   0.099        0.113       
2458679.81559  2458679.81785  2019-07-15.3155925  coadd_bB053612 2.09 -1.17 18.167     >18.167  99.990         -18.39        61.37   -0.020       0.065       
2458680.88152  2458680.88370  2019-07-16.3815223  coadd_bB054034 1.99 -1.17 17.820     >17.820  99.990        -327.47        84.47   -0.349       0.090       
2458681.76553  2458681.76765  2019-07-17.2655340  coadd_br172303 1.70 -1.61 17.247     >17.247  99.990          44.32        95.21   0.071        0.153       
2458682.64287  2458682.64493  2019-07-18.1428760  coadd_bj237511 1.68 -1.82 17.686     >17.686  99.990         -83.73        52.65   -0.162       0.102       
2458682.88484  2458682.88688  2019-07-18.3848403  coadd_bB054616 1.73 -1.17 18.381     >18.381  99.990         -23.91        50.37   -0.026       0.054       
2458683.75962  2458683.76160  2019-07-19.2596310  coadd_br172847 1.42 -1.61 17.883     >17.883  99.990        -106.79        52.99   -0.171       0.085       
2458684.76063  2458684.76254  2019-07-20.2606396  coadd_br173186 1.54 -1.61 18.326     >18.326  99.990         -93.75        35.26   -0.150       0.057       
2458685.39426  2458685.39612  2019-07-20.8942583  coadd_bn151945 1.45 -1.69 17.464     >17.464  99.990         -75.10        72.42   -0.130       0.125       
2458689.87042  2458689.87196  2019-07-25.3704219  coadd_bB056148 1.74 -1.17 19.680     >19.680  99.990          12.32        15.23   0.013        0.016       
2458690.38216  2458690.38366  2019-07-25.8821678  coadd_bn152593 1.66 -1.69 19.285     >19.285  99.990         -24.07        13.53   -0.042       0.023       
2458690.86672  2458690.86819  2019-07-26.3667251  coadd_bB056530 1.78 -1.17 19.612     >19.612  99.990          32.77        16.21   0.035        0.017       
2458691.38124  2458691.38266  2019-07-26.8812430  coadd_bn153025 1.50 -1.69 19.213     >19.213  99.990         -36.46        14.46   -0.063       0.025       
2458691.86200  2458691.86339  2019-07-27.3620076  coadd_bB056895 1.76 -1.17 19.629     >19.629  99.990          -3.38        15.96   -0.004       0.017       
2458693.76820  2458693.76945  2019-07-29.2682141  coadd_br175523 1.51 -1.61 18.903     >18.903  99.990         -13.57        20.72   -0.022       0.033       
2458694.63153  2458694.63271  2019-07-30.1315274  coadd_bF101220 1.55 -1.83 19.191     >19.191  99.990         -17.97        13.02   -0.035       0.026       
2458695.60576  2458695.60687  2019-07-31.1057592  coadd_bj242128 1.67 -1.82 18.903      18.630  0.284           66.20        17.15   0.128        0.033       
2458700.50544  2458700.50617  2019-08-05.0054445  coadd_bj244112 1.66 -1.82 18.247     >18.247  99.990          31.04        31.40   0.060        0.061       
2458700.81802  2458700.81873  2019-08-05.3180265  coadd_bB058918 1.75 -1.17 19.367     >19.367  99.990          14.13        20.32   0.015        0.022       
2458703.70171  2458703.70220  2019-08-08.2017121  coadd_br178059 1.37 -1.61 18.310     >18.310  99.990          25.18        35.77   0.040        0.057       
2458705.69128  2458705.69161  2019-08-10.1912863  coadd_br178445 1.55 -1.61 17.302      16.907  0.254          390.67        90.51   0.627        0.145       
2458707.73278  2458707.73295  2019-08-12.2327847  coadd_br178918 1.49 -1.61 17.600     >17.600  99.990         122.74        68.80   0.197        0.110       
2458707.80617  2458707.80634  2019-08-12.3061760  coadd_bB060874 2.04 -1.17 18.625     >18.625  99.990          32.74        40.24   0.035        0.043       
2458708.70448  2458708.70457  2019-08-13.2044834  coadd_br179240 1.49 -1.61 17.812     >17.812  99.990         -66.88        56.62   -0.107       0.091       
2458708.80596  2458708.80605  2019-08-13.3059571  coadd_bB061259 1.65 -1.17 18.050     >18.050  99.990         -29.24        68.34   -0.031       0.073       
2458709.27584  2458709.27590  2019-08-13.7758473  coadd_bn156998 1.56 -1.69 17.913     >17.913  99.990         -42.54        47.88   -0.074       0.083       
2458709.79288  2458709.79289  2019-08-14.2928819  coadd_bB061634 2.01 -1.17 18.408     >18.408  99.990          78.28        49.14   0.084        0.052       
2458710.29517  2458710.29514  2019-08-14.7951744  coadd_bn157419 1.55 -1.69 17.613     >17.613  99.990         110.47        63.11   0.191        0.109       
2458711.68984  2458711.68970  2019-08-16.1898483  coadd_br179892 1.63 -1.61 17.678     >17.678  99.990          15.01        64.06   0.024        0.103       
2458715.67768  2458715.67723  2019-08-20.1776791  coadd_br180354 1.40 -1.61 18.767     >18.767  99.990          -3.97        23.48   -0.006       0.038       
2458716.22876  2458716.22827  2019-08-20.7287598  coadd_bn159416 1.56 -1.69 19.402     >19.402  99.990          12.97        12.15   0.022        0.021       
2458716.67275  2458716.67223  2019-08-21.1727559  coadd_br180711 1.40 -1.61 19.013     >19.013  99.990         -29.50        18.72   -0.047       0.030       
2458717.67573  2458717.67513  2019-08-22.1757258  coadd_br180864 1.38 -1.61 19.101     >19.101  99.990         -37.34        17.26   -0.060       0.028       
2458719.28016  2458719.27944  2019-08-23.7801630  coadd_bn160586 1.49 -1.69 19.065     >19.065  99.990         -45.96        16.57   -0.079       0.029       
2458719.76326  2458719.76250  2019-08-24.2632677  coadd_bB064558 2.07 -1.17 19.424     >19.424  99.990          25.76        19.27   0.027        0.021       
2458721.54748  2458721.54658  2019-08-26.0474873  coadd_bF111727 1.52 -1.83 19.166     >19.166  99.990         -30.47        13.32   -0.060       0.026       
2458722.53933  2458722.53836  2019-08-27.0393359  coadd_bj253294 1.69 -1.82 19.056     >19.056  99.990         -16.74        14.90   -0.032       0.029       
2458723.54159  2458723.54054  2019-08-28.0415949  coadd_bj253732 1.59 -1.82 18.502     >18.502  99.990         -55.37        24.82   -0.107       0.048       
2458724.53077  2458724.52965  2019-08-29.0307803  coadd_bj254168 1.58 -1.82 18.853     >18.853  99.990          10.10        17.98   0.020        0.035       
2458725.53329  2458725.53208  2019-08-30.0332877  coadd_bj254611 1.59 -1.82 18.669     >18.669  99.990          21.80        21.29   0.042        0.041       
2458726.75126  2458726.74997  2019-08-31.2512613  coadd_bB067120 2.15 -1.17 19.609     >19.609  99.990           4.48        16.26   0.005        0.017       
2458727.26482  2458727.26349  2019-08-31.7648187  coadd_bn162396 1.58 -1.69 19.324     >19.324  99.990           1.68        13.05   0.003        0.023       
2458727.75677  2458727.75540  2019-09-01.2567688  coadd_bB067467 2.17 -1.17 19.570     >19.570  99.990           7.33        16.86   0.008        0.018       
2458728.75526  2458728.75382  2019-09-02.2552648  coadd_bB067691 1.99 -1.17 19.613     >19.613  99.990          11.31        16.20   0.012        0.017       
2458729.51120  2458729.50971  2019-09-03.0112134  coadd_bj256300 1.61 -1.82 18.500     >18.500  99.990          12.01        24.88   0.023        0.048       
2458730.52416  2458730.52258  2019-09-04.0241565  coadd_bj256716 1.57 -1.82 18.167     >18.167  99.990          93.19        33.80   0.181        0.065       
2458731.51032  2458731.50867  2019-09-05.0103196  coadd_bF115723 1.57 -1.83 18.358     >18.358  99.990         -47.98        28.03   -0.094       0.055       
2458734.23958  2458734.23774  2019-09-07.7395780  coadd_bn164667 1.55 -1.69 17.994     >17.994  99.990         104.29        44.44   0.180        0.077       
2458734.50212  2458734.50026  2019-09-08.0021246  coadd_bj257870 1.63 -1.82 17.731     >17.731  99.990        -145.16        50.50   -0.281       0.098       
2458737.61119  2458737.60911  2019-09-11.1111930  coadd_br186175 1.56 -1.61 17.682     >17.682  99.990          72.73        63.78   0.117        0.102       
2458740.48551  2458740.48323  2019-09-13.9855123  coadd_bj259355 1.69 -1.82 17.433      17.281  0.318          229.31        66.44   0.444        0.129       
2458741.49548  2458741.49313  2019-09-14.9954763  coadd_bF118177 1.74 -1.83 17.644     >17.644  99.990          67.39        54.13   0.132        0.106       
2458742.47881  2458742.47639  2019-09-15.9788096  coadd_bj260154 1.76 -1.82 18.044     >18.044  99.990          83.28        37.87   0.161        0.073       
2458743.47544  2458743.47296  2019-09-16.9754409  coadd_bj260560 2.00 -1.82 17.375     >17.375  99.990          59.15        70.08   0.115        0.136       
2458744.52821  2458744.52566  2019-09-18.0282142  coadd_bj260941 2.22 -1.82 18.256     >18.256  99.990         -15.60        31.15   -0.030       0.060       
2458750.58090  2458750.57797  2019-09-24.0809082  coadd_br186672 1.58 -1.61 19.257     >19.257  99.990         -21.66        14.96   -0.035       0.024       
2458752.57530  2458752.57226  2019-09-26.0753082  coadd_br187336 1.48 -1.61 19.276     >19.276  99.990         -25.12        14.69   -0.040       0.024       
2458753.57069  2458753.56759  2019-09-27.0706914  coadd_br187737 1.50 -1.61 18.053      18.053  0.365          135.98        45.31   0.218        0.073       
2458755.61423  2458755.61102  2019-09-29.1142321  coadd_br188526 1.64 -1.61 18.602     >18.602  99.990         -12.24        27.35   -0.020       0.044       
2458762.60395  2458762.60037  2019-10-06.1039521  coadd_br190112 1.39 -1.61 18.287      17.970  0.273          146.85        36.53   0.236        0.059       
2458849.16291  2458849.15990  2019-12-31.6629114  coadd_bB101849 2.27 -1.17 18.869     >18.869  99.990          56.00        32.15   0.060        0.034       
2458851.02008  2458851.01719  2020-01-02.5200831  coadd_br220883 1.70 -1.61 18.384     >18.384  99.990         -16.40        33.42   -0.026       0.054       
2458856.03127  2458856.02869  2020-01-07.5312740  coadd_br222610 1.43 -1.61 18.640     >18.640  99.990         -23.12        26.39   -0.037       0.042       
2458857.00633  2458857.00382  2020-01-08.5063290  coadd_br223043 1.50 -1.61 19.298     >19.298  99.990          -5.12        14.40   -0.008       0.023       
2458859.00583  2458859.00345  2020-01-10.5058369  coadd_br223828 1.41 -1.61 17.816     >17.816  99.990          62.76        56.39   0.101        0.090       
2458876.02951  2458876.02839  2020-01-27.5295186  coadd_br228585 1.48 -1.61 19.094     >19.094  99.990           1.00        17.37   0.002        0.028       
2458877.01194  2458877.01090  2020-01-28.5119476  coadd_br228724 1.58 -1.61 19.303     >19.303  99.990         -55.52        14.34   -0.089       0.023       
2458878.01260  2458878.01163  2020-01-29.5126046  coadd_br229174 1.64 -1.61 19.168     >19.168  99.990          -1.30        16.23   -0.002       0.026       
2458880.17045  2458880.16965  2020-01-31.6704504  coadd_bB109824 1.99 -1.17 17.642     >17.642  99.990         272.96        99.50   0.291        0.106       
2458880.98507  2458880.98433  2020-02-01.4850674  coadd_br230162 1.49 -1.61 18.505     >18.505  99.990          17.03        29.89   0.027        0.048       
2458881.97942  2458881.97876  2020-02-02.4794171  coadd_br230602 1.50 -1.61 18.676     >18.676  99.990           8.92        25.53   0.014        0.041       
2458886.96460  2458886.96434  2020-02-07.4646  coadd_br231304 1.69 -1.61 17.614     >17.614  99.990          28.92        67.89   0.046        0.109       
2458887.93770  2458887.93752  2020-02-08.4377070  coadd_br231707 1.55 -1.61 17.820     >17.820  99.990        -111.43        56.20   -0.179       0.090       
2458889.10092  2458889.10084  2020-02-09.6009229  coadd_bB111903 2.46 -1.17 17.919     >17.919  99.990          60.08        77.11   0.064        0.082       
2458897.02382  2458897.02437  2020-02-17.5238199  coadd_br234109 1.41 -1.61 18.375     >18.375  99.990          44.58        33.69   0.072        0.054       
2458900.85161  2458900.85246  2020-02-21.3516046  coadd_bF165105 1.51 -1.83 18.542     >18.542  99.990           8.21        23.66   0.016        0.046       
2458902.84398  2458902.84499  2020-02-23.3439842  coadd_bF165525 1.47 -1.83 19.251     >19.251  99.990          -5.44        12.32   -0.011       0.024       
2458903.84574  2458903.84682  2020-02-24.3457390  coadd_bj310997 1.62 -1.82 18.867     >18.867  99.990         -42.32        17.74   -0.082       0.034       
2458904.85819  2458904.85935  2020-02-25.3581972  coadd_br234753 1.49 -1.61 19.599     >19.599  99.990         -14.86        10.91   -0.024       0.018       
2458905.08686  2458905.08804  2020-02-25.5868631  coadd_bB112590 2.00 -1.17 19.591     >19.591  99.990         -25.72        16.53   -0.027       0.018       
2458905.94022  2458905.94147  2020-02-26.4402195  coadd_br235096 1.50 -1.61 19.331     >19.331  99.990         -40.74        13.97   -0.065       0.022       
2458906.86234  2458906.86366  2020-02-27.3623478  coadd_br235405 1.49 -1.61 18.976     >18.976  99.990          45.61        19.38   0.073        0.031       
2458907.87713  2458907.87853  2020-02-28.3771333  coadd_br235830 1.48 -1.61 18.952     >18.952  99.990         -39.63        19.81   -0.064       0.032       
2458909.82493  2458909.82647  2020-03-01.3249292  coadd_bF167992 1.51 -1.83 18.895     >18.895  99.990          24.93        17.10   0.049        0.033       
2458910.82823  2458910.82985  2020-03-02.3282320  coadd_bF168363 1.50 -1.83 18.979     >18.979  99.990         -61.03        15.82   -0.120       0.031       
2458911.81932  2458911.82101  2020-03-03.3193233  coadd_bF168706 1.48 -1.83 18.880     >18.880  99.990         -57.34        17.33   -0.112       0.034       
2458912.82619  2458912.82795  2020-03-04.3261846  coadd_bF169067 1.57 -1.83 19.387     >19.387  99.990           0.21        10.86   0.000        0.021       
2458919.79444  2458919.79671  2020-03-11.2944415  coadd_bj316841 1.66 -1.82 16.790     >16.790  99.990         226.17       120.15   0.438        0.233       
2458920.81025  2458920.81259  2020-03-12.3102471  coadd_bj317227 1.69 -1.82 17.231     >17.231  99.990         -40.40        80.05   -0.078       0.155       
2458923.78420  2458923.78674  2020-03-15.2842006  coadd_bF172909 1.49 -1.83 17.911     >17.911  99.990        -204.14        42.32   -0.400       0.083       
2458924.79707  2458924.79968  2020-03-16.2970756  coadd_bF173286 1.50 -1.83 18.551     >18.551  99.990          13.88        23.47   0.027        0.046       
2458925.81913  2458925.82181  2020-03-17.3191370  coadd_bF173669 1.50 -1.83 18.799     >18.799  99.990          -2.28        18.67   -0.004       0.037       
2458930.13956  2458930.14251  2020-03-21.6395583  coadd_bB115832 2.26 -1.17 19.616     >19.616  99.990          13.23        16.15   0.014        0.017       
2458931.53323  2458931.53627  2020-03-23.0332357  coadd_bn209250 1.48 -1.69 19.114     >19.114  99.990           7.09        15.85   0.012        0.027       
2458933.55791  2458933.56106  2020-03-25.0579140  coadd_bn209942 1.50 -1.69 19.151      18.493  0.199           84.17        15.32   0.145        0.026       
2458943.11770  2458943.12137  2020-04-03.6177032  coadd_bB118962 2.16 -1.17 18.333     >18.333  99.990         -64.46        52.64   -0.069       0.056       
2458956.85209  2458956.85632  2020-04-17.3520927  coadd_bB121289 2.03 -1.17 19.103     >19.103  99.990          22.79        25.92   0.024        0.028       
2458958.00040  2458958.00466  2020-04-18.5004060  coadd_bB121784 1.73 -1.17 19.541     >19.541  99.990          -7.70        17.30   -0.008       0.018       
2458958.70781  2458958.71210  2020-04-19.2078116  coadd_br241625 1.44 -1.61 18.946     >18.946  99.990           7.12        19.91   0.011        0.032       
2458959.84579  2458959.85011  2020-04-20.3457939  coadd_bB122398 1.72 -1.17 19.407     >19.407  99.990         -10.41        19.58   -0.011       0.021       
2458960.85952  2458960.86387  2020-04-21.3595210  coadd_bB122791 1.99 -1.17 19.360     >19.360  99.990         -81.92        20.44   -0.087       0.022       
2458965.86020  2458965.86467  2020-04-26.3602024  coadd_bB124540 2.02 -1.17 19.722     >19.722  99.990          22.39        14.65   0.024        0.016       
2458966.85000  2458966.85449  2020-04-27.3499957  coadd_bB124908 2.00 -1.17 19.234     >19.234  99.990          28.82        22.97   0.031        0.025       
2458967.84080  2458967.84532  2020-04-28.3408089  coadd_bB125271 2.02 -1.17 19.140     >19.140  99.990         -26.83        25.05   -0.029       0.027       
2458968.82919  2458968.83372  2020-04-29.3291976  coadd_bB125627 1.99 -1.17 18.824     >18.824  99.990          90.99        33.50   0.097        0.036       
2458969.81584  2458969.82038  2020-04-30.3158368  coadd_bB125989 2.01 -1.17 19.171     >19.171  99.990         -69.54        24.34   -0.074       0.026       
2458970.86204  2458970.86660  2020-05-01.3620439  coadd_bB126389 2.04 -1.17 19.051     >19.051  99.990          14.06        27.19   0.015        0.029       
2458971.86066  2458971.86524  2020-05-02.3606597  coadd_bB126722 2.00 -1.17 18.483      18.410  0.342          147.05        45.86   0.157        0.049       
2458972.87332  2458972.87791  2020-05-03.3733212  coadd_bB127094 1.70 -1.17 18.371     >18.371  99.990          24.72        50.84   0.026        0.054       
2458973.80705  2458973.81165  2020-05-04.3070590  coadd_bB127371 1.71 -1.17 18.062     >18.062  99.990          74.50        67.56   0.080        0.072       
2458982.75822  2458982.76287  2020-05-13.2582228  coadd_br247622 1.42 -1.61 19.468     >19.468  99.990           0.37        12.32   0.001        0.020       
2458983.37059  2458983.37523  2020-05-13.8705916  coadd_bn212860 1.62 -1.69 19.147     >19.147  99.990         -20.73        15.37   -0.036       0.027       
2458983.85466  2458983.85930  2020-05-14.3546607  coadd_bB128871 2.18 -1.17 19.601     >19.601  99.990           6.15        16.39   0.007        0.017       
2458984.82587  2458984.83050  2020-05-15.3258687  coadd_bB129152 1.76 -1.17 19.554     >19.554  99.990          14.40        17.10   0.015        0.018       
2458985.42123  2458985.42587  2020-05-15.9212379  coadd_bn213518 1.50 -1.69 18.302     >18.302  99.990         -23.86        33.45   -0.041       0.058       
2458986.36729  2458986.37192  2020-05-16.8672905  coadd_bn213854 1.98 -1.69 19.132     >19.132  99.990          -5.56        15.58   -0.010       0.027       
2458986.64428  2458986.64891  2020-05-17.1442824  coadd_br248571 2.02 -1.61 19.071     >19.071  99.990         -18.76        17.75   -0.030       0.028       
2458990.00100  2458990.00560  2020-05-20.501  coadd_bB130959 1.70 -1.17 19.750     >19.750  99.990          -7.34        14.28   -0.008       0.015       
2458990.75646  2458990.76106  2020-05-21.2564652  coadd_bB131128 2.05 -1.17 19.258     >19.258  99.990          64.49        22.45   0.069        0.024       
2458991.36863  2458991.37321  2020-05-21.8686273  coadd_bn215261 1.53 -1.69 18.913      18.769  0.319           65.28        19.06   0.113        0.033       
2458992.35251  2458992.35709  2020-05-22.8525136  coadd_bn215658 1.64 -1.69 19.243     >19.243  99.990          23.18        14.06   0.040        0.024       
2458992.74935  2458992.75391  2020-05-23.2493487  coadd_bB131603 2.26 -1.17 18.935     >18.935  99.990          10.28        30.24   0.011        0.032       
2458993.54934  2458993.55389  2020-05-24.0493431  coadd_bn216211 1.76 -1.69 19.036     >19.036  99.990          14.85        17.02   0.026        0.029       
2458995.75431  2458995.75883  2020-05-26.2543129  coadd_bB132554 2.05 -1.17 19.067     >19.067  99.990          67.75        26.79   0.072        0.029       
2458997.90061  2458997.90509  2020-05-28.4006160  coadd_bB133087 1.69 -1.17 19.152     >19.152  99.990          63.94        24.77   0.068        0.026       
2458998.86329  2458998.86775  2020-05-29.3632942  coadd_bB133398 2.24 -1.17 19.102     >19.102  99.990           1.08        25.93   0.001        0.028       
2458999.80275  2458999.80719  2020-05-30.3027531  coadd_bB133704 1.72 -1.17 19.091     >19.091  99.990          40.64        26.19   0.043        0.028       
2459000.35470  2459000.35912  2020-05-30.8547060  coadd_bn217240 1.52 -1.69 18.319     >18.319  99.990          -0.99        32.94   -0.002       0.057       
2459003.38755  2459003.39189  2020-06-02.8875466  coadd_bn218253 1.51 -1.69 16.769     >16.769  99.990         -10.51       137.33   -0.018       0.237       
2459004.00986  2459004.01419  2020-06-03.5098655  coadd_bB134828 2.01 -1.17 18.071      18.000  0.342          214.63        67.05   0.229        0.072       
2459004.96413  2459004.96843  2020-06-04.4641326  coadd_bB135095 2.09 -1.17 18.030     >18.030  99.990          41.65        69.58   0.044        0.074       
2459006.93868  2459006.94292  2020-06-06.4386828  coadd_bB135771 2.13 -1.17 17.978     >17.978  99.990          51.62        73.01   0.055        0.078       
2459008.53084  2459008.53503  2020-06-08.0308429  coadd_bn220422 1.59 -1.69 17.240     >17.240  99.990         -59.99        89.03   -0.104       0.154       
2459011.83285  2459011.83692  2020-06-11.3328502  coadd_bB137437 2.03 -1.17 19.552     >19.552  99.990         -25.35        17.13   -0.027       0.018       
2459014.88407  2459014.88801  2020-06-14.3840721  coadd_br255812 1.45 -1.61 18.714     >18.714  99.990          46.49        24.65   0.075        0.040       
2459015.81664  2459015.82055  2020-06-15.3166490  coadd_br256065 1.44 -1.61 19.170     >19.170  99.990          45.30        16.20   0.073        0.026       
2459017.94639  2459017.95021  2020-06-17.4463952  coadd_bB139544 2.10 -1.17 19.930     >19.930  99.990         -18.37        12.09   -0.020       0.013       
2459021.91388  2459021.91750  2020-06-21.4138752  coadd_bB140671 2.16 -1.17 19.575     >19.575  99.990         -14.51        16.77   -0.015       0.018       
2459024.82996  2459024.83344  2020-06-24.3299653  coadd_bB141609 1.75 -1.17 19.422     >19.422  99.990          32.73        19.32   0.035        0.021       
2459026.83754  2459026.84091  2020-06-26.3375373  coadd_br258598 1.44 -1.61 19.042     >19.042  99.990         -11.62        18.23   -0.019       0.029       
2459033.29667  2459033.29968  2020-07-02.7966663  coadd_bn226412 1.50 -1.69 17.620     >17.620  99.990           2.50        62.74   0.004        0.108       
2459036.78933  2459036.79213  2020-07-06.2893335  coadd_br260084 1.51 -1.61 17.159     >17.159  99.990         231.40       103.26   0.371        0.166       
2459042.78525  2459042.78766  2020-07-12.2852581  coadd_bB146874 1.75 -1.17 19.417     >19.417  99.990          15.98        19.41   0.017        0.021       
2459043.80052  2459043.80286  2020-07-13.3005285  coadd_br261879 1.40 -1.61 18.934     >18.934  99.990         -56.06        20.14   -0.090       0.032       
2459044.77465  2459044.77692  2020-07-14.2746504  coadd_br262173 1.42 -1.61 19.405     >19.405  99.990          -0.45        13.05   -0.001       0.021       
2459049.81146  2459049.81339  2020-07-19.3114619  coadd_bB148863 2.01 -1.17 19.751     >19.751  99.990         -22.24        14.27   -0.024       0.015       
2459058.78069  2459058.78196  2020-07-28.2806880  coadd_bB150947 2.04 -1.17 18.813     >18.813  99.990         -12.32        33.85   -0.013       0.036       
2459059.73140  2459059.73259  2020-07-29.2313945  coadd_br264956 1.42 -1.61 18.068     >18.068  99.990         -30.52        44.72   -0.049       0.072       
2459060.71257  2459060.71369  2020-07-30.2125728  coadd_br265269 1.45 -1.61 18.109     >18.109  99.990         -79.38        43.05   -0.127       0.069       
2459062.81305  2459062.81401  2020-08-01.3130497  coadd_bB152407 2.16 -1.17 18.338     >18.338  99.990         -10.64        52.43   -0.011       0.056       
2459067.23821  2459067.23883  2020-08-05.7382084  coadd_bn235819 1.71 -1.69 19.137     >19.137  99.990          16.66        15.50   0.029        0.027       
2459068.21992  2459068.22047  2020-08-06.7199231  coadd_bn235872 2.49 -1.69 19.082     >19.082  99.990          -9.41        16.31   -0.016       0.028       
2459068.70806  2459068.70856  2020-08-07.2080568  coadd_br267655 1.44 -1.61 18.221     >18.221  99.990          53.39        38.83   0.086        0.062       
2459069.71683  2459069.71726  2020-08-08.2168259  coadd_br267999 1.47 -1.61 18.070     >18.070  99.990         -59.72        44.65   -0.096       0.072       
2459072.74668  2459072.74687  2020-08-11.2466797  coadd_bB155209 1.99 -1.17 19.348     >19.348  99.990          36.50        20.68   0.039        0.022       
2459073.69593  2459073.69605  2020-08-12.1959343  coadd_br269138 1.41 -1.61 19.114     >19.114  99.990         -12.82        17.07   -0.021       0.027       
2459080.23253  2459080.23214  2020-08-18.7325283  coadd_bn237764 1.59 -1.69 19.078     >19.078  99.990         -35.59        16.37   -0.062       0.028       
2459084.76635  2459084.76560  2020-08-23.2663537  coadd_bB158993 2.06 -1.17 19.480     >19.480  99.990          46.47        18.30   0.050        0.020       
2459087.76827  2459087.76730  2020-08-26.2682810  coadd_bB160064 2.00 -1.17 18.702     >18.702  99.990         -22.34        37.48   -0.024       0.040       
2459091.66265  2459091.66138  2020-08-30.1626456  coadd_br274606 1.40 -1.61 17.800     >17.800  99.990         -66.76        57.22   -0.107       0.092       
2459096.74596  2459096.74432  2020-09-04.2459590  coadd_bB163459 2.27 -1.17 18.673     >18.673  99.990          -8.39        38.51   -0.009       0.041       
2459098.73452  2459098.73274  2020-09-06.2345226  coadd_bB164261 2.03 -1.17 19.045     >19.045  99.990         -80.17        27.32   -0.086       0.029       
2459101.75006  2459101.74805  2020-09-09.2500562  coadd_bB165190 2.09 -1.17 19.551     >19.551  99.990         -10.14        17.16   -0.011       0.018       
2459125.56486  2459125.56140  2020-10-03.0648687  coadd_br277033 1.46 -1.61 17.752     >17.752  99.990          -4.86        59.81   -0.008       0.096       
2459127.55950  2459127.55593  2020-10-05.0594995  coadd_br277475 2.20 -1.61 17.336      17.326  0.362          265.65        87.72   0.426        0.141       
2459200.03438  2459200.03061  2020-12-16.5343821  coadd_br302075 1.56 -1.61 16.719     >16.719  99.990       -1018.62       154.92   -1.634       0.249       
2459201.03099  2459201.02727  2020-12-17.5309968  coadd_br302502 1.53 -1.61 17.785     >17.785  99.990         119.08        58.05   0.191        0.093       
2459205.02470  2459205.02117  2020-12-21.5247025  coadd_br304224 1.42 -1.61 18.733     >18.733  99.990          15.13        24.24   0.024        0.039       
2459206.16664  2459206.16317  2020-12-22.6666405  coadd_bB195891 2.30 -1.17 17.927     >17.927  99.990         -57.90        76.57   -0.062       0.082       
2459207.15945  2459207.15603  2020-12-23.6594488  coadd_bB196328 2.26 -1.17 18.758     >18.758  99.990         -51.15        35.59   -0.055       0.038       
2459210.15675  2459210.15349  2020-12-26.6567450  coadd_bB197562 1.76 -1.17 19.156     >19.156  99.990         -43.60        24.67   -0.047       0.026       
2459211.00430  2459211.00109  2020-12-27.5042945  coadd_br306307 1.49 -1.61 19.432     >19.432  99.990         -12.78        12.73   -0.021       0.020       
2459214.00572  2459214.00268  2020-12-30.5057168  coadd_br307493 1.80 -1.61 17.295     >17.295  99.990        -179.39        91.13   -0.288       0.146       
2459218.12687  2459218.12409  2021-01-03.6268716  coadd_bB200092 2.08 -1.17 18.225     >18.225  99.990          10.26        58.18   0.011        0.062       
2459221.12459  2459221.12201  2021-01-06.6245961  coadd_bB201400 1.99 -1.17 18.712     >18.712  99.990          65.80        37.16   0.070        0.040       
2459223.13137  2459223.12892  2021-01-08.6313724  coadd_bB202245 2.01 -1.17 18.621     >18.621  99.990        -109.96        40.38   -0.117       0.043       
2459226.10717  2459226.10493  2021-01-11.6071815  coadd_bB203094 2.04 -1.17 19.109     >19.109  99.990         -18.93        25.76   -0.020       0.027       
2459229.10354  2459229.10150  2021-01-14.6035357  coadd_bB204246 2.02 -1.17 19.731     >19.731  99.990           7.58        14.53   0.008        0.016       
2459230.96081  2459230.95891  2021-01-16.4608100  coadd_br313127 1.43 -1.61 19.692     >19.692  99.990         -24.86        10.02   -0.040       0.016       
2459232.12993  2459232.12812  2021-01-17.6299327  coadd_bB205442 2.18 -1.17 19.645     >19.645  99.990         -14.80        15.72   -0.016       0.017       
2459232.95374  2459232.95199  2021-01-18.4537464  coadd_br313939 1.70 -1.61 19.289     >19.289  99.990          -0.13        14.53   -0.000       0.023       
2459237.08824  2459237.08679  2021-01-22.5882364  coadd_bB206334 2.38 -1.17 19.564     >19.564  99.990           2.88        16.95   0.003        0.018       
2459238.93109  2459238.92978  2021-01-24.4310880  coadd_br315531 1.46 -1.61 19.260     >19.260  99.990         -13.45        14.91   -0.022       0.024       
2459239.09176  2459239.09047  2021-01-24.5917652  coadd_bB206922 2.31 -1.17 19.568     >19.568  99.990          17.75        16.88   0.019        0.018       
2459239.94509  2459239.94386  2021-01-25.4450973  coadd_br315788 1.50 -1.61 18.455     >18.455  99.990         -16.74        31.31   -0.027       0.050       
2459245.06572  2459245.06489  2021-01-30.5657200  coadd_bB208228 2.14 -1.17 18.265     >18.265  99.990          62.00        56.07   0.066        0.060       
2459245.88448  2459245.88372  2021-01-31.3844800  coadd_bj349714 1.50 -1.82 16.646     >16.646  99.990        -301.39       137.18   -0.584       0.266       
2459245.91919  2459245.91843  2021-01-31.4191952  coadd_br317485 1.47 -1.61 17.464     >17.464  99.990         -86.63        78.01   -0.139       0.125       
2459246.08643  2459246.08569  2021-01-31.5864371  coadd_bB208569 2.19 -1.17 17.988     >17.988  99.990         139.33        72.34   0.149        0.077       
2459246.87669  2459246.87601  2021-02-01.3766950  coadd_bj350004 1.63 -1.82 17.837     >17.837  99.990         -48.47        45.82   -0.094       0.089       
2459247.06296  2459247.06229  2021-02-01.5629540  coadd_bB208940 1.71 -1.17 18.203     >18.203  99.990         -66.16        59.36   -0.071       0.063       
2459251.62272  2459251.62241  2021-02-06.1227210  coadd_bn276116 1.45 -1.69 18.159     >18.159  99.990           1.67        38.16   0.003        0.066       
2459252.86556  2459252.86535  2021-02-07.3655601  coadd_bj352026 1.53 -1.82 18.726     >18.726  99.990          -1.22        20.20   -0.002       0.039       
2459253.04990  2459253.04971  2021-02-07.5498987  coadd_bB209878 1.74 -1.17 19.559     >19.559  99.990         -19.29        17.03   -0.021       0.018       
2459253.61402  2459253.61387  2021-02-08.1140200  coadd_bn276787 1.58 -1.69 18.738     >18.738  99.990         -49.76        22.39   -0.086       0.039       
2459253.86113  2459253.86100  2021-02-08.3611258  coadd_bj352363 1.53 -1.82 18.561     >18.561  99.990         -17.34        23.51   -0.034       0.046       
2459254.86812  2459254.86807  2021-02-09.3681166  coadd_bj352706 1.55 -1.82 19.033     >19.033  99.990          43.24        15.22   0.084        0.029       
2459255.86369  2459255.86373  2021-02-10.3637017  coadd_bj353055 1.56 -1.82 18.771     >18.771  99.990          37.62        19.38   0.073        0.038       
2459258.03838  2459258.03859  2021-02-12.5383908  coadd_bB211314 1.74 -1.17 19.762     >19.762  99.990         -14.25        14.12   -0.015       0.015       
2459259.84971  2459259.85006  2021-02-14.3497072  coadd_bj354432 1.57 -1.82 18.915     >18.915  99.990           2.29        16.97   0.004        0.033       
2459261.86124  2459261.86175  2021-02-16.3612457  coadd_bj355159 1.70 -1.82 18.854     >18.854  99.990           1.05        17.95   0.002        0.035       
2459263.84854  2459263.84921  2021-02-18.3485462  coadd_bF206310 1.53 -1.83 18.722     >18.722  99.990         -28.34        20.05   -0.056       0.039       
2459264.85720  2459264.85795  2021-02-19.3572032  coadd_bF206650 1.47 -1.83 18.884     >18.884  99.990          49.62        17.28   0.097        0.034       
2459267.59377  2459267.59473  2021-02-22.0937739  coadd_bn280527 1.63 -1.69 18.936     >18.936  99.990          22.46        18.67   0.039        0.032       
2459267.87072  2459267.87170  2021-02-22.3707158  coadd_bj357318 1.56 -1.82 18.873     >18.873  99.990         -55.85        17.64   -0.108       0.034       
2459268.07048  2459268.07148  2021-02-22.5704837  coadd_bB213754 2.01 -1.17 19.761     >19.761  99.990         -12.61        14.14   -0.013       0.015       
2459270.59871  2459270.59991  2021-02-25.0987127  coadd_bn281557 1.56 -1.69 19.128     >19.128  99.990          -6.57        15.63   -0.011       0.027       
2459272.88821  2459272.88959  2021-02-27.3882083  coadd_bj359109 1.55 -1.82 17.521     >17.521  99.990         -44.69        61.26   -0.087       0.119       
2459274.81418  2459274.81570  2021-03-01.3141809  coadd_bj359801 1.65 -1.82 17.511     >17.511  99.990          55.27        61.86   0.107        0.120       
2459278.02264  2459278.02440  2021-03-04.5226403  coadd_bB215159 2.22 -1.17 18.651     >18.651  99.990          37.68        39.29   0.040        0.042       
2459279.81208  2459279.81397  2021-03-06.3120833  coadd_bF210685 1.47 -1.83 18.475     >18.475  99.990          27.56        25.18   0.054        0.049       
2459281.79045  2459281.79248  2021-03-08.2904483  coadd_bj362222 1.55 -1.82 18.595     >18.595  99.990          49.85        22.78   0.097        0.044       
2459288.93837  2459288.94090  2021-03-15.4383719  coadd_bB216060 1.81 -1.17 19.359     >19.359  99.990         -60.26        20.47   -0.064       0.022       
2459291.76527  2459291.76799  2021-03-18.2652646  coadd_bF214350 1.56 -1.83 18.923     >18.923  99.990          -6.26        16.66   -0.012       0.033       
2459293.98608  2459293.98894  2021-03-20.4860745  coadd_bB217126 2.01 -1.17 19.473     >19.473  99.990         -25.48        18.42   -0.027       0.020       
2459294.83165  2459294.83457  2021-03-21.3316604  coadd_bj366315 1.60 -1.82 18.817     >18.817  99.990         -27.53        18.58   -0.053       0.036       
2459295.49859  2459295.50155  2021-03-21.9985871  coadd_bn287323 1.52 -1.69 18.991     >18.991  99.990         -52.69        17.75   -0.091       0.031       
2459295.75361  2459295.75659  2021-03-22.2536261  coadd_bj366634 1.59 -1.82 18.805     >18.805  99.990         -46.43        18.77   -0.090       0.036       
2459295.91844  2459295.92142  2021-03-22.4184391  coadd_bB217524 2.07 -1.17 19.214     >19.214  99.990          -0.52        23.39   -0.001       0.025       
2459299.50253  2459299.50572  2021-03-26.0025251  coadd_bn288504 1.42 -1.69 17.871      16.554  0.109          501.95        49.77   0.867        0.086       
2459302.79149  2459302.79487  2021-03-29.2914978  coadd_bF217922 1.55 -1.83 16.880     >16.880  99.990        -423.46       109.40   -0.829       0.214       
2459306.89830  2459306.90190  2021-04-02.3983038  coadd_bF219497 1.57 -1.83 17.583     >17.583  99.990         147.68        57.25   0.289        0.112       
2459309.46408  2459309.46779  2021-04-04.9640829  coadd_bn291108 1.50 -1.69 18.499     >18.499  99.990         -68.04        27.91   -0.118       0.048       
2459309.71375  2459309.71748  2021-04-05.2137510  coadd_bj371789 1.64 -1.82 18.456     >18.456  99.990          43.53        25.90   0.084        0.050       
2459309.84522  2459309.84896  2021-04-05.3452221  coadd_bF220539 1.51 -1.83 18.810     >18.810  99.990          -4.00        18.48   -0.008       0.036       
2459310.83119  2459310.83497  2021-04-06.3311859  coadd_bF220909 1.61 -1.83 18.893     >18.893  99.990          -9.01        17.13   -0.018       0.034       
2459312.03083  2459312.03467  2021-04-07.5308267  coadd_bB221827 1.99 -1.17 19.511     >19.511  99.990          -4.35        17.80   -0.005       0.019       
2459312.78020  2459312.78407  2021-04-08.2802001  coadd_bF221323 1.50 -1.83 19.147     >19.147  99.990           5.88        13.55   0.012        0.027       
2459313.74567  2459313.74959  2021-04-09.2456789  coadd_br335097 1.62 -1.61 19.195     >19.195  99.990           5.88        15.84   0.009        0.025       
2459314.50949  2459314.51343  2021-04-10.0094905  coadd_bn292964 1.57 -1.69 18.841     >18.841  99.990          23.91        20.38   0.041        0.035       
2459316.12765  2459316.13166  2021-04-11.6276482  coadd_bB223321 2.04 -1.17 19.243     >19.243  99.990           4.25        22.78   0.005        0.024       
2459316.59733  2459316.60136  2021-04-12.0973356  coadd_bn293798 1.51 -1.69 19.198     >19.198  99.990           8.30        14.66   0.014        0.025       
2459316.75225  2459316.75629  2021-04-12.2522618  coadd_bj374690 1.61 -1.82 19.054     >19.054  99.990         -40.87        14.93   -0.079       0.029       
2459316.88476  2459316.88880  2021-04-12.3847653  coadd_br336219 1.42 -1.61 19.472     >19.472  99.990          13.11        12.26   0.021        0.020       
2459318.86138  2459318.86549  2021-04-14.3613792  coadd_bB223946 2.01 -1.17 19.515     >19.515  99.990         -19.77        17.73   -0.021       0.019       
2459320.50253  2459320.50670  2021-04-16.0025275  coadd_bn295284 1.47 -1.69 19.050     >19.050  99.990          23.66        16.80   0.041        0.029       
2459322.03790  2459322.04213  2021-04-17.5379021  coadd_bB225226 2.04 -1.17 19.668     >19.668  99.990           6.38        15.39   0.007        0.016       
2459322.86430  2459322.86855  2021-04-18.3642951  coadd_bB225466 1.74 -1.17 19.111     >19.111  99.990          17.95        25.73   0.019        0.027       
2459323.58488  2459323.58915  2021-04-19.0848780  coadd_bn296001 1.46 -1.69 18.213     >18.213  99.990          54.09        36.34   0.093        0.063       
2459323.68946  2459323.69374  2021-04-19.1894608  coadd_bF225612 2.02 -1.83 18.803     >18.803  99.990         -28.34        18.60   -0.056       0.036       
2459323.83754  2459323.84182  2021-04-19.3375357  coadd_bj377689 1.59 -1.82 18.777     >18.777  99.990          -5.29        19.26   -0.010       0.037       
2459324.76259  2459324.76690  2021-04-20.2625929  coadd_bj378056 1.60 -1.82 18.801     >18.801  99.990         -18.02        18.85   -0.035       0.037       
2459326.93400  2459326.93837  2021-04-22.4340123  coadd_br338190 1.46 -1.61 19.246     >19.246  99.990          -6.39        15.11   -0.010       0.024       
2459327.85151  2459327.85591  2021-04-23.3515131  coadd_bj379079 1.58 -1.82 18.784     >18.784  99.990           2.10        19.16   0.004        0.037       
2459328.79261  2459328.79703  2021-04-24.2926240  coadd_bj379447 1.60 -1.82 18.373     >18.373  99.990          32.86        27.95   0.064        0.054       
2459330.10672  2459330.11117  2021-04-25.6067234  coadd_bB227812 2.09 -1.17 18.603     >18.603  99.990         -14.31        41.08   -0.015       0.044       
2459330.65594  2459330.66040  2021-04-26.1559403  coadd_bF228085 1.57 -1.83 17.593     >17.593  99.990          60.31        56.70   0.118        0.111       
2459333.64795  2459333.65247  2021-04-29.1479515  coadd_bj381395 1.55 -1.82 17.088     >17.088  99.990        -211.84        91.34   -0.410       0.177       
2459333.77987  2459333.78440  2021-04-29.2798831  coadd_bF229390 1.63 -1.83 18.008     >18.008  99.990         -54.91        38.71   -0.108       0.076       
2459337.38322  2459337.38780  2021-05-02.8832174  coadd_bn299020 1.57 -1.69 19.038     >19.038  99.990          37.85        16.99   0.065        0.029       
2459337.69664  2459337.70122  2021-05-03.1966342  coadd_bF230187 1.66 -1.83 18.537     >18.537  99.990         -36.11        23.78   -0.071       0.047       
2459337.99995  2459338.00453  2021-05-03.4999451  coadd_bB229686 2.03 -1.17 18.971     >18.971  99.990         -12.62        29.27   -0.013       0.031       
2459340.66517  2459340.66978  2021-05-06.1651731  coadd_br340762 1.43 -1.61 19.458     >19.458  99.990         -25.06        12.42   -0.040       0.020       
2459342.81945  2459342.82408  2021-05-08.3194604  coadd_br341300 1.41 -1.61 19.668     >19.668  99.990         -10.38        10.25   -0.017       0.016       
2459344.50324  2459344.50788  2021-05-10.0032413  coadd_bn300654 1.50 -1.69 19.080     >19.080  99.990          21.76        16.35   0.038        0.028       
2459344.66697  2459344.67161  2021-05-10.1669821  coadd_br341711 1.51 -1.61 19.471     >19.471  99.990         -12.94        12.28   -0.021       0.020       
2459345.85216  2459345.85680  2021-05-11.3521660  coadd_bj384806 1.58 -1.82 18.607     >18.607  99.990          25.11        22.54   0.049        0.044       
2459347.55922  2459347.56386  2021-05-13.0592266  coadd_bn301768 1.57 -1.69 18.506     >18.506  99.990          47.06        27.74   0.081        0.048       
2459349.66476  2459349.66940  2021-05-15.1647616  coadd_bj386074 1.54 -1.82 18.721      18.661  0.345           64.30        20.29   0.125        0.039       
2459351.34484  2459351.34947  2021-05-16.8448429  coadd_bn302374 1.52 -1.69 19.057     >19.057  99.990          -9.05        16.69   -0.016       0.029       
2459351.59727  2459351.60190  2021-05-17.0972731  coadd_bj386756 1.55 -1.82 18.686     >18.686  99.990         -23.00        20.95   -0.045       0.041       
2459351.86991  2459351.87454  2021-05-17.3699150  coadd_bB233571 2.05 -1.17 19.488     >19.488  99.990           6.14        18.17   0.007        0.019       
2459352.83961  2459352.84424  2021-05-18.3396153  coadd_bF235040 1.52 -1.83 18.771     >18.771  99.990         -24.53        19.17   -0.048       0.038       
2459354.85013  2459354.85474  2021-05-20.3501363  coadd_bB234619 2.38 -1.17 19.015     >19.015  99.990           2.55        28.11   0.003        0.030       
2459356.91961  2459356.92419  2021-05-22.4196054  coadd_bB235347 1.74 -1.17 18.740     >18.740  99.990         -79.93        36.19   -0.085       0.039       
2459358.01500  2459358.01956  2021-05-23.5149966  coadd_bB235790 1.73 -1.17 18.386     >18.386  99.990         -81.20        50.16   -0.087       0.054       
2459358.34336  2459358.34792  2021-05-23.8433637  coadd_bn303769 1.54 -1.69 17.957     >17.957  99.990         -77.40        45.99   -0.134       0.079       
2459358.58390  2459358.58845  2021-05-24.0838958  coadd_bj388656 1.61 -1.82 17.466     >17.466  99.990         120.64        64.47   0.234        0.125       
2459358.87870  2459358.88325  2021-05-24.3787006  coadd_bB236050 2.01 -1.17 18.159     >18.159  99.990         -24.27        61.79   -0.026       0.066       
2459361.94466  2459361.94916  2021-05-27.4446662  coadd_bB237193 1.50 -1.17 17.848     >17.848  99.990         -55.70        82.28   -0.059       0.088       
2459363.61404  2459363.61850  2021-05-29.1140396  coadd_bj390450 1.61 -1.82 17.903     >17.903  99.990          88.43        43.10   0.171        0.083       
2459364.60192  2459364.60636  2021-05-30.1019189  coadd_bj390879 1.57 -1.82 17.383     >17.383  99.990         -95.07        69.58   -0.184       0.135       
2459364.74127  2459364.74572  2021-05-30.2412756  coadd_br346173 1.38 -1.61 18.817     >18.817  99.990          -2.07        22.43   -0.003       0.036       
2459365.31075  2459365.31518  2021-05-30.8107548  coadd_bn305201 1.50 -1.69 19.280     >19.280  99.990          -1.81        13.59   -0.003       0.023       
2459365.57016  2459365.57459  2021-05-31.0701696  coadd_bF239016 1.52 -1.83 18.952     >18.952  99.990         -11.91        16.21   -0.023       0.032       
2459365.72509  2459365.72951  2021-05-31.2250925  coadd_bj391389 1.64 -1.82 18.009     >18.009  99.990        -115.19        39.09   -0.223       0.076       
2459366.75701  2459366.76140  2021-06-01.2570123  coadd_bj391851 1.54 -1.82 18.403     >18.403  99.990         -49.00        27.20   -0.095       0.053       
2459368.69590  2459368.70024  2021-06-03.1959005  coadd_bF240390 1.67 -1.83 19.130     >19.130  99.990          11.67        13.77   0.023        0.027       
2459370.91362  2459370.91790  2021-06-05.4136222  coadd_bB240119 1.80 -1.17 20.130     >20.130  99.990           2.80        10.06   0.003        0.011       
2459371.97389  2459371.97814  2021-06-06.4738925  coadd_bB240484 2.00 -1.17 19.541     >19.541  99.990         -11.03        17.30   -0.012       0.018       
2459372.29491  2459372.29915  2021-06-06.7949170  coadd_bn307105 1.57 -1.69 19.500     >19.500  99.990          22.83        11.10   0.039        0.019       
2459372.59316  2459372.59739  2021-06-07.0931700  coadd_bj394292 1.54 -1.82 19.179     >19.179  99.990          31.28        13.31   0.061        0.026       
2459372.84559  2459372.84981  2021-06-07.3456057  coadd_br347397 1.47 -1.61 19.170     >19.170  99.990          -4.59        16.20   -0.007       0.026       
2459374.52460  2459374.52876  2021-06-09.0246018  coadd_bn307380 1.50 -1.69 18.905     >18.905  99.990          48.42        19.20   0.084        0.033       
2459375.83136  2459375.83547  2021-06-10.3313623  coadd_br348272 1.38 -1.61 17.903     >17.903  99.990         142.70        52.03   0.229        0.083       
2459377.39528  2459377.39933  2021-06-11.8952812  coadd_bn308416 1.53 -1.69 18.521     >18.521  99.990          71.62        27.35   0.124        0.047       
2459377.76128  2459377.76532  2021-06-12.2612836  coadd_br348807 1.37 -1.61 19.267     >19.267  99.990          -0.54        14.82   -0.001       0.024       
2459378.96864  2459378.97263  2021-06-13.4686443  coadd_bB242948 1.73 -1.17 19.368     >19.368  99.990          21.69        20.29   0.023        0.022       
2459379.27111  2459379.27509  2021-06-13.7711106  coadd_bn308897 1.55 -1.69 19.234     >19.234  99.990          16.86        14.19   0.029        0.025       
2459379.52096  2459379.52493  2021-06-14.0209644  coadd_bF244811 1.50 -1.83 18.916     >18.916  99.990         -11.75        16.78   -0.023       0.033       
2459379.67480  2459379.67876  2021-06-14.1747956  coadd_bj397431 1.61 -1.82 19.028     >19.028  99.990         -26.23        15.30   -0.051       0.030       
2459379.82772  2459379.83168  2021-06-14.3277210  coadd_br349459 1.38 -1.61 19.003     >19.003  99.990         -43.10        18.89   -0.069       0.030       
2459380.72940  2459380.73332  2021-06-15.2294016  coadd_bF245303 1.51 -1.83 18.824     >18.824  99.990          26.73        18.26   0.052        0.036       
2459382.95248  2459382.95630  2021-06-17.4524854  coadd_bB244307 2.05 -1.17 19.577     >19.577  99.990          35.14        16.74   0.038        0.018       
2459384.91021  2459384.91395  2021-06-19.4102114  coadd_bB244977 1.77 -1.17 18.871     >18.871  99.990          31.12        32.08   0.033        0.034       
2459386.25115  2459386.25482  2021-06-20.7511464  coadd_bn310187 1.64 -1.69 17.306     >17.306  99.990         -50.67        83.74   -0.088       0.145       
2459386.50671  2459386.51037  2021-06-21.0067160  coadd_bF247023 1.60 -1.83 17.156     >17.156  99.990        -164.46        84.83   -0.322       0.166       
2459386.66806  2459386.67171  2021-06-21.1680597  coadd_bj399711 1.55 -1.82 17.881     >17.881  99.990          75.13        43.99   0.146        0.085       
2459386.83491  2459386.83855  2021-06-21.3349064  coadd_br351339 1.62 -1.61 17.480     >17.480  99.990        -217.48        76.86   -0.349       0.123       
2459386.91972  2459386.92336  2021-06-21.4197246  coadd_bB245652 2.01 -1.17 18.614     >18.614  99.990         -52.24        40.64   -0.056       0.043       
2459390.81507  2459390.81851  2021-06-25.3150782  coadd_bB246902 2.10 -1.17 17.956     >17.956  99.990         190.60        74.52   0.203        0.080       
2459392.94025  2459392.94358  2021-06-27.4402528  coadd_bB247699 1.72 -1.17 18.425     >18.425  99.990         -75.56        48.39   -0.081       0.052       
2459393.48370  2459393.48700  2021-06-27.9837059  coadd_bF249246 1.58 -1.83 18.983     >18.983  99.990         -15.01        15.77   -0.029       0.031       
2459393.78079  2459393.78408  2021-06-28.2807998  coadd_bB247926 2.19 -1.17 19.489     >19.489  99.990          24.94        18.16   0.027        0.019       
2459395.56984  2459395.57303  2021-06-30.0698435  coadd_bF250144 1.58 -1.83 19.156     >19.156  99.990          -0.71        13.44   -0.001       0.026       
2459396.85779  2459396.86089  2021-07-01.3577866  coadd_bB248813 2.04 -1.17 19.734     >19.734  99.990         -54.17        14.48   -0.058       0.015       
2459397.70143  2459397.70449  2021-07-02.2014278  coadd_bF251061 1.65 -1.83 19.124     >19.124  99.990          17.46        13.84   0.034        0.027       
2459399.90427  2459399.90720  2021-07-04.4042777  coadd_bB249750 1.99 -1.17 19.690     >19.690  99.990          31.35        15.10   0.033        0.016       
2459400.77676  2459400.77963  2021-07-05.2767560  coadd_bB250004 2.01 -1.17 19.760     >19.760  99.990           5.26        14.15   0.006        0.015       
2459401.66645  2459401.66926  2021-07-06.1664476  coadd_bj405508 1.55 -1.82 18.975     >18.975  99.990          47.41        16.06   0.092        0.031       
2459402.90021  2459402.90295  2021-07-07.4002167  coadd_bB250806 1.75 -1.17 19.709     >19.709  99.990          -4.88        14.83   -0.005       0.016       
2459405.78831  2459405.79087  2021-07-10.2883121  coadd_bB251771 2.03 -1.17 19.210     >19.210  99.990         -90.08        23.47   -0.096       0.025       
2459406.88227  2459406.88476  2021-07-11.3822729  coadd_bB252135 2.08 -1.17 19.620     >19.620  99.990          21.99        16.09   0.023        0.017       
2459407.23313  2459407.23559  2021-07-11.7331275  coadd_bn313262 1.71 -1.69 19.201     >19.201  99.990           2.20        14.62   0.004        0.025       
2459407.53171  2459407.53415  2021-07-12.0317037  coadd_bj407754 1.62 -1.82 19.185     >19.185  99.990           0.19        13.24   0.000        0.026       
2459410.26492  2459410.26718  2021-07-14.7649192  coadd_bn313418 1.50 -1.69 18.948      18.890  0.346           58.40        18.45   0.101        0.032       
2459410.79552  2459410.79774  2021-07-15.2955153  coadd_bB253332 2.34 -1.17 19.698     >19.698  99.990          19.23        14.98   0.021        0.016       
2459411.40173  2459411.40391  2021-07-15.9017307  coadd_bn313937 1.52 -1.69 18.858     >18.858  99.990         -49.62        20.05   -0.086       0.035       
2459412.48588  2459412.48799  2021-07-16.9858836  coadd_bj409852 1.59 -1.82 18.428     >18.428  99.990         -19.47        26.59   -0.038       0.052       
2459413.87517  2459413.87718  2021-07-18.3751731  coadd_bB254434 2.00 -1.17 18.708     >18.708  99.990          15.06        37.27   0.016        0.040       
2459414.21642  2459414.21841  2021-07-18.7164269  coadd_bn314945 2.12 -1.69 17.615     >17.615  99.990          17.17        63.03   0.030        0.109       
2459414.51091  2459414.51288  2021-07-19.0109145  coadd_bF257655 1.56 -1.83 18.114     >18.114  99.990          85.44        35.10   0.167        0.069       
2459414.71188  2459414.71383  2021-07-19.2118849  coadd_br356033 1.42 -1.61 16.933     >16.933  99.990        -377.93       127.17   -0.606       0.204       
2459416.58811  2459416.58992  2021-07-21.0881031  coadd_bj411645 1.76 -1.82 17.722     >17.722  99.990          19.45        50.91   0.038        0.099       
2459417.68965  2459417.69138  2021-07-22.1896450  coadd_br356520 1.69 -1.61 17.077     >17.077  99.990         175.39       111.37   0.281        0.179       
2459423.60193  2459423.60324  2021-07-28.1019325  coadd_bj414622 1.61 -1.82 17.950     >17.950  99.990          -4.15        41.28   -0.008       0.080       
2459424.79889  2459424.80010  2021-07-29.2988975  coadd_bB257566 2.21 -1.17 19.875     >19.875  99.990           9.90        12.73   0.011        0.014       
2459425.83489  2459425.83602  2021-07-30.3348931  coadd_bB257784 2.00 -1.17 19.518     >19.518  99.990          50.78        17.67   0.054        0.019       
2459426.84066  2459426.84171  2021-07-31.3406726  coadd_bB258154 2.17 -1.17 19.453     >19.453  99.990          52.36        18.77   0.056        0.020       
2459427.70933  2459427.71032  2021-08-01.2093280  coadd_br358659 1.44 -1.61 19.330     >19.330  99.990          -8.98        13.98   -0.014       0.022       
2459428.46324  2459428.46417  2021-08-01.9632403  coadd_bF263345 1.64 -1.83 18.348     >18.348  99.990          56.32        28.28   0.110        0.055       
2459430.85070  2459430.85144  2021-08-04.3506975  coadd_bB259630 2.26 -1.17 19.605     >19.605  99.990          19.12        16.31   0.020        0.017       
2459431.73896  2459431.73963  2021-08-05.2389557  coadd_br359304 1.64 -1.61 18.948     >18.948  99.990          16.71        19.88   0.027        0.032       
2459432.66792  2459432.66853  2021-08-06.1679247  coadd_br359572 1.44 -1.61 19.313     >19.313  99.990         -41.93        14.20   -0.067       0.023       
2459433.81453  2459433.81505  2021-08-07.3145399  coadd_bB260705 1.78 -1.17 19.477      19.255  0.297           67.55        18.36   0.072        0.020       
2459434.70107  2459434.70152  2021-08-08.2010675  coadd_br360246 1.36 -1.61 18.964     >18.964  99.990          53.51        19.60   0.086        0.031       
2459435.47317  2459435.47355  2021-08-08.9731636  coadd_bj419287 1.63 -1.82 18.610     >18.610  99.990          27.35        22.48   0.053        0.044       
2459435.61255  2459435.61293  2021-08-09.1125547  coadd_bF266039 1.58 -1.83 18.960     >18.960  99.990         -21.31        16.10   -0.042       0.032       
2459435.77905  2459435.77941  2021-08-09.2790526  coadd_bB261429 2.04 -1.17 19.581     >19.581  99.990         -19.43        16.69   -0.021       0.018       
2459437.29678  2459437.29703  2021-08-10.7967888  coadd_bn319815 1.53 -1.69 19.208     >19.208  99.990          11.05        14.53   0.019        0.025       
2459442.23944  2459442.23930  2021-08-15.7394413  coadd_bn320321 1.46 -1.69 18.180     >18.180  99.990          -9.63        37.46   -0.017       0.065       
2459442.77870  2459442.77852  2021-08-16.2787048  coadd_bB263895 2.30 -1.17 18.916     >18.916  99.990          66.39        30.77   0.071        0.033       
2459445.74264  2459445.74222  2021-08-19.2426423  coadd_bB264911 2.37 -1.17 18.235     >18.235  99.990          -5.18        57.63   -0.006       0.062       
2459448.75629  2459448.75565  2021-08-22.2563038  coadd_bB266060 2.41 -1.17 18.324     >18.324  99.990          23.09        53.10   0.025        0.057       
2459449.26790  2459449.26722  2021-08-22.7679002  coadd_bn321126 1.61 -1.69 17.134     >17.134  99.990         -91.14        98.16   -0.157       0.170       
2459449.56497  2459449.56426  2021-08-23.0649804  coadd_bF270164 1.56 -1.83 17.507     >17.507  99.990          90.52        61.38   0.177        0.120       
2459450.66870  2459450.66791  2021-08-24.1687032  coadd_br362040 1.43 -1.61 16.857     >16.857  99.990          82.48       136.41   0.132        0.219       
2459452.76955  2459452.76860  2021-08-26.2695524  coadd_bB266961 2.15 -1.17 19.576     >19.576  99.990         -16.80        16.76   -0.018       0.018       
2459454.74081  2459454.73971  2021-08-28.2408068  coadd_bB267678 2.13 -1.17 19.404     >19.404  99.990          -9.32        19.63   -0.010       0.021       
2459455.54065  2459455.53949  2021-08-29.0406576  coadd_bj425411 1.74 -1.82 18.703     >18.703  99.990         -14.24        20.64   -0.028       0.040       
2459456.46917  2459456.46793  2021-08-29.9691766  coadd_bj425773 1.71 -1.82 17.676     >17.676  99.990          22.76        53.14   0.044        0.103       
2459456.73950  2459456.73825  2021-08-30.2395047  coadd_bB268462 2.43 -1.17 19.505     >19.505  99.990         -11.60        17.89   -0.012       0.019       
2459461.50280  2459461.50120  2021-09-04.0028057  coadd_bj427645 1.70 -1.82 18.698     >18.698  99.990          -4.75        20.72   -0.009       0.040       
2459462.24731  2459462.24565  2021-09-04.7473241  coadd_bn324101 1.51 -1.69 18.928     >18.928  99.990          -2.08        18.79   -0.004       0.032       
2459462.49255  2459462.49087  2021-09-04.9925604  coadd_bF274008 1.59 -1.83 19.034     >19.034  99.990           1.96        15.04   0.004        0.029       
2459463.28577  2459463.28403  2021-09-05.7857825  coadd_bn324458 1.52 -1.69 18.428     >18.428  99.990           4.88        29.81   0.008        0.052       
2459463.52338  2459463.52163  2021-09-06.0233870  coadd_bF274422 1.53 -1.83 18.848     >18.848  99.990          -2.86        17.86   -0.006       0.035       
2459466.73291  2459466.73093  2021-09-09.2329225  coadd_bB271254 2.02 -1.17 19.171     >19.171  99.990          40.25        24.34   0.043        0.026       
2459469.72323  2459469.72104  2021-09-12.2232403  coadd_bB272469 2.42 -1.17 18.382     >18.382  99.990         -30.16        50.32   -0.032       0.054       
2459470.59055  2459470.58830  2021-09-13.0905549  coadd_br366909 1.75 -1.61 17.705      17.270  0.245          279.77        62.46   0.449        0.100       
2459472.60146  2459472.59908  2021-09-15.1014667  coadd_br367649 1.44 -1.61 18.228     >18.228  99.990         -48.19        38.57   -0.077       0.062       
2459474.48354  2459474.48103  2021-09-16.9835418  coadd_bF278119 2.04 -1.83 17.867     >17.867  99.990          -5.55        44.05   -0.011       0.086       
2459475.58633  2459475.58375  2021-09-18.0863356  coadd_br368567 1.50 -1.61 18.007     >18.007  99.990         -62.33        47.31   -0.100       0.076       
2459476.61263  2459476.60998  2021-09-19.1126298  coadd_br368942 1.49 -1.61 17.670     >17.670  99.990          10.87        64.51   0.017        0.104       
2459479.59020  2459479.58737  2021-09-22.0902038  coadd_br369465 1.47 -1.61 17.451     >17.451  99.990         190.24        78.89   0.305        0.127       
2459482.58716  2459482.58414  2021-09-25.0871668  coadd_br370423 2.02 -1.61 19.036     >19.036  99.990         -13.63        18.33   -0.022       0.029       
2459484.57568  2459484.57256  2021-09-27.0756902  coadd_br370788 1.65 -1.61 17.486     >17.486  99.990        -183.88        76.43   -0.295       0.123       
2459486.56520  2459486.56195  2021-09-29.0651972  coadd_br371253 1.58 -1.61 17.619     >17.619  99.990        -269.81        67.61   -0.433       0.108       
2459488.62047  2459488.61712  2021-10-01.1204754  coadd_br371959 1.66 -1.61 18.915     >18.915  99.990          39.76        20.49   0.064        0.033       
