###  JD        HJD            UT_date             IMAGE          FWHM  Diff Limit      mag   mag_err       counts     count_err  flux (mJy)    flux_err
2458127.02092  2458127.01715  2018-01-08.5209243  coadd_bq034516 1.52 -2.17 18.176     >18.176  99.990        -243.89        24.14   -0.656       0.065       
2458128.01039  2458128.00667  2018-01-09.5103937  coadd_bq034987 1.68 -2.17 17.822      17.195  0.205          178.83        33.46   0.481        0.090       
2458129.00706  2458129.00339  2018-01-10.5070627  coadd_bq035447 1.60 -2.17 18.291     >18.291  99.990         -14.48        21.71   -0.039       0.058       
2458131.01210  2458131.00854  2018-01-12.5121045  coadd_bq036061 1.60 -2.17 18.421      17.248  0.123          170.36        19.27   0.458        0.052       
2458141.99759  2458141.99472  2018-01-23.4975876  coadd_bq039194 1.54 -2.17 18.676      17.434  0.116          143.48        15.22   0.386        0.041       
2458142.99443  2458142.99164  2018-01-24.4944340  coadd_bq039661 1.57 -2.17 18.478      17.126  0.105          190.48        18.28   0.512        0.049       
2458143.98764  2458143.98492  2018-01-25.4876446  coadd_bq040125 1.54 -2.17 18.713      17.759  0.151          106.33        14.72   0.286        0.040       
2458144.98441  2458144.98175  2018-01-26.4844082  coadd_bq040592 1.70 -2.17 18.447      16.694  0.072          283.78        18.81   0.763        0.051       
2458145.97969  2458145.97711  2018-01-27.4796947  coadd_bq041057 1.78 -2.17 18.447      17.002  0.096          213.60        18.80   0.575        0.051       
2458147.98142  2458147.97898  2018-01-29.4814178  coadd_bq041994 1.51 -2.17 18.345     >18.345  99.990         -38.39        20.67   -0.103       0.056       
2458148.97461  2458148.97224  2018-01-30.4746159  coadd_bq042455 1.77 -2.17 17.883     >17.883  99.990         -67.62        31.63   -0.182       0.085       
2458154.95932  2458154.95741  2018-02-05.4593221  coadd_bq043930 1.52 -2.17 18.195      17.212  0.147          175.97        23.72   0.473        0.064       
2458157.94536  2458157.94368  2018-02-08.4453619  coadd_bq045089 1.50 -2.17 18.189     >18.189  99.990        -103.12        23.85   -0.277       0.064       
2458162.89225  2458162.89098  2018-02-13.3922540  coadd_bi048379 1.51 -1.54 17.838     >17.838  99.990          37.78        59.09   0.057        0.089       
2458170.88471  2458170.88409  2018-02-21.3847062  coadd_bi050354 1.42 -1.54 18.483     >18.483  99.990          26.02        32.62   0.039        0.049       
2458171.88564  2458171.88511  2018-02-22.3856465  coadd_bi050727 1.47 -1.54 18.683      17.210  0.094          316.10        27.13   0.474        0.041       
2458172.62174  2458172.62128  2018-02-23.1217459  coadd_bm029363 1.50 -1.73 18.827     >18.827  99.990          26.55        20.01   0.047        0.036       
2458173.85998  2458173.85961  2018-02-24.3599789  coadd_bi051345 1.54 -1.54 18.820      17.150  0.078          334.29        23.92   0.501        0.036       
2458174.90506  2458174.90479  2018-02-25.4050753  coadd_bq050897 1.56 -2.17 18.053      15.902  0.050          588.21        27.03   1.582        0.073       
2458175.89418  2458175.89399  2018-02-26.3941790  coadd_bq051327 1.58 -2.17 17.305     >17.305  99.990        -319.90        53.84   -0.861       0.145       
2458176.60939  2458176.60926  2018-02-27.1093934  coadd_bm030498 1.52 -1.73 18.863      17.935  0.155          136.51        19.36   0.243        0.035       
2458176.85773  2458176.85762  2018-02-27.3577298  coadd_bi052474 1.63 -1.54 19.047     >19.047  99.990         -67.58        19.41   -0.101       0.029       
2458176.89838  2458176.89827  2018-02-27.3983766  coadd_bq051755 1.72 -2.17 17.887     >17.887  99.990        -319.30        31.51   -0.859       0.085       
2458177.60098  2458177.60093  2018-02-28.1009795  coadd_bm030888 1.46 -1.73 18.784     >18.784  99.990        -112.33        20.81   -0.200       0.037       
2458177.85927  2458177.85924  2018-02-28.3592668  coadd_bi052853 1.66 -1.54 17.418     >17.418  99.990          -6.36        87.05   -0.010       0.131       
2458181.89923  2458181.89954  2018-03-04.3992297  coadd_bq053085 2.03 -2.17 17.849      17.449  0.252          141.49        32.62   0.381        0.088       
2458182.90226  2458182.90267  2018-03-05.4022680  coadd_bq053498 2.12 -2.17 16.130     >16.130  99.990         174.33       158.93   0.469        0.428       
2458183.93248  2458183.93298  2018-03-06.4324862  coadd_bq053909 1.44 -2.17 18.285     >18.285  99.990        -171.32        21.83   -0.461       0.059       
2458186.88029  2458186.88102  2018-03-09.3802895  coadd_bq054689 1.44 -2.17 17.857     >17.857  99.990        -197.42        32.40   -0.531       0.087       
2458187.86471  2458187.86553  2018-03-10.3647188  coadd_bi056476 1.43 -1.54 18.749     >18.749  99.990        -137.71        25.53   -0.207       0.038       
2458188.85818  2458188.85908  2018-03-11.3581844  coadd_bi056882 1.42 -1.54 18.813     >18.813  99.990        -228.59        24.08   -0.343       0.036       
2458190.90941  2458190.91048  2018-03-13.4094173  coadd_bi057642 1.51 -1.54 17.676      16.817  0.166          454.01        68.61   0.681        0.103       
2458193.89927  2458193.90059  2018-03-16.3992745  coadd_bi058843 1.44 -1.54 18.954     >18.954  99.990        -171.34        21.15   -0.257       0.032       
2458196.86264  2458196.86420  2018-03-19.3626371  coadd_bi060029 1.32 -1.54 18.902      18.442  0.239          101.68        22.17   0.153        0.033       
2458198.84091  2458198.84263  2018-03-21.3409101  coadd_bq057557 1.61 -2.17 17.984      15.904  0.053          587.20        28.82   1.580        0.078       
2458199.84140  2458199.84320  2018-03-22.3414027  coadd_bi061224 1.43 -1.54 18.848      17.607  0.116          219.44        23.32   0.329        0.035       
2458203.55402  2458203.55610  2018-03-26.0540209  coadd_bm038334 1.61 -1.73 19.076     >19.076  99.990         -46.10        15.91   -0.082       0.028       
2458203.83797  2458203.84008  2018-03-26.3379746  coadd_bi062728 1.37 -1.54 18.875      17.526  0.105          236.33        22.74   0.355        0.034       
2458204.52652  2458204.52868  2018-03-27.0265190  coadd_bm038782 1.54 -1.73 19.019     >19.019  99.990         -17.07        16.76   -0.030       0.030       
2458205.52105  2458205.52329  2018-03-28.0210513  coadd_bm039099 1.53 -1.73 18.308     >18.308  99.990        -106.01        32.27   -0.189       0.058       
2458207.76983  2458207.77223  2018-03-30.2698275  coadd_bi064319 1.50 -1.54 17.856      16.943  0.157          404.46        58.10   0.607        0.087       
2458207.94300  2458207.94542  2018-03-30.4430043  coadd_bq059814 1.66 -2.17 17.958      17.316  0.202          159.92        29.50   0.430        0.079       
2458210.51354  2458210.51615  2018-04-02.0135466  coadd_bm039657 1.57 -1.73 17.785     >17.785  99.990        -125.65        52.25   -0.224       0.093       
2458210.89437  2458210.89701  2018-04-02.3943771  coadd_bq060749 1.58 -2.17 17.585      16.607  0.148          307.34        41.59   0.827        0.112       
2458211.93010  2458211.93281  2018-04-03.4301030  coadd_bq061131 1.53 -2.17 17.313      16.721  0.212          276.65        53.44   0.744        0.144       
2458212.86207  2458212.86484  2018-04-04.3620791  coadd_bq061398 1.59 -2.17 18.010     >18.010  99.990         -33.97        28.14   -0.091       0.076       
2458213.86638  2458213.86922  2018-04-05.3663841  coadd_bq061679 1.55 -2.17 18.110      16.924  0.122          229.51        25.66   0.617        0.069       
2458216.78993  2458216.79297  2018-04-08.2899362  coadd_bq062356 1.63 -2.17 18.413     >18.413  99.990        -258.67        19.40   -0.696       0.052       
2458221.81188  2458221.81525  2018-04-13.3118905  coadd_bq063971 1.48 -2.17 18.492     >18.492  99.990        -200.22        18.05   -0.539       0.049       
2458224.77122  2458224.77477  2018-04-16.2712320  coadd_bi071133 1.51 -1.54 19.359     >19.359  99.990           2.00        14.57   0.003        0.022       
2458228.80653  2458228.81030  2018-04-20.3065315  coadd_bi072909 1.46 -1.54 18.949      18.085  0.164          141.25        21.23   0.212        0.032       
2458230.72627  2458230.73014  2018-04-22.2262714  coadd_bi073721 1.42 -1.54 18.979     >18.979  99.990         -79.93        20.67   -0.120       0.031       
2458233.44626  2458233.45027  2018-04-24.9462678  coadd_bm044945 1.47 -1.73 18.174     >18.174  99.990          74.40        36.50   0.133        0.065       
2458233.77077  2458233.77479  2018-04-25.2707664  coadd_bi075071 1.41 -1.54 18.614      17.314  0.110          287.46        28.92   0.431        0.043       
2458239.45340  2458239.45768  2018-04-30.9533979  coadd_bm046031 1.54 -1.73 17.633     >17.633  99.990          92.05        60.06   0.164        0.107       
2458242.47854  2458242.48295  2018-05-03.9785453  coadd_bm046786 1.49 -1.73 17.841     >17.841  99.990        -152.15        49.60   -0.271       0.088       
2458242.81728  2458242.82170  2018-05-04.3172859  coadd_bi078563 1.46 -1.54 17.980     >17.980  99.990        -488.99        51.85   -0.734       0.078       
2458243.45804  2458243.46249  2018-05-04.9580452  coadd_bm047197 1.59 -1.73 18.248     >18.248  99.990         -82.43        34.11   -0.147       0.061       
2458243.78593  2458243.79039  2018-05-05.2859381  coadd_bi078980 1.42 -1.54 18.044      17.285  0.181          294.99        48.88   0.443        0.073       
2458244.45824  2458244.46272  2018-05-05.9582423  coadd_bm047586 1.64 -1.73 18.063      18.034  0.355          124.61        40.42   0.222        0.072       
2458245.43152  2458245.43604  2018-05-06.9315273  coadd_bm047975 1.52 -1.73 18.645      18.535  0.330           78.54        23.67   0.140        0.042       
2458245.79985  2458245.80438  2018-05-07.2998545  coadd_bi079836 1.71 -1.54 18.497     >18.497  99.990        -107.06        32.22   -0.161       0.048       
2458247.77818  2458247.78277  2018-05-09.2781813  coadd_bi080709 1.69 -1.54 18.362      17.503  0.165          241.50        36.46   0.362        0.055       
2458249.81029  2458249.81494  2018-05-11.3102913  coadd_bi081377 1.44 -1.54 18.718     >18.718  99.990        -384.72        26.27   -0.577       0.039       
2458250.80509  2458250.80977  2018-05-12.3050918  coadd_bq071283 1.66 -2.17 18.505      18.202  0.276           70.70        17.84   0.190        0.048       
2458255.74069  2458255.74549  2018-05-17.2406891  coadd_bi083690 1.44 -1.54 19.138      18.478  0.198           98.37        17.85   0.148        0.027       
2458258.66042  2458258.66528  2018-05-20.1604258  coadd_bi084873 1.48 -1.54 18.984     >18.984  99.990         -73.86        20.56   -0.111       0.031       
2458260.62327  2458260.62815  2018-05-22.1232671  coadd_bi085751 1.45 -1.54 18.624      17.408  0.119          263.63        28.65   0.395        0.043       
2458261.63836  2458261.64326  2018-05-23.1383660  coadd_bi086217 1.39 -1.54 18.920      17.661  0.114          208.70        21.82   0.313        0.033       
2458262.36763  2458262.37254  2018-05-23.8676336  coadd_bm051992 1.55 -1.73 17.037     >17.037  99.990        -257.60       104.04   -0.459       0.185       
2458262.60772  2458262.61264  2018-05-24.1077268  coadd_bi086647 1.50 -1.54 18.982      18.816  0.313           72.05        20.60   0.108        0.031       
2458263.64096  2458263.64588  2018-05-25.1409597  coadd_bi087129 1.40 -1.54 18.930     >18.930  99.990          22.26        21.62   0.033        0.032       
2458265.36347  2458265.36841  2018-05-26.8634729  coadd_bm052354 1.49 -1.73 17.540     >17.540  99.990         -47.36        65.48   -0.084       0.117       
2458274.80791  2458274.81286  2018-06-05.3079163  coadd_bi090369 1.44 -1.54 18.304      16.427  0.065          650.68        38.47   0.976        0.058       
2458277.67574  2458277.68066  2018-06-08.1757391  coadd_bi091391 1.45 -1.54 18.798      17.220  0.085          313.33        24.40   0.470        0.037       
2458281.48516  2458281.49003  2018-06-11.9851646  coadd_bm055706 1.51 -1.73 20.122     >20.122  99.990           3.53         6.07   0.006        0.011       
2458284.56587  2458284.57068  2018-06-15.0658707  coadd_bi093303 1.52 -1.54 18.908      17.821  0.134          180.18        22.06   0.270        0.033       
2458285.64822  2458285.65301  2018-06-16.1482153  coadd_bi093840 1.39 -1.54 18.873     >18.873  99.990        -152.35        22.79   -0.229       0.034       
2458291.55178  2458291.55642  2018-06-22.0517820  coadd_bi096564 1.43 -1.54 18.370     >18.370  99.990         -56.72        36.21   -0.085       0.054       
2458291.85257  2458291.85720  2018-06-22.3525688  coadd_bq081396 1.47 -2.17 19.073     >19.073  99.990           0.78        10.56   0.002        0.028       
2458292.27750  2458292.28212  2018-06-22.7775018  coadd_bm057757 1.51 -1.73 18.232     >18.232  99.990         -94.97        34.60   -0.169       0.062       
2458293.84660  2458293.85117  2018-06-24.3465990  coadd_bq082042 1.61 -2.17 17.587      16.860  0.187          243.42        41.52   0.655        0.112       
2458294.69203  2458294.69659  2018-06-25.1920364  coadd_bq082245 1.70 -2.17 17.446      16.502  0.153          338.47        47.30   0.911        0.127       
2458296.69777  2458296.70225  2018-06-27.1977643  coadd_bi098933 1.47 -1.54 17.828     >17.828  99.990        -316.16        59.63   -0.474       0.089       
2458298.36096  2458298.36538  2018-06-28.8609614  coadd_bm058988 1.60 -1.73 17.617     >17.617  99.990           0.54        61.00   0.001        0.109       
2458300.68191  2458300.68624  2018-07-01.1819118  coadd_bi100603 1.55 -1.54 17.989     >17.989  99.990         148.23        51.43   0.222        0.077       
2458301.79537  2458301.79965  2018-07-02.2953667  coadd_bq083874 1.41 -2.17 17.216     >17.216  99.990          17.03        58.45   0.046        0.157       
2458305.55432  2458305.55844  2018-07-06.0543252  coadd_bi102397 1.48 -1.54 19.003     >19.003  99.990         -67.93        20.20   -0.102       0.030       
2458311.48571  2458311.48953  2018-07-11.9857100  coadd_bi104507 1.50 -1.54 19.118      18.796  0.271           73.37        18.18   0.110        0.027       
2458312.60128  2458312.60504  2018-07-13.1012771  coadd_bi105059 1.45 -1.54 18.998     >18.998  99.990        -199.76        20.29   -0.300       0.030       
2458313.48244  2458313.48616  2018-07-13.9824412  coadd_bi105422 2.00 -1.54 19.150     >19.150  99.990           1.58        17.65   0.002        0.026       
2458314.66604  2458314.66969  2018-07-15.1660394  coadd_bi106023 1.51 -1.54 18.739     >18.739  99.990        -458.88        25.78   -0.688       0.039       
2458316.46483  2458316.46838  2018-07-16.9648332  coadd_bi106539 1.40 -1.54 18.787     >18.787  99.990         -87.57        24.65   -0.131       0.037       
2458316.79658  2458316.80011  2018-07-17.2965901  coadd_bq085756 1.64 -2.17 18.761      18.737  0.357           43.20        14.08   0.116        0.038       
2458320.79266  2458320.79595  2018-07-21.2926618  coadd_bq086657 1.51 -2.17 18.617     >18.617  99.990          14.14        16.08   0.038        0.043       
2458321.23525  2458321.23851  2018-07-21.7352489  coadd_bm064150 1.61 -1.73 17.626     >17.626  99.990          80.11        60.45   0.143        0.108       
2458322.24519  2458322.24839  2018-07-22.7451947  coadd_bm064593 1.71 -1.73 18.148     >18.148  99.990          88.34        37.39   0.157        0.067       
2458322.55273  2458322.55591  2018-07-23.0527386  coadd_bi108577 1.50 -1.54 17.897      17.417  0.235          261.38        55.98   0.392        0.084       
2458323.33598  2458323.33910  2018-07-23.8359785  coadd_bm065100 1.53 -1.73 17.918     >17.918  99.990         114.79        46.20   0.205        0.082       
2458323.78203  2458323.78513  2018-07-24.2820292  coadd_bq087681 1.47 -2.17 17.227     >17.227  99.990         -65.77        57.87   -0.177       0.156       
2458324.39175  2458324.39481  2018-07-24.8917516  coadd_bm065540 1.57 -1.73 17.236     >17.236  99.990           6.82        86.62   0.012        0.154       
2458326.25278  2458326.25571  2018-07-26.7527810  coadd_bm066004 1.57 -1.73 17.960     >17.960  99.990         116.44        44.47   0.207        0.079       
2458328.68321  2458328.68598  2018-07-29.1832172  coadd_bq088873 1.45 -2.17 17.700     >17.700  99.990        -337.74        37.42   -0.909       0.101       
2458329.48794  2458329.49065  2018-07-29.9879421  coadd_bi111084 1.40 -1.54 18.535     >18.535  99.990         -15.66        31.10   -0.023       0.047       
2458330.47582  2458330.47846  2018-07-30.9758199  coadd_bi111514 1.34 -1.54 17.916     >17.916  99.990        -159.25        55.02   -0.239       0.083       
2458331.64478  2458331.64735  2018-08-01.1447840  coadd_bi112098 1.61 -1.54 18.273      17.113  0.125          345.75        39.57   0.519        0.059       
2458332.47420  2458332.47670  2018-08-01.9741991  coadd_bi112408 1.43 -1.54 18.955      17.932  0.142          162.62        21.12   0.244        0.032       
2458336.64302  2458336.64522  2018-08-06.1430237  coadd_bi114297 1.40 -1.54 18.831      17.240  0.084          307.75        23.67   0.462        0.036       
2458338.67711  2458338.67916  2018-08-08.1771159  coadd_bq091364 1.63 -2.17 19.086     >19.086  99.990         -29.63        10.44   -0.080       0.028       
2458352.32844  2458352.32940  2018-08-21.8284407  coadd_bm071616 1.57 -1.73 18.138     >18.138  99.990          72.60        37.72   0.129        0.067       
2458353.69851  2458353.69936  2018-08-23.1985206  coadd_bq094104 1.49 -2.17 17.847      17.234  0.207          172.52        32.68   0.464        0.088       
2458356.70358  2458356.70419  2018-08-26.2035879  coadd_bq094851 1.55 -2.17 17.315     >17.315  99.990          87.83        53.34   0.236        0.143       
2458357.58338  2458357.58392  2018-08-27.0833847  coadd_bi122891 1.60 -1.54 17.517      16.327  0.122          713.23        79.47   1.070        0.119       
2458363.50355  2458363.50359  2018-09-02.0035516  coadd_bi124844 1.39 -1.54 18.520     >18.520  99.990        -760.76        31.53   -1.141       0.047       
2458364.50045  2458364.50040  2018-09-03.0004537  coadd_bi125264 1.76 -1.54 19.083     >19.083  99.990         -55.59        18.77   -0.083       0.028       
2458365.56019  2458365.56006  2018-09-04.0601940  coadd_bi125734 1.47 -1.54 18.535      16.354  0.049          695.43        31.10   1.043        0.047       
2458366.61311  2458366.61290  2018-09-05.1131230  coadd_bq096863 1.54 -2.17 18.679      17.441  0.116          142.50        15.20   0.383        0.041       
2458378.22772  2458378.22655  2018-09-16.7277225  coadd_bm077502 1.53 -1.73 17.081     >17.081  99.990         172.21        99.88   0.307        0.178       
2458378.52434  2458378.52314  2018-09-17.0243379  coadd_bi130980 1.99 -1.54 18.354      17.620  0.186          216.78        36.74   0.325        0.055       
2458379.51344  2458379.51216  2018-09-18.0134480  coadd_bi131380 1.45 -1.54 18.194     >18.194  99.990          48.08        42.58   0.072        0.064       
2458385.48941  2458385.48766  2018-09-23.9894084  coadd_bi133418 1.60 -1.54 17.772     >17.772  99.990        -164.75        62.81   -0.247       0.094       
2458386.60191  2458386.60008  2018-09-25.1019221  coadd_bq100077 2.46 -2.17 17.574     >17.574  99.990          95.03        42.03   0.256        0.113       
2458390.48816  2458390.48602  2018-09-28.9881598  coadd_bE000806 1.53 -1.70 18.523     >18.523  99.990           7.68        27.22   0.013        0.047       
2458392.59913  2458392.59685  2018-10-01.0991332  coadd_bq101673 2.34 -2.17 18.657      17.480  0.123          137.52        15.50   0.370        0.042       
2458496.02278  2458496.01921  2019-01-12.5227811  coadd_bq127307 1.54 -2.17 18.365      16.819  0.087          252.81        20.28   0.680        0.055       
2458522.88898  2458522.88727  2019-02-08.3889777  coadd_bE042909 1.53 -1.70 17.608     >17.608  99.990         -53.73        63.18   -0.093       0.110       
2458523.89050  2458523.88888  2019-02-09.3904990  coadd_bi178678 1.44 -1.54 17.508     >17.508  99.990          28.38        80.09   0.043        0.120       
2458524.89150  2458524.88996  2019-02-10.3915017  coadd_bE043609 1.49 -1.70 17.404     >17.404  99.990        -183.99        76.31   -0.319       0.132       
2458529.62021  2458529.61905  2019-02-15.1202053  coadd_bm110177 1.47 -1.73 18.827     >18.827  99.990          39.17        20.01   0.070        0.036       
2458533.87896  2458533.87815  2019-02-19.3789609  coadd_bE046777 1.58 -1.70 17.898     >17.898  99.990         -12.27        48.41   -0.021       0.084       
2458534.87819  2458534.87747  2019-02-20.3781908  coadd_bE047141 1.46 -1.70 17.544     >17.544  99.990        -166.59        67.07   -0.289       0.116       
2458541.88311  2458541.88298  2019-02-27.3831203  coadd_bi185305 1.36 -1.54 18.091      16.917  0.124          414.07        46.84   0.621        0.070       
2458542.87503  2458542.87498  2019-02-28.3750361  coadd_bi185679 1.42 -1.54 18.327      17.791  0.223          185.13        37.68   0.278        0.057       
2458544.96781  2458544.96794  2019-03-02.4678129  coadd_bq140320 1.43 -2.17 18.617     >18.617  99.990        -103.79        16.08   -0.279       0.043       
2458548.56836  2458548.56880  2019-03-06.0683608  coadd_bm115658 1.50 -1.73 18.852      18.005  0.167          128.04        19.55   0.228        0.035       
2458548.96972  2458548.97019  2019-03-06.4697192  coadd_bq141206 1.57 -2.17 17.649      17.417  0.295          145.68        39.22   0.392        0.106       
2458549.60189  2458549.60242  2019-03-07.1018879  coadd_bm116019 1.47 -1.73 18.627      17.211  0.099          265.87        24.06   0.474        0.043       
2458549.86619  2458549.86674  2019-03-07.3661918  coadd_bE052473 1.47 -1.70 18.792     >18.792  99.990          14.62        21.25   0.025        0.037       
2458552.84904  2458552.84984  2019-03-10.3490386  coadd_bE053562 1.50 -1.70 18.789     >18.789  99.990          34.81        21.30   0.060        0.037       
2458553.82488  2458553.82576  2019-03-11.3248789  coadd_bE053922 1.59 -1.70 18.868      17.989  0.162          133.58        19.80   0.232        0.034       
2458555.81929  2458555.82033  2019-03-13.3192851  coadd_bE054679 1.44 -1.70 18.925      18.705  0.298           69.08        18.80   0.120        0.033       
2458557.87595  2458557.87716  2019-03-15.3759464  coadd_bi191303 1.38 -1.54 19.141     >19.141  99.990         -47.28        17.80   -0.071       0.027       
2458561.83717  2458561.83871  2019-03-19.3371704  coadd_bq144076 1.49 -2.17 17.639      17.510  0.324          133.75        39.57   0.360        0.106       
2458562.88158  2458562.88320  2019-03-20.3815754  coadd_bq144500 1.43 -2.17 17.355     >17.355  99.990          82.31        51.42   0.221        0.138       
2458563.56307  2458563.56475  2019-03-21.0630728  coadd_bm119561 1.58 -1.73 17.378     >17.378  99.990          43.81        76.02   0.078        0.135       
2458564.58122  2458564.58298  2019-03-22.0812223  coadd_bm119983 1.51 -1.73 17.515      16.902  0.208          353.64        67.01   0.630        0.119       
2458565.96424  2458565.96611  2019-03-23.4642421  coadd_bq145002 1.49 -2.17 18.068     >18.068  99.990          61.07        26.66   0.164        0.072       
2458566.86580  2458566.86774  2019-03-24.3658048  coadd_bi194929 1.47 -1.54 17.882      17.732  0.318          195.56        56.74   0.293        0.085       
2458567.82354  2458567.82556  2019-03-25.3235481  coadd_bi195305 1.44 -1.54 17.885     >17.885  99.990         -15.43        56.62   -0.023       0.085       
2458569.60859  2458569.61074  2019-03-27.1085942  coadd_bm121511 1.44 -1.73 16.606     >16.606  99.990        -542.97       154.76   -0.968       0.276       
2458570.86245  2458570.86469  2019-03-28.3624559  coadd_bq146477 1.53 -2.17 18.452     >18.452  99.990        -202.04        18.72   -0.544       0.050       
2458571.76372  2458571.76603  2019-03-29.2637265  coadd_bi196841 1.37 -1.54 18.509      17.368  0.128          273.34        31.87   0.410        0.048       
2458572.76318  2458572.76556  2019-03-30.2631818  coadd_bE061233 1.80 -1.70 18.614      18.337  0.283           96.88        25.03   0.168        0.043       
2458573.85131  2458573.85378  2019-03-31.3513175  coadd_bi197528 1.51 -1.54 18.757      17.871  0.161          172.01        25.35   0.258        0.038       
2458575.74894  2458575.75154  2019-04-02.2489403  coadd_bE062226 1.48 -1.70 18.825      18.806  0.358           62.92        20.60   0.109        0.036       
2458576.83146  2458576.83414  2019-04-03.3314581  coadd_bE062691 1.48 -1.70 18.752      17.041  0.075          319.64        22.05   0.554        0.038       
2458578.82844  2458578.83126  2019-04-05.3284401  coadd_bq149097 1.53 -2.17 18.474      17.240  0.117          171.57        18.34   0.462        0.049       
2458583.75815  2458583.76130  2019-04-10.2581547  coadd_bi201110 1.39 -1.54 19.091     >19.091  99.990         -18.28        18.64   -0.027       0.028       
2458586.46977  2458586.47309  2019-04-12.9697687  coadd_bm126987 1.43 -1.73 18.770     >18.770  99.990         -38.37        21.08   -0.068       0.038       
2458587.89307  2458587.89648  2019-04-14.3930814  coadd_bq151459 2.07 -2.17 18.699      17.419  0.112          145.44        14.92   0.391        0.040       
2458591.77545  2458591.77910  2019-04-18.2754575  coadd_bE068330 1.54 -1.70 17.575     >17.575  99.990          75.64        65.17   0.131        0.113       
2458591.86905  2458591.87270  2019-04-18.3690510  coadd_bq152828 1.55 -2.17 17.879      17.609  0.285          122.11        31.72   0.328        0.085       
2458595.70657  2458595.71043  2019-04-22.2065724  coadd_bi206138 1.46 -1.54 17.603      16.791  0.173          465.16        73.39   0.698        0.110       
2458599.68079  2458599.68485  2019-04-26.1807923  coadd_bE070934 1.45 -1.70 19.301     >19.301  99.990           6.33        13.30   0.011        0.023       
2458599.89454  2458599.89861  2019-04-26.3945440  coadd_bi207520 1.43 -1.54 18.393      17.945  0.242          160.70        35.46   0.241        0.053       
2458600.73672  2458600.74083  2019-04-27.2367148  coadd_bi207836 1.35 -1.54 18.578     >18.578  99.990         -27.89        29.90   -0.042       0.045       
2458601.80815  2458601.81230  2019-04-28.3081495  coadd_bi208336 1.42 -1.54 18.589     >18.589  99.990          85.93        29.58   0.129        0.044       
2458602.54987  2458602.55406  2019-04-29.0498768  coadd_bm130723 1.56 -1.73 18.609     >18.609  99.990         -54.60        24.45   -0.097       0.044       
2458607.66260  2458607.66700  2019-05-04.1625994  coadd_bE074027 1.47 -1.70 17.787      17.375  0.250          235.07        53.62   0.408        0.093       
2458608.66518  2458608.66962  2019-05-05.1651763  coadd_bE074457 1.48 -1.70 18.743     >18.743  99.990         -93.91        22.22   -0.163       0.039       
2458609.66005  2458609.66453  2019-05-06.1600553  coadd_bi211769 1.38 -1.54 18.463      18.404  0.346          105.34        33.24   0.158        0.050       
2458613.90363  2458613.90825  2019-05-10.4036342  coadd_bi213317 1.35 -1.54 17.892     >17.892  99.990        -774.39        56.21   -1.162       0.084       
2458616.76415  2458616.76885  2019-05-13.2641510  coadd_bi214532 1.39 -1.54 19.083     >19.083  99.990         -68.96        18.78   -0.103       0.028       
2458617.70824  2458617.71296  2019-05-14.2082434  coadd_bi214937 1.43 -1.54 18.418     >18.418  99.990          56.56        34.63   0.085        0.052       
2458618.68174  2458618.68649  2019-05-15.1817424  coadd_bi215366 1.38 -1.54 18.077     >18.077  99.990          -7.33        47.42   -0.011       0.071       
2458619.66545  2458619.67023  2019-05-16.1654538  coadd_bE076342 1.51 -1.70 17.913     >17.913  99.990          58.41        47.73   0.101        0.083       
2458625.50527  2458625.51015  2019-05-22.0052741  coadd_bm137280 1.50 -1.73 17.814     >17.814  99.990         -42.94        50.85   -0.077       0.091       
2458626.81043  2458626.81533  2019-05-23.3104297  coadd_bE079128 1.49 -1.70 18.484     >18.484  99.990        -217.08        28.20   -0.376       0.049       
2458633.45226  2458633.45721  2019-05-29.9522600  coadd_bm139494 1.51 -1.73 18.785     >18.785  99.990        -172.79        20.79   -0.308       0.037       
2458635.60310  2458635.60806  2019-06-01.1031010  coadd_bi220271 1.36 -1.54 18.498      16.765  0.074          476.50        32.18   0.715        0.048       
2458639.56817  2458639.57311  2019-06-05.0681694  coadd_bE082416 1.46 -1.70 18.207     >18.207  99.990          -0.85        36.42   -0.001       0.063       
2458641.30472  2458641.30965  2019-06-06.8047270  coadd_bm141042 1.40 -1.73 18.976     >18.976  99.990        -102.50        17.45   -0.183       0.031       
2458641.82228  2458641.82720  2019-06-07.3222767  coadd_bi223208 1.49 -1.54 18.575      17.268  0.109          299.73        29.98   0.450        0.045       
2458643.74971  2458643.75462  2019-06-09.2497106  coadd_bq164503 1.47 -2.17 18.663      18.638  0.357           47.32        15.42   0.127        0.041       
2458645.75996  2458645.76484  2019-06-11.2599540  coadd_bi224999 1.40 -1.54 18.390      16.264  0.051          755.47        35.53   1.133        0.053       
2458648.46344  2458648.46828  2019-06-13.9634392  coadd_bm143045 1.58 -1.73 17.804      17.036  0.180          312.54        51.34   0.557        0.092       
2458650.37538  2458650.38018  2019-06-15.8753819  coadd_bm143825 1.58 -1.73 17.640     >17.640  99.990          40.72        59.70   0.073        0.106       
2458651.67066  2458651.67543  2019-06-17.1706649  coadd_bi227349 1.51 -1.54 17.356     >17.356  99.990        -165.26        92.16   -0.248       0.138       
2458652.75565  2458652.76040  2019-06-18.2556528  coadd_bq166400 1.48 -2.17 17.309      16.743  0.217          271.25        53.65   0.730        0.144       
2458653.71780  2458653.72253  2019-06-19.2178003  coadd_bq166672 1.48 -2.17 17.312     >17.312  99.990          56.83        53.49   0.153        0.144       
2458655.64186  2458655.64654  2019-06-21.1418651  coadd_bi229021 1.37 -1.54 17.741     >17.741  99.990          56.65        64.61   0.085        0.097       
2458657.77368  2458657.77830  2019-06-23.2736835  coadd_bi230052 1.42 -1.54 18.317     >18.317  99.990        -224.86        38.03   -0.337       0.057       
2458658.74828  2458658.75287  2019-06-24.2482799  coadd_bq168191 1.46 -2.17 18.466      17.072  0.101          200.28        18.48   0.539        0.050       
2458660.76041  2458660.76494  2019-06-26.2604144  coadd_bi230747 1.41 -1.54 18.458      17.921  0.222          164.25        33.37   0.246        0.050       
2458661.46072  2458661.46522  2019-06-26.9607217  coadd_bm147250 1.49 -1.73 19.153     >19.153  99.990           3.88        14.82   0.007        0.026       
2458662.67097  2458662.67542  2019-06-28.1709655  coadd_bi231296 1.37 -1.54 19.111     >19.111  99.990         -52.48        18.30   -0.079       0.027       
2458667.65884  2458667.66310  2019-07-03.1588369  coadd_bE091648 1.49 -1.70 18.946     >18.946  99.990        -108.82        18.44   -0.189       0.032       
2458670.52451  2458670.52865  2019-07-06.0245247  coadd_bE092834 1.46 -1.70 19.367     >19.367  99.990           1.63        12.51   0.003        0.022       
2458672.75307  2458672.75709  2019-07-08.2530657  coadd_bq170111 1.48 -2.17 18.639     >18.639  99.990         -47.69        15.76   -0.128       0.042       
2458673.79843  2458673.80241  2019-07-09.2984366  coadd_bq170303 1.50 -2.17 18.629     >18.629  99.990         -27.28        15.90   -0.073       0.043       
2458675.71170  2458675.71558  2019-07-11.2117070  coadd_bi234915 1.40 -1.54 17.603      17.336  0.286          281.51        73.40   0.422        0.110       
2458677.38285  2458677.38664  2019-07-12.8828489  coadd_bm149734 1.59 -1.73 17.480     >17.480  99.990         121.57        69.19   0.217        0.123       
2458678.53604  2458678.53977  2019-07-14.0360442  coadd_bE095611 1.43 -1.70 17.925     >17.925  99.990         124.94        47.19   0.217        0.082       
2458679.32693  2458679.33061  2019-07-14.8269331  coadd_bm150449 1.62 -1.73 17.788     >17.788  99.990         -77.12        52.11   -0.137       0.093       
2458679.47909  2458679.48277  2019-07-14.9790886  coadd_bi236219 1.44 -1.54 17.511      16.561  0.152          574.68        79.89   0.862        0.120       
2458681.36283  2458681.36640  2019-07-16.8628290  coadd_bm151358 1.54 -1.73 17.892     >17.892  99.990          38.54        47.34   0.069        0.084       
2458686.74185  2458686.74509  2019-07-22.2418464  coadd_bq173865 1.43 -2.17 18.392      17.598  0.175          123.42        19.78   0.332        0.053       
2458687.69742  2458687.70061  2019-07-23.1974233  coadd_bE099084 1.41 -1.70 18.328     >18.328  99.990        -253.34        32.58   -0.439       0.056       
2458688.78578  2458688.78890  2019-07-24.2857811  coadd_bq174097 1.58 -2.17 18.414     >18.414  99.990         -38.96        19.39   -0.105       0.052       
2458689.72307  2458689.72612  2019-07-25.2230709  coadd_bq174378 1.45 -2.17 18.619      18.519  0.333           52.80        16.05   0.142        0.043       
2458690.63367  2458690.63666  2019-07-26.1336722  coadd_bE099891 1.49 -1.70 18.938     >18.938  99.990        -122.36        18.56   -0.212       0.032       
2458691.64614  2458691.64906  2019-07-27.1461365  coadd_bi240587 1.56 -1.54 18.799     >18.799  99.990        -242.22        24.39   -0.363       0.037       
2458692.29414  2458692.29703  2019-07-27.7941429  coadd_bm153465 1.48 -1.73 18.508      18.312  0.305           96.49        26.83   0.172        0.048       
2458694.58487  2458694.58760  2019-07-30.0848754  coadd_bE101433 1.48 -1.70 18.801      17.627  0.123          186.44        21.06   0.323        0.037       
2458697.74495  2458697.74745  2019-08-02.2449483  coadd_bq176378 1.51 -2.17 18.546      18.042  0.229           81.98        17.17   0.221        0.046       
2458698.66210  2458698.66454  2019-08-03.1621035  coadd_bE103061 1.49 -1.70 18.686     >18.686  99.990         -69.84        23.42   -0.121       0.041       
2458699.66335  2458699.66572  2019-08-04.1633504  coadd_bE103488 1.55 -1.70 18.918     >18.918  99.990          11.78        18.91   0.020        0.033       
2458700.66097  2458700.66326  2019-08-05.1609692  coadd_bE103910 1.52 -1.70 18.859      18.787  0.341           64.01        19.97   0.111        0.035       
2458701.46813  2458701.47036  2019-08-05.9681381  coadd_bi244673 1.41 -1.54 18.629     >18.629  99.990          25.80        28.51   0.039        0.043       
2458701.75799  2458701.76020  2019-08-06.2579967  coadd_bq177522 1.45 -2.17 18.428     >18.428  99.990          47.23        19.15   0.127        0.052       
2458702.75671  2458702.75884  2019-08-07.2567089  coadd_bq177873 1.46 -2.17 18.592     >18.592  99.990          -1.25        16.45   -0.003       0.044       
2458704.56057  2458704.56257  2019-08-09.0605745  coadd_bE105327 1.55 -1.70 18.341      17.526  0.172          204.58        32.19   0.355        0.056       
2458709.36161  2458709.36323  2019-08-13.8616092  coadd_bm157145 1.45 -1.73 17.597     >17.597  99.990          66.32        62.13   0.118        0.111       
2458710.72072  2458710.72223  2019-08-15.2207166  coadd_bq179695 1.55 -2.17 17.105     >17.105  99.990         -27.24        64.71   -0.073       0.174       
2458714.62342  2458714.62463  2019-08-19.1234221  coadd_bE109320 1.42 -1.70 16.978     >16.978  99.990        -701.75       112.87   -1.217       0.196       
2458715.35714  2458715.35829  2019-08-19.8571398  coadd_bm159179 1.56 -1.73 17.950     >17.950  99.990        -118.94        44.88   -0.212       0.080       
2458716.35204  2458716.35310  2019-08-20.8520356  coadd_bm159598 1.54 -1.73 18.899     >18.899  99.990         -66.70        18.73   -0.119       0.033       
2458717.34911  2458717.35010  2019-08-21.8491091  coadd_bm160017 1.45 -1.73 18.754     >18.754  99.990        -110.03        21.39   -0.196       0.038       
2458718.34567  2458718.34657  2019-08-22.8456684  coadd_bm160301 1.48 -1.73 18.558      17.539  0.143          196.57        25.64   0.350        0.046       
2458719.61018  2458719.61099  2019-08-24.1101908  coadd_bE111432 1.50 -1.70 18.585     >18.585  99.990          71.50        25.70   0.124        0.045       
2458720.58850  2458720.58922  2019-08-25.0885040  coadd_bE111745 1.43 -1.70 18.406      17.212  0.121          273.04        30.31   0.473        0.053       
2458721.60345  2458721.60409  2019-08-26.1034562  coadd_bE112029 1.46 -1.70 18.721      18.020  0.191          129.84        22.67   0.225        0.039       
2458722.59838  2458722.59894  2019-08-27.0983857  coadd_bE112447 1.48 -1.70 18.645      17.759  0.161          165.00        24.31   0.286        0.042       
2458726.22228  2458726.22254  2019-08-30.7222829  coadd_bm162364 1.50 -1.73 18.586      18.232  0.263          103.81        24.97   0.185        0.044       
2458727.22213  2458727.22230  2019-08-31.7221311  coadd_bm162446 1.46 -1.73 18.546      17.938  0.208          136.10        25.91   0.243        0.046       
2458728.66794  2458728.66799  2019-09-02.1679428  coadd_bq184640 1.48 -2.17 18.329     >18.329  99.990          47.63        20.97   0.128        0.056       
2458731.57566  2458731.57547  2019-09-05.0756717  coadd_bE116037 1.47 -1.70 18.284      17.819  0.238          156.18        33.91   0.271        0.059       
2458732.23559  2458732.23534  2019-09-05.7355884  coadd_bm164201 1.57 -1.73 18.243      17.513  0.186          201.41        34.27   0.359        0.061       
2458738.53761  2458738.53684  2019-09-12.0376137  coadd_bi258714 1.67 -1.54 17.787      17.551  0.294          231.08        61.91   0.347        0.093       
2458739.55228  2458739.55142  2019-09-13.0522758  coadd_bE117709 1.38 -1.70 16.835     >16.835  99.990          97.10       128.82   0.168        0.223       
2458740.54949  2458740.54856  2019-09-14.0494943  coadd_bi259563 1.57 -1.54 17.210     >17.210  99.990        -229.11       105.38   -0.344       0.158       
2458742.22464  2458742.22357  2019-09-15.7246534  coadd_bm166305 1.53 -1.73 17.994     >17.994  99.990        -245.01        43.10   -0.437       0.077       
2458743.24352  2458743.24237  2019-09-16.7435175  coadd_bm166728 1.64 -1.73 18.578      17.981  0.210          130.91        25.16   0.233        0.045       
2458744.25855  2458744.25732  2019-09-17.7585497  coadd_bm167152 1.51 -1.73 18.482      17.141  0.106          283.64        27.48   0.505        0.049       
2458744.49892  2458744.49766  2019-09-17.9989206  coadd_bE119546 1.76 -1.70 18.724     >18.724  99.990         -84.24        22.62   -0.146       0.039       
2458745.51339  2458745.51205  2019-09-19.0133914  coadd_bi261492 1.46 -1.54 18.540     >18.540  99.990        -554.85        30.95   -0.832       0.046       
2458750.24303  2458750.24132  2019-09-23.7430364  coadd_bm168530 1.54 -1.73 18.561     >18.561  99.990        -219.55        25.57   -0.391       0.046       
2458750.59937  2458750.59763  2019-09-24.0993681  coadd_bq186705 1.66 -2.17 18.840      18.363  0.235           60.98        13.09   0.164        0.035       
2458751.24222  2458751.24044  2019-09-24.7422223  coadd_bm168935 1.78 -1.73 18.983     >18.983  99.990         -13.23        17.33   -0.024       0.031       
2458752.25784  2458752.25597  2019-09-25.7578402  coadd_bm169009 1.53 -1.73 18.722      18.686  0.353           68.34        22.04   0.122        0.039       
2458752.59749  2458752.59559  2019-09-26.0974949  coadd_bq187372 1.45 -2.17 18.562      17.463  0.132          139.68        16.91   0.376        0.046       
2458753.23322  2458753.23128  2019-09-26.7332267  coadd_bm169377 1.47 -1.73 18.611     >18.611  99.990        -221.81        24.41   -0.395       0.044       
2458753.59294  2458753.59097  2019-09-27.0929366  coadd_bq187773 1.46 -2.17 18.869      18.766  0.331           42.09        12.75   0.113        0.034       
2458754.27917  2458754.27715  2019-09-27.7791771  coadd_bm169797 1.46 -1.73 18.453     >18.453  99.990          15.35        28.23   0.027        0.050       
2458754.49140  2458754.48936  2019-09-27.9914033  coadd_bE123364 1.45 -1.70 18.597     >18.597  99.990        -157.35        25.42   -0.273       0.044       
2458755.49876  2458755.49665  2019-09-28.9987680  coadd_bi265441 1.41 -1.54 19.142     >19.142  99.990          -3.60        17.78   -0.005       0.027       
2458756.48460  2458756.48241  2019-09-29.9845994  coadd_bE124120 1.80 -1.70 18.692      18.540  0.317           80.39        23.30   0.139        0.040       
2458757.58583  2458757.58356  2019-10-01.0858240  coadd_bq189138 1.51 -2.17 18.407     >18.407  99.990          30.36        19.51   0.082        0.052       
2458758.57505  2458758.57271  2019-10-02.0750474  coadd_bq189335 2.25 -2.17 17.404      16.643  0.181          297.29        49.17   0.800        0.132       
2458761.58470  2458761.58214  2019-10-05.0847084  coadd_bq189819 1.75 -2.17 17.495     >17.495  99.990          81.95        45.21   0.220        0.122       
2458762.57034  2458762.56772  2019-10-06.0703451  coadd_bq190103 1.46 -2.17 18.079      18.029  0.348           82.98        26.39   0.223        0.071       
2458763.56951  2458763.56681  2019-10-07.0695072  coadd_bq190505 2.06 -2.17 17.993      16.633  0.104          300.01        28.57   0.807        0.077       
2458764.56499  2458764.56223  2019-10-08.0649989  coadd_bq190649 1.56 -2.17 18.034     >18.034  99.990         -39.11        27.51   -0.105       0.074       
2458772.59605  2458772.59276  2019-10-16.0960468  coadd_bq193249 1.49 -2.17 17.720     >17.720  99.990          53.25        36.73   0.143        0.099       
2458856.03869  2458856.03484  2020-01-07.5386895  coadd_bq222634 1.54 -2.17 17.058     >17.058  99.990           1.57        67.59   0.004        0.182       
2458859.03770  2458859.03401  2020-01-10.5377076  coadd_bq223871 1.56 -2.17 16.794     >16.794  99.990         233.42        86.19   0.628        0.232       
2458861.02502  2458861.02143  2020-01-12.5250251  coadd_bq224485 1.46 -2.17 16.621      15.956  0.198          559.50       101.05   1.505        0.272       
2458867.02834  2458867.02511  2020-01-18.5283350  coadd_bq226492 1.52 -2.17 18.443     >18.443  99.990          29.48        18.87   0.079        0.051       
2458868.04014  2458868.03698  2020-01-19.5401434  coadd_bq226957 1.49 -2.17 17.477     >17.477  99.990          92.60        45.97   0.249        0.124       
2458870.03500  2458870.03197  2020-01-21.5350013  coadd_bq227270 1.46 -2.17 17.906     >17.906  99.990        -167.40        30.94   -0.450       0.083       
2458880.97241  2458880.97015  2020-02-01.4724085  coadd_bq230583 1.56 -2.17 18.383      16.952  0.097          223.56        19.95   0.601        0.054       
2458881.96815  2458881.96597  2020-02-02.4681613  coadd_bq231023 1.50 -2.17 17.978      16.600  0.102          309.29        28.96   0.832        0.078       
2458882.96792  2458882.96581  2020-02-03.4679158  coadd_bq231445 1.52 -2.17 18.265     >18.265  99.990        -264.50        22.24   -0.712       0.060       
2458887.95267  2458887.95095  2020-02-08.4526792  coadd_bq232149 1.55 -2.17 17.625      17.196  0.246          178.73        40.09   0.481        0.108       
2458898.59518  2458898.59434  2020-02-19.0951836  coadd_bm202419 1.45 -1.73 18.300      17.899  0.252          141.07        32.50   0.251        0.058       
2458900.84965  2458900.84900  2020-02-21.3496526  coadd_bi310348 1.40 -1.54 18.576     >18.576  99.990          51.93        29.96   0.078        0.045       
2458901.88975  2458901.88918  2020-02-22.3897478  coadd_bi310610 1.36 -1.54 18.037      16.561  0.094          574.76        49.21   0.862        0.074       
2458902.85532  2458902.85483  2020-02-23.3553152  coadd_bi310819 1.37 -1.54 18.907     >18.907  99.990          29.70        22.09   0.045        0.033       
2458904.89919  2458904.89887  2020-02-25.3991879  coadd_bq235216 1.57 -2.17 18.645      17.670  0.148          115.41        15.68   0.310        0.042       
2458905.85530  2458905.85507  2020-02-26.3553045  coadd_bE167707 1.48 -1.70 18.738      17.410  0.107          227.56        22.33   0.394        0.039       
2458906.91653  2458906.91638  2020-02-27.4165239  coadd_bq235878 1.50 -2.17 19.202     >19.202  99.990          19.09         9.39   0.051        0.025       
2458907.99865  2458907.99860  2020-02-28.4986510  coadd_bq236340 1.47 -2.17 17.883      17.252  0.204          169.71        31.63   0.457        0.085       
2458909.88084  2458909.88094  2020-03-01.3808392  coadd_bi313413 1.45 -1.54 18.714      17.791  0.156          185.16        26.37   0.278        0.040       
2458910.83495  2458910.83514  2020-03-02.3349527  coadd_bi313759 1.40 -1.54 18.703      17.804  0.159          182.93        26.64   0.274        0.040       
2458911.82678  2458911.82705  2020-03-03.3267784  coadd_bi314116 1.38 -1.54 18.779     >18.779  99.990          21.77        24.85   0.033        0.037       
2458912.57706  2458912.57740  2020-03-04.0770637  coadd_bm205615 1.48 -1.73 18.690     >18.690  99.990        -296.89        22.70   -0.529       0.040       
2458914.88295  2458914.88348  2020-03-06.3829554  coadd_bq237275 2.05 -2.17 16.489      15.614  0.163          767.11       114.17   2.064        0.307       
2458916.81543  2458916.81612  2020-03-08.3154296  coadd_bi315935 1.45 -1.54 17.454     >17.454  99.990          57.28        84.18   0.086        0.126       
2458918.85699  2458918.85785  2020-03-10.3569864  coadd_bq237860 2.22 -2.17 16.695     >16.695  99.990         111.62        94.47   0.300        0.254       
2458919.87203  2458919.87298  2020-03-11.3720328  coadd_bq238264 1.55 -2.17 17.450     >17.450  99.990        -221.41        47.12   -0.596       0.127       
2458920.84015  2458920.84117  2020-03-12.3401452  coadd_bi317441 1.44 -1.54 17.176      17.160  0.360          331.06       108.70   0.497        0.163       
2458923.79525  2458923.79652  2020-03-15.2952510  coadd_bE174006 1.46 -1.70 18.009      17.778  0.295          162.21        43.69   0.281        0.076       
2458924.82321  2458924.82457  2020-03-16.3232172  coadd_bi318854 1.39 -1.54 17.907     >17.907  99.990        -243.70        55.46   -0.366       0.083       
2458925.79004  2458925.79148  2020-03-17.2900434  coadd_bi319205 1.59 -1.54 18.436     >18.436  99.990          28.04        34.06   0.042        0.051       
2458926.55319  2458926.55469  2020-03-18.0531927  coadd_bm207515 1.51 -1.73 18.155     >18.155  99.990         -92.07        37.17   -0.164       0.066       
2458927.58731  2458927.58889  2020-03-19.0873231  coadd_bm207927 1.51 -1.73 18.318     >18.318  99.990           0.33        31.98   0.001        0.057       
2458928.95712  2458928.95881  2020-03-20.4571188  coadd_bq239347 1.47 -2.17 18.666     >18.666  99.990        -157.57        15.37   -0.424       0.041       
2458930.52472  2458930.52653  2020-03-22.0247224  coadd_bm208971 1.74 -1.73 18.561      17.249  0.109          256.74        25.55   0.458        0.046       
2458955.57724  2458955.58080  2020-04-16.2838834  coadd_bq241297 2.45 -2.17 18.317      16.516  0.069          334.33        21.20   0.899        0.057       
2458959.91568  2458959.91949  2020-04-20.4156863  coadd_bq242606 1.45 -2.17 18.410      16.880  0.089          238.99        19.46   0.643        0.052       
2458963.85707  2458963.86108  2020-04-24.3570708  coadd_bq243645 1.46 -2.17 18.875     >18.875  99.990         -33.06        12.68   -0.089       0.034       
2458965.91140  2458965.91551  2020-04-26.4114082  coadd_bq244352 1.46 -2.17 19.149     >19.149  99.990          -5.88         9.85   -0.016       0.026       
2458967.86846  2458967.87265  2020-04-28.3684560  coadd_bq245023 1.49 -2.17 18.752      17.805  0.152          101.92        14.20   0.274        0.038       
2458973.76954  2458973.77398  2020-05-04.2695432  coadd_bq245641 1.53 -2.17 17.549     >17.549  99.990        -475.01        43.00   -1.278       0.116       
2458978.95097  2458978.95558  2020-05-09.4509667  coadd_bq247326 1.45 -2.17 17.192      16.635  0.219          299.64        59.75   0.806        0.161       
2458983.90941  2458983.91416  2020-05-14.4094107  coadd_bq248464 1.54 -2.17 18.550      18.232  0.272           68.81        17.11   0.185        0.046       
2458989.94576  2458989.95062  2020-05-20.4457604  coadd_bq249768 2.09 -2.17 18.607     >18.607  99.990          46.71        16.23   0.126        0.044       
2458990.83771  2458990.84259  2020-05-21.3377201  coadd_bq249905 1.46 -2.17 19.083     >19.083  99.990         -21.78        10.47   -0.059       0.028       
2458992.85462  2458992.85953  2020-05-23.3546206  coadd_bq250357 1.45 -2.17 18.860      18.189  0.196           71.56        12.85   0.192        0.035       
2458993.76304  2458993.76796  2020-05-24.2630486  coadd_bq250606 1.48 -2.17 18.991     >18.991  99.990          22.78        11.39   0.061        0.031       
2459000.36579  2459000.37075  2020-05-30.8657942  coadd_bm217363 1.54 -1.73 18.059     >18.059  99.990        -164.37        40.59   -0.293       0.072       
2459002.68537  2459002.69032  2020-06-02.1853769  coadd_bq253071 1.44 -2.17 17.845     >17.845  99.990           6.31        32.75   0.017        0.088       
2459008.50675  2459008.51166  2020-06-08.0067454  coadd_bm220527 1.61 -1.73 17.326     >17.326  99.990          -8.86        79.71   -0.016       0.142       
2459020.75904  2459020.76372  2020-06-20.2590497  coadd_bq257581 1.49 -2.17 18.298      17.343  0.151          156.04        21.57   0.420        0.058       
2459035.75956  2459035.76369  2020-07-05.2595606  coadd_bq260340 1.52 -2.17 17.293      16.815  0.235          253.76        54.46   0.683        0.147       
2459044.72264  2459044.72632  2020-07-14.2226437  coadd_bq262601 1.47 -2.17 18.828      18.035  0.175           82.51        13.24   0.222        0.036       
2459046.81525  2459046.81881  2020-07-16.3152511  coadd_bq263140 1.49 -2.17 19.001     >19.001  99.990           8.13        11.30   0.022        0.030       
2459053.37435  2459053.37751  2020-07-22.8743515  coadd_bm231645 1.47 -1.73 18.850      18.806  0.351           61.18        19.59   0.109        0.035       
2459055.43635  2459055.43937  2020-07-24.9363508  coadd_bm232531 1.60 -1.73 17.841      17.201  0.202          268.34        49.62   0.478        0.088       
2459056.32139  2459056.32435  2020-07-25.8213849  coadd_bm232789 1.48 -1.73 18.334      17.744  0.212          162.75        31.50   0.290        0.056       
2459058.77340  2459058.77620  2020-07-28.2733967  coadd_bq265131 1.42 -2.17 18.585     >18.585  99.990         -49.79        16.56   -0.134       0.045       
2459061.74121  2459061.74380  2020-07-31.2412194  coadd_bq266093 1.62 -2.17 16.576     >16.576  99.990        -341.06       105.39   -0.917       0.284       
2459063.21801  2459063.22050  2020-08-01.7180100  coadd_bm235244 1.53 -1.73 17.316      17.050  0.286          308.59        80.45   0.550        0.143       
2459066.21916  2459066.22143  2020-08-04.7191658  coadd_bm235872 2.41 -1.73 18.012     >18.012  99.990         -80.56        42.37   -0.144       0.076       
2459066.71732  2459066.71955  2020-08-05.2173240  coadd_bq267529 1.50 -2.17 17.814     >17.814  99.990           0.66        33.71   0.002        0.091       
2459070.74227  2459070.74419  2020-08-09.2422714  coadd_bq268828 1.48 -2.17 18.265     >18.265  99.990         -20.57        22.24   -0.055       0.060       
2459079.72711  2459079.72833  2020-08-18.2271092  coadd_bq270960 1.51 -2.17 18.312      18.023  0.280           83.39        21.31   0.224        0.057       
2459080.69793  2459080.69907  2020-08-19.1979341  coadd_bq271293 1.41 -2.17 18.488     >18.488  99.990        -167.74        18.11   -0.451       0.049       
2459081.71578  2459081.71683  2020-08-20.2157767  coadd_bq271664 1.46 -2.17 18.600     >18.600  99.990         -83.83        16.34   -0.226       0.044       
2459087.69577  2459087.69634  2020-08-26.1957723  coadd_bq273639 1.44 -2.17 17.888     >17.888  99.990          69.05        31.47   0.186        0.085       
2459091.66631  2459091.66654  2020-08-30.1663112  coadd_bq275079 1.42 -2.17 17.637     >17.637  99.990          98.38        39.66   0.265        0.107       
2459097.63838  2459097.63812  2020-09-05.1383828  coadd_bq276633 1.49 -2.17 18.223     >18.223  99.990        -113.17        23.13   -0.304       0.062       
2459125.58702  2459125.58456  2020-10-03.0870230  coadd_bq278100 1.48 -2.17 17.631     >17.631  99.990         -54.96        39.87   -0.148       0.107       
2459127.58174  2459127.57913  2020-10-05.0817406  coadd_bq278832 1.54 -2.17 18.594     >18.594  99.990         -47.37        16.43   -0.127       0.044       
2459129.57644  2459129.57370  2020-10-07.0764413  coadd_bq279645 1.50 -2.17 18.469     >18.469  99.990        -178.13        18.42   -0.479       0.050       
2459132.56647  2459132.56352  2020-10-10.0664745  coadd_bq280698 1.53 -2.17 18.840     >18.840  99.990          -6.31        13.09   -0.017       0.035       
2459135.55707  2459135.55392  2020-10-13.0570697  coadd_bq281726 1.57 -2.17 17.059     >17.059  99.990        -281.59        67.52   -0.757       0.182       
2459232.01868  2459232.01544  2021-01-17.5186774  coadd_bq315110 1.50 -2.17 18.332      16.797  0.088          258.02        20.91   0.694        0.056       
2459232.99732  2459232.99414  2021-01-18.4973178  coadd_bq315546 1.58 -2.17 18.237      16.393  0.066          374.16        22.82   1.007        0.061       
2459238.97603  2459238.97325  2021-01-24.4760331  coadd_bq317139 1.59 -2.17 18.643      17.239  0.100          171.65        15.71   0.462        0.042       
2459239.98686  2459239.98415  2021-01-25.4868560  coadd_bq317393 1.52 -2.17 18.779     >18.779  99.990        -116.32        13.85   -0.313       0.037       
2459241.98251  2459241.97995  2021-01-27.4825135  coadd_bq318006 1.52 -2.17 17.757      17.226  0.224          173.78        35.50   0.467        0.096       
2459245.95897  2459245.95670  2021-01-31.4589840  coadd_bq319089 1.49 -2.17 17.708     >17.708  99.990        -254.07        37.16   -0.683       0.100       
2459246.94882  2459246.94662  2021-02-01.4488328  coadd_bq319509 1.57 -2.17 18.280     >18.280  99.990          61.61        21.94   0.166        0.059       
2459251.02155  2459251.01967  2021-02-05.5215593  coadd_bq321069 1.51 -2.17 18.613     >18.613  99.990           1.27        16.13   0.003        0.043       
2459252.87412  2459252.87237  2021-02-07.3741186  coadd_bE204045 1.48 -1.70 18.040      16.679  0.104          446.34        42.47   0.774        0.074       
2459252.94617  2459252.94443  2021-02-07.4461704  coadd_bq321816 1.67 -2.17 18.400     >18.400  99.990        -246.60        19.65   -0.663       0.053       
2459253.62146  2459253.61977  2021-02-08.1214606  coadd_bm277299 1.53 -1.73 17.958      17.370  0.212          229.72        44.55   0.409        0.079       
2459253.87350  2459253.87183  2021-02-08.3735002  coadd_bE204373 1.49 -1.70 18.589     >18.589  99.990          31.11        25.60   0.054        0.044       
2459253.95805  2459253.95640  2021-02-08.4580533  coadd_bq322253 1.50 -2.17 18.590     >18.590  99.990        -187.58        16.48   -0.505       0.044       
2459255.93941  2459255.93792  2021-02-10.4394189  coadd_bq323085 1.64 -2.17 17.621      17.104  0.227          194.53        40.24   0.523        0.108       
2459259.85719  2459259.85601  2021-02-14.3571962  coadd_bi354630 1.38 -1.54 18.362     >18.362  99.990        -541.74        36.47   -0.813       0.055       
2459260.85285  2459260.85175  2021-02-15.3528481  coadd_bE206679 1.44 -1.70 18.452      17.561  0.160          198.13        29.04   0.343        0.050       
2459262.85529  2459262.85436  2021-02-17.3552871  coadd_bi355687 1.36 -1.54 18.525      17.211  0.109          316.00        31.39   0.474        0.047       
2459263.85645  2459263.85561  2021-02-18.3564542  coadd_bE207672 1.47 -1.70 18.613     >18.613  99.990        -235.37        25.05   -0.408       0.043       
2459267.60120  2459267.60067  2021-02-22.1012047  coadd_bm281038 2.02 -1.73 18.819     >18.819  99.990         -79.04        20.16   -0.141       0.036       
2459267.85087  2459267.85036  2021-02-22.3508748  coadd_bE209064 1.47 -1.70 18.823     >18.823  99.990           3.63        20.64   0.006        0.036       
2459270.60616  2459270.60588  2021-02-25.1061548  coadd_bm282067 1.54 -1.73 18.710      18.494  0.299           81.60        22.27   0.145        0.040       
2459272.88246  2459272.88237  2021-02-27.3824563  coadd_bE210767 1.50 -1.70 17.552     >17.552  99.990           8.39        66.56   0.015        0.115       
2459273.89410  2459273.89410  2021-02-28.3940987  coadd_bE211133 1.50 -1.70 17.835     >17.835  99.990         -13.42        51.29   -0.023       0.089       
2459274.83039  2459274.83047  2021-03-01.3303942  coadd_bE211444 1.52 -1.70 17.527      16.972  0.219          340.68        68.11   0.591        0.118       
2459275.82944  2459275.82961  2021-03-02.3294473  coadd_bi360384 1.46 -1.54 17.607     >17.607  99.990         152.20        73.10   0.228        0.110       
2459276.84119  2459276.84144  2021-03-03.3411861  coadd_bi360742 1.36 -1.54 17.674     >17.674  99.990        -299.87        68.77   -0.450       0.103       
2459277.81265  2459277.81298  2021-03-04.3126550  coadd_bi361066 1.46 -1.54 17.932     >17.932  99.990        -208.84        54.18   -0.313       0.081       
2459278.81181  2459278.81222  2021-03-05.3118098  coadd_bi361386 1.40 -1.54 17.850     >17.850  99.990         -24.60        58.46   -0.037       0.088       
2459280.90099  2459280.90158  2021-03-07.4009916  coadd_bi362116 1.39 -1.54 18.115     >18.115  99.990        -289.15        45.77   -0.434       0.069       
2459280.93605  2459280.93665  2021-03-07.4360538  coadd_bq327738 1.69 -2.17 18.222      17.044  0.123          205.47        23.15   0.553        0.062       
2459281.80834  2459281.80901  2021-03-08.3083418  coadd_bE213788 1.48 -1.70 19.212     >19.212  99.990          13.53        14.43   0.023        0.025       
2459281.83553  2459281.83620  2021-03-08.3355278  coadd_bi362450 1.44 -1.54 18.717      18.377  0.267          107.94        26.29   0.162        0.039       
2459281.92737  2459281.92805  2021-03-08.4273665  coadd_bq328109 1.46 -2.17 18.361     >18.361  99.990           3.01        20.35   0.008        0.055       
2459286.85284  2459286.85393  2021-03-13.3528432  coadd_bq329193 1.61 -2.17 18.191     >18.191  99.990        -318.90        23.82   -0.858       0.064       
2459291.53507  2459291.53654  2021-03-18.0350694  coadd_bm286723 1.55 -1.73 18.637     >18.637  99.990          55.15        23.83   0.098        0.042       
2459292.90158  2459292.90317  2021-03-19.4015841  coadd_bq330603 1.47 -2.17 18.745      18.093  0.200           78.21        14.29   0.210        0.038       
2459294.86155  2459294.86329  2021-03-21.3615548  coadd_bi366819 1.44 -1.54 18.655      17.545  0.131          232.24        27.84   0.348        0.042       
2459294.90855  2459294.91029  2021-03-21.4085550  coadd_bq331371 1.50 -2.17 18.456     >18.456  99.990        -273.27        18.65   -0.735       0.050       
2459295.50231  2459295.50410  2021-03-22.0023083  coadd_bm287832 1.64 -1.73 18.915     >18.915  99.990           6.16        18.45   0.011        0.033       
2459295.77716  2459295.77897  2021-03-22.2771585  coadd_bE218270 1.49 -1.70 18.789     >18.789  99.990          62.26        21.30   0.108        0.037       
2459295.79123  2459295.79304  2021-03-22.2912337  coadd_bi367144 1.49 -1.54 19.192     >19.192  99.990         -45.48        16.99   -0.068       0.025       
2459298.78873  2459298.79078  2021-03-25.2887321  coadd_bE219395 1.45 -1.70 18.747     >18.747  99.990         -44.25        22.14   -0.077       0.038       
2459300.98138  2459300.98359  2021-03-27.4813753  coadd_bq332852 1.51 -2.17 17.737     >17.737  99.990        -121.82        36.16   -0.328       0.097       
2459301.85180  2459301.85408  2021-03-28.3518046  coadd_bE220484 1.50 -1.70 17.698     >17.698  99.990          65.15        58.19   0.113        0.101       
2459301.88527  2459301.88755  2021-03-28.3852716  coadd_bq333047 1.55 -2.17 16.563     >16.563  99.990        -214.10       106.66   -0.576       0.287       
2459302.79781  2459302.80017  2021-03-29.2978126  coadd_bq333319 1.53 -2.17 16.961     >16.961  99.990        -236.93        73.94   -0.637       0.199       
2459302.86290  2459302.86526  2021-03-29.3629033  coadd_bE220630 1.44 -1.70 17.498      16.124  0.103          743.98        69.95   1.290        0.121       
2459302.89763  2459302.89999  2021-03-29.3976359  coadd_bi369686 1.49 -1.54 17.517     >17.517  99.990         176.57        79.40   0.265        0.119       
2459304.74877  2459304.75127  2021-03-31.2487811  coadd_bi370373 1.50 -1.54 17.440     >17.440  99.990           3.15        85.23   0.005        0.128       
2459305.75056  2459305.75313  2021-04-01.2505687  coadd_bE221672 1.51 -1.70 17.592     >17.592  99.990        -124.94        64.12   -0.217       0.111       
2459306.80644  2459306.80908  2021-04-02.3064391  coadd_bi371209 1.41 -1.54 18.082     >18.082  99.990          19.94        47.19   0.030        0.071       
2459308.83821  2459308.84099  2021-04-04.3382099  coadd_bE222815 1.47 -1.70 18.116      18.114  0.364          119.05        39.58   0.206        0.069       
2459308.86515  2459308.86794  2021-04-04.3651542  coadd_bq335053 1.51 -2.17 18.273      16.653  0.082          294.46        22.07   0.792        0.059       
2459309.47155  2459309.47438  2021-04-04.9715528  coadd_bm292243 1.49 -1.73 18.861     >18.861  99.990         -47.78        19.39   -0.085       0.035       
2459309.72120  2459309.72405  2021-04-05.2212012  coadd_bi372275 1.45 -1.54 18.856     >18.856  99.990         -49.15        23.14   -0.074       0.035       
2459309.78289  2459309.78574  2021-04-05.2828949  coadd_bq335351 1.54 -2.17 18.242      16.196  0.055          448.61        22.71   1.207        0.061       
2459311.51880  2459311.52177  2021-04-07.0188026  coadd_bm292867 1.50 -1.73 18.996     >18.996  99.990           1.14        17.12   0.002        0.031       
2459312.78489  2459312.78795  2021-04-08.2848964  coadd_bi373543 1.36 -1.54 18.858     >18.858  99.990           5.08        23.09   0.008        0.035       
2459313.90776  2459313.91089  2021-04-09.4077634  coadd_bi374052 1.35 -1.54 18.723     >18.723  99.990         -35.71        26.16   -0.054       0.039       
2459315.84201  2459315.84527  2021-04-11.3420174  coadd_bq337382 2.43 -2.17 18.405      16.737  0.078          272.60        19.55   0.733        0.053       
2459316.45949  2459316.46278  2021-04-11.9594957  coadd_bm294818 1.50 -1.73 18.605      17.844  0.181          148.50        24.54   0.265        0.044       
2459316.71443  2459316.71774  2021-04-12.2144313  coadd_bE225851 1.53 -1.70 18.761      18.741  0.358           66.78        21.86   0.116        0.038       
2459316.72216  2459316.72547  2021-04-12.2221657  coadd_bi375146 1.39 -1.54 19.043     >19.043  99.990         -31.80        19.49   -0.048       0.029       
2459316.84342  2459316.84673  2021-04-12.3434215  coadd_bq337758 1.50 -2.17 18.488      17.362  0.129          153.34        18.11   0.412        0.049       
2459321.50368  2459321.50728  2021-04-17.0036818  coadd_bm296667 1.51 -1.73 18.577     >18.577  99.990        -119.03        25.18   -0.212       0.045       
2459322.87250  2459322.87618  2021-04-18.3725040  coadd_bi377770 1.50 -1.54 18.639      17.339  0.110          280.84        28.27   0.421        0.042       
2459323.53322  2459323.53693  2021-04-19.0332164  coadd_bm297464 1.46 -1.73 19.065     >19.065  99.990         -76.12        16.08   -0.136       0.029       
2459323.69171  2459323.69543  2021-04-19.1917093  coadd_bi378053 1.39 -1.54 19.117     >19.117  99.990          27.07        18.20   0.041        0.027       
2459323.72862  2459323.73234  2021-04-19.2286216  coadd_bE228626 1.49 -1.70 18.792      18.359  0.245           95.00        21.23   0.165        0.037       
2459325.52889  2459325.53272  2021-04-21.0288924  coadd_bm297887 1.46 -1.73 18.377     >18.377  99.990        -334.38        30.29   -0.596       0.054       
2459326.77131  2459326.77520  2021-04-22.2713151  coadd_bi379124 1.40 -1.54 17.952     >17.952  99.990         -12.08        53.19   -0.018       0.080       
2459328.93878  2459328.94277  2021-04-24.4387738  coadd_bq340326 1.47 -2.17 18.273      17.910  0.261           92.55        22.08   0.249        0.059       
2459330.66417  2459330.66825  2021-04-26.1641770  coadd_bi380637 1.48 -1.54 17.517     >17.517  99.990          14.46        79.43   0.022        0.119       
2459330.83966  2459330.84376  2021-04-26.3396697  coadd_bE231230 1.50 -1.70 17.647      17.559  0.337          198.36        61.00   0.344        0.106       
2459332.80970  2459332.81388  2021-04-28.3096996  coadd_bi381584 1.42 -1.54 17.238      16.124  0.131          859.50       102.66   1.289        0.154       
2459336.67780  2459336.68214  2021-05-02.1778023  coadd_bE232772 1.46 -1.70 18.088     >18.088  99.990         -10.45        40.63   -0.018       0.070       
2459337.39119  2459337.39557  2021-05-02.8911939  coadd_bm300756 1.50 -1.73 18.986     >18.986  99.990          45.51        17.29   0.081        0.031       
2459337.64985  2459337.65424  2021-05-03.1498563  coadd_bE233155 1.51 -1.70 19.167      18.992  0.310           53.02        15.03   0.092        0.026       
2459337.67529  2459337.67967  2021-05-03.1752875  coadd_bi382781 1.37 -1.54 18.626     >18.626  99.990         -14.02        28.60   -0.021       0.043       
2459339.54876  2459339.55322  2021-05-05.0487613  coadd_bm301298 1.70 -1.73 18.346     >18.346  99.990         -15.45        31.15   -0.028       0.056       
2459340.90962  2459340.91413  2021-05-06.4096190  coadd_bq342530 1.47 -2.17 18.722      18.360  0.261           61.16        14.60   0.165        0.039       
2459343.54730  2459343.55190  2021-05-09.0473046  coadd_bm302046 2.09 -1.73 18.660     >18.660  99.990        -108.17        23.34   -0.193       0.042       
2459344.44248  2459344.44710  2021-05-09.9424842  coadd_bm302337 1.97 -1.73 19.363     >19.363  99.990         -36.86        12.22   -0.066       0.022       
2459344.68558  2459344.69021  2021-05-10.1855800  coadd_bq343299 1.43 -2.17 19.758     >19.758  99.990          -1.95         5.62   -0.005       0.015       
2459346.53319  2459346.53787  2021-05-12.0331893  coadd_bm303139 1.76 -1.73 18.451     >18.451  99.990        -105.50        28.29   -0.188       0.050       
2459350.86121  2459350.86600  2021-05-16.3612123  coadd_bi387018 1.41 -1.54 18.574     >18.574  99.990        -162.91        30.00   -0.244       0.045       
2459351.34976  2459351.35456  2021-05-16.8497623  coadd_bm304110 2.32 -1.73 19.173     >19.173  99.990         -53.94        14.54   -0.096       0.026       
2459351.61599  2459351.62079  2021-05-17.1159871  coadd_bi387253 1.40 -1.54 19.093      18.886  0.301           67.53        18.60   0.101        0.028       
2459351.73269  2459351.73749  2021-05-17.2326925  coadd_bE237546 1.45 -1.70 19.441     >19.441  99.990           0.69        11.68   0.001        0.020       
2459351.74924  2459351.75405  2021-05-17.2492437  coadd_bq344432 1.44 -2.17 19.365     >19.365  99.990          18.65         8.07   0.050        0.022       
2459352.74522  2459352.75005  2021-05-18.2452238  coadd_bi387787 1.44 -1.54 18.730     >18.730  99.990         -12.20        25.98   -0.018       0.039       
2459353.77314  2459353.77799  2021-05-19.2731432  coadd_bq345095 1.48 -2.17 18.810      17.848  0.150           97.96        13.47   0.264        0.036       
2459357.34918  2459357.35408  2021-05-22.8491818  coadd_bm305083 1.61 -1.73 17.965     >17.965  99.990         -87.82        44.27   -0.157       0.079       
2459357.85124  2459357.85614  2021-05-23.3512414  coadd_bi388918 1.51 -1.54 18.373     >18.373  99.990        -626.92        36.11   -0.940       0.054       
2459358.35115  2459358.35606  2021-05-23.8511540  coadd_bm305507 1.61 -1.73 17.706      17.425  0.282          218.42        56.18   0.389        0.100       
2459358.58466  2459358.58957  2021-05-24.0846620  coadd_bE239529 1.49 -1.70 18.276     >18.276  99.990        -155.00        34.17   -0.269       0.059       
2459358.69698  2459358.70189  2021-05-24.1969768  coadd_bi389228 1.42 -1.54 17.950      17.484  0.238          245.76        53.29   0.369        0.080       
2459362.43946  2459362.44440  2021-05-27.9394703  coadd_bm306572 2.18 -1.73 17.582     >17.582  99.990         -80.34        62.97   -0.143       0.112       
2459365.31447  2459365.31942  2021-05-30.8144752  coadd_bm306940 2.26 -1.73 18.550     >18.550  99.990          60.32        25.82   0.107        0.046       
2459365.57405  2459365.57900  2021-05-31.0740457  coadd_bE242020 1.48 -1.70 18.710      18.359  0.264           95.00        22.90   0.165        0.040       
2459365.62826  2459365.63321  2021-05-31.1282581  coadd_bi391796 1.47 -1.54 18.863     >18.863  99.990        -125.58        23.00   -0.188       0.035       
2459366.71139  2459366.71635  2021-06-01.2113954  coadd_bi392309 1.37 -1.54 18.331     >18.331  99.990        -371.15        37.54   -0.557       0.056       
2459369.56029  2459369.56524  2021-06-04.0602962  coadd_bE243708 1.46 -1.70 18.748     >18.748  99.990        -166.87        22.12   -0.289       0.038       
2459372.29869  2459372.30362  2021-06-06.7986914  coadd_bm308852 1.55 -1.73 19.264     >19.264  99.990         -14.84        13.38   -0.026       0.024       
2459372.55105  2459372.55598  2021-06-07.0510508  coadd_bE244893 1.51 -1.70 19.063      17.679  0.102          177.58        16.55   0.308        0.029       
2459372.57812  2459372.58305  2021-06-07.0781233  coadd_bi394776 1.37 -1.54 19.355      19.241  0.328           48.70        14.62   0.073        0.022       
2459374.50591  2459374.51082  2021-06-09.0059109  coadd_bm309107 1.49 -1.73 18.704     >18.704  99.990        -106.36        22.41   -0.190       0.040       
2459375.36921  2459375.37411  2021-06-09.8692164  coadd_bm309316 1.47 -1.73 18.794      17.822  0.149          151.54        20.62   0.270        0.037       
2459377.29597  2459377.30083  2021-06-11.7959641  coadd_bm310081 1.59 -1.73 18.458      17.919  0.222          138.50        28.10   0.247        0.050       
2459378.46076  2459378.46561  2021-06-12.9607557  coadd_bm310426 1.57 -1.73 18.054     >18.054  99.990          17.13        40.79   0.031        0.073       
2459378.82344  2459378.82829  2021-06-13.3234406  coadd_bq350722 1.45 -2.17 18.746      18.126  0.206           75.86        14.27   0.204        0.038       
2459379.28133  2459379.28617  2021-06-13.7813311  coadd_bm310650 1.57 -1.73 19.553     >19.553  99.990         -10.56        10.25   -0.019       0.018       
2459379.52886  2459379.53369  2021-06-14.0288599  coadd_bE247814 1.47 -1.70 19.255      18.456  0.174           86.84        13.87   0.151        0.024       
2459379.55394  2459379.55878  2021-06-14.0539469  coadd_bi397827 1.42 -1.54 19.018     >19.018  99.990         -11.61        19.93   -0.017       0.030       
2459379.69046  2459379.69529  2021-06-14.1904644  coadd_bq350922 1.53 -2.17 19.222     >19.222  99.990          22.59         9.21   0.061        0.025       
2459386.25497  2459386.25965  2021-06-20.7549709  coadd_bm311937 1.57 -1.73 17.851     >17.851  99.990          34.24        49.16   0.061        0.088       
2459386.51453  2459386.51920  2021-06-21.0145288  coadd_bE250030 1.52 -1.70 18.503      18.323  0.309           98.13        27.71   0.170        0.048       
2459386.54645  2459386.55112  2021-06-21.0464538  coadd_bi400110 1.34 -1.54 17.621     >17.621  99.990          31.29        72.14   0.047        0.108       
2459386.68533  2459386.69000  2021-06-21.1853366  coadd_bq352839 1.57 -2.17 16.716      16.455  0.288          353.37        92.67   0.951        0.249       
2459393.49546  2459393.49991  2021-06-27.9954685  coadd_bE252256 1.47 -1.70 19.128     >19.128  99.990          28.02        15.58   0.049        0.027       
2459393.70630  2459393.71074  2021-06-28.2063061  coadd_bi402572 1.37 -1.54 17.979      17.755  0.297          191.38        51.88   0.287        0.078       
2459394.60854  2459394.61295  2021-06-29.1085472  coadd_bE252759 1.56 -1.70 18.490      18.242  0.290          105.82        28.05   0.183        0.049       
2459396.66944  2459396.67376  2021-07-01.1694373  coadd_bE253630 1.53 -1.70 19.050     >19.050  99.990         -98.65        16.75   -0.171       0.029       
2459400.49760  2459400.50175  2021-07-04.9975972  coadd_bE255166 1.43 -1.70 19.150     >19.150  99.990          27.99        15.27   0.049        0.026       
2459400.58898  2459400.59313  2021-07-05.0889793  coadd_bi405522 1.33 -1.54 18.233     >18.233  99.990        -447.57        41.07   -0.671       0.062       
2459400.73266  2459400.73681  2021-07-05.2326638  coadd_bq354803 1.53 -2.17 18.422      16.772  0.079          263.96        19.24   0.710        0.052       
2459401.64759  2459401.65169  2021-07-06.1475883  coadd_bi405992 1.45 -1.54 18.470     >18.470  99.990        -425.96        33.02   -0.639       0.050       
2459403.47868  2459403.48269  2021-07-07.9786834  coadd_bE256342 1.48 -1.70 18.634      17.493  0.127          210.90        24.57   0.366        0.043       
2459404.83810  2459404.84205  2021-07-09.3380956  coadd_bq355590 1.47 -2.17 18.696     >18.696  99.990         -76.88        14.96   -0.207       0.040       
2459405.81734  2459405.82123  2021-07-10.3173350  coadd_bq355876 1.51 -2.17 18.777     >18.777  99.990          16.99        13.88   0.046        0.037       
2459407.22451  2459407.22834  2021-07-11.7245168  coadd_bm315015 1.55 -1.73 18.832      18.173  0.199          109.64        19.92   0.195        0.035       
2459407.47862  2459407.48243  2021-07-11.9786237  coadd_bi408211 1.47 -1.54 18.658     >18.658  99.990        -170.94        27.76   -0.256       0.042       
2459407.55222  2459407.55603  2021-07-12.0522293  coadd_bE257825 1.51 -1.70 19.029     >19.029  99.990        -135.41        17.07   -0.235       0.030       
2459408.64992  2459408.65367  2021-07-13.1499193  coadd_bE258290 1.46 -1.70 18.533      17.055  0.093          315.63        26.97   0.547        0.047       
2459410.66574  2459410.66938  2021-07-15.1657429  coadd_bi409636 1.36 -1.54 18.320      16.431  0.064          648.30        37.91   0.973        0.057       
2459412.80256  2459412.80607  2021-07-17.3025559  coadd_bq357197 1.57 -2.17 18.227     >18.227  99.990        -380.04        23.02   -1.022       0.062       
2459413.70695  2459413.71041  2021-07-18.2069516  coadd_bi410955 1.56 -1.54 17.613      16.823  0.176          451.74        72.74   0.678        0.109       
2459414.21268  2459414.21612  2021-07-18.7126877  coadd_bm316701 1.59 -1.73 18.313     >18.313  99.990          16.15        32.11   0.029        0.057       
2459414.45448  2459414.45790  2021-07-18.9544789  coadd_bi411189 1.57 -1.54 17.795      17.516  0.282          238.57        61.51   0.358        0.092       
2459414.52945  2459414.53286  2021-07-19.0294534  coadd_bE260679 1.46 -1.70 18.256      17.865  0.254          149.72        34.79   0.260        0.060       
2459416.59565  2459416.59894  2021-07-21.0956596  coadd_bi412150 1.51 -1.54 17.652     >17.652  99.990         -29.41        70.14   -0.044       0.105       
2459418.60395  2459418.60711  2021-07-23.1039540  coadd_bi413014 1.73 -1.54 17.344     >17.344  99.990        -218.46        93.11   -0.328       0.140       
2459419.51764  2459419.52074  2021-07-24.0176408  coadd_bE262733 1.62 -1.70 17.548     >17.548  99.990         181.78        66.77   0.315        0.116       
2459421.21546  2459421.21845  2021-07-25.7154656  coadd_bm317958 1.52 -1.73 18.198      17.197  0.145          269.33        35.71   0.480        0.064       
2459421.48846  2459421.49143  2021-07-25.9884593  coadd_bE263523 1.58 -1.70 18.824     >18.824  99.990         -95.29        20.62   -0.165       0.036       
2459423.61709  2459423.61992  2021-07-28.1170916  coadd_bi415133 1.78 -1.54 18.304     >18.304  99.990        -344.51        38.47   -0.517       0.058       
2459424.64585  2459424.64861  2021-07-29.1458491  coadd_bi415574 1.60 -1.54 18.112      17.302  0.173          290.42        45.93   0.436        0.069       
2459425.56918  2459425.57187  2021-07-30.0691812  coadd_bE265211 1.52 -1.70 18.817      17.711  0.131          172.51        20.77   0.299        0.036       
2459426.41830  2459426.42094  2021-07-30.9183086  coadd_bm319212 1.69 -1.73 18.390     >18.390  99.990         -58.76        29.91   -0.105       0.053       
2459427.40606  2459427.40862  2021-07-31.9060565  coadd_bm319452 1.65 -1.73 18.349     >18.349  99.990          46.62        31.07   0.083        0.055       
2459428.48979  2459428.49227  2021-08-01.9897913  coadd_bi417139 1.39 -1.54 19.367     >19.367  99.990           6.23        14.46   0.009        0.022       
2459428.52642  2459428.52890  2021-08-02.0264214  coadd_bE266404 1.47 -1.70 18.953      17.484  0.094          212.71        18.31   0.369        0.032       
2459432.69069  2459432.69287  2021-08-06.1906892  coadd_bq361163 1.42 -2.17 18.658     >18.658  99.990        -106.71        15.49   -0.287       0.042       
2459434.68974  2459434.69177  2021-08-08.1897381  coadd_bq361810 1.48 -2.17 18.648      18.535  0.328           52.05        15.63   0.140        0.042       
2459435.47364  2459435.47561  2021-08-08.9736506  coadd_bE268945 1.51 -1.70 18.842     >18.842  99.990         -75.70        20.28   -0.131       0.035       
2459435.53023  2459435.53220  2021-08-09.0302328  coadd_bi419832 1.43 -1.54 19.192     >19.192  99.990         -78.20        16.98   -0.117       0.025       
2459435.68554  2459435.68749  2021-08-09.1855431  coadd_bq362141 1.54 -2.17 18.444      17.235  0.119          172.27        18.85   0.463        0.051       
2459436.58767  2459436.58955  2021-08-10.0876715  coadd_bE269431 1.42 -1.70 18.723     >18.723  99.990        -185.23        22.63   -0.321       0.039       
2459439.59682  2459439.59847  2021-08-13.0968285  coadd_bi421507 1.37 -1.54 18.702     >18.702  99.990         -41.72        26.67   -0.063       0.040       
2459442.33384  2459442.33527  2021-08-15.8338438  coadd_bm322153 2.20 -1.73 18.102     >18.102  99.990         -36.68        39.00   -0.065       0.070       
2459444.48754  2459444.48880  2021-08-17.9875452  coadd_bi422947 1.38 -1.54 18.053      16.754  0.110          481.31        48.48   0.722        0.073       
2459449.46764  2459449.46850  2021-08-22.9676461  coadd_bE273102 1.74 -1.70 17.811      17.630  0.309          185.80        52.43   0.322        0.091       
2459449.54011  2459449.54096  2021-08-23.0401105  coadd_bi424323 1.45 -1.54 17.852     >17.852  99.990         -35.02        58.35   -0.053       0.088       
2459449.67012  2459449.67096  2021-08-23.1701246  coadd_bq363453 1.56 -2.17 16.981     >16.981  99.990          37.92        72.60   0.102        0.195       
2459452.65755  2459452.65814  2021-08-26.1575502  coadd_bq364435 1.50 -2.17 18.694     >18.694  99.990          44.30        14.98   0.119        0.040       
2459453.60075  2459453.60126  2021-08-27.1007531  coadd_bi425167 1.36 -1.54 18.495     >18.495  99.990        -291.39        32.27   -0.437       0.048       
2459456.26959  2459456.26988  2021-08-29.7695871  coadd_bm324322 1.54 -1.73 18.927     >18.927  99.990          22.77        18.25   0.041        0.033       
2459456.47644  2459456.47672  2021-08-29.9764438  coadd_bE275022 1.69 -1.70 18.955     >18.955  99.990        -121.16        18.28   -0.210       0.032       
2459456.51098  2459456.51125  2021-08-30.0109781  coadd_bi426306 1.50 -1.54 18.714     >18.714  99.990        -309.79        26.38   -0.465       0.040       
2459460.56786  2459460.56779  2021-09-03.0678606  coadd_bE276352 1.49 -1.70 18.733      17.620  0.131          187.55        22.42   0.325        0.039       
2459461.64801  2459461.64785  2021-09-04.1480068  coadd_bq365925 1.43 -2.17 18.629      17.775  0.166          104.84        15.91   0.282        0.043       
2459462.56054  2459462.56030  2021-09-05.0605383  coadd_bE277068 1.43 -1.70 18.858     >18.858  99.990          45.45        20.00   0.079        0.035       
2459463.22567  2459463.22539  2021-09-05.7256711  coadd_bm326212 1.56 -1.73 18.291     >18.291  99.990          51.06        32.79   0.091        0.058       
2459463.52860  2459463.52829  2021-09-06.0286082  coadd_bi428976 1.50 -1.54 18.699      17.617  0.135          217.27        26.75   0.326        0.040       
2459463.65777  2459463.65744  2021-09-06.1577722  coadd_bq366695 1.47 -2.17 18.576     >18.576  99.990         -62.50        16.70   -0.168       0.045       
2459465.49621  2459465.49573  2021-09-07.9962118  coadd_bE278041 1.70 -1.70 18.660     >18.660  99.990          71.33        23.99   0.124        0.042       
2459470.29030  2459470.28942  2021-09-12.7902987  coadd_bm327666 1.49 -1.73 16.325     >16.325  99.990        -717.76       200.50   -1.279       0.357       
2459470.47417  2459470.47328  2021-09-12.9741722  coadd_bE279611 1.45 -1.70 18.390     >18.390  99.990          23.26        30.77   0.040        0.053       
2459470.60939  2459470.60849  2021-09-13.1093932  coadd_bq368687 1.54 -2.17 18.202     >18.202  99.990          42.97        23.58   0.116        0.063       
2459472.63441  2459472.63335  2021-09-15.1344238  coadd_bq369436 1.47 -2.17 17.326      17.139  0.307          188.30        52.80   0.507        0.142       
2459474.49146  2459474.49025  2021-09-16.9914628  coadd_bE281136 1.50 -1.70 18.118     >18.118  99.990          65.75        39.51   0.114        0.068       
2459477.26512  2459477.26368  2021-09-19.7651269  coadd_bm328960 1.65 -1.73 17.063     >17.063  99.990        -299.37       101.58   -0.534       0.181       
2459477.52806  2459477.52660  2021-09-20.0280590  coadd_bE282150 2.04 -1.70 17.577     >17.577  99.990         140.40        65.04   0.243        0.113       
2459483.62328  2459483.62135  2021-09-26.1232929  coadd_bq372389 1.49 -2.17 17.899     >17.899  99.990         -52.24        31.17   -0.141       0.084       
2459484.24893  2459484.24696  2021-09-26.7489385  coadd_bm331118 2.12 -1.73 18.434     >18.434  99.990        -223.32        28.74   -0.398       0.051       
2459484.50330  2459484.50130  2021-09-27.0033053  coadd_bE284510 1.47 -1.70 18.819     >18.819  99.990         -57.43        20.71   -0.100       0.036       
2459484.62542  2459484.62341  2021-09-27.1254241  coadd_bq372564 1.48 -2.17 18.514      18.072  0.243           79.75        17.68   0.215        0.048       
2459485.24884  2459485.24678  2021-09-27.7488408  coadd_bm331336 1.49 -1.73 18.407     >18.407  99.990        -318.23        29.46   -0.567       0.053       
2459486.59529  2459486.59313  2021-09-29.0952993  coadd_bq373040 1.45 -2.17 18.491     >18.491  99.990        -198.28        18.07   -0.533       0.049       
2459489.22869  2459489.22634  2021-10-01.7286981  coadd_bm331915 1.59 -1.73 16.925     >16.925  99.990        -207.10       115.36   -0.369       0.206       
2459490.48621  2459490.48377  2021-10-02.9862116  coadd_bE286364 1.68 -1.70 17.939     >17.939  99.990         -78.24        46.60   -0.136       0.081       
2459491.48271  2459491.48020  2021-10-03.9827148  coadd_bE286715 2.02 -1.70 17.263     >17.263  99.990        -172.87        86.84   -0.300       0.151       
2459491.58344  2459491.58092  2021-10-04.0834445  coadd_bq374253 1.54 -2.17 17.523     >17.523  99.990          10.73        44.07   0.029        0.119       
