###  JD        HJD            UT_date             IMAGE          FWHM  Diff Limit      mag   mag_err       counts     count_err  flux (mJy)    flux_err
2456337.00244  2456337.00339  2013-02-13.5024508  coadd_bb036289 2.18 -1.85 18.623     >18.623  99.990           1.34        21.49   0.003        0.045       
2456365.05743  2456365.06080  2013-03-13.5574344  coadd_bb040938 3.01 -1.85 18.626     >18.626  99.990          31.46        21.43   0.067        0.045       
2456376.98033  2456376.98451  2013-03-25.4803328  coadd_bb042137 2.07 -1.85 17.813     >17.813  99.990          66.29        45.32   0.140        0.096       
2456377.98048  2456377.98473  2013-03-26.4804914  coadd_bb041936 1.95 -1.85 17.158     >17.158  99.990         127.09        82.86   0.269        0.175       
2456387.97491  2456387.97969  2013-04-05.4749105  coadd_bb043348 1.79 -1.85 18.658     >18.658  99.990          21.42        20.80   0.045        0.044       
2456392.00992  2456392.01488  2013-04-09.5099268  coadd_bb044479 2.06 -1.85 18.555     >18.555  99.990          38.53        22.88   0.082        0.048       
2456395.99789  2456396.00300  2013-04-13.4979002  coadd_bb045039 1.99 -1.85 18.928     >18.928  99.990          21.43        16.22   0.045        0.034       
2456399.93308  2456399.93831  2013-04-17.4330775  coadd_bb046141 2.01 -1.85 18.879     >18.879  99.990          37.60        16.97   0.080        0.036       
2456402.92458  2456402.92989  2013-04-20.4245790  coadd_bb046940 1.96 -1.85 18.270     >18.270  99.990         -40.53        29.74   -0.086       0.063       
2456415.94248  2456415.94798  2013-05-03.4424811  coadd_bb049669 1.87 -1.85 18.337     >18.337  99.990          80.53        27.96   0.170        0.059       
2456443.88288  2456443.88788  2013-05-31.3828799  coadd_bb051665 1.66 -1.85 18.871     >18.871  99.990           4.04        17.10   0.009        0.036       
2456449.87434  2456449.87908  2013-06-06.3743365  coadd_bb052872 1.73 -1.85 18.396     >18.396  99.990         -85.42        26.48   -0.181       0.056       
2456458.85759  2456458.86186  2013-06-15.3575912  coadd_bb055090 1.77 -1.85 18.311     >18.311  99.990         -20.66        28.64   -0.044       0.061       
2456463.84446  2456463.84842  2013-06-20.3444611  coadd_bb056584 2.22 -1.85 17.636     >17.636  99.990         115.59        53.35   0.245        0.113       
2456470.83734  2456470.84083  2013-06-27.3373462  coadd_bb058605 1.77 -1.85 18.573     >18.573  99.990          44.27        22.50   0.094        0.048       
2456474.85076  2456474.85395  2013-07-01.3507570  coadd_bb059645 2.15 -1.85 18.464     >18.464  99.990          34.48        24.87   0.073        0.053       
2456478.82097  2456478.82385  2013-07-05.3209708  coadd_bb060885 2.03 -1.85 18.504     >18.504  99.990         -16.91        23.98   -0.036       0.051       
2456479.82167  2456479.82447  2013-07-06.3216706  coadd_bb061209 2.03 -1.85 18.553     >18.553  99.990         -20.71        22.93   -0.044       0.048       
2456483.81868  2456483.82116  2013-07-10.3186869  coadd_bb062525 2.09 -1.85 18.441     >18.441  99.990          66.06        25.40   0.140        0.054       
2456487.80005  2456487.80219  2013-07-14.3000517  coadd_bb063714 2.10 -1.85 18.458     >18.458  99.990         -25.84        25.02   -0.055       0.053       
2456492.80150  2456492.80321  2013-07-19.3014990  coadd_bb065489 2.08 -1.85 17.660     >17.660  99.990        -176.65        52.18   -0.374       0.110       
2456509.76241  2456509.76258  2013-08-05.2624148  coadd_bb068655 2.23 -1.85 18.413     >18.413  99.990           3.25        26.07   0.007        0.055       
2456517.74815  2456517.74758  2013-08-13.2481538  coadd_bb070464 2.62 -1.85 16.744     >16.744  99.990        -325.19       121.28   -0.688       0.257       
2456645.15622  2456645.15238  2013-12-18.6562255  coadd_bb097699 3.65 -1.85 17.325      17.247  0.340          228.78        71.02   0.484        0.150       
2456657.12139  2456657.11841  2013-12-30.6213893  coadd_bb099980 2.63 -1.85 18.127     >18.127  99.990         -42.64        33.94   -0.090       0.072       
2456701.02285  2456701.02369  2014-02-12.5228526  coadd_bb102650 1.81 -1.85 17.693     >17.693  99.990        -186.16        50.62   -0.394       0.107       
2456741.89968  2456741.90385  2014-03-25.3992797  coadd_bb105716 1.75 -1.85 18.446     >18.446  99.990          41.73        25.30   0.088        0.054       
2456755.87266  2456755.87756  2014-04-08.3722592  coadd_bb107315 1.71 -1.85 17.730     >17.730  99.990          77.17        48.93   0.163        0.104       
2456757.92205  2456757.92704  2014-04-10.4216452  coadd_bb108053 1.69 -1.85 18.229     >18.229  99.990          46.14        30.90   0.098        0.065       
2456758.96314  2456758.96816  2014-04-11.4627318  coadd_bb108381 1.67 -1.85 17.859     >17.859  99.990         -80.81        43.42   -0.171       0.092       
2456771.08835  2456771.09373  2014-04-23.5879487  coadd_bb110081 2.20 -1.85 18.214     >18.214  99.990         -31.73        31.32   -0.067       0.066       
2456783.93039  2456783.93590  2014-05-06.4299831  coadd_bb111544 1.65 -1.85 18.220     >18.220  99.990         -47.61        31.13   -0.101       0.066       
2456784.91942  2456784.92492  2014-05-07.4190119  coadd_bb111877 1.68 -1.85 18.274     >18.274  99.990         -24.87        29.64   -0.053       0.063       
2456795.01345  2456795.01886  2014-05-17.5130437  coadd_bb113531 1.73 -1.85 17.528     >17.528  99.990         -40.86        58.91   -0.086       0.125       
2456797.01522  2456797.02059  2014-05-19.5148145  coadd_bb114173 1.84 -1.85 17.749     >17.749  99.990         -75.02        48.05   -0.159       0.102       
2456798.97596  2456798.98129  2014-05-21.4755630  coadd_bb114866 1.73 -1.85 18.148     >18.148  99.990          69.53        33.29   0.147        0.070       
2456801.89904  2456801.90429  2014-05-24.3986424  coadd_bb115735 1.61 -1.85 18.308     >18.308  99.990           8.13        28.72   0.017        0.061       
2456803.91056  2456803.91575  2014-05-26.4101658  coadd_bb116338 1.71 -1.85 17.467     >17.467  99.990          -9.42        62.30   -0.020       0.132       
2456805.89660  2456805.90172  2014-05-28.3961947  coadd_bb116973 1.71 -1.85 18.433     >18.433  99.990          -3.52        25.59   -0.007       0.054       
2456808.88345  2456808.88846  2014-05-31.3830475  coadd_bb117715 1.99 -1.85 17.992     >17.992  99.990         -32.87        38.42   -0.070       0.081       
2456811.91993  2456811.92482  2014-06-03.4195265  coadd_bb118670 1.71 -1.85 18.434     >18.434  99.990          26.19        25.57   0.055        0.054       
2456813.89086  2456813.89566  2014-06-05.3904554  coadd_bb119245 1.67 -1.85 17.921     >17.921  99.990          -0.07        41.03   -0.000       0.087       
2456816.84557  2456816.85023  2014-06-08.3451652  coadd_bb120210 1.71 -1.85 18.164      18.047  0.328          109.55        32.79   0.232        0.069       
2456821.95453  2456821.95892  2014-06-13.4541188  coadd_bb121807 1.97 -1.85 16.987      16.918  0.343          309.84        96.97   0.655        0.205       
2456824.93315  2456824.93737  2014-06-16.4327437  coadd_bb122733 2.02 -1.85 18.008     >18.008  99.990         -44.93        37.87   -0.095       0.080       
2456825.88158  2456825.88575  2014-06-17.3811827  coadd_bb123041 1.82 -1.85 17.636     >17.636  99.990          32.06        53.36   0.068        0.113       
2456827.85854  2456827.86258  2014-06-19.3581390  coadd_bb123682 2.00 -1.85 18.322     >18.322  99.990         -15.88        28.35   -0.034       0.060       
2456829.85648  2456829.86039  2014-06-21.3560769  coadd_bb124302 2.09 -1.85 18.577     >18.577  99.990          28.54        22.42   0.060        0.047       
2456832.85271  2456832.85642  2014-06-24.3523059  coadd_bb124960 1.77 -1.85 18.473     >18.473  99.990         -44.31        24.68   -0.094       0.052       
2456833.87567  2456833.87931  2014-06-25.3752640  coadd_bb125234 2.00 -1.85 18.390     >18.390  99.990           5.31        26.63   0.011        0.056       
2456835.84675  2456835.85026  2014-06-27.34635  coadd_bb125646 1.64 -1.85 18.146     >18.146  99.990         -54.55        33.34   -0.115       0.071       
2456848.83480  2456848.83730  2014-07-10.3343920  coadd_bb126604 1.73 -1.85 17.240     >17.240  99.990         212.74        76.82   0.450        0.162       
2456851.82337  2456851.82562  2014-07-13.3229630  coadd_bb127597 1.71 -1.85 17.600     >17.600  99.990          21.99        55.12   0.047        0.117       
2456855.84493  2456855.84683  2014-07-17.3445252  coadd_bb128463 1.74 -1.85 18.227     >18.227  99.990         -60.96        30.96   -0.129       0.065       
2456856.81792  2456856.81974  2014-07-18.3175173  coadd_bb128753 1.75 -1.85 18.648     >18.648  99.990         -28.37        20.99   -0.060       0.044       
2456857.82747  2456857.82920  2014-07-19.3270704  coadd_bb129098 1.71 -1.85 18.628     >18.628  99.990         -40.42        21.39   -0.086       0.045       
2456862.82702  2456862.82831  2014-07-24.3266178  coadd_bb129844 1.68 -1.85 18.450     >18.450  99.990         -26.14        25.20   -0.055       0.053       
2456863.80729  2456863.80849  2014-07-25.3068888  coadd_bb130171 1.63 -1.85 18.484     >18.484  99.990         -38.07        24.43   -0.081       0.052       
2456864.80490  2456864.80600  2014-07-26.3044957  coadd_bb130525 1.74 -1.85 18.466     >18.466  99.990          42.07        24.83   0.089        0.053       
2456865.80662  2456865.80763  2014-07-27.3062177  coadd_bb130795 1.68 -1.85 18.382     >18.382  99.990          38.56        26.84   0.082        0.057       
2456866.80455  2456866.80548  2014-07-28.3041504  coadd_bb131133 1.73 -1.85 18.471     >18.471  99.990           6.15        24.73   0.013        0.052       
2456868.79419  2456868.79493  2014-07-30.2937807  coadd_bb131758 1.68 -1.85 18.265     >18.265  99.990          30.79        29.88   0.065        0.063       
2456881.77048  2456881.77003  2014-08-12.2700773  coadd_bb133865 1.64 -1.85 17.834      17.476  0.263          185.40        44.44   0.392        0.094       
2456882.76748  2456882.76693  2014-08-13.2670780  coadd_bb134266 1.73 -1.85 18.456     >18.456  99.990           1.84        25.07   0.004        0.053       
2456884.76712  2456884.76639  2014-08-15.2667168  coadd_bb134736 1.72 -1.85 18.263     >18.263  99.990          22.03        29.93   0.047        0.063       
2456887.76231  2456887.76130  2014-08-18.2619070  coadd_bb135689 1.70 -1.85 18.394     >18.394  99.990         -24.83        26.52   -0.053       0.056       
2456888.74515  2456888.74405  2014-08-19.2447416  coadd_bb136528 1.71 -1.85 18.084      17.886  0.304          127.11        35.31   0.269        0.075       
2456889.74442  2456889.74324  2014-08-20.2440182  coadd_bb136146 1.69 -1.85 18.387     >18.387  99.990          46.51        26.70   0.098        0.056       
2456891.73774  2456891.73637  2014-08-22.2373319  coadd_bb136926 1.74 -1.85 17.897     >17.897  99.990         -87.36        41.96   -0.185       0.089       
2456892.74039  2456892.73894  2014-08-23.2399886  coadd_bb137292 1.74 -1.85 18.111     >18.111  99.990          67.18        34.44   0.142        0.073       
2456896.73171  2456896.72990  2014-08-27.2313059  coadd_bb138444 1.72 -1.85 17.422     >17.422  99.990        -197.23        64.93   -0.417       0.137       
2457008.16376  2457008.15963  2014-12-16.6633540  coadd_bb163661 2.12 -1.85 16.429     >16.429  99.990         -69.40       162.12   -0.147       0.343       
2457018.14835  2457018.14490  2014-12-26.6479501  coadd_bb166376 2.20 -1.85 18.233     >18.233  99.990         -35.14        30.78   -0.074       0.065       
2457022.14868  2457022.14553  2014-12-30.6482756  coadd_bb167500 1.73 -1.85 17.891     >17.891  99.990         -46.43        42.17   -0.098       0.089       
2457030.14278  2457030.14027  2015-01-07.6423721  coadd_bb168067 1.83 -1.85 17.558     >17.558  99.990        -237.31        57.29   -0.502       0.121       
2457031.13767  2457031.13525  2015-01-08.6372628  coadd_bb168471 1.69 -1.85 17.490     >17.490  99.990          64.75        60.99   0.137        0.129       
2457039.11075  2457039.10903  2015-01-16.6103462  coadd_bb171355 2.21 -1.85 18.165     >18.165  99.990          54.35        32.76   0.115        0.069       
2457041.10928  2457041.10775  2015-01-18.6088765  coadd_bb172187 1.79 -1.85 18.408     >18.408  99.990          44.53        26.20   0.094        0.055       
2457043.10774  2457043.10639  2015-01-20.6073350  coadd_bb172903 2.81 -1.85 18.466     >18.466  99.990          14.04        24.82   0.030        0.053       
2457045.10475  2457045.10358  2015-01-22.6043532  coadd_bb173728 1.76 -1.85 18.644     >18.644  99.990          -8.76        21.07   -0.019       0.045       
2457047.10093  2457047.09995  2015-01-24.6005291  coadd_bb174551 1.85 -1.85 18.213     >18.213  99.990          -0.61        31.34   -0.001       0.066       
2457049.11001  2457049.10922  2015-01-26.6096042  coadd_bb175330 1.88 -1.85 18.432     >18.432  99.990         -13.74        25.61   -0.029       0.054       
2457051.11025  2457051.10965  2015-01-28.6098520  coadd_bb175819 1.87 -1.85 18.362     >18.362  99.990          39.09        27.34   0.083        0.058       
2457054.07527  2457054.07495  2015-01-31.5748658  coadd_bb176849 2.32 -1.85 17.675     >17.675  99.990         122.81        51.45   0.260        0.109       
2457056.08717  2457056.08704  2015-02-02.5867621  coadd_bb177670 1.76 -1.85 17.337     >17.337  99.990        -124.39        70.21   -0.263       0.149       
2457062.06264  2457062.06308  2015-02-08.5622429  coadd_bb178457 1.74 -1.85 17.720     >17.720  99.990        -109.25        49.38   -0.231       0.104       
2457069.06039  2457069.06148  2015-02-15.5599748  coadd_bb179630 1.79 -1.85 18.392     >18.392  99.990         -20.71        26.57   -0.044       0.056       
2457071.05371  2457071.05500  2015-02-17.5532760  coadd_bb180401 1.71 -1.85 18.492     >18.492  99.990          11.87        24.24   0.025        0.051       
2457074.04895  2457074.05051  2015-02-20.5485606  coadd_bb181281 1.64 -1.85 18.279     >18.279  99.990          32.72        29.51   0.069        0.062       
2457078.04224  2457078.04416  2015-02-24.5418157  coadd_bb182096 1.84 -1.85 18.507     >18.507  99.990          43.45        23.92   0.092        0.051       
2457081.03794  2457081.04012  2015-02-27.5375349  coadd_bb183019 1.65 -1.85 18.536     >18.536  99.990         -64.59        23.29   -0.137       0.049       
2457084.03439  2457084.03683  2015-03-02.5339837  coadd_bb183506 1.80 -1.85 17.743     >17.743  99.990          62.97        48.32   0.133        0.102       
2457095.14718  2457095.15052  2015-03-13.6467778  coadd_bb184836 2.03 -1.85 17.911     >17.911  99.990        -108.23        41.40   -0.229       0.088       
2457095.78707  2457095.79046  2015-03-14.2866721  coadd_bf091103 1.43 -2.39 17.265     >17.265  99.990          42.45        45.76   0.147        0.159       
2457097.02282  2457097.02630  2015-03-15.5224202  coadd_bb185461 1.74 -1.85 18.379     >18.379  99.990         -42.35        26.91   -0.090       0.057       
2457098.94001  2457098.94363  2015-03-17.4396056  coadd_bb186035 1.69 -1.85 18.589     >18.589  99.990          17.58        22.17   0.037        0.047       
2457101.07475  2457101.07852  2015-03-19.5747655  coadd_bb186783 1.70 -1.85 18.433     >18.433  99.990           4.82        25.60   0.010        0.054       
2457104.01174  2457104.01570  2015-03-22.5117497  coadd_bb187596 1.72 -1.85 18.474     >18.474  99.990          41.20        24.64   0.087        0.052       
2457107.02788  2457107.03203  2015-03-25.5278887  coadd_bb188592 1.59 -1.85 18.103     >18.103  99.990         -58.80        34.68   -0.124       0.073       
2457109.90667  2457109.91101  2015-03-28.4066883  coadd_bb189274 1.67 -1.85 18.830     >18.830  99.990         -21.95        17.76   -0.046       0.038       
2457110.90382  2457110.90821  2015-03-29.4038328  coadd_bb189606 1.79 -1.85 18.555     >18.555  99.990           4.99        22.88   0.011        0.048       
2457111.98149  2457111.98594  2015-03-30.4815100  coadd_bb189962 1.72 -1.85 18.489     >18.489  99.990         -56.73        24.30   -0.120       0.051       
2457113.01608  2457113.02058  2015-03-31.5160884  coadd_bb190322 1.65 -1.85 18.098      18.096  0.365          104.76        34.86   0.222        0.074       
2457113.99094  2457113.99550  2015-04-01.4909520  coadd_bb190657 1.69 -1.85 17.700     >17.700  99.990          81.17        50.26   0.172        0.106       
2457123.11177  2457123.11675  2015-04-10.6117895  coadd_bb193064 1.73 -1.85 17.783     >17.783  99.990          73.18        46.57   0.155        0.099       
2457125.01930  2457125.02436  2015-04-12.5193123  coadd_bb193374 1.86 -1.85 18.113     >18.113  99.990         -56.04        34.39   -0.119       0.073       
2457128.02638  2457128.03154  2015-04-15.5263902  coadd_bb194076 1.70 -1.85 17.756     >17.756  99.990          42.39        47.77   0.090        0.101       
2457130.93437  2457130.93962  2015-04-18.4343762  coadd_bb194583 1.71 -1.85 18.435     >18.435  99.990         -11.44        25.56   -0.024       0.054       
2457135.93518  2457135.94055  2015-04-23.4351915  coadd_bb195925 1.70 -1.85 18.206     >18.206  99.990          10.61        31.55   0.022        0.067       
2457138.84979  2457138.85522  2015-04-26.3497973  coadd_bb196829 1.66 -1.85 18.021     >18.021  99.990         -48.81        37.40   -0.103       0.079       
2457148.97174  2457148.97724  2015-05-06.4717398  coadd_bb198001 1.74 -1.85 16.938     >16.938  99.990        -152.59       101.48   -0.323       0.215       
2457149.89515  2457149.90066  2015-05-07.3951534  coadd_bb198285 1.78 -1.85 17.761     >17.761  99.990         -13.01        47.54   -0.028       0.101       
2457155.91653  2457155.92200  2015-05-13.4165324  coadd_bb199718 1.62 -1.85 18.413     >18.413  99.990          -5.95        26.08   -0.013       0.055       
2457157.89503  2457157.90047  2015-05-15.3950589  coadd_bb200193 1.69 -1.85 18.171     >18.171  99.990          40.35        32.57   0.085        0.069       
2457161.90560  2457161.91097  2015-05-19.4056011  coadd_bb200973 1.73 -1.85 18.528     >18.528  99.990           5.08        23.46   0.011        0.050       
2457164.90705  2457164.91235  2015-05-22.4070607  coadd_bb201863 1.60 -1.85 18.374     >18.374  99.990          49.33        27.04   0.104        0.057       
2457166.75448  2457166.75974  2015-05-24.2544916  coadd_bb202156 1.79 -1.85 18.376      18.350  0.357           82.86        26.99   0.175        0.057       
2457168.86978  2457168.87498  2015-05-26.3698008  coadd_bb202698 1.72 -1.85 17.981     >17.981  99.990         -80.20        38.81   -0.170       0.082       
2457177.97197  2457177.97683  2015-06-04.4719906  coadd_bb204428 1.65 -1.85 17.440     >17.440  99.990        -275.58        63.89   -0.583       0.135       
2457178.86933  2457178.87415  2015-06-05.3693572  coadd_bb204682 1.76 -1.85 17.834     >17.834  99.990          79.74        44.45   0.169        0.094       
2457180.96308  2457180.96780  2015-06-07.4630906  coadd_bb205336 1.67 -1.85 17.989     >17.989  99.990          17.90        38.52   0.038        0.081       
2457183.79987  2457183.80445  2015-06-10.2998846  coadd_bb205998 1.81 -1.85 18.363     >18.363  99.990         -22.90        27.31   -0.048       0.058       
2457188.87132  2457188.87562  2015-06-15.3713408  coadd_bb206758 1.72 -1.85 18.200     >18.200  99.990          -7.33        31.73   -0.016       0.067       
2457191.89048  2457191.89460  2015-06-18.3904784  coadd_bb207639 1.63 -1.85 18.345     >18.345  99.990        -116.57        27.77   -0.247       0.059       
2457193.87887  2457193.88287  2015-06-20.3788821  coadd_bb208129 1.81 -1.85 18.367     >18.367  99.990         -33.41        27.21   -0.071       0.058       
2457195.88614  2457195.89000  2015-06-22.3861501  coadd_bb208715 1.79 -1.85 18.308     >18.308  99.990          41.93        28.71   0.089        0.061       
2457199.75404  2457199.75764  2015-06-26.2540577  coadd_bb209548 2.02 -1.85 17.652     >17.652  99.990           1.43        52.55   0.003        0.111       
2457203.85330  2457203.85660  2015-06-30.3533012  coadd_bb210802 1.97 -1.85 17.421     >17.421  99.990          41.47        65.00   0.088        0.138       
2457205.89032  2457205.89347  2015-07-02.3903194  coadd_bb211349 1.69 -1.85 17.311     >17.311  99.990         164.04        71.98   0.347        0.152       
2457206.87232  2457206.87540  2015-07-03.3723244  coadd_bb211645 1.71 -1.85 17.492     >17.492  99.990          79.23        60.92   0.168        0.129       
2457209.88718  2457209.89002  2015-07-06.3871839  coadd_bb212244 1.67 -1.85 17.770     >17.770  99.990        -110.71        47.15   -0.234       0.100       
2457210.79494  2457210.79771  2015-07-07.2949422  coadd_bb212480 1.76 -1.85 18.317      17.974  0.266          117.20        28.48   0.248        0.060       
2457215.81935  2457215.82171  2015-07-12.3193513  coadd_bb213337 2.30 -1.85 18.587     >18.587  99.990          29.54        22.22   0.062        0.047       
2457221.84530  2457221.84714  2015-07-18.3452966  coadd_bb214299 1.72 -1.85 18.125     >18.125  99.990        -108.72        34.00   -0.230       0.072       
2457226.82671  2457226.82811  2015-07-23.3267096  coadd_bb215051 1.62 -1.85 17.900     >17.900  99.990          45.10        41.81   0.095        0.088       
2457231.79948  2457231.80043  2015-07-28.2994817  coadd_bb216420 2.79 -1.85 17.726     >17.726  99.990         -39.93        49.08   -0.084       0.104       
2457235.80610  2457235.80668  2015-08-01.3061038  coadd_bb217435 1.75 -1.85 17.408     >17.408  99.990          92.34        65.79   0.195        0.139       
2457237.78400  2457237.78441  2015-08-03.2840059  coadd_bb217806 1.98 -1.85 18.512     >18.512  99.990         -17.98        23.80   -0.038       0.050       
2457242.78463  2457242.78457  2015-08-08.2846355  coadd_bb218906 2.03 -1.85 18.410     >18.410  99.990         -28.54        26.14   -0.060       0.055       
2457244.78869  2457244.78844  2015-08-10.2886910  coadd_bb219600 2.23 -1.85 18.306     >18.306  99.990         -15.84        28.78   -0.034       0.061       
2457245.77468  2457245.77434  2015-08-11.2746840  coadd_bb219941 2.14 -1.85 18.609     >18.609  99.990         -20.14        21.76   -0.043       0.046       
2457247.75916  2457247.75864  2015-08-13.2591630  coadd_bb220618 2.21 -1.85 17.732     >17.732  99.990          39.61        48.81   0.084        0.103       
2457250.75321  2457250.75241  2015-08-16.2532153  coadd_bb221099 2.36 -1.85 17.160     >17.160  99.990           6.78        82.68   0.014        0.175       
2457251.74804  2457251.74715  2015-08-17.2480405  coadd_bb221237 2.16 -1.85 18.288     >18.288  99.990          43.66        29.26   0.092        0.062       
2457389.14700  2457389.14399  2016-01-01.6470018  coadd_bb254887 2.01 -1.85 17.890      17.749  0.321          144.09        42.21   0.305        0.089       
2457395.12979  2457395.12727  2016-01-07.6297950  coadd_bb256845 2.53 -1.85 18.383     >18.383  99.990           6.01        26.81   0.013        0.057       
2457398.11975  2457398.11748  2016-01-10.6197478  coadd_bb258106 1.75 -1.85 18.455     >18.455  99.990          14.82        25.08   0.031        0.053       
2457400.11307  2457400.11098  2016-01-12.613075  coadd_bb258970 1.82 -1.85 18.201     >18.201  99.990         -25.64        31.69   -0.054       0.067       
2457403.10302  2457403.10119  2016-01-15.6030223  coadd_bb259829 1.69 -1.85 18.556     >18.556  99.990          13.13        22.86   0.028        0.048       
2457404.14503  2457404.14329  2016-01-16.6450293  coadd_bb260276 1.72 -1.85 18.567     >18.567  99.990          42.71        22.63   0.090        0.048       
2457407.13485  2457407.13339  2016-01-19.6348525  coadd_bb261567 1.64 -1.85 18.592     >18.592  99.990         -11.76        22.11   -0.025       0.047       
2457410.08723  2457410.08604  2016-01-22.5872304  coadd_bb262800 1.77 -1.85 17.509     >17.509  99.990         162.38        59.94   0.343        0.127       
2457412.08027  2457412.07927  2016-01-24.5802728  coadd_bb263657 2.01 -1.85 17.296     >17.296  99.990          55.30        72.94   0.117        0.154       
2457414.09248  2457414.09166  2016-01-26.5924803  coadd_bb264533 1.71 -1.85 17.492     >17.492  99.990         153.71        60.89   0.325        0.129       
2457416.12955  2457416.12892  2016-01-28.6295493  coadd_bb265425 1.78 -1.85 17.926     >17.926  99.990          84.63        40.83   0.179        0.086       
2457422.14458  2457422.14452  2016-02-03.6445784  coadd_bb267953 1.73 -1.85 18.423     >18.423  99.990           5.53        25.84   0.012        0.055       
2457424.10818  2457424.10832  2016-02-05.6081844  coadd_bb268899 1.78 -1.85 18.287     >18.287  99.990           8.59        29.28   0.018        0.062       
2457427.04541  2457427.04582  2016-02-08.5454115  coadd_bb269519 2.13 -1.85 18.413     >18.413  99.990          17.27        26.07   0.037        0.055       
2457430.02997  2457430.03067  2016-02-11.5299759  coadd_bb270758 1.68 -1.85 18.446     >18.446  99.990          33.57        25.29   0.071        0.054       
2457431.02642  2457431.02722  2016-02-12.5264253  coadd_bb271179 1.70 -1.85 18.626     >18.626  99.990          56.73        21.43   0.120        0.045       
2457433.02325  2457433.02423  2016-02-14.5232576  coadd_bb271901 2.07 -1.85 18.539     >18.539  99.990         -44.11        23.23   -0.093       0.049       
2457437.00949  2457437.01085  2016-02-18.5094972  coadd_bb273134 1.74 -1.85 17.911     >17.911  99.990          49.75        41.41   0.105        0.088       
2457438.11195  2457438.11340  2016-02-19.6119540  coadd_bb273630 2.02 -1.85 18.421     >18.421  99.990          41.37        25.89   0.088        0.055       
2457439.00640  2457439.00793  2016-02-20.5064009  coadd_bb273969 2.32 -1.85 17.703     >17.703  99.990         101.55        50.16   0.215        0.106       
2457441.04106  2457441.04277  2016-02-22.5410563  coadd_bb274823 1.79 -1.85 17.186     >17.186  99.990         212.40        80.76   0.449        0.171       
2457443.07933  2457443.08123  2016-02-24.5793315  coadd_bb275662 1.79 -1.85 17.773     >17.773  99.990         -41.04        47.03   -0.087       0.099       
2457450.08107  2457450.08358  2016-03-02.5810708  coadd_bb278347 1.68 -1.85 18.117     >18.117  99.990          23.06        34.25   0.049        0.072       
2457452.08523  2457452.08791  2016-03-04.5852324  coadd_bb279175 1.79 -1.85 18.632     >18.632  99.990           9.92        21.31   0.021        0.045       
2457453.99871  2457454.00154  2016-03-06.4987092  coadd_bb279932 1.67 -1.85 18.506     >18.506  99.990         -17.95        23.94   -0.038       0.051       
2457457.95795  2457457.96110  2016-03-10.4579505  coadd_bb281168 1.77 -1.85 18.571     >18.571  99.990          46.66        22.54   0.099        0.048       
2457459.97381  2457459.97712  2016-03-12.4738119  coadd_bb281974 1.66 -1.85 18.607     >18.607  99.990           3.61        21.81   0.008        0.046       
2457461.07209  2457461.07548  2016-03-13.5720959  coadd_bb282376 1.69 -1.85 18.508     >18.508  99.990          13.62        23.88   0.029        0.051       
2457463.93654  2457463.94014  2016-03-16.4365418  coadd_bb283287 1.74 -1.85 18.128      17.829  0.277          133.85        33.91   0.283        0.072       
2457465.03131  2457465.03498  2016-03-17.5313096  coadd_bb283680 1.76 -1.85 18.624     >18.624  99.990          -7.16        21.47   -0.015       0.045       
2457466.99182  2457466.99564  2016-03-19.4918237  coadd_bb284411 1.64 -1.85 17.832     >17.832  99.990         -92.91        44.52   -0.197       0.094       
2457469.92811  2457469.93211  2016-03-22.4281079  coadd_bb285236 1.94 -1.85 16.819     >16.819  99.990          11.25       113.15   0.024        0.239       
2457472.00649  2457472.01063  2016-03-24.5064909  coadd_bb285903 2.03 -1.85 17.305     >17.305  99.990         141.32        72.34   0.299        0.153       
2457476.91281  2457476.91724  2016-03-29.4128122  coadd_bb286966 1.69 -1.85 18.058      17.932  0.325          121.78        36.17   0.258        0.077       
2457479.04201  2457479.04655  2016-03-31.5420087  coadd_bb287773 1.66 -1.85 18.310     >18.310  99.990          49.76        28.68   0.105        0.061       
2457481.02004  2457481.02470  2016-04-02.5200460  coadd_bb288407 1.75 -1.85 18.591     >18.591  99.990          37.84        22.14   0.080        0.047       
2457483.92603  2457483.93082  2016-04-05.4260302  coadd_bb289509 1.71 -1.85 18.639     >18.639  99.990         -41.16        21.18   -0.087       0.045       
2457487.98006  2457487.98503  2016-04-09.4800626  coadd_bb290069 1.76 -1.85 18.570     >18.570  99.990         -53.88        22.56   -0.114       0.048       
2457490.88516  2457490.89024  2016-04-12.3851608  coadd_bb291154 1.69 -1.85 18.306      17.924  0.257          122.70        28.78   0.260        0.061       
2457491.96961  2457491.97473  2016-04-13.4696098  coadd_bb291598 1.78 -1.85 18.326     >18.326  99.990          -9.64        28.26   -0.020       0.060       
2457493.02704  2457493.03220  2016-04-14.5270467  coadd_bb291940 1.66 -1.85 18.460     >18.460  99.990          48.85        24.97   0.103        0.053       
2457495.84389  2457495.84913  2016-04-17.3438894  coadd_bb292881 1.84 -1.85 17.759     >17.759  99.990          18.93        47.62   0.040        0.101       
2457499.98330  2457499.98864  2016-04-21.4832987  coadd_bb293896 1.67 -1.85 17.065     >17.065  99.990         139.87        90.20   0.296        0.191       
2457503.96539  2457503.97081  2016-04-25.4653918  coadd_bb295242 1.75 -1.85 17.526     >17.526  99.990           0.02        59.03   0.000        0.125       
2457504.83598  2457504.84142  2016-04-26.3359834  coadd_bb295516 1.68 -1.85 18.023     >18.023  99.990          79.85        37.34   0.169        0.079       
2457506.82082  2457506.82628  2016-04-28.3208222  coadd_bb296246 1.86 -1.85 18.311     >18.311  99.990          44.47        28.65   0.094        0.061       
2457510.97908  2457510.98458  2016-05-02.4790858  coadd_bb297561 1.73 -1.85 18.641     >18.641  99.990          18.55        21.13   0.039        0.045       
2457514.86470  2457514.87020  2016-05-06.3646988  coadd_bb298952 1.64 -1.85 18.592     >18.592  99.990           4.77        22.11   0.010        0.047       
2457523.81613  2457523.82156  2016-05-15.3161312  coadd_bb300254 1.71 -1.85 17.969     >17.969  99.990         -60.50        39.23   -0.128       0.083       
2457531.89176  2457531.89703  2016-05-23.3917640  coadd_bb302485 2.14 -1.85 17.375     >17.375  99.990          38.94        67.83   0.082        0.143       
2457535.97644  2457535.98158  2016-05-27.4764447  coadd_bb303272 1.64 -1.85 17.842     >17.842  99.990          71.83        44.11   0.152        0.093       
2457538.95104  2457538.95607  2016-05-30.4510398  coadd_bb304148 1.64 -1.85 18.544     >18.544  99.990          14.60        23.11   0.031        0.049       
2457542.93712  2457542.94199  2016-06-03.4371285  coadd_bb305071 1.80 -1.85 18.663     >18.663  99.990         -60.65        20.70   -0.128       0.044       
2457546.94968  2457546.95437  2016-06-07.4496858  coadd_bb306168 1.69 -1.85 18.707     >18.707  99.990          18.77        19.89   0.040        0.042       
2457547.95005  2457547.95468  2016-06-08.4500491  coadd_bb306502 1.72 -1.85 18.613     >18.613  99.990          19.78        21.70   0.042        0.046       
2457549.93140  2457549.93594  2016-06-10.4314033  coadd_bb307159 1.74 -1.85 18.103     >18.103  99.990         -36.96        34.70   -0.078       0.073       
2457558.87946  2457558.88347  2016-06-19.3794597  coadd_bb308948 1.67 -1.85 17.191     >17.191  99.990        -373.51        80.35   -0.790       0.170       
2457560.91434  2457560.91822  2016-06-21.4143395  coadd_bb309673 1.65 -1.85 17.486     >17.486  99.990         -85.54        61.25   -0.181       0.130       
2457561.78773  2457561.79155  2016-06-22.2877327  coadd_bb309869 1.78 -1.85 17.801     >17.801  99.990          59.26        45.81   0.125        0.097       
2457565.81908  2457565.82262  2016-06-26.3190834  coadd_bb310727 1.73 -1.85 18.844     >18.844  99.990          -8.36        17.53   -0.018       0.037       
2457570.85039  2457570.85356  2016-07-01.3503869  coadd_bb312114 1.79 -1.85 17.785     >17.785  99.990          24.83        46.49   0.053        0.098       
2457572.88369  2457572.88671  2016-07-03.3836950  coadd_bb312381 1.80 -1.85 18.598     >18.598  99.990          55.11        22.00   0.117        0.047       
2457575.87418  2457575.87696  2016-07-06.3741822  coadd_bb313108 1.73 -1.85 18.347     >18.347  99.990         -55.18        27.70   -0.117       0.059       
2457577.86447  2457577.86709  2016-07-08.3644701  coadd_bb313805 1.65 -1.85 18.372      18.177  0.305           97.18        27.08   0.206        0.057       
2457581.84898  2457581.85127  2016-07-12.3489799  coadd_bb314773 1.71 -1.85 17.996     >17.996  99.990          -4.77        38.29   -0.010       0.081       
2457586.83286  2457586.83472  2016-07-17.3328570  coadd_bb315864 1.77 -1.85 17.649     >17.649  99.990          81.75        52.69   0.173        0.111       
2457591.81515  2457591.81657  2016-07-22.3151461  coadd_bb316817 1.68 -1.85 17.906     >17.906  99.990         -78.65        41.58   -0.166       0.088       
2457596.82190  2457596.82288  2016-07-27.3219059  coadd_bb317817 2.28 -1.85 18.561     >18.561  99.990          -6.65        22.75   -0.014       0.048       
2457600.78245  2457600.78306  2016-07-31.2824565  coadd_bb318970 1.74 -1.85 18.848     >18.848  99.990         -17.17        17.47   -0.036       0.037       
2457602.78927  2457602.78969  2016-08-02.2892723  coadd_bb319585 1.76 -1.85 18.437     >18.437  99.990           6.06        25.50   0.013        0.054       
2457604.77689  2457604.77713  2016-08-04.2768896  coadd_bb320301 1.75 -1.85 18.631      18.554  0.340           68.69        21.32   0.145        0.045       
2457606.77632  2457606.77638  2016-08-06.2763265  coadd_bb320836 1.84 -1.85 18.424     >18.424  99.990          48.19        25.82   0.102        0.055       
2457613.75736  2457613.75677  2016-08-13.2573584  coadd_bb323185 2.04 -1.85 17.611     >17.611  99.990          87.59        54.58   0.185        0.115       
2457617.73971  2457617.73875  2016-08-17.2397099  coadd_bb324132 2.25 -1.85 17.636     >17.636  99.990          20.67        53.34   0.044        0.113       
2457620.73797  2457620.73674  2016-08-20.2379711  coadd_bb325233 2.11 -1.85 18.061     >18.061  99.990          26.41        36.05   0.056        0.076       
2457629.53218  2457629.53018  2016-08-29.0321872  coadd_bf228046 1.55 -2.39 18.148     >18.148  99.990         -42.33        20.28   -0.147       0.070       
2457630.52008  2457630.51799  2016-08-30.0200796  coadd_bf228430 1.57 -2.39 18.451     >18.451  99.990          10.86        15.34   0.038        0.053       
2457631.51238  2457631.51021  2016-08-31.0123858  coadd_bf228827 2.06 -2.39 18.081     >18.081  99.990          12.15        21.58   0.042        0.075       
2457633.50941  2457633.50707  2016-09-02.0094143  coadd_bf229443 1.55 -2.39 18.198     >18.198  99.990         -11.82        19.37   -0.041       0.067       
2457634.51017  2457634.50775  2016-09-03.0101778  coadd_bf229844 1.56 -2.39 18.077     >18.077  99.990         -93.51        21.65   -0.325       0.075       
2457635.50206  2457635.49955  2016-09-04.0020618  coadd_bf230235 1.53 -2.39 18.113     >18.113  99.990          35.23        20.96   0.122        0.073       
2457641.48099  2457641.47800  2016-09-09.9809878  coadd_bf232315 1.78 -2.39 17.712     >17.712  99.990           9.78        30.32   0.034        0.105       
2457756.14720  2457756.14432  2017-01-02.6471978  coadd_bb358496 1.70 -1.85 18.342     >18.342  99.990         -10.25        27.84   -0.022       0.059       
2457762.11974  2457762.11736  2017-01-08.6197381  coadd_bb360620 1.71 -1.85 18.382     >18.382  99.990         -19.94        26.83   -0.042       0.057       
2457765.12104  2457765.11893  2017-01-11.6210462  coadd_bb361880 1.71 -1.85 17.256     >17.256  99.990         -91.19        75.71   -0.193       0.160       
2457768.11443  2457768.11258  2017-01-14.6144337  coadd_bb363242 1.79 -1.85 17.624     >17.624  99.990         -40.12        53.90   -0.085       0.114       
2457777.14829  2457777.14727  2017-01-23.6482960  coadd_bb366224 1.71 -1.85 18.361     >18.361  99.990         -52.10        27.35   -0.110       0.058       
2457779.86058  2457779.85981  2017-01-26.3605778  coadd_bf270568 1.43 -2.39 18.011     >18.011  99.990           0.28        23.02   0.001        0.080       
2457783.10152  2457783.10106  2017-01-29.6015214  coadd_bb368651 1.72 -1.85 18.787     >18.787  99.990          19.68        18.47   0.042        0.039       
2457784.85826  2457784.85797  2017-01-31.3582653  coadd_bf272198 1.48 -2.39 18.117     >18.117  99.990          44.08        20.88   0.153        0.072       
2457789.04741  2457789.04751  2017-02-04.5474090  coadd_bb370851 1.77 -1.85 18.423     >18.423  99.990          16.89        25.84   0.036        0.055       
2457790.10015  2457790.10035  2017-02-05.6001472  coadd_bb371309 1.76 -1.85 18.392      18.293  0.333           87.37        26.58   0.185        0.056       
2457794.03365  2457794.03423  2017-02-09.5336547  coadd_bb372081 1.82 -1.85 17.512     >17.512  99.990        -141.72        59.80   -0.300       0.127       
2457798.09603  2457798.09699  2017-02-13.5960275  coadd_bb373206 2.01 -1.85 17.644     >17.644  99.990          48.01        52.95   0.102        0.112       
2457804.15959  2457804.16111  2017-02-19.6595957  coadd_bb375500 1.81 -1.85 18.240     >18.240  99.990          -5.46        30.58   -0.012       0.065       
2457806.05689  2457806.05859  2017-02-21.5568960  coadd_bb375992 2.00 -1.85 18.690     >18.690  99.990          11.31        20.20   0.024        0.043       
2457809.98901  2457809.99106  2017-02-25.4890179  coadd_bb377289 2.04 -1.85 17.873     >17.873  99.990          87.17        42.86   0.184        0.091       
2457816.97232  2457816.97497  2017-03-04.4723228  coadd_bb378005 2.15 -1.85 18.651     >18.651  99.990          26.18        20.93   0.055        0.044       
2457817.96880  2457817.97153  2017-03-05.4687974  coadd_bb378391 2.11 -1.85 18.600     >18.600  99.990         -88.03        21.94   -0.186       0.046       
2457818.96502  2457818.96784  2017-03-06.4650256  coadd_bb378707 2.04 -1.85 18.264     >18.264  99.990          72.51        29.90   0.153        0.063       
2457819.96133  2457819.96423  2017-03-07.4613324  coadd_bb379046 2.02 -1.85 17.816     >17.816  99.990          38.48        45.19   0.081        0.096       
2457824.02335  2457824.02656  2017-03-11.5233506  coadd_bb379753 1.98 -1.85 17.307     >17.307  99.990          97.12        72.20   0.205        0.153       
2457825.04211  2457825.04540  2017-03-12.5421091  coadd_bb379851 2.17 -1.85 17.358     >17.358  99.990           4.26        68.91   0.009        0.146       
2457827.72718  2457827.73067  2017-03-15.2271806  coadd_bf284109 1.46 -2.39 17.230     >17.230  99.990          57.28        47.23   0.199        0.164       
2457832.14684  2457832.15064  2017-03-19.6468368  coadd_bb382559 1.78 -1.85 18.029     >18.029  99.990        -111.76        37.12   -0.236       0.079       
2457833.01363  2457833.01749  2017-03-20.5136312  coadd_bb382851 1.70 -1.85 18.301     >18.301  99.990          27.70        28.91   0.059        0.061       
2457835.02859  2457835.03259  2017-03-22.5285980  coadd_bb383623 1.75 -1.85 18.645     >18.645  99.990         -88.67        21.06   -0.188       0.045       
2457837.80200  2457837.80617  2017-03-25.3020038  coadd_bf287859 1.52 -2.39 18.408     >18.408  99.990         -11.40        15.96   -0.040       0.055       
2457844.89611  2457844.90069  2017-04-01.3961171  coadd_bb386744 1.80 -1.85 18.762     >18.762  99.990         -28.52        18.91   -0.060       0.040       
2457847.00911  2457847.01380  2017-04-03.5091160  coadd_bb387432 1.67 -1.85 18.659     >18.659  99.990         -31.71        20.79   -0.067       0.044       
2457848.88831  2457848.89308  2017-04-05.3883115  coadd_bb388098 1.80 -1.85 18.094     >18.094  99.990         -20.20        34.97   -0.043       0.074       
2457850.05901  2457850.06384  2017-04-06.5590144  coadd_bb388603 1.78 -1.85 18.622     >18.622  99.990           6.25        21.51   0.013        0.045       
2457850.90044  2457850.90531  2017-04-07.4004467  coadd_bb388846 2.07 -1.85 18.074     >18.074  99.990          78.85        35.62   0.167        0.075       
2457851.86175  2457851.86666  2017-04-08.3617490  coadd_bf292132 1.64 -2.39 18.307     >18.307  99.990         -37.03        17.53   -0.129       0.061       
2457852.87166  2457852.87661  2017-04-09.3716638  coadd_bb389533 1.80 -1.85 17.389     >17.389  99.990         -73.84        66.95   -0.156       0.142       
2457859.01980  2457859.02498  2017-04-15.5198032  coadd_bb391139 1.85 -1.85 17.781     >17.781  99.990          23.48        46.66   0.050        0.099       
2457863.00932  2457863.01461  2017-04-19.5093214  coadd_bb391780 1.79 -1.85 18.546      18.099  0.242          104.41        23.07   0.221        0.049       
2457865.77593  2457865.78129  2017-04-22.2759349  coadd_bf296077 1.43 -2.39 18.157     >18.157  99.990         -31.05        20.11   -0.108       0.070       
2457869.73581  2457869.74125  2017-04-26.2358140  coadd_bf297487 1.42 -2.39 18.341     >18.341  99.990          11.71        16.98   0.041        0.059       
2457872.60876  2457872.61423  2017-04-29.1087637  coadd_bf298660 1.42 -2.39 18.004     >18.004  99.990         -38.60        23.16   -0.134       0.080       
2457877.58538  2457877.59088  2017-05-04.0853813  coadd_bf300601 1.40 -2.39 17.934     >17.934  99.990          65.95        24.71   0.229        0.086       
2457878.79154  2457878.79705  2017-05-05.2915422  coadd_bf301184 1.49 -2.39 17.921     >17.921  99.990         -12.61        25.01   -0.044       0.087       
2457880.60482  2457880.61033  2017-05-07.1048215  coadd_bf301860 1.71 -2.39 17.244     >17.244  99.990          48.43        46.66   0.168        0.162       
2457888.04226  2457888.04771  2017-05-14.5422675  coadd_bb397380 1.99 -1.85 16.732     >16.732  99.990          93.26       122.66   0.197        0.259       
2457890.00267  2457890.00809  2017-05-16.5026755  coadd_bb397676 1.78 -1.85 18.007     >18.007  99.990          21.01        37.90   0.044        0.080       
2457891.91321  2457891.91859  2017-05-18.4132060  coadd_bb398318 2.00 -1.85 18.627     >18.627  99.990          20.69        21.40   0.044        0.045       
2457894.69043  2457894.69575  2017-05-21.1904313  coadd_bf305240 1.44 -2.39 18.273     >18.273  99.990          22.02        18.09   0.076        0.063       
2457895.74280  2457895.74810  2017-05-22.2428055  coadd_bb399518 2.18 -1.85 17.425     >17.425  99.990          -1.85        64.79   -0.004       0.137       
2457897.00294  2457897.00821  2017-05-23.5029452  coadd_bb400050 1.99 -1.85 17.519     >17.519  99.990         117.52        59.43   0.249        0.126       
2457897.99089  2457897.99613  2017-05-24.4908880  coadd_bb400270 1.71 -1.85 18.403     >18.403  99.990          23.58        26.30   0.050        0.056       
2457900.94610  2457900.95125  2017-05-27.4461059  coadd_bb401257 1.64 -1.85 18.705     >18.705  99.990          59.09        19.92   0.125        0.042       
2457907.85420  2457907.85908  2017-06-03.3542040  coadd_bb403034 1.75 -1.85 17.836     >17.836  99.990          60.70        44.35   0.128        0.094       
2457913.82799  2457913.83260  2017-06-09.3279962  coadd_bb404807 2.01 -1.85 17.137     >17.137  99.990         -15.31        84.46   -0.032       0.179       
2457917.93600  2457917.94038  2017-06-13.4360048  coadd_bb405756 1.69 -1.85 17.678     >17.678  99.990        -108.55        51.33   -0.230       0.109       
2457924.92057  2457924.92453  2017-06-20.4205758  coadd_bb406763 2.32 -1.85 18.372     >18.372  99.990          69.75        27.07   0.148        0.057       
2457926.83225  2457926.83608  2017-06-22.3322511  coadd_bb407337 1.75 -1.85 18.664     >18.664  99.990          11.91        20.70   0.025        0.044       
2457929.90703  2457929.91065  2017-06-25.4070298  coadd_bb408297 1.81 -1.85 18.467     >18.467  99.990          66.78        24.80   0.141        0.052       
2457935.81558  2457935.81877  2017-07-01.3155809  coadd_bb409780 2.04 -1.85 17.931     >17.931  99.990          17.68        40.66   0.037        0.086       
2457936.60762  2457936.61075  2017-07-02.1076230  coadd_bf319486 1.62 -2.39 17.958     >17.958  99.990         -64.56        24.16   -0.224       0.084       
2457940.76933  2457940.77214  2017-07-06.2693331  coadd_bb411002 2.02 -1.85 17.361     >17.361  99.990          76.51        68.70   0.162        0.145       
2457953.84228  2457953.84399  2017-07-19.3422831  coadd_bb411377 1.72 -1.85 18.236     >18.236  99.990           9.71        30.68   0.021        0.065       
2457954.64305  2457954.64469  2017-07-20.1430583  coadd_bf326225 1.51 -2.39 17.989     >17.989  99.990          -9.94        23.49   -0.034       0.082       
2457958.59507  2457958.59636  2017-07-24.0950739  coadd_bf327471 1.52 -2.39 18.102     >18.102  99.990          31.92        21.17   0.111        0.073       
2457960.81198  2457960.81307  2017-07-26.3119868  coadd_bb412544 1.68 -1.85 18.471     >18.471  99.990         -44.20        24.71   -0.093       0.052       
2457968.75466  2457968.75502  2017-08-03.2546608  coadd_bb414174 1.75 -1.85 17.730     >17.730  99.990           8.68        48.91   0.018        0.103       
2457971.59601  2457971.59611  2017-08-06.0960163  coadd_bf333011 1.42 -2.39 17.054     >17.054  99.990         -91.01        55.55   -0.316       0.193       
2457973.77168  2457973.77157  2017-08-08.2716776  coadd_bb415800 1.71 -1.85 17.675     >17.675  99.990        -137.77        51.46   -0.291       0.109       
2457975.76289  2457975.76259  2017-08-10.2628892  coadd_bb416607 1.71 -1.85 18.421     >18.421  99.990          14.86        25.88   0.031        0.055       
2457976.76346  2457976.76307  2017-08-11.2634582  coadd_bb416509 1.84 -1.85 18.598     >18.598  99.990          15.86        22.00   0.034        0.047       
2457980.75255  2457980.75180  2017-08-15.2525541  coadd_bb418123 2.02 -1.85 18.474     >18.474  99.990         -15.24        24.66   -0.032       0.052       
2457983.74210  2457983.74107  2017-08-18.2421041  coadd_bb419184 1.75 -1.85 18.364     >18.364  99.990         -42.17        27.28   -0.089       0.058       
2457984.53858  2457984.53748  2017-08-19.0385915  coadd_bf337094 1.42 -2.39 18.459     >18.459  99.990          -2.33        15.23   -0.008       0.053       
2457996.48489  2457996.48274  2017-08-30.9848878  coadd_bf338510 1.47 -2.39 18.099     >18.099  99.990         -12.91        21.22   -0.045       0.074       
2458011.47507  2458011.47173  2017-09-14.9750736  coadd_bf342626 2.26 -2.39 17.038     >17.038  99.990          48.69        56.39   0.169        0.196       
2458110.15145  2458110.14773  2017-12-22.6514553  coadd_bb448551 1.68 -1.85 18.211     >18.211  99.990         -82.35        31.40   -0.174       0.066       
2458120.14018  2458120.13721  2018-01-01.6401847  coadd_bb451023 2.07 -1.85 17.434     >17.434  99.990          19.34        64.25   0.041        0.136       
2458121.14311  2458121.14021  2018-01-02.6431121  coadd_bb451378 1.72 -1.85 17.270     >17.270  99.990         -70.13        74.69   -0.148       0.158       
2458122.13668  2458122.13386  2018-01-03.6366824  coadd_bb451733 1.78 -1.85 17.670     >17.670  99.990          78.42        51.71   0.166        0.109       
2458123.13298  2458123.13025  2018-01-04.6329863  coadd_bb452089 1.82 -1.85 17.632     >17.632  99.990         119.12        53.55   0.252        0.113       
2458124.13316  2458124.13050  2018-01-05.6331596  coadd_bb452488 2.04 -1.85 17.783     >17.783  99.990        -112.85        46.60   -0.239       0.099       
2458159.17081  2458159.17138  2018-02-09.6708134  coadd_bb461654 2.00 -1.85 17.740     >17.740  99.990          -4.26        48.45   -0.009       0.102       
2458161.11756  2458161.11831  2018-02-11.6175584  coadd_bb462123 2.00 -1.85 18.490     >18.490  99.990         -23.24        24.29   -0.049       0.051       
2458162.81226  2458162.81317  2018-02-13.3122652  coadd_bf382215 1.41 -2.39 18.369     >18.369  99.990          11.68        16.55   0.041        0.057       
2458166.85487  2458166.85616  2018-02-17.3548782  coadd_bf383502 1.44 -2.39 17.782     >17.782  99.990         -69.70        28.41   -0.242       0.099       
2458181.80145  2458181.80406  2018-03-04.3014518  coadd_bf388185 1.49 -2.39 17.167     >17.167  99.990         -85.44        50.08   -0.297       0.174       
2458187.85849  2458187.86160  2018-03-10.3584971  coadd_bf390121 1.43 -2.39 18.130     >18.130  99.990         -33.05        20.63   -0.115       0.072       
2458198.06198  2458198.06583  2018-03-20.5619787  coadd_bb467502 1.69 -1.85 18.581     >18.581  99.990          55.81        22.33   0.118        0.047       
2458206.93953  2458206.94393  2018-03-29.4395291  coadd_bb468093 2.16 -1.85 17.814     >17.814  99.990          35.40        45.27   0.075        0.096       
2458207.91225  2458207.91671  2018-03-30.4122531  coadd_bb468366 1.71 -1.85 17.768     >17.768  99.990          71.88        47.22   0.152        0.100       
2458209.89383  2458209.89840  2018-04-01.3938398  coadd_bb468916 1.96 -1.85 16.727     >16.727  99.990         -54.67       123.22   -0.116       0.261       
2458220.96487  2458220.96993  2018-04-12.4648680  coadd_bb469839 1.64 -1.85 18.425     >18.425  99.990         -37.33        25.78   -0.079       0.055       
2458221.96132  2458221.96642  2018-04-13.4613260  coadd_bb470166 2.14 -1.85 18.674     >18.674  99.990          -5.75        20.50   -0.012       0.043       
2458231.64695  2458231.65232  2018-04-23.1469542  coadd_bf406509 1.48 -2.39 17.502     >17.502  99.990         -22.05        36.76   -0.077       0.128       
2458231.85201  2458231.85739  2018-04-23.3520172  coadd_bb472525 1.72 -1.85 18.420     >18.420  99.990         -36.78        25.91   -0.078       0.055       
2458232.95388  2458232.95928  2018-04-24.4538829  coadd_bb472942 1.69 -1.85 17.975     >17.975  99.990        -151.95        39.02   -0.321       0.083       
2458233.81516  2458233.82057  2018-04-25.3151571  coadd_bf407414 1.50 -2.39 17.782     >17.782  99.990         -35.06        28.41   -0.122       0.099       
2458233.98798  2458233.99340  2018-04-25.4879862  coadd_bb473338 2.11 -1.85 18.028     >18.028  99.990           8.44        37.16   0.018        0.079       
2458241.83388  2458241.83938  2018-05-03.3338839  coadd_bf410333 1.58 -2.39 17.094     >17.094  99.990         -26.52        53.54   -0.092       0.186       
2458243.65059  2458243.65609  2018-05-05.1505899  coadd_bf410681 1.47 -2.39 17.375     >17.375  99.990          52.95        41.33   0.184        0.143       
2458244.65127  2458244.65678  2018-05-06.1512737  coadd_bf411109 1.42 -2.39 17.558     >17.558  99.990          61.24        34.94   0.213        0.121       
2458250.90254  2458250.90802  2018-05-12.4025435  coadd_bb475721 1.70 -1.85 17.635     >17.635  99.990           7.78        53.39   0.016        0.113       
2458251.85975  2458251.86521  2018-05-13.3597487  coadd_bb475870 1.78 -1.85 18.660     >18.660  99.990           3.29        20.77   0.007        0.044       
2458252.95997  2458252.96542  2018-05-14.4599776  coadd_bb476301 2.12 -1.85 18.662     >18.662  99.990          31.80        20.72   0.067        0.044       
2458269.94494  2458269.94995  2018-05-31.4449390  coadd_bb479845 1.69 -1.85 17.719     >17.719  99.990          26.43        49.43   0.056        0.105       
2458270.85301  2458270.85799  2018-06-01.3530122  coadd_bb480094 1.59 -1.85 17.734     >17.734  99.990          23.97        48.75   0.051        0.103       
2458271.80662  2458271.81156  2018-06-02.3066241  coadd_bb480407 1.68 -1.85 18.649     >18.649  99.990           9.01        20.98   0.019        0.044       
2458274.92447  2458274.92927  2018-06-05.4244773  coadd_bb481110 1.75 -1.85 18.479     >18.479  99.990         -10.82        24.54   -0.023       0.052       
2458280.83211  2458280.83662  2018-06-11.3321138  coadd_bb482446 1.69 -1.85 18.304     >18.304  99.990          50.90        28.82   0.108        0.061       
2458281.87642  2458281.88087  2018-06-12.3764210  coadd_bb482780 1.72 -1.85 18.495     >18.495  99.990          -8.72        24.18   -0.018       0.051       
2458285.91435  2458285.91857  2018-06-16.4143509  coadd_bb484016 1.68 -1.85 18.624     >18.624  99.990          23.30        21.47   0.049        0.045       
2458290.85381  2458290.85773  2018-06-21.3538163  coadd_bb484954 1.98 -1.85 18.018     >18.018  99.990         -44.43        37.53   -0.094       0.079       
2458296.89597  2458296.89948  2018-06-27.3959773  coadd_bb486607 1.75 -1.85 17.237     >17.237  99.990         109.84        77.01   0.232        0.163       
2458298.77082  2458298.77418  2018-06-29.2708275  coadd_bb487168 2.15 -1.85 17.932     >17.932  99.990         -45.98        40.60   -0.097       0.086       
2458300.88210  2458300.88531  2018-07-01.3820996  coadd_bb487700 1.74 -1.85 16.435     >16.435  99.990        -509.17       161.22   -1.077       0.341       
2458301.67168  2458301.67483  2018-07-02.1716795  coadd_bf413508 1.55 -2.39 16.948     >16.948  99.990          21.65        61.27   0.075        0.213       
2458303.47307  2458303.47608  2018-07-03.9730703  coadd_bf414209 1.43 -2.39 18.347     >18.347  99.990          -4.57        16.89   -0.016       0.059       
2458310.67830  2458310.68073  2018-07-11.1783076  coadd_bf416539 1.47 -2.39 18.213     >18.213  99.990           1.88        19.10   0.007        0.066       
2458315.83030  2458315.83230  2018-07-16.3303077  coadd_bb491126 1.68 -1.85 18.294     >18.294  99.990           8.34        29.09   0.018        0.062       
2458318.79981  2458318.80154  2018-07-19.2998059  coadd_bb491894 1.72 -1.85 18.150     >18.150  99.990         -23.04        33.21   -0.049       0.070       
2458322.81484  2458322.81622  2018-07-23.3148373  coadd_bb493190 1.68 -1.85 17.217     >17.217  99.990         -80.35        78.48   -0.170       0.166       
2458325.62604  2458325.62717  2018-07-26.1260446  coadd_bf422124 1.55 -2.39 17.044     >17.044  99.990         -16.91        56.06   -0.059       0.195       
2458329.81507  2458329.81581  2018-07-30.3150732  coadd_bb495479 2.25 -1.85 17.445     >17.445  99.990          33.14        63.62   0.070        0.135       
2458338.75854  2458338.75846  2018-08-08.2585469  coadd_bb498056 1.67 -1.85 18.607     >18.607  99.990         -93.54        21.80   -0.198       0.046       
2458345.56108  2458345.56037  2018-08-15.0610850  coadd_bf429833 1.45 -2.39 18.490     >18.490  99.990         -21.11        14.80   -0.073       0.051       
2458352.54742  2458352.54607  2018-08-22.0474197  coadd_bf431826 1.38 -2.39 17.559     >17.559  99.990        -117.33        34.91   -0.407       0.121       
2458352.73320  2458352.73184  2018-08-22.2332016  coadd_bb501429 2.25 -1.85 17.399     >17.399  99.990          46.34        66.36   0.098        0.140       
2458356.53748  2458356.53578  2018-08-26.0374822  coadd_bf433354 1.49 -2.39 17.377     >17.377  99.990          52.87        41.27   0.184        0.143       
2458358.53024  2458358.52836  2018-08-28.0302364  coadd_bf433784 1.50 -2.39 17.498     >17.498  99.990         -38.51        36.92   -0.134       0.128       
2458360.52331  2458360.52126  2018-08-30.0233134  coadd_bf434605 1.56 -2.39 18.271     >18.271  99.990         -33.44        18.11   -0.116       0.063       
2458366.49068  2458366.48813  2018-09-04.9906813  coadd_bf436760 1.54 -2.39 18.580      18.568  0.361           41.35        13.63   0.144        0.047       
2458369.49541  2458369.49262  2018-09-07.9954197  coadd_bf437957 1.43 -2.39 18.677     >18.677  99.990           0.19        12.46   0.001        0.043       
2458372.48512  2458372.48210  2018-09-10.9851230  coadd_bf439155 1.41 -2.39 18.265     >18.265  99.990          28.01        18.22   0.097        0.063       
2458373.48539  2458373.48229  2018-09-11.9853927  coadd_bf439555 1.48 -2.39 18.258     >18.258  99.990         -59.95        18.33   -0.208       0.064       
