###  JD        HJD            UT_date             IMAGE          FWHM  Diff Limit      mag   mag_err       counts     count_err  flux (mJy)    flux_err
2458018.85040  2458018.85450  2017-09-22.3503997  coadd_bt000715 1.52 -1.68 19.409     >19.409  99.990           7.09        12.24   0.012        0.021       
2458019.84562  2458019.84979  2017-09-23.3456268  coadd_bt001181 1.57 -1.68 18.994     >18.994  99.990          17.54        17.93   0.030        0.031       
2458028.76218  2458028.76690  2017-10-02.2621921  coadd_bt002272 1.53 -1.68 17.593     >17.593  99.990          51.94        65.18   0.089        0.111       
2458029.74510  2458029.74987  2017-10-03.2451072  coadd_bl007533 1.70 -1.79 18.404     >18.404  99.990         -40.43        27.93   -0.076       0.053       
2458039.95363  2458039.95889  2017-10-13.4536375  coadd_bt006941 1.58 -1.68 18.849     >18.849  99.990           9.43        20.50   0.016        0.035       
2458040.94927  2458040.95456  2017-10-14.4492752  coadd_bt007287 1.53 -1.68 19.058     >19.058  99.990           4.21        16.91   0.007        0.029       
2458043.92762  2458043.93302  2017-10-17.4276307  coadd_bt008032 1.48 -1.68 19.287     >19.287  99.990          -2.90        13.69   -0.005       0.023       
2458044.90460  2458044.91003  2017-10-18.4046057  coadd_bt004239 1.51 -1.68 18.638     >18.638  99.990          14.54        24.89   0.025        0.042       
2458046.90840  2458046.91389  2017-10-20.4084055  coadd_bt004725 1.49 -1.68 18.409     >18.409  99.990         -54.30        30.72   -0.093       0.052       
2458048.89813  2458048.90367  2017-10-22.3981328  coadd_bt005161 1.58 -1.68 19.293     >19.293  99.990          33.08        13.62   0.056        0.023       
2458051.78491  2458051.79051  2017-10-25.2849186  coadd_bt005888 2.33 -1.68 19.302     >19.302  99.990         -21.26        13.51   -0.036       0.023       
2458053.77556  2458053.78120  2017-10-27.2755682  coadd_bt008502 1.72 -1.68 19.000     >19.000  99.990          48.11        17.83   0.082        0.030       
2458054.79665  2458054.80230  2017-10-28.2966564  coadd_bt008943 1.65 -1.68 19.186     >19.186  99.990          23.22        15.03   0.040        0.026       
2458055.67406  2458055.67973  2017-10-29.1740584  coadd_bl016416 1.57 -1.79 18.754     >18.754  99.990         -44.85        20.24   -0.085       0.038       
2458055.69355  2458055.69922  2017-10-29.1935486  coadd_bt009318 1.51 -1.68 18.936     >18.936  99.990          15.14        18.91   0.026        0.032       
2458056.68368  2458056.68936  2017-10-30.1836894  coadd_bl016811 2.08 -1.79 18.715     >18.715  99.990          17.43        20.98   0.033        0.040       
2458056.68628  2458056.69196  2017-10-30.1862862  coadd_bt009771 1.73 -1.68 18.414     >18.414  99.990          -4.83        30.60   -0.008       0.052       
2458057.69598  2458057.70167  2017-10-31.1959916  coadd_bt010192 1.88 -1.68 18.034     >18.034  99.990         128.46        43.43   0.219        0.074       
2458066.88303  2458066.88874  2017-11-09.3830353  coadd_bt013133 1.68 -1.68 18.017     >18.017  99.990         -43.99        44.08   -0.075       0.075       
2458067.89494  2458067.90065  2017-11-10.3949482  coadd_bt013481 1.69 -1.68 18.811     >18.811  99.990          59.05        21.22   0.101        0.036       
2458068.89115  2458068.89685  2017-11-11.3911648  coadd_bt013940 1.59 -1.68 19.157     >19.157  99.990           0.86        15.43   0.001        0.026       
2458071.84449  2458071.85014  2017-11-14.3444917  coadd_bt015032 1.63 -1.68 18.919     >18.919  99.990           5.19        19.21   0.009        0.033       
2458074.83133  2458074.83694  2017-11-17.3313361  coadd_bt015947 1.51 -1.68 19.047     >19.047  99.990          12.58        17.07   0.021        0.029       
2458075.79170  2458075.79729  2017-11-18.2917074  coadd_bt016390 1.57 -1.68 19.091     >19.091  99.990          29.56        16.40   0.050        0.028       
2458077.81600  2458077.82154  2017-11-20.3160131  coadd_bt017303 1.65 -1.68 19.137     >19.137  99.990           4.32        15.72   0.007        0.027       
2458079.81206  2458079.81755  2017-11-22.3120646  coadd_bt017876 1.76 -1.68 19.080     >19.080  99.990         -20.28        16.56   -0.035       0.028       
2458080.75388  2458080.75934  2017-11-23.2538795  coadd_bt018307 2.02 -1.68 19.189      19.159  0.355           46.22        14.99   0.079        0.026       
2458081.67691  2458081.68234  2017-11-24.1769091  coadd_bt018722 1.97 -1.68 18.981     >18.981  99.990          39.16        18.15   0.067        0.031       
2458083.63590  2458083.64126  2017-11-26.1358997  coadd_bt019499 1.55 -1.68 19.129     >19.129  99.990           8.26        15.83   0.014        0.027       
2458084.63263  2458084.63796  2017-11-27.1326300  coadd_bt019954 1.50 -1.68 18.878     >18.878  99.990          37.70        19.96   0.064        0.034       
2458085.78464  2458085.78993  2017-11-28.2846435  coadd_bt020554 1.64 -1.68 18.808     >18.808  99.990           8.11        21.29   0.014        0.036       
2458086.49600  2458086.50126  2017-11-28.9960064  coadd_bp006575 2.21 -1.72 17.932     >17.932  99.990          60.97        46.06   0.108        0.081       
2458086.54786  2458086.55312  2017-11-29.0478667  coadd_bt020837 1.68 -1.68 17.525     >17.525  99.990          88.56        69.39   0.151        0.118       
2458086.71221  2458086.71746  2017-11-29.2122157  coadd_bl025091 1.54 -1.79 18.128     >18.128  99.990          16.17        36.01   0.030        0.068       
2458087.49330  2458087.49852  2017-11-29.9933054  coadd_bp006942 2.16 -1.72 17.767     >17.767  99.990         110.96        53.60   0.196        0.095       
2458091.63664  2458091.64168  2017-12-04.1366434  coadd_bt022610 1.66 -1.68 17.846     >17.846  99.990         124.54        51.63   0.212        0.088       
2458094.73672  2458094.74160  2017-12-07.2367222  coadd_bl027359 1.48 -1.79 17.872     >17.872  99.990         -41.36        45.60   -0.078       0.086       
2458095.73407  2458095.73890  2017-12-08.2340711  coadd_bl027711 1.49 -1.79 18.155     >18.155  99.990         -71.90        35.14   -0.136       0.066       
2458096.72992  2458096.73469  2017-12-09.2299218  coadd_bl028063 1.53 -1.79 18.379     >18.379  99.990         -90.64        28.58   -0.171       0.054       
2458097.72721  2458097.73193  2017-12-10.2272144  coadd_bl028417 1.47 -1.79 18.768     >18.768  99.990         -42.73        19.98   -0.081       0.038       
2458099.72178  2458099.72638  2017-12-12.2217831  coadd_bl028728 1.54 -1.79 18.836     >18.836  99.990          43.70        18.76   0.082        0.035       
2458101.71110  2458101.71558  2017-12-14.2111059  coadd_bl029228 1.59 -1.79 18.820     >18.820  99.990         -36.88        19.05   -0.070       0.036       
2458103.70528  2458103.70963  2017-12-16.2052833  coadd_bl029598 1.80 -1.79 18.936     >18.936  99.990         -40.39        17.10   -0.076       0.032       
2458104.70144  2458104.70573  2017-12-17.2014424  coadd_bl029949 1.60 -1.79 18.723     >18.723  99.990         -37.39        20.82   -0.070       0.039       
2458107.63789  2458107.64197  2017-12-20.1378865  coadd_bt027183 1.66 -1.68 19.211     >19.211  99.990         -15.87        14.68   -0.027       0.025       
2458107.68368  2458107.68776  2017-12-20.1836791  coadd_bl030855 1.46 -1.79 18.794     >18.794  99.990         -38.11        19.50   -0.072       0.037       
2458108.68038  2458108.68439  2017-12-21.1803846  coadd_bl031203 2.02 -1.79 19.213     >19.213  99.990          -8.47        13.26   -0.016       0.025       
2458109.61740  2458109.62134  2017-12-22.1174016  coadd_bl031505 2.14 -1.79 19.022     >19.022  99.990           8.93        15.81   0.017        0.030       
2458110.62457  2458110.62844  2017-12-23.1245684  coadd_bl031863 1.62 -1.79 19.124     >19.124  99.990         -12.38        14.39   -0.023       0.027       
2458111.64847  2458111.65226  2017-12-24.1484703  coadd_bl032235 1.64 -1.79 19.090     >19.090  99.990          37.12        14.85   0.070        0.028       
2458111.73003  2458111.73382  2017-12-24.2300350  coadd_bt028523 2.26 -1.68 18.627     >18.627  99.990          36.74        25.15   0.063        0.043       
2458112.64911  2458112.65283  2017-12-25.1491173  coadd_bl032587 1.54 -1.79 18.845     >18.845  99.990         -21.88        18.61   -0.041       0.035       
2458113.62732  2458113.63096  2017-12-26.1273207  coadd_bl032921 1.45 -1.79 18.814     >18.814  99.990         -18.11        19.14   -0.034       0.036       
2458114.61257  2458114.61614  2017-12-27.1125751  coadd_bl033261 1.63 -1.79 18.407     >18.407  99.990          29.70        27.84   0.056        0.052       
2458123.59779  2458123.60061  2018-01-05.0977918  coadd_bl035796 1.76 -1.79 18.766     >18.766  99.990          -5.02        20.01   -0.009       0.038       
2458124.54981  2458124.55254  2018-01-06.0498168  coadd_bl036112 1.54 -1.79 18.906     >18.906  99.990          19.35        17.58   0.036        0.033       
2458125.54980  2458125.55245  2018-01-07.0498043  coadd_bl036468 1.49 -1.79 19.134     >19.134  99.990         -37.35        14.25   -0.070       0.027       
2458125.66168  2458125.66431  2018-01-07.1616756  coadd_bt033807 1.58 -1.68 18.070      18.036  0.354          130.05        42.00   0.222        0.072       
2458126.58204  2458126.58459  2018-01-08.0820379  coadd_bl036804 1.64 -1.79 18.932     >18.932  99.990          38.41        17.17   0.072        0.032       
2458126.65887  2458126.66141  2018-01-08.1588692  coadd_bt034174 1.47 -1.68 18.726     >18.726  99.990          27.25        22.95   0.046        0.039       
2458127.62886  2458127.63132  2018-01-09.1288651  coadd_bt034628 1.52 -1.68 18.903     >18.903  99.990          45.08        19.50   0.077        0.033       
2458128.37537  2458128.37776  2018-01-09.8753763  coadd_bp017488 1.80 -1.72 19.316     >19.316  99.990          11.50        12.87   0.020        0.023       
2458129.37103  2458129.37333  2018-01-10.8710349  coadd_bp017868 2.06 -1.72 18.843     >18.843  99.990         -23.62        19.89   -0.042       0.035       
2458130.37044  2458130.37264  2018-01-11.8704425  coadd_bp018246 1.59 -1.72 19.015     >19.015  99.990          19.64        16.98   0.035        0.030       
2458132.36294  2458132.36496  2018-01-13.8629393  coadd_bp018858 1.51 -1.72 18.899      18.885  0.360           57.44        18.89   0.101        0.033       
2458133.34150  2458133.34343  2018-01-14.8415138  coadd_bp019170 1.81 -1.72 18.984     >18.984  99.990          36.63        17.48   0.065        0.031       
2458133.60676  2458133.60866  2018-01-15.1067664  coadd_bt036622 1.58 -1.68 19.070     >19.070  99.990         -26.63        16.73   -0.045       0.029       
2458134.34367  2458134.34550  2018-01-15.8436760  coadd_bp019525 1.66 -1.72 19.506     >19.506  99.990         -25.63        10.80   -0.045       0.019       
2458135.34337  2458135.34511  2018-01-16.8433761  coadd_bp019824 1.50 -1.72 19.053     >19.053  99.990         -42.54        16.40   -0.075       0.029       
2458137.57601  2458137.57753  2018-01-19.0760204  coadd_bt037271 1.47 -1.68 18.887     >18.887  99.990           6.09        19.79   0.010        0.034       
2458138.66354  2458138.66495  2018-01-20.1635450  coadd_bt037801 1.62 -1.68 19.297     >19.297  99.990          -1.68        13.56   -0.003       0.023       
2458139.62551  2458139.62683  2018-01-21.1255127  coadd_bt038242 1.85 -1.68 19.071     >19.071  99.990          33.20        16.71   0.057        0.028       
2458140.65561  2458140.65683  2018-01-22.1556101  coadd_bt038669 2.12 -1.68 18.969     >18.969  99.990          29.89        18.35   0.051        0.031       
2458146.32102  2458146.32168  2018-01-27.8210263  coadd_bp021934 1.64 -1.72 17.666     >17.666  99.990          18.01        58.82   0.032        0.104       
2458146.57865  2458146.57928  2018-01-28.0786526  coadd_bl043422 1.67 -1.79 17.535     >17.535  99.990          -1.75        62.17   -0.003       0.117       
2458147.32979  2458147.33035  2018-01-28.8297942  coadd_bp022087 1.90 -1.72 17.476     >17.476  99.990        -138.94        70.10   -0.245       0.124       
2458147.57809  2458147.57862  2018-01-29.0780956  coadd_bl043789 1.75 -1.79 17.238     >17.238  99.990          78.54        81.74   0.148        0.154       
2458148.57399  2458148.57442  2018-01-30.0739947  coadd_bl044154 1.62 -1.79 17.411     >17.411  99.990          69.59        69.72   0.131        0.131       
2458149.56994  2458149.57027  2018-01-31.0699461  coadd_bl044519 1.62 -1.79 17.219     >17.219  99.990         237.31        83.17   0.447        0.157       
2458150.31194  2458150.31219  2018-01-31.8119383  coadd_bp022887 1.69 -1.72 17.517     >17.517  99.990         -53.47        67.49   -0.094       0.119       
2458150.56930  2458150.56952  2018-02-01.0692971  coadd_bl044884 1.73 -1.79 17.474     >17.474  99.990        -149.68        65.76   -0.282       0.124       
2458151.56513  2458151.56526  2018-02-02.0651348  coadd_bl045251 1.77 -1.79 17.848     >17.848  99.990          78.84        46.63   0.149        0.088       
2458303.68042  2458303.67728  2018-07-04.1804162  coadd_bp059595 1.55 -1.72 18.191     >18.191  99.990          76.79        36.28   0.136        0.064       
2458303.93273  2458303.92962  2018-07-04.4327368  coadd_bl102057 1.99 -1.79 18.141     >18.141  99.990          43.38        35.60   0.082        0.067       
2458304.67620  2458304.67315  2018-07-05.1762046  coadd_bp060044 1.57 -1.72 18.124     >18.124  99.990         -71.22        38.57   -0.126       0.068       
2458304.93564  2458304.93261  2018-07-05.4356395  coadd_bl102182 1.62 -1.79 16.305     >16.305  99.990         -87.30       193.04   -0.165       0.364       
2458305.67289  2458305.66992  2018-07-06.1728896  coadd_bp060480 1.48 -1.72 18.496     >18.496  99.990          -0.74        27.38   -0.001       0.048       
2458313.90517  2458313.90292  2018-07-14.4051693  coadd_bl105703 1.47 -1.79 18.921     >18.921  99.990          31.82        17.34   0.060        0.033       
2458322.90438  2458322.90297  2018-07-23.4043839  coadd_bl108798 1.52 -1.79 18.091     >18.091  99.990         102.61        37.25   0.193        0.070       
2458324.62629  2458324.62504  2018-07-25.1262878  coadd_bp065636 1.81 -1.72 17.512     >17.512  99.990          73.25        67.76   0.129        0.120       
2458324.88946  2458324.88824  2018-07-25.3894662  coadd_bl109688 1.50 -1.79 18.271     >18.271  99.990          60.35        31.57   0.114        0.060       
2458328.60863  2458328.60776  2018-07-29.1086268  coadd_bp066657 2.13 -1.72 17.796     >17.796  99.990         -38.62        52.16   -0.068       0.092       
2458328.86477  2458328.86392  2018-07-29.3647699  coadd_bl110868 1.52 -1.79 17.769     >17.769  99.990          67.97        50.12   0.128        0.094       
2458330.60703  2458330.60636  2018-07-31.1070296  coadd_bp067053 1.60 -1.72 17.590     >17.590  99.990          11.82        63.10   0.021        0.111       
2458332.60284  2458332.60236  2018-08-02.1028509  coadd_bp067360 1.74 -1.72 18.040     >18.040  99.990          56.70        41.67   0.100        0.074       
2458343.89610  2458343.89672  2018-08-13.3961030  coadd_bl117288 1.62 -1.79 19.140     >19.140  99.990          -7.20        14.18   -0.014       0.027       
2458346.87116  2458346.87207  2018-08-16.3711586  coadd_bl118597 1.67 -1.79 19.103     >19.103  99.990          10.10        14.67   0.019        0.028       
2458347.91694  2458347.91795  2018-08-17.4169396  coadd_bl119068 1.50 -1.79 19.029     >19.029  99.990          21.13        15.70   0.040        0.030       
2458350.84579  2458350.84709  2018-08-20.3457957  coadd_bl120129 1.49 -1.79 19.176     >19.176  99.990           3.14        13.72   0.006        0.026       
2458358.81643  2458358.81847  2018-08-28.3164293  coadd_bl123162 1.55 -1.79 17.677     >17.677  99.990          18.44        54.54   0.035        0.103       
2458359.53028  2458359.53239  2018-08-29.0302859  coadd_bp073273 1.60 -1.72 17.874     >17.874  99.990         122.02        48.59   0.215        0.086       
2458359.79583  2458359.79796  2018-08-29.2958327  coadd_bl123573 1.52 -1.79 17.660     >17.660  99.990          63.86        55.42   0.120        0.104       
2458360.52330  2458360.52550  2018-08-30.0233027  coadd_bp073683 1.52 -1.72 17.984     >17.984  99.990        -116.24        43.90   -0.205       0.078       
2458365.65715  2458365.65980  2018-09-04.1571486  coadd_bp075049 1.70 -1.72 17.952     >17.952  99.990          90.16        45.22   0.159        0.080       
2458368.86355  2458368.86647  2018-09-07.3635469  coadd_bl127107 1.64 -1.79 19.116      19.110  0.363           43.72        14.50   0.082        0.027       
2458369.87179  2458369.87480  2018-09-08.3717922  coadd_bl127531 1.75 -1.79 19.068     >19.068  99.990         -24.05        15.16   -0.045       0.029       
2458371.89341  2458371.89659  2018-09-10.3934192  coadd_bl128381 1.52 -1.79 19.008     >19.008  99.990          13.04        16.01   0.025        0.030       
2458372.57792  2458372.58116  2018-09-11.0779211  coadd_bp075889 1.68 -1.72 19.307     >19.307  99.990          23.65        12.97   0.042        0.023       
2458372.91550  2458372.91876  2018-09-11.4154996  coadd_bt097786 2.34 -1.68 18.940     >18.940  99.990         -30.72        18.85   -0.052       0.032       
2458373.60354  2458373.60686  2018-09-12.1035417  coadd_bp076205 1.51 -1.72 19.076     >19.076  99.990           5.45        16.06   0.010        0.028       
2458377.76833  2458377.77198  2018-09-16.2683400  coadd_bl130694 1.68 -1.79 19.255     >19.255  99.990          -6.14        12.75   -0.012       0.024       
2458383.71112  2458383.71519  2018-09-22.2111166  coadd_bl132936 1.48 -1.79 18.625     >18.625  99.990         -31.77        22.79   -0.060       0.043       
2458384.87955  2458384.88370  2018-09-23.3795502  coadd_bt099425 2.16 -1.68 18.217     >18.217  99.990        -147.22        36.68   -0.251       0.063       
2458385.81679  2458385.82101  2018-09-24.3168020  coadd_bl133607 1.55 -1.79 17.756      17.497  0.288          193.22        50.72   0.364        0.096       
2458386.85128  2458386.85556  2018-09-25.3512872  coadd_bt100222 1.57 -1.68 17.505     >17.505  99.990         183.28        70.66   0.312        0.120       
2458392.61033  2458392.61498  2018-10-01.1103372  coadd_bp079353 1.67 -1.72 17.917     >17.917  99.990         -55.06        46.69   -0.097       0.082       
2458393.84074  2458393.84545  2018-10-02.3407482  coadd_bt101914 1.60 -1.68 18.805     >18.805  99.990          44.14        21.34   0.075        0.036       
2458395.48712  2458395.49192  2018-10-03.9871181  coadd_bp079847 1.76 -1.72 19.158     >19.158  99.990          24.78        14.89   0.044        0.026       
2458397.76415  2458397.76907  2018-10-06.2641552  coadd_bl137721 1.48 -1.79 19.106     >19.106  99.990           0.86        14.63   0.002        0.028       
2458401.87809  2458401.88320  2018-10-10.3780922  coadd_bt103547 1.58 -1.68 19.105     >19.105  99.990          21.81        16.18   0.037        0.028       
2458405.75826  2458405.76354  2018-10-14.2582645  coadd_bl139588 2.02 -1.79 19.053     >19.053  99.990         -19.26        15.36   -0.036       0.029       
2458406.66315  2458406.66846  2018-10-15.1631576  coadd_bl139891 1.47 -1.79 18.821     >18.821  99.990         -45.83        19.02   -0.086       0.036       
2458407.70461  2458407.70995  2018-10-16.2046059  coadd_bl140303 1.44 -1.79 19.074     >19.074  99.990         -32.48        15.07   -0.061       0.028       
2458409.81271  2458409.81812  2018-10-18.3127062  coadd_bl141147 1.46 -1.79 19.026     >19.026  99.990           5.02        15.76   0.009        0.030       
2458413.43484  2458413.44036  2018-10-21.9348359  coadd_bp084300 1.61 -1.72 17.486     >17.486  99.990         194.98        69.44   0.344        0.123       
2458414.63448  2458414.64003  2018-10-23.1344792  coadd_bl142884 1.57 -1.79 17.472     >17.472  99.990        -112.62        65.86   -0.212       0.124       
2458420.47354  2458420.47921  2018-10-28.9735425  coadd_bp086668 2.04 -1.72 17.187     >17.187  99.990         204.16        91.48   0.361        0.162       
2458425.58136  2458425.58707  2018-11-03.0813711  coadd_bl145896 1.45 -1.79 19.014     >19.014  99.990         -18.22        15.92   -0.034       0.030       
2458425.86762  2458425.87333  2018-11-03.3676248  coadd_bt108415 1.53 -1.68 18.867     >18.867  99.990         -13.22        20.15   -0.023       0.034       
2458426.58137  2458426.58708  2018-11-04.0813678  coadd_bl146254 1.50 -1.79 18.809     >18.809  99.990         -39.39        19.23   -0.074       0.036       
2458426.83249  2458426.83821  2018-11-04.3324981  coadd_bt108764 1.62 -1.68 18.850     >18.850  99.990          48.70        20.48   0.083        0.035       
2458427.57524  2458427.58096  2018-11-05.0752444  coadd_bl146576 1.45 -1.79 18.917     >18.917  99.990         -39.11        17.41   -0.074       0.033       
2458427.76457  2458427.77029  2018-11-05.2645725  coadd_bt109148 1.55 -1.68 18.422     >18.422  99.990          -0.92        30.38   -0.002       0.052       
2458428.57203  2458428.57775  2018-11-06.0720266  coadd_bl146930 1.49 -1.79 18.877     >18.877  99.990         -19.06        18.06   -0.036       0.034       
2458430.89920  2458430.90491  2018-11-08.3992064  coadd_bt110575 1.57 -1.68 18.990     >18.990  99.990         -13.57        18.00   -0.023       0.031       
2458431.57015  2458431.57586  2018-11-09.0701516  coadd_bl147992 1.52 -1.79 18.855     >18.855  99.990          19.67        18.43   0.037        0.035       
2458432.56718  2458432.57289  2018-11-10.0671806  coadd_bl148342 1.46 -1.79 18.853      18.528  0.271           74.74        18.47   0.141        0.035       
2458434.57610  2458434.58179  2018-11-12.0761131  coadd_bl149051 1.47 -1.79 18.886     >18.886  99.990         -33.09        17.91   -0.062       0.034       
2458434.86357  2458434.86925  2018-11-12.3635721  coadd_bt111437 2.41 -1.68 17.847     >17.847  99.990        -126.20        51.59   -0.215       0.088       
2458435.60998  2458435.61566  2018-11-13.1099844  coadd_bl149367 1.53 -1.79 19.017     >19.017  99.990           4.67        15.89   0.009        0.030       
2458437.49011  2458437.49576  2018-11-14.9901171  coadd_bp088951 1.66 -1.72 19.043     >19.043  99.990          -1.13        16.54   -0.002       0.029       
2458438.73134  2458438.73697  2018-11-16.2313516  coadd_bl150356 1.47 -1.79 18.940     >18.940  99.990         -55.34        17.05   -0.104       0.032       
2458439.69832  2458439.70394  2018-11-17.1983302  coadd_bt112602 2.18 -1.68 18.424     >18.424  99.990          44.19        30.30   0.075        0.052       
2458440.63620  2458440.64179  2018-11-18.1362025  coadd_bl150969 1.47 -1.79 18.113     >18.113  99.990         -36.78        36.52   -0.069       0.069       
2458448.61475  2458448.62012  2018-11-26.1147565  coadd_bt115591 1.73 -1.68 18.331     >18.331  99.990         -88.93        33.01   -0.152       0.056       
2458449.75538  2458449.76072  2018-11-27.2553839  coadd_bt116035 1.53 -1.68 18.419     >18.419  99.990         -38.53        30.46   -0.066       0.052       
2458452.82696  2458452.83217  2018-11-30.3269593  coadd_bD000115 1.49 -1.61 19.120     >19.120  99.990          14.92        16.97   0.024        0.027       
2458453.48193  2458453.48712  2018-11-30.9819256  coadd_bp092937 1.48 -1.72 18.737     >18.737  99.990          51.01        21.94   0.090        0.039       
2458453.68807  2458453.69325  2018-12-01.1880866  coadd_bD000287 2.04 -1.61 18.321     >18.321  99.990          91.58        35.41   0.147        0.057       
2458454.67164  2458454.67677  2018-12-02.1716475  coadd_bl155617 1.47 -1.79 19.068     >19.068  99.990         -55.49        15.16   -0.105       0.029       
2458455.78928  2458455.79437  2018-12-03.2892832  coadd_bt118410 1.69 -1.68 19.002     >19.002  99.990         -24.41        17.80   -0.042       0.030       
2458456.53271  2458456.53777  2018-12-04.0327207  coadd_bt118664 1.87 -1.68 17.487     >17.487  99.990        -124.38        71.83   -0.212       0.122       
2458456.87047  2458456.87551  2018-12-04.3704710  coadd_bD001052 1.51 -1.61 18.896     >18.896  99.990          27.69        20.84   0.044        0.033       
2458457.48403  2458457.48904  2018-12-04.9840394  coadd_bp093874 1.67 -1.72 18.550     >18.550  99.990         -55.15        26.06   -0.097       0.046       
2458457.53278  2458457.53778  2018-12-05.0327814  coadd_bt119125 1.68 -1.68 17.324     >17.324  99.990        -148.63        83.50   -0.253       0.142       
2458457.88919  2458457.89418  2018-12-05.3891981  coadd_bD001398 1.49 -1.61 19.121     >19.121  99.990         -20.67        16.95   -0.033       0.027       
2458462.74366  2458462.74839  2018-12-10.2436634  coadd_bD003137 1.51 -1.61 19.184     >19.184  99.990           8.55        15.98   0.014        0.026       
2458463.43627  2458463.44096  2018-12-10.9362719  coadd_bp094750 1.54 -1.72 19.024     >19.024  99.990         -10.58        16.84   -0.019       0.030       
2458465.53225  2458465.53681  2018-12-13.0322538  coadd_bl159069 1.55 -1.79 18.641     >18.641  99.990          24.53        22.45   0.046        0.042       
2458465.76421  2458465.76877  2018-12-13.2642222  coadd_bt120130 1.68 -1.68 18.305     >18.305  99.990          48.67        33.83   0.083        0.058       
2458466.44229  2458466.44680  2018-12-13.9422881  coadd_bp095681 1.56 -1.72 19.067     >19.067  99.990         -30.81        16.19   -0.054       0.029       
2458467.43404  2458467.43849  2018-12-14.9340394  coadd_bp095941 1.68 -1.72 19.063     >19.063  99.990           1.96        16.25   0.003        0.029       
2458467.57026  2458467.57471  2018-12-15.0702748  coadd_bl159761 1.57 -1.79 18.705     >18.705  99.990         -52.45        21.16   -0.099       0.040       
2458468.43950  2458468.44389  2018-12-15.9394990  coadd_bp096266 1.52 -1.72 18.361     >18.361  99.990           2.28        31.02   0.004        0.055       
2458469.37417  2458469.37850  2018-12-16.8741765  coadd_bp096412 1.54 -1.72 18.224     >18.224  99.990         -35.45        35.19   -0.063       0.062       
2458474.84365  2458474.84759  2018-12-22.3436561  coadd_bD007385 1.57 -1.61 17.697     >17.697  99.990          -7.66        62.88   -0.012       0.101       
2458475.69730  2458475.70119  2018-12-23.1973060  coadd_bD007683 1.79 -1.61 18.253      18.163  0.336          122.80        37.69   0.197        0.060       
2458476.67468  2458476.67850  2018-12-24.1746952  coadd_bt122304 1.52 -1.68 18.062     >18.062  99.990          77.10        42.31   0.131        0.072       
2458477.60723  2458477.61097  2018-12-25.1072284  coadd_bl162842 1.45 -1.79 18.219     >18.219  99.990        -105.09        33.13   -0.198       0.062       
2458477.78291  2458477.78664  2018-12-25.2829178  coadd_bt122851 1.56 -1.68 17.888     >17.888  99.990         142.86        49.65   0.244        0.085       
2458481.39538  2458481.39882  2018-12-28.8953802  coadd_bp099395 1.48 -1.72 19.002     >19.002  99.990          46.92        17.18   0.083        0.030       
2458482.59760  2458482.60094  2018-12-30.0976072  coadd_bl164482 1.48 -1.79 18.919     >18.919  99.990          25.60        17.38   0.048        0.033       
2458484.75592  2458484.75909  2019-01-01.2559277  coadd_bt124693 1.63 -1.68 18.800     >18.800  99.990          19.55        21.45   0.033        0.037       
2458485.38487  2458485.38798  2019-01-01.8848765  coadd_bp100677 1.48 -1.72 19.011     >19.011  99.990          -2.07        17.05   -0.004       0.030       
2458485.85175  2458485.85483  2019-01-02.3517626  coadd_bD009808 1.76 -1.61 19.091     >19.091  99.990         -10.79        17.42   -0.017       0.028       
2458486.58359  2458486.58660  2019-01-03.0835949  coadd_bl165796 1.52 -1.79 18.089     >18.089  99.990          46.73        37.33   0.088        0.070       
2458487.38493  2458487.38787  2019-01-03.8849265  coadd_bp100939 1.51 -1.72 18.843     >18.843  99.990          -9.55        19.89   -0.017       0.035       
2458488.86866  2458488.87148  2019-01-05.3686748  coadd_bD010557 1.72 -1.61 19.245     >19.245  99.990         -28.55        15.12   -0.046       0.024       
2458489.83686  2458489.83959  2019-01-06.3368630  coadd_bD010989 1.48 -1.61 19.257     >19.257  99.990         -30.89        14.95   -0.050       0.024       
2458490.83664  2458490.83928  2019-01-07.3366425  coadd_bD011400 1.74 -1.61 19.117     >19.117  99.990         -26.20        17.00   -0.042       0.027       
2458493.82817  2458493.83054  2019-01-10.3281728  coadd_bD012502 1.72 -1.61 19.220     >19.220  99.990         -18.73        15.47   -0.030       0.025       
2458495.73520  2458495.73739  2019-01-12.2352041  coadd_bt127020 1.56 -1.68 18.716     >18.716  99.990          22.14        23.17   0.038        0.040       
2458501.79278  2458501.79440  2019-01-18.2927859  coadd_bD015928 1.59 -1.61 18.145     >18.145  99.990         -14.33        41.65   -0.023       0.067       
2458503.70917  2458503.71061  2019-01-20.2091839  coadd_bt129256 1.55 -1.68 17.443     >17.443  99.990         -49.82        74.81   -0.085       0.128       
2458504.29769  2458504.29907  2019-01-20.7976896  coadd_bp104276 1.82 -1.72 17.676     >17.676  99.990         140.81        58.30   0.249        0.103       
2458504.79413  2458504.79546  2019-01-21.2941243  coadd_bD016608 1.57 -1.61 16.993     >16.993  99.990        -331.31       120.33   -0.532       0.193       
2458505.72883  2458505.73007  2019-01-22.2288413  coadd_bD017007 1.54 -1.61 18.422     >18.422  99.990         -41.58        32.25   -0.067       0.052       
2458507.32623  2458507.32731  2019-01-23.8262332  coadd_bp105269 1.53 -1.72 18.832     >18.832  99.990          15.27        20.09   0.027        0.035       
2458510.73473  2458510.73547  2019-01-27.2347339  coadd_bD018826 1.49 -1.61 18.415     >18.415  99.990         -47.19        32.46   -0.076       0.052       
2458511.31758  2458511.31827  2019-01-27.8175811  coadd_bp106358 1.50 -1.72 18.911      18.857  0.347           58.92        18.69   0.104        0.033       
2458512.65176  2458512.65231  2019-01-29.1517701  coadd_bt132814 1.50 -1.68 18.809     >18.809  99.990         -25.23        21.26   -0.043       0.036       
2458513.29479  2458513.29527  2019-01-29.7947951  coadd_bp106998 1.49 -1.72 18.906     >18.906  99.990         -21.69        18.77   -0.038       0.033       
2458514.56997  2458514.57032  2019-01-31.0699768  coadd_bl175148 1.71 -1.79 18.665     >18.665  99.990         -40.47        21.95   -0.076       0.041       
2458515.67532  2458515.67556  2019-02-01.1753296  coadd_bt133223 1.50 -1.68 18.545     >18.545  99.990           8.14        27.13   0.014        0.046       
2458517.30045  2458517.30053  2019-02-02.8004502  coadd_bp107668 1.58 -1.72 18.777     >18.777  99.990         -11.32        21.14   -0.020       0.037       
2458519.55596  2458519.55581  2019-02-05.0559644  coadd_bl175845 1.51 -1.79 18.832     >18.832  99.990          38.82        18.82   0.073        0.035       
2458520.28987  2458520.28965  2019-02-05.7898696  coadd_bp108377 1.74 -1.72 18.950     >18.950  99.990          29.31        18.04   0.052        0.032       
2458521.29430  2458521.29398  2019-02-06.7943064  coadd_bp108714 1.65 -1.72 19.111     >19.111  99.990         -37.43        15.54   -0.066       0.027       
2458522.65742  2458522.65697  2019-02-08.1574297  coadd_bt134326 1.50 -1.68 18.800     >18.800  99.990          -5.71        21.43   -0.010       0.037       
2458523.65459  2458523.65403  2019-02-09.1545858  coadd_bt134708 1.56 -1.68 18.528     >18.528  99.990         -45.85        27.54   -0.078       0.047       
2458529.62739  2458529.62624  2019-02-15.1273994  coadd_bt135989 1.50 -1.68 16.600     >16.600  99.990         410.29       162.69   0.699        0.277       
2458530.63411  2458530.63285  2019-02-16.1341062  coadd_bt136392 1.50 -1.68 16.867     >16.867  99.990        -125.39       127.20   -0.214       0.217       
2458531.62835  2458531.62700  2019-02-17.1283501  coadd_bt136683 1.52 -1.68 17.693     >17.693  99.990          29.45        59.42   0.050        0.101       
2458539.59171  2458539.58960  2019-02-25.0917193  coadd_bt138236 1.50 -1.68 18.356     >18.356  99.990         -90.47        32.28   -0.154       0.055       
2458540.59959  2458540.59738  2019-02-26.0995976  coadd_bt138670 1.50 -1.68 18.726     >18.726  99.990         -29.97        22.94   -0.051       0.039       
2458541.60023  2458541.59793  2019-02-27.1002349  coadd_bt139044 1.51 -1.68 18.778     >18.778  99.990         -56.61        21.88   -0.097       0.037       
2458543.59369  2458543.59121  2019-03-01.0936912  coadd_bt139533 1.63 -1.68 18.790     >18.790  99.990          41.89        21.64   0.071        0.037       
2458544.59057  2458544.58800  2019-03-02.0905777  coadd_bt139954 2.06 -1.68 18.363     >18.363  99.990          -8.17        32.06   -0.014       0.055       
2458545.58734  2458545.58468  2019-03-03.0873508  coadd_bt140368 1.95 -1.68 18.776     >18.776  99.990         -50.67        21.92   -0.086       0.037       
2458653.93882  2458653.93456  2019-06-19.4388304  coadd_bl228223 1.60 -1.79 17.187     >17.187  99.990          17.36        85.65   0.033        0.161       
2458655.93143  2458655.92730  2019-06-21.4314327  coadd_bl229141 1.60 -1.79 17.560     >17.560  99.990         149.01        60.75   0.281        0.114       
2458668.65308  2458668.64992  2019-07-04.1530872  coadd_bp147674 1.55 -1.72 18.938     >18.938  99.990           0.15        18.23   0.000        0.032       
2458672.11972  2458672.11685  2019-07-07.6197199  coadd_bD051865 1.54 -1.61 18.023     >18.023  99.990          39.88        46.58   0.064        0.075       
2458672.66815  2458672.66533  2019-07-08.1681584  coadd_bp148151 1.57 -1.72 18.994     >18.994  99.990           2.00        17.31   0.004        0.031       
2458673.67448  2458673.67174  2019-07-09.174475  coadd_bp148487 1.57 -1.72 18.975     >18.975  99.990         -13.97        17.62   -0.025       0.031       
2458676.09843  2458676.09591  2019-07-11.5984282  coadd_bD052708 1.59 -1.61 19.085     >19.085  99.990         -32.54        17.52   -0.052       0.028       
2458679.06870  2458679.06645  2019-07-14.5687084  coadd_bD053441 1.50 -1.61 18.197     >18.197  99.990          12.69        39.69   0.020        0.064       
2458683.96480  2458683.96299  2019-07-19.4648056  coadd_bt172956 1.56 -1.68 16.752     >16.752  99.990         322.52       141.34   0.550        0.241       
2458693.12060  2458693.11966  2019-07-28.6206006  coadd_bD057482 1.49 -1.61 18.916     >18.916  99.990          34.20        20.46   0.055        0.033       
2458695.13137  2458695.13063  2019-07-30.6313739  coadd_bD057974 1.50 -1.61 17.599     >17.599  99.990        -103.77        68.86   -0.167       0.111       
2458696.67592  2458696.67533  2019-08-01.1759225  coadd_bp153891 1.47 -1.72 19.059     >19.059  99.990           4.32        16.30   0.008        0.029       
2458697.95400  2458697.95353  2019-08-02.4540043  coadd_bt176472 1.47 -1.68 18.595     >18.595  99.990          31.62        25.89   0.054        0.044       
2458699.66077  2458699.66047  2019-08-04.1607827  coadd_bp155130 1.53 -1.72 19.269      19.035  0.294           50.04        13.44   0.088        0.024       
2458701.84678  2458701.84669  2019-08-06.3467831  coadd_bl244860 1.53 -1.79 18.117     >18.117  99.990         -67.14        36.37   -0.127       0.069       
2458702.59738  2458702.59736  2019-08-07.0973746  coadd_bp155806 1.55 -1.72 18.735     >18.735  99.990         -12.94        21.98   -0.023       0.039       
2458704.93826  2458704.93847  2019-08-09.4382667  coadd_bt178299 1.57 -1.68 18.607     >18.607  99.990         -15.92        25.60   -0.027       0.044       
2458705.93003  2458705.93034  2019-08-10.4300326  coadd_bt178549 1.47 -1.68 18.467     >18.467  99.990        -141.15        29.14   -0.241       0.050       
2458706.95535  2458706.95577  2019-08-11.4553547  coadd_bt178804 1.54 -1.68 18.710     >18.710  99.990         -15.87        23.29   -0.027       0.040       
2458707.88693  2458707.88743  2019-08-12.3869314  coadd_bt178974 1.46 -1.68 18.186     >18.186  99.990         -46.05        37.73   -0.079       0.064       
2458708.57737  2458708.57794  2019-08-13.0773724  coadd_bp156779 1.55 -1.72 17.927     >17.927  99.990          32.84        46.24   0.058        0.082       
2458709.64444  2458709.64511  2019-08-14.1444395  coadd_bp157258 1.56 -1.72 18.255     >18.255  99.990         -75.57        34.20   -0.133       0.060       
2458710.93308  2458710.93388  2019-08-15.4330877  coadd_bt179713 1.53 -1.68 17.518     >17.518  99.990        -121.31        69.84   -0.207       0.119       
2458712.60947  2458712.61043  2019-08-17.1094766  coadd_bp158248 2.09 -1.72 17.616     >17.616  99.990          69.22        61.58   0.122        0.109       
2458721.00122  2458721.00298  2019-08-25.5012232  coadd_bD065138 1.62 -1.61 18.486     >18.486  99.990         -40.82        30.40   -0.066       0.049       
2458722.06423  2458722.06609  2019-08-26.5642322  coadd_bD065580 1.53 -1.61 18.981     >18.981  99.990         -14.19        19.28   -0.023       0.031       
2458723.09756  2458723.09951  2019-08-27.5975576  coadd_bD065825 1.55 -1.61 19.261     >19.261  99.990         -51.50        14.90   -0.083       0.024       
2458724.11667  2458724.11872  2019-08-28.6166790  coadd_bD066230 1.46 -1.61 19.450     >19.450  99.990         -13.56        12.51   -0.022       0.020       
2458724.63595  2458724.63805  2019-08-29.1359601  coadd_bp161921 1.54 -1.72 19.286     >19.286  99.990          10.38        13.23   0.018        0.023       
2458725.08848  2458725.09062  2019-08-29.5884891  coadd_bD066628 1.49 -1.61 19.344     >19.344  99.990          -6.62        13.80   -0.011       0.022       
2458725.59136  2458725.59354  2019-08-30.0913629  coadd_bp162131 1.52 -1.72 19.190      19.179  0.361           43.80        14.46   0.077        0.026       
2458750.59097  2458750.59516  2019-09-24.0909744  coadd_bp168680 1.52 -1.72 18.984     >18.984  99.990         -50.01        17.47   -0.088       0.031       
2458751.09074  2458751.09496  2019-09-24.5907476  coadd_bD073696 1.48 -1.61 18.941     >18.941  99.990         -25.45        20.00   -0.041       0.032       
2458752.08622  2458752.09050  2019-09-25.5862181  coadd_bD074102 1.47 -1.61 19.431     >19.431  99.990          -9.44        12.73   -0.015       0.020       
2458752.57298  2458752.57730  2019-09-26.0729829  coadd_bp169126 1.51 -1.72 18.762     >18.762  99.990          16.91        21.44   0.030        0.038       
2458753.56543  2458753.56981  2019-09-27.0654328  coadd_bp169514 1.53 -1.72 19.005     >19.005  99.990         -60.97        17.14   -0.108       0.030       
2458754.82998  2458754.83444  2019-09-28.3299844  coadd_bt188283 1.58 -1.68 19.012     >19.012  99.990         -38.62        17.64   -0.066       0.030       
2458755.75734  2458755.76185  2019-09-29.2573447  coadd_bt188586 1.81 -1.68 18.333     >18.333  99.990         -54.87        32.95   -0.094       0.056       
2458760.43285  2458760.43763  2019-10-03.9328471  coadd_bp170825 1.53 -1.72 19.048      18.896  0.317           56.86        16.47   0.100        0.029       
2458761.42983  2458761.43467  2019-10-04.9298313  coadd_bp171209 1.51 -1.72 18.570     >18.570  99.990         -22.95        25.59   -0.041       0.045       
2458761.86370  2458761.86856  2019-10-05.3637  coadd_bD076396 1.47 -1.61 18.676     >18.676  99.990          16.87        25.53   0.027        0.041       
2458762.42683  2458762.43172  2019-10-05.9268406  coadd_bp171591 1.54 -1.72 18.316     >18.316  99.990          53.86        32.32   0.095        0.057       
2458762.87091  2458762.87582  2019-10-06.3709111  coadd_bD076815 1.50 -1.61 18.941     >18.941  99.990          -8.75        19.99   -0.014       0.032       
2458763.86142  2458763.86638  2019-10-07.3614200  coadd_bD077106 1.49 -1.61 18.956      18.727  0.296           73.02        19.73   0.117        0.032       
2458764.68794  2458764.69294  2019-10-08.1879349  coadd_bl268303 1.44 -1.79 18.204     >18.204  99.990          21.71        33.59   0.041        0.063       
2458765.42457  2458765.42961  2019-10-08.9245777  coadd_bp172535 1.46 -1.72 18.132     >18.132  99.990          -8.53        38.30   -0.015       0.068       
2458765.86909  2458765.87415  2019-10-09.3690861  coadd_bD077942 1.46 -1.61 19.012     >19.012  99.990          22.65        18.74   0.036        0.030       
2458767.70814  2458767.71328  2019-10-11.2081393  coadd_bl269465 1.53 -1.79 16.918     >16.918  99.990          70.26       109.77   0.132        0.207       
2458768.49012  2458768.49529  2019-10-11.9901262  coadd_bp173394 1.91 -1.72 16.850     >16.850  99.990        -262.39       124.74   -0.463       0.220       
2458768.87915  2458768.88434  2019-10-12.3791642  coadd_bD078447 1.47 -1.61 17.378     >17.378  99.990         -30.43        84.37   -0.049       0.135       
2458774.98527  2458774.99069  2019-10-18.4852768  coadd_bD080581 1.51 -1.61 18.350     >18.350  99.990          71.49        34.47   0.115        0.055       
2458775.57008  2458775.57551  2019-10-19.0700871  coadd_bp175727 1.53 -1.72 18.012     >18.012  99.990         -36.16        42.78   -0.064       0.076       
2458776.61124  2458776.61671  2019-10-20.1112436  coadd_bp176067 1.56 -1.72 17.847     >17.847  99.990         -89.38        49.79   -0.158       0.088       
2458778.07099  2458778.07649  2019-10-21.5709934  coadd_bD081502 1.68 -1.61 18.580     >18.580  99.990          70.87        27.88   0.114        0.045       
2458778.86832  2458778.87385  2019-10-22.3683214  coadd_bt195209 1.46 -1.68 18.976     >18.976  99.990         -40.58        18.23   -0.069       0.031       
2458780.05840  2458780.06396  2019-10-23.5584052  coadd_bD082225 1.53 -1.61 19.070      18.563  0.229           84.99        17.75   0.136        0.028       
2458780.97473  2458780.98031  2019-10-24.4747380  coadd_bD082563 1.46 -1.61 19.416     >19.416  99.990          30.44        12.91   0.049        0.021       
2458781.89481  2458781.90040  2019-10-25.3948078  coadd_bD082928 1.48 -1.61 19.084     >19.084  99.990          12.24        17.52   0.020        0.028       
2458782.89870  2458782.90432  2019-10-26.3987026  coadd_bt196564 1.52 -1.68 18.171      18.123  0.350          119.97        38.25   0.205        0.065       
2458784.77378  2458784.77943  2019-10-28.2737820  coadd_bt197345 1.45 -1.68 18.820     >18.820  99.990          46.70        21.04   0.080        0.036       
2458785.82594  2458785.83160  2019-10-29.3259453  coadd_bt197802 1.47 -1.68 18.269     >18.269  99.990         -25.45        34.97   -0.043       0.060       
2458786.61705  2458786.62273  2019-10-30.1170519  coadd_bl275840 1.53 -1.79 18.067     >18.067  99.990         -95.55        38.10   -0.180       0.072       
2458787.61752  2458787.62321  2019-10-31.1175277  coadd_bl276201 1.50 -1.79 18.390     >18.390  99.990         -71.46        28.29   -0.135       0.053       
2458787.90430  2458787.90999  2019-10-31.4043012  coadd_bD083852 1.46 -1.61 19.014     >19.014  99.990          15.03        18.69   0.024        0.030       
2458788.92221  2458788.92791  2019-11-01.4222106  coadd_bD084155 1.54 -1.61 19.190      18.527  0.198           87.80        15.90   0.141        0.026       
2458789.35260  2458789.35830  2019-11-01.8525972  coadd_bp178095 1.57 -1.72 18.786     >18.786  99.990         -50.77        20.96   -0.090       0.037       
2458789.63087  2458789.63657  2019-11-02.1308774  coadd_bl276670 1.48 -1.79 17.757     >17.757  99.990        -190.10        50.68   -0.358       0.096       
2458790.00910  2458790.01481  2019-11-02.5091019  coadd_bD084466 1.46 -1.61 19.296     >19.296  99.990          20.89        14.42   0.034        0.023       
2458790.34584  2458790.35155  2019-11-02.8458519  coadd_bp178242 1.70 -1.72 18.653     >18.653  99.990         -35.99        23.70   -0.064       0.042       
2458791.86721  2458791.87293  2019-11-04.3672165  coadd_bD085224 1.47 -1.61 18.801     >18.801  99.990          37.88        22.75   0.061        0.037       
2458794.79926  2458794.80498  2019-11-07.2992628  coadd_bD086100 1.53 -1.61 18.305     >18.305  99.990          61.08        35.91   0.098        0.058       
2458795.96578  2458795.97149  2019-11-08.4657766  coadd_bD086557 1.48 -1.61 17.854     >17.854  99.990         150.94        54.40   0.242        0.087       
2458796.61204  2458796.61775  2019-11-09.1120468  coadd_bl278862 1.51 -1.79 17.112     >17.112  99.990        -261.16        91.78   -0.492       0.173       
2458796.97338  2458796.97909  2019-11-09.4733898  coadd_bD086976 1.49 -1.61 17.629     >17.629  99.990       -1001.44        66.98   -1.607       0.108       
2458802.30906  2458802.31472  2019-11-14.8090613  coadd_bp180700 1.57 -1.72 18.100     >18.100  99.990         -53.30        39.43   -0.094       0.070       
2458802.86384  2458802.86949  2019-11-15.3638369  coadd_bt203342 1.45 -1.68 18.019     >18.019  99.990         108.89        44.02   0.186        0.075       
2458803.58230  2458803.58794  2019-11-16.0823  coadd_bl281253 1.58 -1.79 18.676     >18.676  99.990          49.02        21.75   0.092        0.041       
2458803.88202  2458803.88766  2019-11-16.3820262  coadd_bt203801 1.67 -1.68 16.278     >16.278  99.990         649.20       218.70   1.107        0.373       
2458804.84032  2458804.84594  2019-11-17.3403315  coadd_bt204213 1.51 -1.68 18.196     >18.196  99.990         -39.40        37.39   -0.067       0.064       
2458806.54321  2458806.54879  2019-11-19.0432089  coadd_bl282248 1.52 -1.79 18.830     >18.830  99.990         -10.83        18.87   -0.020       0.036       
2458806.97383  2458806.97940  2019-11-19.4738313  coadd_bD090150 1.54 -1.61 19.079     >19.079  99.990         -54.37        17.61   -0.087       0.028       
2458807.52034  2458807.52590  2019-11-20.0203388  coadd_bp181721 1.54 -1.72 18.626     >18.626  99.990         -52.39        24.29   -0.093       0.043       
2458807.98353  2458807.98908  2019-11-20.4835281  coadd_bD090383 1.51 -1.61 18.880     >18.880  99.990         -43.54        21.16   -0.070       0.034       
2458808.57837  2458808.58391  2019-11-21.0783828  coadd_bl282957 1.45 -1.79 18.799     >18.799  99.990          21.74        19.40   0.041        0.037       
2458810.49146  2458810.49694  2019-11-22.9914646  coadd_bp182701 1.54 -1.72 17.728      17.620  0.331          184.16        55.57   0.325        0.098       
2458810.53497  2458810.54045  2019-11-23.0349753  coadd_bl283480 1.52 -1.79 18.844     >18.844  99.990         -40.03        18.63   -0.075       0.035       
2458812.85526  2458812.86067  2019-11-25.3552625  coadd_bD091193 1.45 -1.61 19.363     >19.363  99.990         -11.01        13.55   -0.018       0.022       
2458813.35758  2458813.36297  2019-11-25.8575905  coadd_bp183391 1.50 -1.72 19.102     >19.102  99.990          25.66        15.67   0.045        0.028       
2458813.55546  2458813.56085  2019-11-26.0554697  coadd_bl284521 1.51 -1.79 18.638     >18.638  99.990          54.69        22.51   0.103        0.042       
2458813.90363  2458813.90900  2019-11-26.4036260  coadd_bD091524 1.46 -1.61 19.208     >19.208  99.990          18.21        15.64   0.029        0.025       
2458814.47746  2458814.48282  2019-11-26.9774628  coadd_bp183819 1.53 -1.72 18.954     >18.954  99.990          16.96        17.95   0.030        0.032       
2458815.43876  2458815.44408  2019-11-27.9387635  coadd_bp184118 1.50 -1.72 19.119     >19.119  99.990          15.96        15.43   0.028        0.027       
2458815.61321  2458815.61852  2019-11-28.1132112  coadd_bl285214 1.53 -1.79 18.740     >18.740  99.990         -56.38        20.50   -0.106       0.039       
2458815.95997  2458815.96527  2019-11-28.4599790  coadd_bD092461 1.49 -1.61 19.089     >19.089  99.990         -35.85        17.46   -0.058       0.028       
2458816.53125  2458816.53653  2019-11-29.0312560  coadd_bl285490 1.58 -1.79 18.476     >18.476  99.990          29.51        26.14   0.056        0.049       
2458817.53569  2458817.54093  2019-11-30.0356998  coadd_bl285835 1.64 -1.79 18.682     >18.682  99.990         -17.58        21.62   -0.033       0.041       
2458819.54843  2458819.55359  2019-12-02.0484304  coadd_bl286154 2.10 -1.79 18.661     >18.661  99.990           7.22        22.05   0.014        0.042       
2458819.81230  2458819.81744  2019-12-02.3123055  coadd_bt208881 1.46 -1.68 19.082     >19.082  99.990         -29.84        16.54   -0.051       0.028       
2458820.29679  2458820.30192  2019-12-02.7968015  coadd_bp185176 1.53 -1.72 18.618     >18.618  99.990           0.04        24.49   0.000        0.043       
2458821.28217  2458821.28724  2019-12-03.7821688  coadd_bp185448 1.54 -1.72 18.234     >18.234  99.990        -101.26        34.85   -0.179       0.062       
2458821.71952  2458821.72457  2019-12-04.2195210  coadd_bD093832 1.47 -1.61 18.744     >18.744  99.990         -25.41        23.98   -0.041       0.038       
2458822.27805  2458822.28308  2019-12-04.7780626  coadd_bp185582 2.29 -1.72 17.440     >17.440  99.990         -98.82        72.45   -0.175       0.128       
2458823.46386  2458823.46884  2019-12-05.9638630  coadd_bp186057 1.63 -1.72 18.063     >18.063  99.990         -73.54        40.83   -0.130       0.072       
2458829.93731  2458829.94193  2019-12-12.4373140  coadd_bD096785 1.60 -1.61 17.435     >17.435  99.990        -106.60        80.05   -0.171       0.128       
2458830.82098  2458830.82555  2019-12-13.3209824  coadd_bt212563 1.74 -1.68 17.237     >17.237  99.990          44.01        90.44   0.075        0.154       
2458831.53770  2458831.54222  2019-12-14.0377091  coadd_bl289953 1.52 -1.79 18.414     >18.414  99.990         -11.77        27.67   -0.022       0.052       
2458831.79821  2458831.80272  2019-12-14.2982186  coadd_bt213005 1.52 -1.68 17.696     >17.696  99.990         102.68        59.28   0.175        0.101       
2458832.62580  2458832.63026  2019-12-15.1258006  coadd_bl290350 1.51 -1.79 18.068     >18.068  99.990         -11.96        38.06   -0.023       0.072       
2458832.81763  2458832.82207  2019-12-15.3176356  coadd_bt213481 1.54 -1.68 18.059     >18.059  99.990         122.84        42.44   0.209        0.072       
2458833.84439  2458833.84876  2019-12-16.3443958  coadd_bt213960 1.58 -1.68 18.022     >18.022  99.990          34.48        43.89   0.059        0.075       
2458833.90317  2458833.90754  2019-12-16.4031706  coadd_bD097757 1.56 -1.61 18.407     >18.407  99.990        -115.96        32.70   -0.186       0.052       
2458834.45402  2458834.45836  2019-12-16.9540318  coadd_bp188371 1.53 -1.72 17.707     >17.707  99.990         136.43        56.65   0.241        0.100       
2458835.59334  2458835.59760  2019-12-18.0933402  coadd_bl291303 1.43 -1.79 18.822     >18.822  99.990          18.10        19.01   0.034        0.036       
2458835.81226  2458835.81650  2019-12-18.3122634  coadd_bt214615 1.58 -1.68 18.431     >18.431  99.990          -2.16        30.11   -0.004       0.051       
2458836.79919  2458836.80337  2019-12-19.2992046  coadd_bt215064 1.55 -1.68 18.721     >18.721  99.990          -5.50        23.05   -0.009       0.039       
2458837.80777  2458837.81188  2019-12-20.3077797  coadd_bt215453 1.75 -1.68 18.545     >18.545  99.990          30.87        27.12   0.053        0.046       
2458838.40767  2458838.41174  2019-12-20.9076744  coadd_bp189026 1.52 -1.72 18.894     >18.894  99.990          24.96        18.98   0.044        0.034       
2458839.72384  2458839.72781  2019-12-22.2238354  coadd_bt216311 1.50 -1.68 19.111     >19.111  99.990          45.12        16.09   0.077        0.027       
2458841.78493  2458841.78875  2019-12-24.2849341  coadd_bt217279 1.70 -1.68 17.873     >17.873  99.990          83.22        50.33   0.142        0.086       
2458844.75304  2458844.75663  2019-12-27.2530429  coadd_bt218388 1.67 -1.68 18.978     >18.978  99.990         -70.04        18.19   -0.119       0.031       
2458845.40180  2458845.40534  2019-12-27.9018003  coadd_bp190738 1.73 -1.72 18.735     >18.735  99.990          10.15        21.97   0.018        0.039       
2458845.87723  2458845.88073  2019-12-28.3772304  coadd_bD100208 1.49 -1.61 19.039     >19.039  99.990          12.81        18.27   0.021        0.029       
2458846.87383  2458846.87726  2019-12-29.3738378  coadd_bD100464 1.52 -1.61 19.038     >19.038  99.990          20.69        18.30   0.033        0.029       
2458847.87423  2458847.87758  2019-12-30.3742347  coadd_bD100862 1.60 -1.61 19.198     >19.198  99.990          -2.32        15.78   -0.004       0.025       
2458849.77489  2458849.77808  2020-01-01.2748928  coadd_bt220174 1.52 -1.68 18.971     >18.971  99.990          -8.26        18.32   -0.014       0.031       
2458850.77622  2458850.77932  2020-01-02.2762203  coadd_bt220634 1.65 -1.68 17.746     >17.746  99.990           8.86        56.58   0.015        0.096       
2458856.75547  2458856.75805  2020-01-08.2554814  coadd_bt222790 1.56 -1.68 17.632     >17.632  99.990          43.41        62.88   0.074        0.107       
2458860.30788  2458860.31014  2020-01-11.8078782  coadd_bp193918 1.55 -1.72 17.537     >17.537  99.990          91.84        66.23   0.162        0.117       
2458861.37824  2458861.38040  2020-01-12.8782434  coadd_bp194301 1.65 -1.72 17.396     >17.396  99.990          45.49        75.45   0.080        0.133       
2458862.37861  2458862.38067  2020-01-13.8786153  coadd_bp194605 1.53 -1.72 17.728     >17.728  99.990          80.88        55.58   0.143        0.098       
2458863.34904  2458863.35102  2020-01-14.8490488  coadd_bp194903 1.55 -1.72 19.047     >19.047  99.990          24.84        16.49   0.044        0.029       
2458865.35118  2458865.35296  2020-01-16.8511792  coadd_bp195453 1.54 -1.72 18.734     >18.734  99.990         -17.16        21.99   -0.030       0.039       
2458866.31297  2458866.31466  2020-01-17.8129762  coadd_bp195734 1.66 -1.72 18.807     >18.807  99.990           1.24        20.57   0.002        0.036       
2458866.82023  2458866.82187  2020-01-18.3202246  coadd_bD103553 1.59 -1.61 19.025     >19.025  99.990         -13.97        18.51   -0.022       0.030       
2458867.80135  2458867.80289  2020-01-19.3013504  coadd_bD103989 1.50 -1.61 19.073     >19.073  99.990         -16.46        17.72   -0.026       0.028       
2458868.79784  2458868.79929  2020-01-20.2978421  coadd_bD104437 1.49 -1.61 19.078     >19.078  99.990         -16.95        17.62   -0.027       0.028       
2458869.80223  2458869.80359  2020-01-21.3022387  coadd_bD104888 1.47 -1.61 19.054     >19.054  99.990         -52.30        18.02   -0.084       0.029       
2458870.32116  2458870.32246  2020-01-21.8211584  coadd_bp195941 1.51 -1.72 18.969     >18.969  99.990          13.68        17.71   0.024        0.031       
2458870.80978  2458870.81103  2020-01-22.3097804  coadd_bD105299 1.49 -1.61 19.220     >19.220  99.990         -56.62        15.47   -0.091       0.025       
2458871.79129  2458871.79245  2020-01-23.2913041  coadd_bD105735 1.50 -1.61 19.090     >19.090  99.990          46.98        17.43   0.075        0.028       
2458872.78791  2458872.78897  2020-01-24.2879105  coadd_bD106184 1.44 -1.61 19.306     >19.306  99.990          10.60        14.29   0.017        0.023       
2458873.78444  2458873.78540  2020-01-25.2844482  coadd_bD106626 1.53 -1.61 19.038     >19.038  99.990          41.26        18.28   0.066        0.029       
2458874.78097  2458874.78183  2020-01-26.2809763  coadd_bD107073 1.48 -1.61 19.106     >19.106  99.990         -10.16        17.18   -0.016       0.028       
2458875.78519  2458875.78595  2020-01-27.2851898  coadd_bD107526 1.47 -1.61 19.289     >19.289  99.990           3.96        14.51   0.006        0.023       
2458876.77784  2458876.77850  2020-01-28.2778464  coadd_bD107970 1.53 -1.61 18.796     >18.796  99.990          28.34        22.86   0.045        0.037       
2458877.77058  2458877.77115  2020-01-29.2705829  coadd_bD108394 1.54 -1.61 19.039     >19.039  99.990          31.01        18.28   0.050        0.029       
2458878.73976  2458878.74022  2020-01-30.2397583  coadd_bD108819 1.51 -1.61 18.974     >18.974  99.990          24.73        19.41   0.040        0.031       
2458888.75091  2458888.75037  2020-02-09.2509182  coadd_bD111429 1.51 -1.61 17.575     >17.575  99.990        -116.81        70.36   -0.187       0.113       
2458889.73608  2458889.73544  2020-02-10.2360887  coadd_bD111854 1.69 -1.61 18.478     >18.478  99.990         -98.27        30.63   -0.158       0.049       
2458897.52166  2458897.52025  2020-02-18.0216571  coadd_bl308952 1.51 -1.79 18.025     >18.025  99.990          14.81        39.59   0.028        0.075       
2458902.51769  2458902.51580  2020-02-23.0176922  coadd_bl310537 1.71 -1.79 17.959     >17.959  99.990          84.48        42.09   0.159        0.079       
2458904.50919  2458904.50711  2020-02-25.0091939  coadd_bl311138 2.05 -1.79 17.279     >17.279  99.990          53.57        78.69   0.101        0.148       
2458914.58912  2458914.58613  2020-03-06.0891136  coadd_bt236958 1.53 -1.68 17.659     >17.659  99.990         -90.35        61.32   -0.154       0.105       
2459022.68160  2459022.67758  2020-06-22.1816017  coadd_bp224078 1.55 -1.72 18.180     >18.180  99.990          26.65        36.62   0.047        0.065       
2459025.67313  2459025.66933  2020-06-25.1731281  coadd_bp225157 1.73 -1.72 18.441      18.176  0.286          110.39        28.81   0.195        0.051       
2459029.10736  2459029.10382  2020-06-28.6073594  coadd_bD142413 1.49 -1.61 18.791     >18.791  99.990        -105.18        22.96   -0.169       0.037       
2459030.68353  2459030.68011  2020-06-30.1835251  coadd_bp225534 1.67 -1.72 18.451     >18.451  99.990          -3.46        28.55   -0.006       0.050       
2459033.10342  2459033.10020  2020-07-02.6034225  coadd_bD143665 1.54 -1.61 19.001     >19.001  99.990          18.04        18.92   0.029        0.030       
2459047.63087  2459047.62892  2020-07-17.1308704  coadd_bp229282 1.55 -1.72 18.614      18.029  0.213          126.32        24.57   0.223        0.043       
2459052.61517  2459052.61368  2020-07-22.1151671  coadd_bp231260 1.56 -1.72 18.730     >18.730  99.990           7.16        22.08   0.013        0.039       
2459055.61331  2459055.61211  2020-07-25.1133179  coadd_bp232484 1.68 -1.72 18.358     >18.358  99.990         -79.67        31.11   -0.141       0.055       
2459057.91479  2459057.91380  2020-07-27.4147853  coadd_bt264793 1.46 -1.68 18.970     >18.970  99.990         -16.05        18.33   -0.027       0.031       
2459058.90045  2459058.89956  2020-07-28.4004520  coadd_bt265109 1.50 -1.68 18.834      18.635  0.304           74.85        20.78   0.128        0.035       
2459060.05067  2459060.04989  2020-07-29.5506700  coadd_bD151315 1.53 -1.61 19.083     >19.083  99.990          21.19        17.55   0.034        0.028       
2459061.60185  2459061.60122  2020-07-31.1018462  coadd_bp234567 1.56 -1.72 18.507     >18.507  99.990          -5.96        27.10   -0.011       0.048       
2459063.03324  2459063.03275  2020-08-01.5332429  coadd_bD152381 1.47 -1.61 18.200     >18.200  99.990          70.43        39.56   0.113        0.064       
2459067.04419  2459067.04410  2020-08-05.5441896  coadd_bD153461 1.45 -1.61 17.969     >17.969  99.990         144.28        48.94   0.232        0.079       
2459068.91254  2459068.91263  2020-08-07.4125442  coadd_bt268165 1.48 -1.68 16.694     >16.694  99.990         -93.61       149.11   -0.160       0.254       
2459070.01907  2459070.01927  2020-08-08.5190734  coadd_bD154215 1.56 -1.61 18.103     >18.103  99.990          52.63        43.26   0.084        0.069       
2459074.98099  2459074.98167  2020-08-13.4809961  coadd_bD155933 1.49 -1.61 18.788     >18.788  99.990          23.81        23.02   0.038        0.037       
2459078.96691  2459078.96798  2020-08-17.4669158  coadd_bD157025 1.54 -1.61 19.218     >19.218  99.990         -28.49        15.50   -0.046       0.025       
2459080.96255  2459080.96381  2020-08-19.4625531  coadd_bD157780 1.44 -1.61 19.038      18.962  0.341           58.83        18.30   0.094        0.029       
2459082.84912  2459082.85056  2020-08-21.3491214  coadd_bt271983 1.46 -1.68 18.152     >18.152  99.990         -51.61        38.94   -0.088       0.066       
2459083.90656  2459083.90810  2020-08-22.4065658  coadd_bt272243 1.61 -1.68 18.435     >18.435  99.990          -3.79        30.02   -0.006       0.051       
2459084.93076  2459084.93239  2020-08-23.4307596  coadd_bt272600 1.51 -1.68 18.590      18.562  0.356           80.07        26.02   0.137        0.044       
2459086.95910  2459086.96093  2020-08-25.4591009  coadd_bD159625 1.51 -1.61 19.068      18.667  0.252           77.18        17.79   0.124        0.029       
2459088.96280  2459088.96481  2020-08-27.4628006  coadd_bD160373 1.46 -1.61 19.149     >19.149  99.990         -18.53        16.51   -0.030       0.027       
2459090.96531  2459090.96751  2020-08-29.4653109  coadd_bD161073 1.45 -1.61 18.454     >18.454  99.990           9.80        31.31   0.016        0.050       
2459092.99987  2459093.00224  2020-08-31.4998702  coadd_bD161719 1.45 -1.61 18.124     >18.124  99.990           9.81        42.45   0.016        0.068       
2459096.92587  2459096.92859  2020-09-04.4258697  coadd_bD163405 1.55 -1.61 17.545     >17.545  99.990          32.34        72.34   0.052        0.116       
2459103.47824  2459103.48150  2020-09-10.9782370  coadd_bp242773 2.17 -1.72 18.796     >18.796  99.990          32.56        20.77   0.058        0.037       
2459106.00639  2459106.00986  2020-09-13.5063891  coadd_bD166741 1.45 -1.61 19.176     >19.176  99.990         -36.71        16.11   -0.059       0.026       
2459109.01643  2459109.02013  2020-09-16.5164342  coadd_bD167802 1.47 -1.61 19.253     >19.253  99.990          21.27        15.01   0.034        0.024       
2459112.62443  2459112.62839  2020-09-20.1244363  coadd_bp244958 1.60 -1.72 18.051     >18.051  99.990          21.99        41.27   0.039        0.073       
2459114.06182  2459114.06588  2020-09-21.5618202  coadd_bD169557 1.54 -1.61 18.778     >18.778  99.990         -22.82        23.23   -0.037       0.037       
2459116.43343  2459116.43766  2020-09-23.9334343  coadd_bp246051 1.57 -1.72 18.330     >18.330  99.990        -141.80        31.90   -0.250       0.056       
2459120.07107  2459120.07553  2020-09-27.5710719  coadd_bD171405 1.47 -1.61 19.178      19.002  0.310           56.69        16.07   0.091        0.026       
2459122.78702  2459122.79164  2020-09-30.2870184  coadd_bt277580 2.43 -1.68 17.766     >17.766  99.990          75.07        55.58   0.128        0.095       
2459124.89984  2459124.90458  2020-10-02.3998415  coadd_bt277831 2.33 -1.68 17.404     >17.404  99.990          90.91        77.54   0.155        0.132       
2459130.82786  2459130.83290  2020-10-08.3278604  coadd_bD174464 1.51 -1.61 19.050     >19.050  99.990          22.02        18.09   0.035        0.029       
2459131.74744  2459131.75253  2020-10-09.2474460  coadd_bt280313 1.53 -1.68 18.479     >18.479  99.990         -73.29        28.81   -0.125       0.049       
2459132.94028  2459132.94542  2020-10-10.4402793  coadd_bt280833 1.52 -1.68 18.523     >18.523  99.990          17.24        27.66   0.029        0.047       
2459135.36877  2459135.37401  2020-10-12.8687719  coadd_bp250039 1.64 -1.72 17.693     >17.693  99.990        -109.96        57.39   -0.194       0.101       
2459135.93445  2459135.93971  2020-10-13.4344504  coadd_bD176114 1.69 -1.61 18.661     >18.661  99.990          26.89        25.88   0.043        0.042       
2459136.76645  2459136.77174  2020-10-14.2664519  coadd_bt282064 1.49 -1.68 19.169     >19.169  99.990          -0.63        15.26   -0.001       0.026       
2459137.89415  2459137.89949  2020-10-15.3941513  coadd_bt282525 2.02 -1.68 18.953     >18.953  99.990          -6.66        18.62   -0.011       0.032       
2459139.90290  2459139.90830  2020-10-17.4028993  coadd_bt283215 1.60 -1.68 18.860     >18.860  99.990          42.69        20.29   0.073        0.035       
2459142.61137  2459142.61686  2020-10-20.1113719  coadd_bl319304 1.52 -1.79 18.539     >18.539  99.990          27.24        24.66   0.051        0.046       
2459143.62927  2459143.63478  2020-10-21.1292758  coadd_bl319673 2.08 -1.79 18.560     >18.560  99.990          65.07        24.18   0.123        0.046       
2459144.83954  2459144.84509  2020-10-22.3395443  coadd_bD179160 1.49 -1.61 18.359     >18.359  99.990         -74.13        34.17   -0.119       0.055       
2459145.78978  2459145.79535  2020-10-23.2897802  coadd_bD179528 1.62 -1.61 18.466     >18.466  99.990          92.81        30.98   0.149        0.050       
2459146.50771  2459146.51330  2020-10-24.0077119  coadd_bp252880 1.50 -1.72 18.820     >18.820  99.990         -19.66        20.32   -0.035       0.036       
2459147.44432  2459147.44992  2020-10-24.9443204  coadd_bp253024 1.70 -1.72 18.749     >18.749  99.990          -2.28        21.70   -0.004       0.038       
2459147.94419  2459147.94980  2020-10-25.4441861  coadd_bt286047 1.58 -1.68 18.235     >18.235  99.990           7.92        36.08   0.013        0.062       
2459149.44250  2459149.44814  2020-10-26.9425115  coadd_bp253471 1.49 -1.72 18.465     >18.465  99.990          77.44        28.19   0.137        0.050       
2459150.37199  2459150.37764  2020-10-27.8719855  coadd_bp253609 1.58 -1.72 18.241     >18.241  99.990          36.47        34.63   0.064        0.061       
2459157.87537  2459157.88109  2020-11-04.3753754  coadd_bD182650 1.45 -1.61 18.301     >18.301  99.990          32.56        36.06   0.052        0.058       
2459158.98832  2459158.99404  2020-11-05.4883278  coadd_bD183121 1.43 -1.61 18.073     >18.073  99.990          44.26        44.47   0.071        0.071       
2459161.68308  2459161.68880  2020-11-08.1830820  coadd_bt289403 1.53 -1.68 18.976     >18.976  99.990         -48.60        18.22   -0.083       0.031       
2459161.75417  2459161.75988  2020-11-08.2541721  coadd_bD183438 1.44 -1.61 19.694     >19.694  99.990         -12.95        10.00   -0.021       0.016       
2459163.90566  2459163.91136  2020-11-10.4056543  coadd_bt290202 1.58 -1.68 18.304     >18.304  99.990          97.35        33.84   0.166        0.058       
2459164.79793  2459164.80363  2020-11-11.2979353  coadd_bt290539 1.48 -1.68 18.863     >18.863  99.990          38.68        20.23   0.066        0.034       
2459165.54778  2459165.55346  2020-11-12.0477769  coadd_bp256184 1.69 -1.72 18.799     >18.799  99.990          -3.65        20.73   -0.006       0.037       
2459165.90013  2459165.90581  2020-11-12.4001335  coadd_bt291031 1.52 -1.68 18.661     >18.661  99.990          11.26        24.36   0.019        0.042       
2459167.27451  2459167.28018  2020-11-13.7745141  coadd_bp256582 1.54 -1.72 18.437     >18.437  99.990          66.60        28.93   0.118        0.051       
2459169.60930  2459169.61493  2020-11-16.1093089  coadd_bt292468 1.49 -1.68 19.356     >19.356  99.990          37.73        12.85   0.064        0.022       
2459169.69564  2459169.70126  2020-11-16.1956450  coadd_bl326488 1.62 -1.79 18.730     >18.730  99.990         -15.16        20.69   -0.029       0.039       
2459169.79586  2459169.80148  2020-11-16.2958578  coadd_bD185500 1.44 -1.61 19.750     >19.750  99.990          26.34         9.49   0.042        0.015       
2459170.96271  2459170.96831  2020-11-17.4627056  coadd_bD185966 1.48 -1.61 19.005     >19.005  99.990          42.37        18.85   0.068        0.030       
2459171.45781  2459171.46340  2020-11-17.9578218  coadd_bp257458 1.55 -1.72 18.985     >18.985  99.990          28.23        17.46   0.050        0.031       
2459172.55563  2459172.56119  2020-11-19.0556255  coadd_bl327229 1.51 -1.79 18.567     >18.567  99.990          60.48        24.03   0.114        0.045       
2459176.28486  2459176.29032  2020-11-22.7848569  coadd_bp258261 1.76 -1.72 18.864     >18.864  99.990          48.36        19.51   0.085        0.034       
2459176.59635  2459176.60180  2020-11-23.0963502  coadd_bl328559 1.46 -1.79 18.510     >18.510  99.990          -8.86        25.34   -0.017       0.048       
2459179.92884  2459179.93419  2020-11-26.4288425  coadd_bD187595 1.47 -1.61 17.879      17.702  0.310          187.78        53.18   0.301        0.085       
2459185.82451  2459185.82962  2020-12-02.3245210  coadd_bD189379 1.50 -1.61 18.382     >18.382  99.990          28.47        33.46   0.046        0.054       
2459187.86025  2459187.86527  2020-12-04.3602512  coadd_bt298963 1.55 -1.68 18.065     >18.065  99.990          44.34        42.20   0.076        0.072       
2459189.77713  2459189.78204  2020-12-06.2771281  coadd_bt299387 1.53 -1.68 18.687     >18.687  99.990         -39.70        23.79   -0.068       0.041       
2459189.86311  2459189.86802  2020-12-06.3631092  coadd_bD191189 1.46 -1.61 19.300     >19.300  99.990         -11.94        14.37   -0.019       0.023       
2459190.30610  2459190.31099  2020-12-06.8061121  coadd_bp261295 1.51 -1.72 18.772     >18.772  99.990           6.58        21.23   0.012        0.037       
2459190.57095  2459190.57582  2020-12-07.0709539  coadd_bl333003 1.47 -1.79 18.955     >18.955  99.990         -46.09        16.82   -0.087       0.032       
2459190.60712  2459190.61200  2020-12-07.1071275  coadd_bt299693 1.51 -1.68 19.399     >19.399  99.990          27.97        12.35   0.048        0.021       
2459190.81798  2459190.82285  2020-12-07.3179952  coadd_bD191601 1.44 -1.61 19.655     >19.655  99.990          11.69        10.36   0.019        0.017       
2459191.72980  2459191.73461  2020-12-08.2298001  coadd_bl333446 1.50 -1.79 18.397     >18.397  99.990          21.51        28.11   0.041        0.053       
2459192.74732  2459192.75208  2020-12-09.2473187  coadd_bt300645 1.51 -1.68 19.152     >19.152  99.990          -2.58        15.50   -0.004       0.026       
2459193.82504  2459193.82974  2020-12-10.3250454  coadd_bt301141 1.53 -1.68 18.533      18.118  0.249          120.53        27.42   0.205        0.047       
2459195.69982  2459195.70441  2020-12-12.1998195  coadd_bt301566 1.69 -1.68 19.409     >19.409  99.990          10.84        12.24   0.018        0.021       
2459197.28041  2459197.28490  2020-12-13.7804056  coadd_bp262604 2.16 -1.72 18.688     >18.688  99.990          55.32        22.95   0.098        0.041       
2459197.60083  2459197.60530  2020-12-14.1008295  coadd_bl335209 1.48 -1.79 18.662     >18.662  99.990         -39.07        22.03   -0.074       0.042       
2459197.79473  2459197.79919  2020-12-14.2947297  coadd_bt302491 1.60 -1.68 19.025     >19.025  99.990          34.09        17.43   0.058        0.030       
2459197.91993  2459197.92438  2020-12-14.4199306  coadd_bD194033 2.04 -1.61 19.154     >19.154  99.990           5.01        16.43   0.008        0.026       
2459198.66982  2459198.67423  2020-12-15.1698233  coadd_bl335572 1.45 -1.79 18.497     >18.497  99.990         -14.84        25.65   -0.028       0.048       
2459199.79719  2459199.80153  2020-12-16.2971936  coadd_bt303358 1.57 -1.68 18.919     >18.919  99.990         -25.89        19.22   -0.044       0.033       
2459200.80408  2459200.80834  2020-12-17.3040761  coadd_bt303792 1.55 -1.68 18.713     >18.713  99.990          67.71        23.24   0.115        0.040       
2459201.80103  2459201.80523  2020-12-18.3010341  coadd_bt304224 1.60 -1.68 18.842     >18.842  99.990           7.01        20.63   0.012        0.035       
2459202.44427  2459202.44843  2020-12-18.9442848  coadd_bp264141 1.53 -1.72 18.702     >18.702  99.990          -1.61        22.64   -0.003       0.040       
2459204.53593  2459204.53993  2020-12-21.0359314  coadd_bl337300 1.62 -1.79 18.805     >18.805  99.990         -33.06        19.31   -0.062       0.036       
2459204.62479  2459204.62879  2020-12-21.1247976  coadd_bt305377 1.66 -1.68 19.216     >19.216  99.990           2.12        14.62   0.004        0.025       
2459205.62343  2459205.62736  2020-12-22.1234326  coadd_bl337678 1.47 -1.79 18.062     >18.062  99.990          25.25        38.28   0.048        0.072       
2459211.36070  2459211.36419  2020-12-27.8607134  coadd_bp266305 1.52 -1.72 17.561     >17.561  99.990         -47.76        64.79   -0.084       0.114       
2459211.55685  2459211.56032  2020-12-28.0568523  coadd_bl339460 1.58 -1.79 17.702     >17.702  99.990         107.24        53.30   0.202        0.100       
2459211.78669  2459211.79014  2020-12-28.2866865  coadd_bD197748 1.50 -1.61 17.994     >17.994  99.990         104.55        47.85   0.168        0.077       
2459213.63821  2459213.64151  2020-12-30.1382076  coadd_bl340130 1.57 -1.79 16.795     >16.795  99.990         117.89       122.90   0.222        0.232       
2459214.66530  2459214.66852  2020-12-31.1653025  coadd_bl340456 1.50 -1.79 17.315     >17.315  99.990         142.65        76.14   0.269        0.144       
2459215.65603  2459215.65917  2021-01-01.1560310  coadd_bl340753 1.48 -1.79 17.727     >17.727  99.990        -221.98        52.11   -0.418       0.098       
2459216.76623  2459216.76927  2021-01-02.2662311  coadd_bt309572 1.46 -1.68 17.779     >17.779  99.990         -78.58        54.93   -0.134       0.094       
2459217.74087  2459217.74383  2021-01-03.2408758  coadd_bt309991 2.03 -1.68 18.342     >18.342  99.990           1.44        32.69   0.002        0.056       
2459218.56152  2459218.56441  2021-01-04.0615212  coadd_bl341597 1.48 -1.79 19.082     >19.082  99.990          -8.14        14.96   -0.015       0.028       
2459218.74370  2459218.74657  2021-01-04.2437042  coadd_bt310375 1.66 -1.68 18.214     >18.214  99.990         -20.49        36.77   -0.035       0.063       
2459218.77424  2459218.77711  2021-01-04.2742449  coadd_bD200096 1.47 -1.61 19.698     >19.698  99.990          -2.62         9.96   -0.004       0.016       
2459220.84583  2459220.84852  2021-01-06.3458362  coadd_bD201024 1.49 -1.61 19.111     >19.111  99.990         -29.04        17.09   -0.047       0.027       
2459221.73917  2459221.74177  2021-01-07.2391664  coadd_bt311636 1.53 -1.68 18.683     >18.683  99.990         -29.64        23.89   -0.051       0.041       
2459223.59977  2459223.60221  2021-01-09.0997667  coadd_bl343152 1.49 -1.79 18.600     >18.600  99.990          61.17        23.32   0.115        0.044       
2459225.37476  2459225.37703  2021-01-10.8747656  coadd_bp269539 1.64 -1.72 18.621     >18.621  99.990          43.97        24.41   0.078        0.043       
2459225.54732  2459225.54958  2021-01-11.0473258  coadd_bl343726 1.52 -1.79 18.698     >18.698  99.990          25.26        21.31   0.048        0.040       
2459225.75463  2459225.75687  2021-01-11.2546255  coadd_bD202661 1.73 -1.61 19.122     >19.122  99.990          25.88        16.93   0.042        0.027       
2459227.73446  2459227.73652  2021-01-13.2344628  coadd_bt313096 1.56 -1.68 18.610     >18.610  99.990          69.79        25.53   0.119        0.044       
2459228.62127  2459228.62324  2021-01-14.1212687  coadd_bl344724 1.50 -1.79 18.636     >18.636  99.990         -29.19        22.57   -0.055       0.043       
2459229.72969  2459229.73156  2021-01-15.2296907  coadd_bt313938 1.55 -1.68 18.875     >18.875  99.990         -12.17        20.01   -0.021       0.034       
2459230.72615  2459230.72792  2021-01-16.2261537  coadd_bt314390 1.50 -1.68 18.609     >18.609  99.990         -59.25        25.55   -0.101       0.044       
2459232.36022  2459232.36184  2021-01-17.8602259  coadd_bp270980 1.49 -1.72 18.843     >18.843  99.990          -7.02        19.90   -0.012       0.035       
2459232.57491  2459232.57650  2021-01-18.0749093  coadd_bl345956 1.52 -1.79 18.314     >18.314  99.990           8.78        30.33   0.017        0.057       
2459232.64343  2459232.64501  2021-01-18.1434304  coadd_bt315142 1.55 -1.68 18.698     >18.698  99.990         -15.38        23.55   -0.026       0.040       
2459240.59513  2459240.59593  2021-01-26.0951385  coadd_bl348209 1.56 -1.79 17.157     >17.157  99.990          50.01        88.04   0.094        0.166       
2459241.57616  2459241.57686  2021-01-27.0761589  coadd_bl348516 1.63 -1.79 17.355      16.985  0.260          309.47        73.39   0.583        0.138       
2459243.57881  2459243.57932  2021-01-29.0788165  coadd_bl349147 1.46 -1.79 17.050      16.834  0.299          355.74        97.23   0.670        0.183       
2459245.77033  2459245.77061  2021-01-31.2703247  coadd_bD208259 1.54 -1.61 18.860     >18.860  99.990          49.58        21.56   0.080        0.035       
2459246.52457  2459246.52478  2021-02-01.0245679  coadd_bl349783 2.09 -1.79 17.569     >17.569  99.990         -64.64        60.28   -0.122       0.114       
2459246.60630  2459246.60650  2021-02-01.1062991  coadd_bt319125 1.60 -1.68 19.036      18.914  0.326           57.92        17.25   0.099        0.029       
2459246.80983  2459246.81001  2021-02-01.3098258  coadd_bD208585 1.48 -1.61 18.581     >18.581  99.990         -31.25        27.87   -0.050       0.045       
2459248.65660  2459248.65660  2021-02-03.1566089  coadd_bt319915 1.53 -1.68 18.931     >18.931  99.990          32.34        19.01   0.055        0.032       
2459249.56438  2459249.56428  2021-02-04.0643782  coadd_bl350786 1.48 -1.79 18.333     >18.333  99.990         -69.46        29.81   -0.131       0.056       
2459253.29950  2459253.29903  2021-02-07.7994968  coadd_bp276681 1.60 -1.72 18.757     >18.757  99.990          -5.66        21.53   -0.010       0.038       
2459253.65677  2459253.65627  2021-02-08.1567789  coadd_bt321890 1.46 -1.68 18.943     >18.943  99.990          26.79        18.79   0.046        0.032       
2459255.30614  2459255.30547  2021-02-09.8061503  coadd_bp277367 1.53 -1.72 18.531     >18.531  99.990           8.88        26.52   0.016        0.047       
2459256.65354  2459256.65273  2021-02-11.1535410  coadd_bt323155 1.49 -1.68 18.807     >18.807  99.990         -52.10        21.29   -0.089       0.036       
2459259.52029  2459259.51920  2021-02-14.0202964  coadd_bl354188 2.46 -1.79 17.594      17.470  0.326          198.08        58.91   0.373        0.111       
2459267.26620  2459267.26435  2021-02-21.7661957  coadd_bp280395 1.72 -1.72 17.643     >17.643  99.990         -15.32        60.10   -0.027       0.106       
2459267.72276  2459267.72087  2021-02-22.2227627  coadd_bD213325 1.53 -1.61 18.333      18.050  0.281          136.28        35.02   0.219        0.056       
2459270.61542  2459270.61326  2021-02-25.1154252  coadd_bt324311 1.59 -1.68 17.862      17.606  0.288          193.17        50.86   0.329        0.087       
2459274.59673  2459274.59421  2021-03-01.0967336  coadd_bt325315 1.51 -1.68 18.732     >18.732  99.990         -31.18        22.83   -0.053       0.039       
2459277.59192  2459277.58912  2021-03-04.0919146  coadd_bt326402 1.76 -1.68 18.776     >18.776  99.990         -17.39        21.92   -0.030       0.037       
2459280.57865  2459280.57559  2021-03-07.0786480  coadd_bt327334 2.25 -1.68 18.193     >18.193  99.990         -74.19        37.49   -0.126       0.064       
2459283.57617  2459283.57286  2021-03-10.0761637  coadd_bt328388 2.31 -1.68 16.340     >16.340  99.990        -390.18       206.66   -0.665       0.352       
2459384.68257  2459384.67833  2021-06-19.1825706  coadd_bp310469 1.66 -1.72 18.093     >18.093  99.990         -51.97        39.68   -0.092       0.070       
2459386.66145  2459386.65734  2021-06-21.1614465  coadd_bp311199 1.78 -1.72 18.094     >18.094  99.990         -33.85        39.65   -0.060       0.070       
2459389.93643  2459389.93256  2021-06-24.4364365  coadd_bl401190 1.59 -1.79 17.069     >17.069  99.990         173.58        95.49   0.327        0.180       
2459393.11007  2459393.10643  2021-06-27.6100658  coadd_bD247641 1.47 -1.61 17.855     >17.855  99.990          41.97        54.40   0.067        0.087       
2459397.09916  2459397.09584  2021-07-01.5991637  coadd_bD248809 1.68 -1.61 18.315     >18.315  99.990         -28.29        35.58   -0.045       0.057       
2459402.65568  2459402.65282  2021-07-07.1556854  coadd_bp312362 1.57 -1.72 18.708     >18.708  99.990          -4.85        22.52   -0.009       0.040       
2459404.94979  2459404.94712  2021-07-09.4497859  coadd_bt355532 1.50 -1.68 17.943      17.184  0.182          284.90        47.22   0.486        0.081       
2459406.92688  2459406.92439  2021-07-11.4268811  coadd_bt356027 1.53 -1.68 18.647     >18.647  99.990          66.43        24.68   0.113        0.042       
2459409.09422  2459409.09192  2021-07-13.5942162  coadd_bD252733 1.54 -1.61 19.063     >19.063  99.990          21.41        17.87   0.034        0.029       
2459410.91906  2459410.91693  2021-07-15.4190686  coadd_bl409613 1.55 -1.79 18.563     >18.563  99.990          21.97        24.12   0.041        0.045       
2459413.93912  2459413.93726  2021-07-18.4391187  coadd_bl410920 1.49 -1.79 18.115     >18.115  99.990          53.89        36.44   0.102        0.069       
2459415.05084  2459415.04909  2021-07-19.5508405  coadd_bD254743 1.59 -1.61 18.864     >18.864  99.990          48.15        21.48   0.077        0.034       
2459418.04872  2459418.04724  2021-07-22.5487156  coadd_bD255791 2.31 -1.61 17.091     >17.091  99.990        -272.98       109.90   -0.438       0.176       
2459420.61235  2459420.61112  2021-07-25.1123447  coadd_bp316398 1.61 -1.72 17.357     >17.357  99.990         -88.26        78.17   -0.156       0.138       
2459421.05217  2459421.05098  2021-07-25.5521760  coadd_bD256469 2.02 -1.61 18.085     >18.085  99.990          32.36        43.98   0.052        0.071       
2459421.92290  2459421.92180  2021-07-26.4229004  coadd_bt358760 1.72 -1.68 17.869     >17.869  99.990          35.67        50.54   0.061        0.086       
2459422.05182  2459422.05074  2021-07-26.5518236  coadd_bD256767 2.43 -1.61 18.098     >18.098  99.990         -22.27        43.49   -0.036       0.070       
2459422.88815  2459422.88714  2021-07-27.3881471  coadd_bt359050 1.57 -1.68 17.635     >17.635  99.990          29.82        62.72   0.051        0.107       
2459424.03917  2459424.03828  2021-07-28.5391833  coadd_bD257230 1.46 -1.61 18.059     >18.059  99.990          18.07        45.05   0.029        0.072       
2459424.90095  2459424.90013  2021-07-29.4009528  coadd_bt359694 1.53 -1.68 17.544     >17.544  99.990         -94.80        68.15   -0.162       0.116       
2459430.58842  2459430.58816  2021-08-04.0884168  coadd_bp318344 1.57 -1.72 18.732     >18.732  99.990         -24.88        22.03   -0.044       0.039       
2459430.84956  2459430.84933  2021-08-04.3495604  coadd_bl418061 1.56 -1.79 18.807     >18.807  99.990         -25.80        19.26   -0.049       0.036       
2459431.61892  2459431.61876  2021-08-05.1189215  coadd_bp318612 1.58 -1.72 18.772      18.743  0.356           65.47        21.25   0.116        0.038       
2459431.85164  2459431.85150  2021-08-05.3516407  coadd_bl418468 1.50 -1.79 18.505     >18.505  99.990          26.07        25.44   0.049        0.048       
2459432.83407  2459432.83403  2021-08-06.3340755  coadd_bl418876 1.48 -1.79 18.380     >18.380  99.990           1.74        28.55   0.003        0.054       
2459433.82294  2459433.82300  2021-08-07.3229414  coadd_bl419283 1.50 -1.79 18.609     >18.609  99.990         -25.45        23.13   -0.048       0.044       
2459435.00016  2459435.00033  2021-08-08.5001681  coadd_bD261066 1.47 -1.61 19.325     >19.325  99.990         -20.69        14.04   -0.033       0.023       
2459435.86927  2459435.86953  2021-08-09.3692696  coadd_bl419900 1.47 -1.79 18.708     >18.708  99.990          36.59        21.11   0.069        0.040       
2459436.03585  2459436.03612  2021-08-09.5358528  coadd_bD261471 1.44 -1.61 19.175     >19.175  99.990          38.19        16.12   0.061        0.026       
2459436.93888  2459436.93924  2021-08-10.4388799  coadd_bl420347 1.48 -1.79 17.091     >17.091  99.990         127.47        93.56   0.240        0.176       
2459437.56500  2459437.56543  2021-08-11.0650127  coadd_bp320311 1.58 -1.72 18.820      18.714  0.331           67.27        20.33   0.119        0.036       
2459439.00124  2459439.00180  2021-08-12.5012467  coadd_bD262574 1.50 -1.61 18.966     >18.966  99.990         -56.96        19.54   -0.091       0.031       
2459440.86708  2459440.86783  2021-08-14.3670868  coadd_bl421952 1.65 -1.79 18.659     >18.659  99.990          29.33        22.08   0.055        0.042       
2459442.54822  2459442.54913  2021-08-16.0482293  coadd_bp320836 1.58 -1.72 18.557     >18.557  99.990           0.43        25.90   0.001        0.046       
2459443.80372  2459443.80475  2021-08-17.3037267  coadd_bl422589 1.52 -1.79 18.391     >18.391  99.990         -68.14        28.28   -0.128       0.053       
2459444.87233  2459444.87346  2021-08-18.3723302  coadd_bl423035 1.46 -1.79 18.722     >18.722  99.990         -30.88        20.84   -0.058       0.039       
2459447.81372  2459447.81513  2021-08-21.3137196  coadd_bl423509 1.44 -1.79 17.475     >17.475  99.990        -118.96        65.73   -0.224       0.124       
2459448.84484  2459448.84634  2021-08-22.3448386  coadd_bl423943 1.50 -1.79 17.346     >17.346  99.990        -154.54        73.99   -0.291       0.139       
2459448.94944  2459448.95096  2021-08-22.4494491  coadd_bt363224 1.53 -1.68 15.991     >15.991  99.990         780.80       284.99   1.331        0.486       
2459449.03850  2459449.04002  2021-08-22.5385076  coadd_bD266121 1.62 -1.61 18.382     >18.382  99.990         -92.96        33.46   -0.149       0.054       
2459449.95210  2459449.95372  2021-08-23.4521155  coadd_bt363558 1.59 -1.68 16.791      16.393  0.253          590.51       136.43   1.007        0.233       
2459452.96110  2459452.96300  2021-08-26.4611091  coadd_bD266950 1.51 -1.61 17.842     >17.842  99.990        -106.81        55.01   -0.171       0.088       
2459457.04747  2459457.04974  2021-08-30.5474770  coadd_bD268544 1.47 -1.61 18.732     >18.732  99.990         -35.64        24.24   -0.057       0.039       
2459462.85015  2459462.85292  2021-09-05.3501557  coadd_bt366373 1.44 -1.68 19.230     >19.230  99.990          13.13        14.43   0.022        0.025       
2459465.74307  2459465.74609  2021-09-08.2430696  coadd_bl429596 1.66 -1.79 18.578     >18.578  99.990          59.10        23.78   0.111        0.045       
2459467.51967  2459467.52284  2021-09-10.0196789  coadd_bp325790 1.59 -1.72 18.209     >18.209  99.990          87.16        35.66   0.154        0.063       
2459468.91282  2459468.91610  2021-09-11.4128263  coadd_bD272050 1.47 -1.61 18.909     >18.909  99.990          36.67        20.60   0.059        0.033       
2459470.76582  2459470.76925  2021-09-13.2658261  coadd_bt368689 1.55 -1.68 19.250     >19.250  99.990          15.73        14.17   0.027        0.024       
2459471.06992  2459471.07337  2021-09-13.5699152  coadd_bD272699 1.50 -1.61 18.893     >18.893  99.990           9.01        20.89   0.014        0.034       
2459472.96011  2459472.96371  2021-09-15.4601199  coadd_bt369552 1.50 -1.68 18.779     >18.779  99.990         -25.91        21.86   -0.044       0.037       
2459474.75962  2459474.76335  2021-09-17.2596210  coadd_bt369972 1.47 -1.68 17.465     >17.465  99.990         -75.42        73.29   -0.129       0.125       
2459475.79832  2459475.80213  2021-09-18.2983270  coadd_bt370374 1.45 -1.68 17.918     >17.918  99.990          67.84        48.29   0.116        0.082       
2459477.44622  2459477.45015  2021-09-19.9462182  coadd_bp327625 1.61 -1.72 17.109     >17.109  99.990         136.65        98.27   0.241        0.174       
2459477.80644  2459477.81039  2021-09-20.3064437  coadd_bl433898 1.78 -1.79 17.103     >17.103  99.990         233.31        92.53   0.440        0.174       
2459478.50633  2459478.51034  2021-09-21.0063442  coadd_bp327907 1.51 -1.72 17.262      17.236  0.357          262.32        85.35   0.463        0.151       
2459479.49377  2459479.49785  2021-09-21.9937798  coadd_bp328185 1.60 -1.72 17.407      17.276  0.324          252.75        74.64   0.446        0.132       
2459484.48211  2459484.48651  2021-09-26.9821167  coadd_bp329827 1.62 -1.72 17.917      17.663  0.289          177.09        46.69   0.313        0.082       
2459484.71195  2459484.71637  2021-09-27.2119521  coadd_bl436492 1.47 -1.79 17.978     >17.978  99.990          68.51        41.34   0.129        0.078       
2459484.86379  2459484.86822  2021-09-27.3638055  coadd_bD276858 1.52 -1.61 18.883     >18.883  99.990         -62.52        21.09   -0.100       0.034       
2459484.96496  2459484.96940  2021-09-27.4649633  coadd_bt372490 1.57 -1.68 17.222     >17.222  99.990        -155.41        91.71   -0.265       0.156       
2459485.70950  2459485.71398  2021-09-28.2095006  coadd_bl436866 1.49 -1.79 18.661     >18.661  99.990         -49.89        22.04   -0.094       0.042       
2459488.03060  2459488.03522  2021-09-30.5306049  coadd_bD278172 1.48 -1.61 19.163     >19.163  99.990         -11.27        16.30   -0.018       0.026       
2459490.84402  2459490.84880  2021-10-03.3440295  coadd_bD278979 1.52 -1.61 18.806     >18.806  99.990           1.14        22.66   0.002        0.036       
2459491.68476  2459491.68958  2021-10-04.1847684  coadd_bl438782 1.51 -1.79 18.626     >18.626  99.990           5.46        22.76   0.010        0.043       
2459491.84385  2459491.84868  2021-10-04.3438618  coadd_bD279380 1.46 -1.61 19.702     >19.702  99.990           2.91         9.93   0.005        0.016       
