###  JD        HJD            UT_date             IMAGE          FWHM  Diff Limit      mag   mag_err       counts     count_err  flux (mJy)    flux_err
2455998.13557  2455998.13730  2012-03-11.6355812  coadd_ba010319 2.08 -1.83 17.447     >17.447  99.990         -30.80        64.80   -0.064       0.134       
2456004.12453  2456004.12671  2012-03-17.6245347  coadd_ba011475 2.08 -1.83 18.485     >18.485  99.990         -64.98        24.91   -0.135       0.052       
2456338.02715  2456338.02682  2013-02-14.5271557  coadd_ba040308 2.17 -1.83 18.806      18.777  0.356           57.07        18.54   0.118        0.038       
2456349.08788  2456349.08847  2013-02-25.5878837  coadd_ba041605 1.86 -1.83 17.481     >17.481  99.990        -113.04        62.76   -0.234       0.130       
2456355.16029  2456355.16137  2013-03-03.6602902  coadd_ba042986 2.02 -1.83 18.079      17.860  0.299          132.80        36.18   0.275        0.075       
2456359.09773  2456359.09913  2013-03-07.5977351  coadd_ba044124 1.79 -1.83 18.393     >18.393  99.990          74.86        27.10   0.155        0.056       
2456377.08545  2456377.08818  2013-03-25.5854603  coadd_ba046161 1.77 -1.83 17.843     >17.843  99.990          45.71        44.99   0.095        0.093       
2456378.09111  2456378.09389  2013-03-26.5911075  coadd_ba045865 2.05 -1.83 16.629     >16.629  99.990          26.99       137.63   0.056        0.285       
2456387.99051  2456387.99392  2013-04-05.4905079  coadd_ba047349 2.43 -1.83 18.496     >18.496  99.990        -107.98        24.65   -0.224       0.051       
2456392.01324  2456392.01687  2013-04-09.5132473  coadd_ba048480 2.05 -1.83 18.555     >18.555  99.990        -102.99        23.35   -0.213       0.048       
2456396.00448  2456396.00831  2013-04-13.5044767  coadd_ba049259 2.15 -1.83 18.365     >18.365  99.990          34.95        27.81   0.072        0.058       
2456398.99902  2456399.00300  2013-04-16.4990236  coadd_ba050119 2.25 -1.83 18.360     >18.360  99.990          41.50        27.93   0.086        0.058       
2456402.91239  2456402.91654  2013-04-20.4124145  coadd_ba051150 2.10 -1.83 17.991     >17.991  99.990          -6.48        39.24   -0.013       0.081       
2456411.94460  2456411.94907  2013-04-29.4446042  coadd_ba053141 2.26 -1.83 15.882     >15.882  99.990         120.88       273.88   0.251        0.568       
2456416.95317  2456416.95777  2013-05-04.4531722  coadd_ba054107 2.20 -1.83 17.873     >17.873  99.990         118.65        43.74   0.246        0.091       
2456439.91977  2456439.92455  2013-05-27.4197739  coadd_ba055642 2.04 -1.83 17.844     >17.844  99.990         127.23        44.95   0.264        0.093       
2456447.90820  2456447.91287  2013-06-04.4082025  coadd_ba056572 2.97 -1.83 18.509     >18.509  99.990          23.88        24.36   0.049        0.050       
2456452.87493  2456452.87948  2013-06-09.3749283  coadd_ba057995 2.04 -1.83 18.676     >18.676  99.990         -20.18        20.88   -0.042       0.043       
2456457.87130  2456457.87571  2013-06-14.3713003  coadd_ba059075 2.06 -1.83 17.933     >17.933  99.990          88.00        41.42   0.182        0.086       
2456460.96862  2456460.97293  2013-06-17.4686240  coadd_ba059911 2.06 -1.83 18.696     >18.696  99.990           6.28        20.50   0.013        0.042       
2456464.86114  2456464.86531  2013-06-21.3611451  coadd_ba061154 1.73 -1.83 17.525     >17.525  99.990         -23.61        60.28   -0.049       0.125       
2456469.89817  2456469.90212  2013-06-26.3981723  coadd_ba062554 2.10 -1.83 17.567     >17.567  99.990          -1.33        58.02   -0.003       0.120       
2456471.82480  2456471.82866  2013-06-28.3248084  coadd_ba063157 2.27 -1.83 18.644     >18.644  99.990          38.20        21.50   0.079        0.045       
2456475.89597  2456475.89962  2013-07-02.3959687  coadd_ba064234 1.74 -1.83 18.406     >18.406  99.990        -116.28        26.78   -0.241       0.056       
2456480.84816  2456480.85154  2013-07-07.3481642  coadd_ba065790 2.06 -1.83 17.934      15.399  0.035         1281.43        41.38   2.656        0.086       
2456484.84716  2456484.85031  2013-07-11.3471612  coadd_ba066964 2.11 -1.83 18.720     >18.720  99.990          15.27        20.05   0.032        0.042       
2456487.83625  2456487.83921  2013-07-14.3362547  coadd_ba067966 1.77 -1.83 18.469     >18.469  99.990          -1.56        25.27   -0.003       0.052       
2456492.80703  2456492.80967  2013-07-19.3070380  coadd_ba069719 1.77 -1.83 17.271     >17.271  99.990          78.47        76.20   0.163        0.158       
2456497.86972  2456497.87201  2013-07-24.3697246  coadd_ba071045 1.99 -1.83 17.632     >17.632  99.990          78.34        54.63   0.162        0.113       
2456510.81972  2456510.82104  2013-08-06.3197219  coadd_ba073053 1.67 -1.83 18.352     >18.352  99.990          -7.83        28.15   -0.016       0.058       
2456512.80587  2456512.80703  2013-08-08.3058709  coadd_ba073595 2.05 -1.83 18.414     >18.414  99.990          -2.61        26.59   -0.005       0.055       
2456518.78592  2456518.78661  2013-08-14.2859179  coadd_ba075072 1.73 -1.83 18.165     >18.165  99.990         -65.43        33.43   -0.136       0.069       
2456522.77831  2456522.77868  2013-08-18.2783121  coadd_ba076327 1.69 -1.83 17.724     >17.724  99.990         112.13        50.17   0.232        0.104       
2456526.76761  2456526.76766  2013-08-22.2676125  coadd_ba077425 1.72 -1.83 17.381     >17.381  99.990         -22.87        68.84   -0.047       0.143       
2456532.77491  2456532.77448  2013-08-28.2749158  coadd_ba078559 1.99 -1.83 18.572     >18.572  99.990          43.50        23.00   0.090        0.048       
2456535.75421  2456535.75354  2013-08-31.2542156  coadd_ba079635 1.73 -1.83 18.645     >18.645  99.990         -53.10        21.48   -0.110       0.045       
2456537.75564  2456537.75481  2013-09-02.2556407  coadd_ba080386 1.99 -1.83 18.773     >18.773  99.990         -27.37        19.09   -0.057       0.040       
2456538.75210  2456538.75119  2013-09-03.2521019  coadd_ba080765 1.77 -1.83 18.779      18.741  0.353           59.00        19.00   0.122        0.039       
2456554.71302  2456554.71090  2013-09-19.2130266  coadd_ba083167 1.90 -1.83 16.678     >16.678  99.990         353.66       131.51   0.733        0.273       
2456652.16658  2456652.16298  2013-12-25.6665868  coadd_bd013827 2.62 -2.13 18.007     >18.007  99.990         -33.30        29.51   -0.090       0.080       
2456653.16984  2456653.16628  2013-12-26.6698402  coadd_bd014167 2.42 -2.13 17.511     >17.511  99.990         -41.08        46.59   -0.112       0.127       
2456657.14986  2456657.14652  2013-12-30.6498644  coadd_bd014936 2.07 -2.13 18.457     >18.457  99.990         -40.33        19.49   -0.110       0.053       
2456676.10214  2456676.09986  2014-01-18.6021424  coadd_bd017245 2.76 -2.13 17.743     >17.743  99.990          51.33        37.63   0.139        0.102       
2456701.04715  2456701.04684  2014-02-12.5471539  coadd_bd020253 1.47 -2.13 17.843     >17.843  99.990         -21.02        34.31   -0.057       0.093       
2456731.06697  2456731.06907  2014-03-14.5665699  coadd_bd021105 1.63 -2.13 18.000     >18.000  99.990          38.17        29.69   0.104        0.081       
2456736.00037  2456736.00283  2014-03-19.4999667  coadd_bd022135 1.46 -2.13 17.780     >17.780  99.990         -42.63        36.35   -0.116       0.099       
2456741.13601  2456741.13882  2014-03-24.6356020  coadd_bd023103 1.94 -2.13 18.438     >18.438  99.990         -20.27        19.84   -0.055       0.054       
2456744.01078  2456744.01378  2014-03-27.5103796  coadd_bd023626 1.50 -2.13 18.846     >18.846  99.990          -6.06        13.62   -0.016       0.037       
2456752.12812  2456752.13162  2014-04-04.6277209  coadd_bd024318 1.54 -2.13 18.549     >18.549  99.990          -2.19        17.90   -0.006       0.049       
2456757.88064  2456757.88444  2014-04-10.3802418  coadd_bd025473 1.47 -2.13 17.643     >17.643  99.990         -71.53        41.26   -0.194       0.112       
2456770.95623  2456770.96059  2014-04-23.4558206  coadd_bd027351 1.58 -2.13 17.532     >17.532  99.990          -7.59        45.69   -0.021       0.124       
2456771.97464  2456771.97904  2014-04-24.4742337  coadd_bd027580 2.01 -2.13 18.636     >18.636  99.990         -26.41        16.53   -0.072       0.045       
2456772.96380  2456772.96824  2014-04-25.4634015  coadd_bd027723 2.25 -2.13 18.496     >18.496  99.990          11.30        18.80   0.031        0.051       
2456783.94942  2456783.95412  2014-05-06.4490128  coadd_bd028867 1.52 -2.13 18.717     >18.717  99.990         -23.61        15.34   -0.064       0.042       
2456784.93840  2456784.94313  2014-05-07.438  coadd_bd029198 1.63 -2.13 18.651     >18.651  99.990         -50.31        16.30   -0.137       0.044       
2456785.94094  2456785.94568  2014-05-08.4405378  coadd_bd029469 1.99 -2.13 18.405     >18.405  99.990          32.42        20.44   0.088        0.056       
2456788.80665  2456788.81142  2014-05-11.3062475  coadd_bd030115 1.47 -2.13 17.802     >17.802  99.990         -38.36        35.62   -0.104       0.097       
2456795.93196  2456795.93678  2014-05-18.4315583  coadd_bd031007 1.53 -2.13 18.333     >18.333  99.990         -16.31        21.84   -0.044       0.059       
2456796.92909  2456796.93391  2014-05-19.4286912  coadd_bd031362 1.46 -2.13 18.144     >18.144  99.990          22.58        25.99   0.061        0.071       
2456797.92915  2456797.93397  2014-05-20.4287429  coadd_bd031665 1.44 -2.13 18.511     >18.511  99.990           7.40        18.55   0.020        0.050       
2456798.96474  2456798.96956  2014-05-21.4643379  coadd_bd032049 1.44 -2.13 18.649     >18.649  99.990          15.83        16.33   0.043        0.044       
2456800.92221  2456800.92701  2014-05-23.4218016  coadd_bd032582 1.48 -2.13 18.677     >18.677  99.990          23.23        15.92   0.063        0.043       
2456802.91093  2456802.91572  2014-05-25.4105229  coadd_bd033297 1.46 -2.13 18.712     >18.712  99.990         -20.98        15.41   -0.057       0.042       
2456805.91877  2456805.92354  2014-05-28.4183699  coadd_bd034180 1.52 -2.13 18.835     >18.835  99.990         -26.20        13.76   -0.071       0.037       
2456808.90297  2456808.90769  2014-05-31.4025700  coadd_bd034921 1.56 -2.13 18.549     >18.549  99.990          12.31        17.90   0.033        0.049       
2456810.90258  2456810.90726  2014-06-02.4021771  coadd_bd035548 1.52 -2.13 19.064     >19.064  99.990          -1.14        11.14   -0.003       0.030       
2456813.96293  2456813.96755  2014-06-05.4625244  coadd_bd036487 1.48 -2.13 18.061     >18.061  99.990        -151.33        28.07   -0.411       0.076       
2456815.89476  2456815.89933  2014-06-07.3943532  coadd_bd037085 1.48 -2.13 18.834     >18.834  99.990           1.83        13.77   0.005        0.037       
2456820.94755  2456820.95197  2014-06-12.4471456  coadd_bd038672 1.50 -2.13 17.646     >17.646  99.990        -102.84        41.13   -0.280       0.112       
2456823.96608  2456823.97041  2014-06-15.4656732  coadd_bd039643 1.80 -2.13 17.918     >17.918  99.990         -16.97        32.01   -0.046       0.087       
2456825.88451  2456825.88876  2014-06-17.3841062  coadd_bd040235 1.51 -2.13 17.627     >17.627  99.990        -176.35        41.85   -0.479       0.114       
2456827.95600  2456827.96017  2014-06-19.4555952  coadd_bd040938 1.55 -2.13 18.582     >18.582  99.990          11.92        17.36   0.032        0.047       
2456829.87354  2456829.87763  2014-06-21.3731324  coadd_bd041506 1.44 -2.13 18.636     >18.636  99.990           1.45        16.52   0.004        0.045       
2456832.86124  2456832.86520  2014-06-24.3608443  coadd_bd042158 1.46 -2.13 18.696     >18.696  99.990         -27.52        15.64   -0.075       0.042       
2456834.94093  2456834.94479  2014-06-26.4405277  coadd_bd042593 1.66 -2.13 18.764     >18.764  99.990         -17.16        14.69   -0.047       0.040       
2456847.84768  2456847.85083  2014-07-09.3472781  coadd_bd043475 1.51 -2.13 17.691     >17.691  99.990           4.05        39.46   0.011        0.107       
2456851.84695  2456851.84984  2014-07-13.3465414  coadd_bd044804 1.46 -2.13 17.657     >17.657  99.990          30.06        40.70   0.082        0.111       
2456855.83621  2456855.83884  2014-07-17.3358049  coadd_bd045648 1.49 -2.13 18.723     >18.723  99.990          39.72        15.26   0.108        0.041       
2456856.83884  2456856.84140  2014-07-18.3384306  coadd_bd045958 1.44 -2.13 18.350     >18.350  99.990         -17.11        21.51   -0.047       0.058       
2456857.84699  2456857.84949  2014-07-19.3465853  coadd_bd046302 1.50 -2.13 18.792     >18.792  99.990           4.14        14.31   0.011        0.039       
2456882.78693  2456882.78753  2014-08-13.2865348  coadd_bd046711 1.81 -2.13 18.128     >18.128  99.990         -59.58        26.39   -0.162       0.072       
2456884.79147  2456884.79191  2014-08-15.2910697  coadd_bd047284 1.71 -2.13 18.613     >18.613  99.990         -22.47        16.87   -0.061       0.046       
2456887.78705  2456887.78725  2014-08-18.2866517  coadd_bd048237 1.58 -2.13 18.575     >18.575  99.990         -39.34        17.49   -0.107       0.048       
2456890.77780  2456890.77775  2014-08-21.2773981  coadd_bd048534 1.47 -2.13 18.628     >18.628  99.990          42.64        16.65   0.116        0.045       
2456892.77638  2456892.77617  2014-08-23.2759824  coadd_bd049470 1.60 -2.13 18.662      18.014  0.201           87.88        16.14   0.239        0.044       
2456894.77032  2456894.76995  2014-08-25.2699123  coadd_bd049966 1.48 -2.13 18.719     >18.719  99.990          23.42        15.31   0.064        0.042       
2456896.76582  2456896.76529  2014-08-27.2654172  coadd_bd050602 1.46 -2.13 18.628     >18.628  99.990          27.84        16.65   0.076        0.045       
2456898.75323  2456898.75254  2014-08-29.2528236  coadd_bd051287 1.50 -2.13 18.842     >18.842  99.990           6.25        13.67   0.017        0.037       
2456900.74086  2456900.74000  2014-08-31.2404509  coadd_bd051782 1.46 -2.13 18.198     >18.198  99.990         -49.80        24.75   -0.135       0.067       
2456906.74136  2456906.74004  2014-09-06.2409604  coadd_bd053244 1.49 -2.13 17.892     >17.892  99.990          95.94        32.80   0.261        0.089       
2456908.75937  2456908.75789  2014-09-08.2589696  coadd_bd053703 1.57 -2.13 17.791     >17.791  99.990          44.62        35.98   0.121        0.098       
2456910.75109  2456910.74946  2014-09-10.2506936  coadd_bd054352 1.47 -2.13 18.058     >18.058  99.990         -89.26        28.15   -0.243       0.077       
2456911.72057  2456911.71887  2014-09-11.2201724  coadd_bd054645 1.92 -2.13 17.105     >17.105  99.990        -176.90        67.71   -0.481       0.184       
2456912.72154  2456912.71976  2014-09-12.2211445  coadd_bd055020 1.52 -2.13 18.184     >18.184  99.990          27.15        25.07   0.074        0.068       
2456913.71781  2456913.71595  2014-09-13.2174054  coadd_bd055258 1.59 -2.13 17.442     >17.442  99.990         -66.99        49.65   -0.182       0.135       
2456921.71093  2456921.70849  2014-09-21.2105237  coadd_bd057899 1.52 -2.13 16.561     >16.561  99.990          65.82       111.74   0.179        0.304       
2457018.17007  2457018.16633  2014-12-26.6696670  coadd_bd078386 1.73 -2.13 17.030     >17.030  99.990           7.53        72.53   0.020        0.197       
2457019.17033  2457019.16664  2014-12-27.6699243  coadd_bd078670 2.52 -2.13 17.260      17.101  0.316          203.75        58.70   0.554        0.160       
2457024.15443  2457024.15101  2015-01-01.6540234  coadd_bd079821 2.04 -2.13 18.446     >18.446  99.990          11.18        19.69   0.030        0.054       
2457032.14565  2457032.14272  2015-01-09.6452401  coadd_bd080915 1.70 -2.13 18.049     >18.049  99.990         -58.20        28.38   -0.158       0.077       
2457038.13347  2457038.13096  2015-01-15.6330687  coadd_bd083332 1.46 -2.13 18.389     >18.389  99.990           5.58        20.75   0.015        0.056       
2457040.12581  2457040.12343  2015-01-17.6254037  coadd_bd084158 1.61 -2.13 18.496     >18.496  99.990         -12.33        18.80   -0.034       0.051       
2457042.13224  2457042.13001  2015-01-19.6318363  coadd_bd084883 1.48 -2.13 18.517     >18.517  99.990         -20.64        18.44   -0.056       0.050       
2457044.12531  2457044.12322  2015-01-21.6249048  coadd_bd085708 1.45 -2.13 18.769     >18.769  99.990          -9.78        14.62   -0.027       0.040       
2457046.12385  2457046.12192  2015-01-23.6234468  coadd_bd086532 1.51 -2.13 18.477     >18.477  99.990          31.29        19.14   0.085        0.052       
2457048.11817  2457048.11639  2015-01-25.6177640  coadd_bd087341 1.71 -2.13 18.558     >18.558  99.990         -34.08        17.76   -0.093       0.048       
2457050.11870  2457050.11708  2015-01-27.6182997  coadd_bd088117 1.43 -2.13 18.566     >18.566  99.990          33.62        17.63   0.091        0.048       
2457052.12136  2457052.11989  2015-01-29.6209512  coadd_bd088736 1.81 -2.13 18.909     >18.909  99.990          13.53        12.85   0.037        0.035       
2457054.11537  2457054.11406  2015-01-31.6149646  coadd_bd089406 1.77 -2.13 18.615     >18.615  99.990         -16.18        16.85   -0.044       0.046       
2457056.11268  2457056.11153  2015-02-02.6122768  coadd_bd090206 1.55 -2.13 17.814     >17.814  99.990         -51.03        35.24   -0.139       0.096       
2457061.07816  2457061.07742  2015-02-07.5777583  coadd_bd090605 2.34 -2.13 18.078     >18.078  99.990        -192.43        27.63   -0.523       0.075       
2457069.08937  2457069.08929  2015-02-15.5889673  coadd_bd092169 1.95 -2.13 18.861     >18.861  99.990          -3.51        13.44   -0.010       0.037       
2457071.08220  2457071.08228  2015-02-17.5817857  coadd_bd092940 1.44 -2.13 18.744     >18.744  99.990         -24.92        14.97   -0.068       0.041       
2457074.07834  2457074.07867  2015-02-20.5779284  coadd_bd093821 1.60 -2.13 18.736     >18.736  99.990         -23.41        15.07   -0.064       0.041       
2457078.06292  2457078.06358  2015-02-24.5625042  coadd_bd094629 1.55 -2.13 18.926     >18.926  99.990          29.02        12.66   0.079        0.034       
2457081.06666  2457081.06757  2015-02-27.5662562  coadd_bd095569 1.53 -2.13 18.444     >18.444  99.990         -56.64        19.72   -0.154       0.054       
2457084.05734  2457084.05849  2015-03-02.5569398  coadd_bd096042 1.74 -2.13 18.197     >18.197  99.990          40.08        24.76   0.109        0.067       
2457092.04779  2457092.04956  2015-03-10.5473857  coadd_bd097064 1.47 -2.13 18.138     >18.138  99.990          16.27        26.14   0.044        0.071       
2457096.00398  2457096.00606  2015-03-14.5035763  coadd_bd097628 1.65 -2.13 18.390     >18.390  99.990         -10.76        20.72   -0.029       0.056       
2457097.05543  2457097.05758  2015-03-15.5550246  coadd_bd098007 1.43 -2.13 18.617     >18.617  99.990          -8.32        16.82   -0.023       0.046       
2457098.03192  2457098.03415  2015-03-16.5315188  coadd_bd098298 1.46 -2.13 18.684     >18.684  99.990           1.98        15.80   0.005        0.043       
2457100.08183  2457100.08421  2015-03-18.5818358  coadd_bd098967 1.52 -2.13 18.784     >18.784  99.990          28.52        14.42   0.078        0.039       
2457102.05536  2457102.05788  2015-03-20.5553744  coadd_bd099625 1.44 -2.13 18.339     >18.339  99.990          -8.76        21.72   -0.024       0.059       
2457105.04059  2457105.04332  2015-03-23.5406067  coadd_bd100435 1.67 -2.13 18.224     >18.224  99.990         -30.05        24.16   -0.082       0.066       
2457106.03748  2457106.04027  2015-03-24.5374916  coadd_bd100762 1.48 -2.13 18.329     >18.329  99.990         -42.52        21.93   -0.116       0.060       
2457109.96829  2457109.97134  2015-03-28.4683081  coadd_bd101821 1.55 -2.13 18.143     >18.143  99.990         -11.91        26.02   -0.032       0.071       
2457112.93229  2457112.93552  2015-03-31.4323016  coadd_bd102799 1.49 -2.13 18.463     >18.463  99.990          17.35        19.38   0.047        0.053       
2457113.93773  2457113.94102  2015-04-01.4377384  coadd_bd103153 1.46 -2.13 18.335     >18.335  99.990         -25.27        21.81   -0.069       0.059       
2457116.98218  2457116.98566  2015-04-04.4821946  coadd_bd104035 1.44 -2.13 18.509     >18.509  99.990          52.45        18.57   0.143        0.050       
2457119.96700  2457119.97064  2015-04-07.4670158  coadd_bd104696 1.45 -2.13 17.689     >17.689  99.990          78.10        39.52   0.212        0.107       
2457122.06125  2457122.06500  2015-04-09.5612628  coadd_bd105245 1.55 -2.13 18.038     >18.038  99.990          22.76        28.68   0.062        0.078       
2457125.09315  2457125.09705  2015-04-12.5931589  coadd_bd105969 1.55 -2.13 18.600     >18.600  99.990         -16.25        17.09   -0.044       0.046       
2457126.00331  2457126.00725  2015-04-13.5033195  coadd_bd106258 1.44 -2.13 18.423     >18.423  99.990          -9.30        20.11   -0.025       0.055       
2457127.99099  2457127.99503  2015-04-15.4910063  coadd_bd106614 1.48 -2.13 18.472      18.165  0.275           76.51        19.22   0.208        0.052       
2457132.02161  2457132.02582  2015-04-19.5216265  coadd_bd107541 1.52 -2.13 18.681     >18.681  99.990          14.52        15.86   0.039        0.043       
2457135.92268  2457135.92704  2015-04-23.4226938  coadd_bd108487 1.44 -2.13 18.757     >18.757  99.990         -11.11        14.78   -0.030       0.040       
2457138.01636  2457138.02079  2015-04-25.5163741  coadd_bd109194 1.63 -2.13 18.544     >18.544  99.990          18.56        17.99   0.050        0.049       
2457138.87557  2457138.88003  2015-04-26.3755728  coadd_bd109444 1.48 -2.13 18.111     >18.111  99.990         -15.40        26.80   -0.042       0.073       
2457145.00265  2457145.00727  2015-05-02.5026561  coadd_bd110111 1.55 -2.13 17.601     >17.601  99.990         -60.13        42.86   -0.163       0.116       
2457151.05183  2457151.05656  2015-05-08.5518258  coadd_bd111255 1.69 -2.13 18.112     >18.112  99.990         -98.81        26.77   -0.269       0.073       
2457153.89268  2457153.89745  2015-05-11.3926768  coadd_bd111730 1.43 -2.13 17.809     >17.809  99.990          92.60        35.39   0.252        0.096       
2457155.89928  2457155.90407  2015-05-13.3992777  coadd_bd112302 1.46 -2.13 18.775     >18.775  99.990          13.76        14.54   0.037        0.040       
2457157.92028  2457157.92508  2015-05-15.4203067  coadd_bd112802 1.48 -2.13 18.379     >18.379  99.990         -74.11        20.93   -0.201       0.057       
2457161.96645  2457161.97128  2015-05-19.4664605  coadd_bd113605 1.47 -2.13 18.567     >18.567  99.990          36.39        17.62   0.099        0.048       
2457165.77279  2457165.77760  2015-05-23.2728045  coadd_bd114608 1.51 -2.13 18.319     >18.319  99.990         -44.43        22.13   -0.121       0.060       
2457166.79440  2457166.79920  2015-05-24.2944107  coadd_bd114764 1.61 -2.13 18.499     >18.499  99.990          43.35        18.75   0.118        0.051       
2457168.83429  2457168.83908  2015-05-26.3343091  coadd_bd115260 1.57 -2.13 18.655     >18.655  99.990         -18.32        16.24   -0.050       0.044       
2457172.75457  2457172.75932  2015-05-30.2545826  coadd_bd115990 1.99 -2.13 17.879     >17.879  99.990          81.67        33.19   0.222        0.090       
2457176.97147  2457176.97614  2015-06-03.4714891  coadd_bd116786 1.47 -2.13 17.616     >17.616  99.990          27.64        42.28   0.075        0.115       
2457178.98474  2457178.98937  2015-06-05.4847644  coadd_bd117356 1.44 -2.13 17.924     >17.924  99.990          67.10        31.85   0.182        0.087       
2457179.87687  2457179.88148  2015-06-06.3768809  coadd_bd117608 1.61 -2.13 17.957     >17.957  99.990          82.49        30.88   0.224        0.084       
2457180.94647  2457180.95105  2015-06-07.4464802  coadd_bd117930 1.43 -2.13 18.209     >18.209  99.990          52.95        24.49   0.144        0.067       
2457181.82198  2457181.82653  2015-06-08.3219835  coadd_bd118171 1.47 -2.13 18.528     >18.528  99.990           3.47        18.25   0.009        0.050       
2457184.87423  2457184.87870  2015-06-11.3742483  coadd_bd118914 1.43 -2.13 18.710     >18.710  99.990          -2.62        15.44   -0.007       0.042       
2457188.91639  2457188.92072  2015-06-15.4164107  coadd_bd119395 1.47 -2.13 18.239     >18.239  99.990         -51.19        23.81   -0.139       0.065       
2457189.89123  2457189.89553  2015-06-16.3912553  coadd_bd119683 1.46 -2.13 18.487     >18.487  99.990          -1.77        18.97   -0.005       0.052       
2457192.95207  2457192.95625  2015-06-19.4520738  coadd_bd120484 1.42 -2.13 18.641     >18.641  99.990          28.52        16.45   0.078        0.045       
2457194.91500  2457194.91910  2015-06-21.4150106  coadd_bd121064 1.75 -2.13 18.660     >18.660  99.990         -11.75        16.16   -0.032       0.044       
2457197.81778  2457197.82175  2015-06-24.3177961  coadd_bd121895 1.54 -2.13 18.668     >18.668  99.990          13.09        16.05   0.036        0.044       
2457201.76702  2457201.77080  2015-06-28.2670457  coadd_bd122782 1.46 -2.13 18.051     >18.051  99.990         -53.42        28.33   -0.145       0.077       
2457204.88494  2457204.88856  2015-07-01.3849401  coadd_bd123697 1.47 -2.13 17.383     >17.383  99.990         109.31        52.40   0.297        0.142       
2457206.91581  2457206.91932  2015-07-03.4158141  coadd_bd124291 1.48 -2.13 17.756     >17.756  99.990         -65.14        37.15   -0.177       0.101       
2457209.91643  2457209.91977  2015-07-06.4164336  coadd_bd124882 1.68 -2.13 18.332     >18.332  99.990         -12.04        21.87   -0.033       0.059       
2457210.82648  2457210.82977  2015-07-07.3264872  coadd_bd125120 1.51 -2.13 18.600      18.519  0.339           55.20        17.08   0.150        0.046       
2457216.81739  2457216.82031  2015-07-13.3173967  coadd_bd126250 1.50 -2.13 18.466     >18.466  99.990         -37.22        19.32   -0.101       0.053       
2457222.87853  2457222.88104  2015-07-19.3785275  coadd_bd127238 1.53 -2.13 18.499     >18.499  99.990          13.00        18.74   0.035        0.051       
2457227.80550  2457227.80766  2015-07-24.3055025  coadd_bd127950 1.45 -2.13 18.371     >18.371  99.990          25.50        21.09   0.069        0.057       
2457230.83469  2457230.83663  2015-07-27.3346915  coadd_bd128810 1.46 -2.13 18.083     >18.083  99.990         -94.66        27.51   -0.257       0.075       
2457232.84950  2457232.85129  2015-07-29.3494998  coadd_bd129392 1.43 -2.13 17.221     >17.221  99.990        -218.35        60.86   -0.593       0.165       
2457235.83842  2457235.83998  2015-08-01.3384237  coadd_bd130065 1.56 -2.13 17.822     >17.822  99.990          31.49        34.99   0.086        0.095       
2457237.80443  2457237.80584  2015-08-03.3044300  coadd_bd130428 1.47 -2.13 18.655     >18.655  99.990          23.09        16.24   0.063        0.044       
2457240.78507  2457240.78624  2015-08-06.2850678  coadd_bd130934 1.65 -2.13 18.664     >18.664  99.990         -52.05        16.11   -0.141       0.044       
2457243.80513  2457243.80607  2015-08-09.3051273  coadd_bd131879 1.47 -2.13 18.720     >18.720  99.990           1.72        15.30   0.005        0.042       
2457245.80080  2457245.80158  2015-08-11.3008041  coadd_bd132566 1.42 -2.13 18.506     >18.506  99.990          47.54        18.64   0.129        0.051       
2457247.79508  2457247.79570  2015-08-13.2950771  coadd_bd133247 1.55 -2.13 18.118     >18.118  99.990           3.92        26.63   0.011        0.072       
2457248.82539  2457248.82593  2015-08-14.3253916  coadd_bd133435 1.50 -2.13 18.645     >18.645  99.990          21.95        16.40   0.060        0.045       
2457250.77811  2457250.77849  2015-08-16.2781143  coadd_bd133721 1.43 -2.13 18.325     >18.325  99.990          15.14        22.00   0.041        0.060       
2457262.75246  2457262.75187  2015-08-28.2524590  coadd_bd135174 1.48 -2.13 17.785     >17.785  99.990         -22.42        36.20   -0.061       0.098       
2457266.75583  2457266.75492  2015-09-01.2558287  coadd_bd136491 1.52 -2.13 18.200     >18.200  99.990         -62.06        24.69   -0.169       0.067       
2457268.73691  2457268.73584  2015-09-03.2369083  coadd_bd136719 1.48 -2.13 18.485     >18.485  99.990          -6.41        18.99   -0.017       0.052       
2457272.74157  2457272.74019  2015-09-07.2415686  coadd_bd137808 2.12 -2.13 18.783     >18.783  99.990         -21.00        14.43   -0.057       0.039       
2457389.16290  2457389.15947  2016-01-01.6628995  coadd_bd167531 2.05 -2.13 18.400     >18.400  99.990         -18.83        20.55   -0.051       0.056       
2457397.14977  2457397.14683  2016-01-09.6497737  coadd_bd170363 1.55 -2.13 18.940     >18.940  99.990          12.89        12.50   0.035        0.034       
2457399.14285  2457399.14004  2016-01-11.6428472  coadd_bd171205 1.53 -2.13 18.647     >18.647  99.990          -3.44        16.36   -0.009       0.044       
2457403.17996  2457403.17743  2016-01-15.6799590  coadd_bd172537 1.60 -2.13 17.164      17.028  0.323          218.00        64.10   0.592        0.174       
2457404.13007  2457404.12761  2016-01-16.6300701  coadd_bd172914 1.53 -2.13 18.528     >18.528  99.990          24.83        18.26   0.067        0.050       
2457407.13869  2457407.13644  2016-01-19.6386910  coadd_bd174219 1.45 -2.13 18.875     >18.875  99.990         -10.78        13.26   -0.029       0.036       
2457411.11015  2457411.10820  2016-01-23.6101569  coadd_bd175899 1.47 -2.13 17.731     >17.731  99.990         -68.01        38.02   -0.185       0.103       
2457412.14074  2457412.13886  2016-01-24.6407385  coadd_bd176352 1.54 -2.13 17.767     >17.767  99.990          -2.85        36.78   -0.008       0.100       
2457414.13769  2457414.13597  2016-01-26.6376910  coadd_bd177216 1.49 -2.13 18.207     >18.207  99.990          -6.66        24.53   -0.018       0.067       
2457417.10483  2457417.10335  2016-01-29.6048353  coadd_bd178466 1.53 -2.13 18.306     >18.306  99.990           4.73        22.40   0.013        0.061       
2457417.18054  2457417.17905  2016-01-29.6805414  coadd_bd178523 1.71 -2.13 16.337     >16.337  99.990        -224.50       137.37   -0.610       0.373       
2457418.10145  2457418.10004  2016-01-30.6014482  coadd_bd178883 1.47 -2.13 18.365     >18.365  99.990          26.37        21.21   0.072        0.058       
2457421.13299  2457421.13182  2016-02-02.6329935  coadd_bd180191 1.52 -2.13 18.348     >18.348  99.990         -73.22        21.54   -0.199       0.059       
2457424.14149  2457424.14056  2016-02-05.6414949  coadd_bd181582 1.52 -2.13 18.558     >18.558  99.990          13.69        17.75   0.037        0.048       
2457429.12820  2457429.12768  2016-02-10.6282016  coadd_bd183069 1.44 -2.13 18.880     >18.880  99.990         -12.28        13.20   -0.033       0.036       
2457437.03982  2457437.03996  2016-02-18.5398187  coadd_bd185806 1.71 -2.13 18.317     >18.317  99.990          33.25        22.17   0.090        0.060       
2457440.03304  2457440.03343  2016-02-21.5330413  coadd_bd187050 1.55 -2.13 17.872     >17.872  99.990          41.86        33.40   0.114        0.091       
2457441.15190  2457441.15238  2016-02-22.6519057  coadd_bd187558 1.49 -2.13 17.987      17.931  0.347           94.87        30.05   0.258        0.082       
2457444.03021  2457444.03093  2016-02-25.5302144  coadd_bd188632 1.46 -2.13 17.744     >17.744  99.990         -17.55        37.58   -0.048       0.102       
2457446.08764  2457446.08852  2016-02-27.5876395  coadd_bd189486 1.43 -2.13 18.221      18.040  0.309           85.85        24.22   0.233        0.066       
2457449.03526  2457449.03638  2016-03-01.5352640  coadd_bd190569 1.45 -2.13 18.265     >18.265  99.990         -15.74        23.26   -0.043       0.063       
2457451.10025  2457451.10154  2016-03-03.6002533  coadd_bd191424 1.48 -2.13 18.678     >18.678  99.990         -33.36        15.90   -0.091       0.043       
2457453.00229  2457453.00373  2016-03-05.5022918  coadd_bd192173 1.55 -2.13 18.504     >18.504  99.990         -33.02        18.66   -0.090       0.051       
2457455.01799  2457455.01959  2016-03-07.5179877  coadd_bd193008 1.51 -2.13 18.874     >18.874  99.990          -7.53        13.27   -0.020       0.036       
2457458.08309  2457458.08493  2016-03-10.5830925  coadd_bd193914 1.66 -2.13 18.883     >18.883  99.990         -25.17        13.16   -0.068       0.036       
2457460.97386  2457460.97591  2016-03-13.4738600  coadd_bd194950 1.46 -2.13 18.822     >18.822  99.990          10.88        13.92   0.030        0.038       
2457462.09912  2457462.10125  2016-03-14.5991184  coadd_bd195404 1.46 -2.13 18.257     >18.257  99.990         -10.06        23.43   -0.027       0.064       
2457463.01536  2457463.01757  2016-03-15.5153657  coadd_bd195664 1.55 -2.13 18.641     >18.641  99.990          38.58        16.45   0.105        0.045       
2457465.95964  2457465.96206  2016-03-18.4596452  coadd_bd196552 1.50 -2.13 18.113     >18.113  99.990          -6.27        26.75   -0.017       0.073       
2457467.98650  2457467.98906  2016-03-20.4865021  coadd_bd197437 1.52 -2.13 17.852      17.830  0.358          104.09        34.01   0.283        0.092       
2457473.06749  2457473.07040  2016-03-25.5674968  coadd_bd198971 1.48 -2.13 17.561     >17.561  99.990          84.62        44.49   0.230        0.121       
2457478.11009  2457478.11331  2016-03-30.6100879  coadd_bd200090 1.56 -2.13 18.185     >18.185  99.990         -77.31        25.03   -0.210       0.068       
2457479.04966  2457479.05295  2016-03-31.5496629  coadd_bd200438 1.44 -2.13 18.662     >18.662  99.990          25.61        16.13   0.070        0.044       
2457481.02384  2457481.02724  2016-04-02.5238434  coadd_bd201069 1.87 -2.13 18.953     >18.953  99.990          -1.10        12.34   -0.003       0.034       
2457483.95612  2457483.95969  2016-04-05.4561237  coadd_bd202191 1.52 -2.13 18.941     >18.941  99.990          15.39        12.48   0.042        0.034       
2457487.99493  2457487.99871  2016-04-09.4949296  coadd_bd202739 1.47 -2.13 18.897     >18.897  99.990         -19.43        13.00   -0.053       0.035       
2457490.93550  2457490.93943  2016-04-12.4355030  coadd_bd203842 1.51 -2.13 18.522     >18.522  99.990         -57.14        18.35   -0.155       0.050       
2457493.88228  2457493.88634  2016-04-15.3822785  coadd_bd204859 1.59 -2.13 18.519     >18.519  99.990          -7.64        18.41   -0.021       0.050       
2457494.95512  2457494.95923  2016-04-16.4551238  coadd_bd205298 1.49 -2.13 18.494     >18.494  99.990         -64.13        18.84   -0.174       0.051       
2457496.10821  2457496.11237  2016-04-17.6082133  coadd_bd205732 1.54 -2.13 18.756      18.267  0.232           69.62        14.80   0.189        0.040       
2457497.87271  2457497.87694  2016-04-19.3727081  coadd_bd205855 2.07 -2.13 17.767     >17.767  99.990         -40.08        36.80   -0.109       0.100       
2457500.93434  2457500.93868  2016-04-22.4343388  coadd_bd206885 1.59 -2.13 17.385     >17.385  99.990         -99.23        52.30   -0.270       0.142       
2457503.96921  2457503.97365  2016-04-25.4692089  coadd_bd207893 1.48 -2.13 18.120      17.907  0.300           97.02        26.58   0.264        0.072       
2457505.95100  2457505.95551  2016-04-27.4510046  coadd_bd208620 1.74 -2.13 18.179     >18.179  99.990          14.17        25.17   0.039        0.068       
2457506.88772  2457506.89225  2016-04-28.3877184  coadd_bd208946 1.71 -2.13 19.739     >19.739  99.990          -3.71         5.98   -0.010       0.016       
2457507.89497  2457507.89953  2016-04-29.3949744  coadd_bd209256 2.00 -2.13 19.773     >19.773  99.990         -11.43         5.80   -0.031       0.016       
2457510.91836  2457510.92300  2016-05-02.4183640  coadd_bd210163 1.54 -2.13 18.665     >18.665  99.990         -30.28        16.09   -0.082       0.044       
2457512.97591  2457512.98058  2016-05-04.4759093  coadd_bd210949 1.50 -2.13 18.928     >18.928  99.990          24.41        12.63   0.066        0.034       
2457520.93328  2457520.93807  2016-05-12.4332795  coadd_bd212320 1.54 -2.13 18.947     >18.947  99.990          -9.18        12.41   -0.025       0.034       
2457526.94314  2457526.94796  2016-05-18.4431353  coadd_bd213700 1.51 -2.13 18.117      18.003  0.329           88.83        26.67   0.241        0.072       
2457528.93625  2457528.94107  2016-05-20.4362542  coadd_bd214253 1.62 -2.13 17.796     >17.796  99.990          18.97        35.82   0.052        0.097       
2457531.91870  2457531.92351  2016-05-23.4187065  coadd_bd215164 1.56 -2.13 17.717     >17.717  99.990         -62.25        38.54   -0.169       0.105       
2457536.01810  2457536.02287  2016-05-27.5181055  coadd_bd215952 1.42 -2.13 18.420     >18.420  99.990          45.02        20.16   0.122        0.055       
2457538.97743  2457538.98216  2016-05-30.4774318  coadd_bd216816 1.42 -2.13 18.561      18.342  0.298           64.96        17.71   0.177        0.048       
2457542.95240  2457542.95706  2016-06-03.4524065  coadd_bd217731 1.56 -2.13 18.809     >18.809  99.990          -8.46        14.09   -0.023       0.038       
2457546.92345  2457546.92801  2016-06-07.4234562  coadd_bd218795 1.47 -2.13 18.690     >18.690  99.990          15.33        15.73   0.042        0.043       
2457548.76219  2457548.76670  2016-06-09.2621938  coadd_bd219356 1.58 -2.13 18.818     >18.818  99.990         -34.52        13.97   -0.094       0.038       
2457549.97689  2457549.98137  2016-06-10.4768918  coadd_bd219841 1.54 -2.13 18.930     >18.930  99.990         -25.77        12.61   -0.070       0.034       
2457555.87120  2457555.87547  2016-06-16.3711991  coadd_bd220827 1.49 -2.13 18.055     >18.055  99.990          52.38        28.21   0.142        0.077       
2457559.84119  2457559.84530  2016-06-20.3411893  coadd_bd221924 1.54 -2.13 17.908     >17.908  99.990          86.96        32.31   0.236        0.088       
2457561.94140  2457561.94543  2016-06-22.4414081  coadd_bd222655 1.47 -2.13 17.876     >17.876  99.990          50.90        33.28   0.138        0.090       
2457562.88705  2457562.89103  2016-06-23.3870533  coadd_bd222962 1.48 -2.13 18.225     >18.225  99.990          -7.46        24.14   -0.020       0.066       
2457567.89193  2457567.89567  2016-06-28.3919334  coadd_bd224050 1.48 -2.13 18.834     >18.834  99.990          -6.72        13.77   -0.018       0.037       
2457574.91059  2457574.91394  2016-07-05.4105905  coadd_bd225259 1.44 -2.13 18.879      18.485  0.254           56.97        13.21   0.155        0.036       
2457576.90409  2457576.90733  2016-07-07.4040912  coadd_bd225896 1.47 -2.13 18.783     >18.783  99.990           1.03        14.44   0.003        0.039       
2457577.87977  2457577.88294  2016-07-08.3797689  coadd_bd226232 1.65 -2.13 18.801     >18.801  99.990          31.32        14.19   0.085        0.039       
2457580.90106  2457580.90405  2016-07-11.4010585  coadd_bd226874 1.95 -2.13 18.851     >18.851  99.990         -26.53        13.56   -0.072       0.037       
2457585.82507  2457585.82774  2016-07-16.3250773  coadd_bd228058 1.54 -2.13 18.138     >18.138  99.990          19.82        26.14   0.054        0.071       
2457591.86111  2457591.86336  2016-07-22.3611116  coadd_bd229269 1.49 -2.13 18.153     >18.153  99.990         -28.96        25.79   -0.079       0.070       
2457595.77652  2457595.77848  2016-07-26.2765222  coadd_bd229892 1.54 -2.13 18.920     >18.920  99.990          -6.81        12.72   -0.019       0.035       
2457598.84614  2457598.84787  2016-07-29.3461369  coadd_bd230899 2.18 -2.13 18.998     >18.998  99.990          12.85        11.84   0.035        0.032       
2457601.82818  2457601.82969  2016-08-01.3281827  coadd_bd231669 1.42 -2.13 19.015     >19.015  99.990           7.25        11.65   0.020        0.032       
2457603.80058  2457603.80194  2016-08-03.3005854  coadd_bd232362 1.45 -2.13 18.875     >18.875  99.990         -20.87        13.27   -0.057       0.036       
2457605.81478  2457605.81597  2016-08-05.3147777  coadd_bd232931 1.66 -2.13 18.950     >18.950  99.990         -12.81        12.38   -0.035       0.034       
2457607.81000  2457607.81104  2016-08-07.3100019  coadd_bd233623 1.42 -2.13 19.040     >19.040  99.990           5.90        11.39   0.016        0.031       
2457609.80903  2457609.80991  2016-08-09.3090349  coadd_bd234308 1.48 -2.13 18.654     >18.654  99.990          37.44        16.26   0.102        0.044       
2457612.79011  2457612.79075  2016-08-12.2901181  coadd_bd235250 1.58 -2.13 18.357     >18.357  99.990           2.46        21.37   0.007        0.058       
2457617.78324  2457617.78348  2016-08-17.2832445  coadd_bd236573 1.47 -2.13 17.934     >17.934  99.990         -15.49        31.54   -0.042       0.086       
2457620.77263  2457620.77262  2016-08-20.2726298  coadd_bd237667 1.45 -2.13 18.441     >18.441  99.990         -62.28        19.77   -0.169       0.054       
2457626.74191  2457626.74143  2016-08-26.2419177  coadd_bd238568 1.62 -2.13 18.776     >18.776  99.990          14.85        14.53   0.040        0.039       
2457630.74699  2457630.74618  2016-08-30.2469905  coadd_bd239500 1.54 -2.13 18.674      18.404  0.285           61.35        15.96   0.167        0.043       
2457634.52200  2457634.52089  2016-09-03.0219969  coadd_bh102743 1.37 -2.32 18.671     >18.671  99.990          -0.91        13.37   -0.003       0.043       
2457635.54060  2457635.53941  2016-09-04.0405978  coadd_bh103154 1.38 -2.32 18.572     >18.572  99.990          18.74        14.64   0.061        0.048       
2457637.72708  2457637.72572  2016-09-06.2270850  coadd_bd240472 1.73 -2.13 18.267     >18.267  99.990          -0.24        23.21   -0.001       0.063       
2457638.48793  2457638.48651  2016-09-06.9879307  coadd_bh104062 2.06 -2.32 17.840     >17.840  99.990           9.64        28.73   0.031        0.093       
2457640.48714  2457640.48557  2016-09-08.9871447  coadd_bh104807 2.41 -2.32 17.559      17.457  0.333          122.70        37.24   0.399        0.121       
2457643.49739  2457643.49559  2016-09-11.9973899  coadd_bh105991 1.57 -2.32 17.965     >17.965  99.990          35.41        25.61   0.115        0.083       
2457652.48118  2457652.47873  2016-09-20.9811821  coadd_bh109102 1.73 -2.32 18.133     >18.133  99.990          26.57        21.95   0.086        0.071       
2457758.15663  2457758.15342  2017-01-04.6566310  coadd_bd271658 1.48 -2.13 18.769     >18.769  99.990          -7.90        14.62   -0.021       0.040       
2457766.14616  2457766.14348  2017-01-12.6461644  coadd_bd274677 1.52 -2.13 17.724     >17.724  99.990        -153.44        38.28   -0.417       0.104       
2457768.13694  2457768.13439  2017-01-14.6369410  coadd_bd275524 1.54 -2.13 18.235     >18.235  99.990         -12.82        23.90   -0.035       0.065       
2457774.13247  2457774.13035  2017-01-20.6324716  coadd_bd277616 1.60 -2.13 18.247     >18.247  99.990          51.39        23.64   0.140        0.064       
2457778.14489  2457778.14308  2017-01-24.6448961  coadd_bd278910 1.72 -2.13 18.835     >18.835  99.990          15.96        13.76   0.043        0.037       
2457782.11659  2457782.11508  2017-01-28.6165851  coadd_bd280475 1.47 -2.13 18.752     >18.752  99.990          29.82        14.85   0.081        0.040       
2457787.08101  2457787.07989  2017-02-02.5810107  coadd_bd282227 1.64 -2.13 18.755     >18.755  99.990          31.52        14.81   0.086        0.040       
2457790.11561  2457790.11474  2017-02-05.6156118  coadd_bd283392 1.46 -2.13 18.570     >18.570  99.990           4.72        17.56   0.013        0.048       
2457794.06755  2457794.06700  2017-02-09.5675523  coadd_bd284178 1.66 -2.13 17.727     >17.727  99.990         -24.34        38.18   -0.066       0.104       
2457798.08059  2457798.08037  2017-02-13.5805928  coadd_bd285266 1.59 -2.13 18.133     >18.133  99.990          -0.73        26.27   -0.002       0.071       
2457805.14436  2457805.14474  2017-02-20.6443684  coadd_bd287721 1.66 -2.13 18.802     >18.802  99.990          19.96        14.19   0.054        0.039       
2457808.03005  2457808.03067  2017-02-23.5300556  coadd_bd288820 1.53 -2.13 19.061     >19.061  99.990           5.61        11.17   0.015        0.030       
2457813.82305  2457813.82414  2017-03-01.3230564  coadd_bh153526 1.35 -2.32 18.521     >18.521  99.990         -42.55        15.35   -0.138       0.050       
2457823.01313  2457823.01494  2017-03-10.5131342  coadd_bd291460 1.43 -2.13 17.816     >17.816  99.990          10.29        35.18   0.028        0.096       
2457826.08405  2457826.08609  2017-03-13.5840541  coadd_bd292336 1.42 -2.13 18.052     >18.052  99.990         -63.19        28.31   -0.172       0.077       
2457829.09234  2457829.09461  2017-03-16.5923432  coadd_bd293495 1.46 -2.13 18.327     >18.327  99.990         -35.18        21.97   -0.096       0.060       
2457832.04363  2457832.04611  2017-03-19.5436285  coadd_bd294530 1.54 -2.13 18.446     >18.446  99.990         -19.73        19.69   -0.054       0.054       
2457834.00990  2457834.01251  2017-03-21.5098990  coadd_bd295275 1.79 -2.13 18.896     >18.896  99.990          11.61        13.01   0.032        0.035       
2457838.05240  2457838.05529  2017-03-25.5523987  coadd_bd296675 1.56 -2.13 19.000     >19.000  99.990         -14.79        11.82   -0.040       0.032       
2457844.92919  2457844.93252  2017-04-01.4291947  coadd_bd298815 1.45 -2.13 18.742     >18.742  99.990         -13.44        14.99   -0.037       0.041       
2457847.01293  2457847.01638  2017-04-03.5129380  coadd_bd299481 1.45 -2.13 18.865     >18.865  99.990          -5.18        13.38   -0.014       0.036       
2457849.91475  2457849.91836  2017-04-06.4147560  coadd_bd300539 1.82 -2.13 18.447     >18.447  99.990          16.72        19.68   0.045        0.053       
2457851.09894  2457851.10261  2017-04-07.5989386  coadd_bd301042 1.59 -2.13 18.954     >18.954  99.990          -0.50        12.33   -0.001       0.034       
2457851.90280  2457851.90652  2017-04-08.4028046  coadd_bd301277 1.73 -2.13 18.120     >18.120  99.990          14.49        26.57   0.039        0.072       
2457852.91581  2457852.91957  2017-04-09.4158067  coadd_bh164747 2.30 -2.32 18.198     >18.198  99.990         -62.22        20.67   -0.202       0.067       
2457854.70828  2457854.71213  2017-04-11.2082819  coadd_bh165401 1.58 -2.32 17.366     >17.366  99.990         -49.92        44.47   -0.162       0.145       
2457856.79797  2457856.80193  2017-04-13.2979766  coadd_bh166258 1.41 -2.32 17.575     >17.575  99.990           0.53        36.67   0.002        0.119       
2457864.10523  2457864.10950  2017-04-20.6052337  coadd_bd304273 1.42 -2.13 18.947     >18.947  99.990         -18.92        12.41   -0.051       0.034       
2457867.86185  2457867.86625  2017-04-24.3618490  coadd_bh169158 1.35 -2.32 18.625     >18.625  99.990         -44.65        13.95   -0.145       0.045       
2457870.79211  2457870.79661  2017-04-27.2921173  coadd_bh170128 1.57 -2.32 18.656     >18.656  99.990         -40.05        13.55   -0.130       0.044       
2457874.84298  2457874.84759  2017-05-01.3429875  coadd_bh171860 1.51 -2.32 18.588     >18.588  99.990          14.02        14.43   0.046        0.047       
2457877.64770  2457877.65237  2017-05-04.1477079  coadd_bh172819 1.37 -2.32 17.984     >17.984  99.990          29.70        25.17   0.097        0.082       
2457878.78388  2457878.78857  2017-05-05.2838810  coadd_bh173348 1.51 -2.32 18.286     >18.286  99.990          34.89        19.05   0.114        0.062       
2457880.64626  2457880.65099  2017-05-07.1462642  coadd_bh174062 1.83 -2.32 17.487     >17.487  99.990          55.52        39.78   0.181        0.129       
2457883.91428  2457883.91905  2017-05-10.4142815  coadd_bd308545 1.54 -2.13 17.691     >17.691  99.990         100.01        39.48   0.272        0.107       
2457890.04991  2457890.05473  2017-05-16.5499145  coadd_bd309769 1.51 -2.13 18.372     >18.372  99.990           3.89        21.08   0.011        0.057       
2457893.02309  2457893.02791  2017-05-19.5230906  coadd_bd310757 1.46 -2.13 18.543     >18.543  99.990         -22.39        18.01   -0.061       0.049       
2457894.98216  2457894.98698  2017-05-21.4821668  coadd_bd311428 1.51 -2.13 18.347     >18.347  99.990          60.84        21.56   0.165        0.059       
2457896.03186  2457896.03667  2017-05-22.5318607  coadd_bd311811 1.59 -2.13 18.804     >18.804  99.990          23.24        14.16   0.063        0.038       
2457897.89608  2457897.90088  2017-05-24.3960831  coadd_bd312267 1.52 -2.13 18.942     >18.942  99.990         -16.15        12.47   -0.044       0.034       
2457900.92322  2457900.92800  2017-05-27.4232241  coadd_bd313300 1.48 -2.13 18.820     >18.820  99.990          32.30        13.95   0.088        0.038       
2457904.99328  2457904.99799  2017-05-31.4932792  coadd_bd314304 1.46 -2.13 18.831     >18.831  99.990         -17.22        13.80   -0.047       0.038       
2457908.84964  2457908.85428  2017-06-04.3496378  coadd_bd315411 1.64 -2.13 17.145     >17.145  99.990        -201.83        65.24   -0.549       0.177       
2457910.79601  2457910.80060  2017-06-06.2960083  coadd_bd315929 1.64 -2.13 17.767     >17.767  99.990         -84.98        36.79   -0.231       0.100       
2457914.93913  2457914.94361  2017-06-10.4391334  coadd_bd317286 1.49 -2.13 17.794     >17.794  99.990          21.56        35.88   0.059        0.098       
2457917.95527  2457917.95966  2017-06-13.4552765  coadd_bd317828 1.47 -2.13 18.477     >18.477  99.990          16.27        19.14   0.044        0.052       
2457923.93080  2457923.93496  2017-06-19.4308  coadd_bd318607 1.66 -2.13 17.974     >17.974  99.990          19.74        30.42   0.054        0.083       
2457924.83079  2457924.83491  2017-06-20.3307891  coadd_bd318750 2.11 -2.13 18.917     >18.917  99.990          -8.58        12.76   -0.023       0.035       
2457927.91921  2457927.92321  2017-06-23.4192163  coadd_bd319766 1.44 -2.13 18.804     >18.804  99.990          37.32        14.15   0.101        0.038       
2457931.77032  2457931.77413  2017-06-27.2703284  coadd_bd320882 1.55 -2.13 18.292     >18.292  99.990          47.16        22.69   0.128        0.062       
2457932.83308  2457932.83684  2017-06-28.3330847  coadd_bd321221 1.65 -2.13 18.832     >18.832  99.990         -22.61        13.80   -0.061       0.038       
2457934.56803  2457934.57170  2017-06-30.0680351  coadd_bh190703 1.37 -2.32 18.628     >18.628  99.990           0.88        13.91   0.003        0.045       
2457937.63400  2457937.63750  2017-07-03.1340063  coadd_bh192087 1.88 -2.32 17.976     >17.976  99.990         -87.39        25.35   -0.284       0.082       
2457940.81672  2457940.82003  2017-07-06.3167196  coadd_bd323100 1.58 -2.13 18.206     >18.206  99.990         -16.87        24.55   -0.046       0.067       
2457943.88874  2457943.89187  2017-07-09.3887420  coadd_bd324157 1.55 -2.13 17.159     >17.159  99.990         -95.43        64.41   -0.259       0.175       
2457944.89570  2457944.89877  2017-07-10.3957135  coadd_bd324480 1.43 -2.13 18.190     >18.190  99.990          45.39        24.92   0.123        0.068       
2457945.77643  2457945.77944  2017-07-11.2764349  coadd_bd324731 1.47 -2.13 18.782     >18.782  99.990          14.44        14.45   0.039        0.039       
2457946.68997  2457946.69293  2017-07-12.1899743  coadd_bh195320 1.48 -2.32 17.869     >17.869  99.990         -44.95        27.99   -0.146       0.091       
2457948.86213  2457948.86495  2017-07-14.3621347  coadd_bd325401 1.43 -2.13 18.859     >18.859  99.990         -11.26        13.46   -0.031       0.037       
2457949.50331  2457949.50608  2017-07-15.0033152  coadd_bh196456 1.54 -2.32 17.667     >17.667  99.990         -27.88        33.70   -0.091       0.110       
2457953.87243  2457953.87491  2017-07-19.3724328  coadd_bd326393 1.44 -2.13 18.801     >18.801  99.990          32.00        14.20   0.087        0.039       
2457959.85517  2457959.85722  2017-07-25.3551766  coadd_bd327213 1.44 -2.13 19.105     >19.105  99.990           7.96        10.73   0.022        0.029       
2457961.85045  2457961.85235  2017-07-27.3504533  coadd_bd327874 1.56 -2.13 18.761     >18.761  99.990          37.24        14.73   0.101        0.040       
2457967.59826  2457967.59972  2017-08-02.0982576  coadd_bh203421 1.52 -2.32 17.970     >17.970  99.990          15.19        25.50   0.049        0.083       
2457970.61096  2457970.61219  2017-08-05.1109648  coadd_bh204721 1.39 -2.32 17.768     >17.768  99.990          -4.88        30.72   -0.016       0.100       
2457972.76816  2457972.76922  2017-08-07.2681649  coadd_bd330419 1.56 -2.13 17.907     >17.907  99.990         -25.56        32.34   -0.069       0.088       
2457975.80677  2457975.80759  2017-08-10.3067842  coadd_bd331614 1.53 -2.13 18.215     >18.215  99.990          28.82        24.35   0.078        0.066       
2457976.80582  2457976.80656  2017-08-11.3058216  coadd_bd331516 1.51 -2.13 18.754      18.715  0.352           46.10        14.82   0.125        0.040       
2457979.76105  2457979.76156  2017-08-14.2610608  coadd_bd332744 1.63 -2.13 18.992     >18.992  99.990          19.09        11.91   0.052        0.032       
2457982.78606  2457982.78632  2017-08-17.2860659  coadd_bd333827 1.52 -2.13 18.521     >18.521  99.990          11.44        18.38   0.031        0.050       
2457985.77754  2457985.77756  2017-08-20.2775431  coadd_bd334737 1.42 -2.13 18.905     >18.905  99.990          30.70        12.90   0.083        0.035       
2457989.74726  2457989.74695  2017-08-24.2472601  coadd_bd335390 1.64 -2.13 18.882     >18.882  99.990         -34.73        13.18   -0.094       0.036       
2457992.74315  2457992.74261  2017-08-27.2431559  coadd_bd336321 1.51 -2.13 18.686     >18.686  99.990         -23.06        15.78   -0.063       0.043       
2457998.72989  2457998.72886  2017-09-02.2298962  coadd_bd337934 1.97 -2.13 18.059     >18.059  99.990        -108.50        28.10   -0.295       0.076       
2458001.72609  2458001.72483  2017-09-05.2260971  coadd_bd338693 1.49 -2.13 17.643     >17.643  99.990         -33.55        41.23   -0.091       0.112       
2458005.50637  2458005.50481  2017-09-09.0063679  coadd_bh213281 1.41 -2.32 18.442     >18.442  99.990          11.34        16.50   0.037        0.054       
2458012.50418  2458012.50211  2017-09-16.0041936  coadd_bh215175 2.46 -2.32 18.649     >18.649  99.990          24.28        13.64   0.079        0.044       
2458016.48863  2458016.48627  2017-09-19.9886339  coadd_bh216580 1.50 -2.32 18.387     >18.387  99.990          20.04        17.36   0.065        0.056       
2458161.11370  2458161.11331  2018-02-11.6137086  coadd_bd377588 1.81 -2.13 18.814     >18.814  99.990         -15.77        14.03   -0.043       0.038       
2458182.81113  2458182.81251  2018-03-05.3111303  coadd_bh261006 1.37 -2.32 17.332     >17.332  99.990          78.53        45.90   0.255        0.149       
2458183.80650  2458183.80796  2018-03-06.3065018  coadd_bh261375 1.35 -2.32 17.378     >17.378  99.990        -111.61        43.97   -0.363       0.143       
2458186.82402  2458186.82572  2018-03-09.3240281  coadd_bh262157 1.38 -2.32 17.936     >17.936  99.990          59.23        26.31   0.193        0.086       
2458187.83909  2458187.84086  2018-03-10.3390900  coadd_bh262548 1.33 -2.32 18.563     >18.563  99.990          25.29        14.77   0.082        0.048       
2458197.96339  2458197.96592  2018-03-20.4633932  coadd_bd382977 1.46 -2.13 18.658      18.579  0.339           52.26        16.20   0.142        0.044       
2458207.93557  2458207.93876  2018-03-30.4355758  coadd_bd383875 1.53 -2.13 18.212     >18.212  99.990         -27.04        24.42   -0.073       0.066       
2458209.92906  2458209.93236  2018-04-01.4290590  coadd_bd384434 1.48 -2.13 17.522     >17.522  99.990          22.52        46.13   0.061        0.125       
2458220.90096  2458220.90486  2018-04-12.4009607  coadd_bd385281 1.45 -2.13 18.611      18.209  0.252           73.45        16.90   0.200        0.046       
2458235.00657  2458235.01103  2018-04-26.5065693  coadd_bd389025 1.53 -2.13 18.155     >18.155  99.990          24.33        25.74   0.066        0.070       
2458235.72366  2458235.72814  2018-04-27.2236611  coadd_bh280299 1.37 -2.32 17.075     >17.075  99.990          15.87        58.16   0.052        0.189       
2458241.86372  2458241.86837  2018-05-03.3637280  coadd_bh282791 1.34 -2.32 17.573     >17.573  99.990          -2.86        36.75   -0.009       0.120       
2458244.73866  2458244.74336  2018-05-06.2386662  coadd_bh283611 1.39 -2.32 17.528     >17.528  99.990          10.01        38.30   0.033        0.125       
2458251.95317  2458251.95797  2018-05-13.4531733  coadd_bd391436 1.65 -2.13 18.981     >18.981  99.990          -0.82        12.03   -0.002       0.033       
2458252.97153  2458252.97634  2018-05-14.4715331  coadd_bd391804 1.81 -2.13 18.802     >18.802  99.990         -21.19        14.18   -0.058       0.039       
2458257.94006  2458257.94489  2018-05-19.4400631  coadd_bd392851 1.55 -2.13 18.338      18.197  0.321           74.30        21.75   0.202        0.059       
2458258.83648  2458258.84130  2018-05-20.3364854  coadd_bd393119 1.64 -2.13 19.379     >19.379  99.990           3.03         8.33   0.008        0.023       
2458269.99183  2458269.99655  2018-05-31.4918275  coadd_bd395397 1.49 -2.13 17.929     >17.929  99.990           7.11        31.71   0.019        0.086       
2458270.88412  2458270.88883  2018-06-01.3841219  coadd_bd395634 1.48 -2.13 18.114     >18.114  99.990         -82.34        26.72   -0.224       0.073       
2458274.91346  2458274.91809  2018-06-05.4134682  coadd_bd396621 1.73 -2.13 18.201     >18.201  99.990          36.26        24.67   0.099        0.067       
2458282.97357  2458282.97796  2018-06-13.4735700  coadd_bd398617 1.52 -2.13 18.882     >18.882  99.990         -38.40        13.17   -0.104       0.036       
2458284.87789  2458284.88221  2018-06-15.3778866  coadd_bd399188 1.49 -2.13 18.868     >18.868  99.990          28.90        13.35   0.079        0.036       
2458291.78462  2458291.78868  2018-06-22.2846295  coadd_bd400740 1.52 -2.13 18.330     >18.330  99.990         -24.36        21.91   -0.066       0.060       
2458293.92408  2458293.92803  2018-06-24.4240763  coadd_bd401379 1.53 -2.13 18.129     >18.129  99.990         -33.93        26.36   -0.092       0.072       
2458297.88167  2458297.88544  2018-06-28.3816767  coadd_bd402447 1.70 -2.13 17.978     >17.978  99.990          -0.80        30.29   -0.002       0.082       
2458303.92319  2458303.92663  2018-07-04.4231912  coadd_bd403667 1.50 -2.13 18.514      18.463  0.348           58.14        18.50   0.158        0.050       
2458304.70127  2458304.70467  2018-07-05.2012736  coadd_bh287065 1.54 -2.32 17.656     >17.656  99.990          12.27        34.04   0.040        0.111       
2458305.46198  2458305.46533  2018-07-05.9619787  coadd_bh287186 1.53 -2.32 18.561     >18.561  99.990          22.68        14.80   0.074        0.048       
2458309.70384  2458309.70693  2018-07-10.2038392  coadd_bh288547 1.44 -2.32 18.453     >18.453  99.990          47.21        16.34   0.154        0.053       
2458311.69662  2458311.69959  2018-07-12.1966175  coadd_bh289428 1.43 -2.32 18.131     >18.131  99.990          58.45        21.99   0.190        0.072       
2458312.45239  2458312.45531  2018-07-12.9523939  coadd_bh289683 2.48 -2.32 17.730     >17.730  99.990          32.99        31.81   0.107        0.103       
2458313.89506  2458313.89789  2018-07-14.3950671  coadd_bd406372 1.46 -2.13 18.825     >18.825  99.990         -24.00        13.89   -0.065       0.038       
2458315.87314  2458315.87584  2018-07-16.3731456  coadd_bd406678 1.46 -2.13 18.810     >18.810  99.990          11.62        14.07   0.032        0.038       
2458325.84274  2458325.84473  2018-07-26.3427405  coadd_bd409710 1.78 -2.13 17.883     >17.883  99.990         -13.67        33.05   -0.037       0.090       
2458327.81953  2458327.82137  2018-07-28.3195277  coadd_bd410416 1.65 -2.13 18.112     >18.112  99.990         -48.51        26.79   -0.132       0.073       
2458329.61700  2458329.61872  2018-07-30.1170082  coadd_bh295709 1.41 -2.32 17.555     >17.555  99.990         -40.19        37.35   -0.131       0.122       
2458329.80455  2458329.80624  2018-07-30.3045472  coadd_bd410994 1.62 -2.13 17.729     >17.729  99.990         -72.83        38.09   -0.198       0.104       
2458331.63342  2458331.63498  2018-08-01.1334254  coadd_bh296577 1.36 -2.32 18.191     >18.191  99.990          -1.47        20.81   -0.005       0.068       
2458331.82048  2458331.82203  2018-08-01.3204923  coadd_bd411520 1.63 -2.13 17.567     >17.567  99.990         121.55        44.24   0.330        0.120       
2458335.79471  2458335.79595  2018-08-05.2947195  coadd_bd412580 1.79 -2.13 18.776     >18.776  99.990         -16.69        14.52   -0.045       0.039       
2458336.81396  2458336.81511  2018-08-06.3139578  coadd_bd412950 1.61 -2.13 18.775     >18.775  99.990         -30.28        14.53   -0.082       0.040       
2458338.80515  2458338.80615  2018-08-08.3051478  coadd_bd413615 2.24 -2.13 18.835     >18.835  99.990          11.15        13.76   0.030        0.037       
2458342.79837  2458342.79905  2018-08-12.2983726  coadd_bd414348 1.44 -2.13 18.560     >18.560  99.990           4.15        17.72   0.011        0.048       
2458343.81578  2458343.81638  2018-08-13.3157825  coadd_bd414662 1.55 -2.13 18.840     >18.840  99.990          -6.21        13.70   -0.017       0.037       
2458351.57512  2458351.57509  2018-08-21.0751243  coadd_bh303848 1.44 -2.32 17.939     >17.939  99.990          19.89        26.22   0.065        0.085       
2458361.77025  2458361.76940  2018-08-31.2702505  coadd_bd417982 1.55 -2.13 18.715     >18.715  99.990         -33.46        15.36   -0.091       0.042       
2458364.53636  2458364.53529  2018-09-03.0363630  coadd_bh308403 1.56 -2.32 18.535     >18.535  99.990         -44.67        15.15   -0.145       0.049       
2458365.54023  2458365.53908  2018-09-04.0402349  coadd_bh308803 2.40 -2.32 18.529     >18.529  99.990           7.19        15.24   0.023        0.050       
2458368.52596  2458368.52457  2018-09-07.0259560  coadd_bh309977 1.37 -2.32 18.494     >18.494  99.990          15.15        15.73   0.049        0.051       
2458384.48172  2458384.47917  2018-09-22.9817214  coadd_bh315769 1.50 -2.32 17.328     >17.328  99.990         -33.65        46.07   -0.109       0.150       
