###  JD        HJD            UT_date             IMAGE          FWHM  Diff Limit      mag   mag_err       counts     count_err  flux (mJy)    flux_err
2456000.13287  2456000.13531  2012-03-13.6328791  coadd_bb009413 1.65 -1.86 17.653     >17.653  99.990           4.84        52.31   0.010        0.111       
2456338.01613  2456338.01650  2013-02-14.5161358  coadd_bb036557 2.31 -1.86 19.371     >19.371  99.990           3.62        10.76   0.008        0.023       
2456349.06390  2456349.06514  2013-02-25.5639037  coadd_bb037814 2.99 -1.86 18.062     >18.062  99.990         -61.41        35.89   -0.130       0.076       
2456369.09222  2456369.09490  2013-03-17.5922194  coadd_bb041258 2.25 -1.86 17.600     >17.600  99.990         -15.43        54.93   -0.033       0.117       
2456377.07112  2456377.07430  2013-03-25.5711269  coadd_bb042185 2.21 -1.86 18.250     >18.250  99.990          73.08        30.19   0.155        0.064       
2456387.09696  2456387.10067  2013-04-04.5969781  coadd_bb043140 1.82 -1.86 18.659     >18.659  99.990         -37.21        20.73   -0.079       0.044       
2456389.05754  2456389.06133  2013-04-06.5575393  coadd_bb043688 2.02 -1.86 18.857     >18.857  99.990          36.22        17.26   0.077        0.037       
2456390.05132  2456390.05516  2013-04-07.5513239  coadd_bb043968 2.00 -1.86 18.967     >18.967  99.990         -11.43        15.60   -0.024       0.033       
2456393.04536  2456393.04933  2013-04-10.5453600  coadd_bb044730 2.07 -1.86 18.762      18.496  0.286           72.22        18.85   0.153        0.040       
2456396.05947  2456396.06356  2013-04-13.5594722  coadd_bb045076 2.05 -1.86 18.768     >18.768  99.990          -8.73        18.73   -0.019       0.040       
2456398.99233  2456398.99652  2013-04-16.4923300  coadd_bb045899 1.76 -1.86 18.884     >18.884  99.990          -2.78        16.84   -0.006       0.036       
2456401.01366  2456401.01792  2013-04-18.5136674  coadd_bb046448 2.03 -1.86 18.842     >18.842  99.990          16.43        17.50   0.035        0.037       
2456402.98357  2456402.98789  2013-04-20.4835766  coadd_bb046968 2.01 -1.86 18.765     >18.765  99.990           1.14        18.79   0.002        0.040       
2456406.95368  2456406.95811  2013-04-24.4536840  coadd_bb047747 1.98 -1.86 17.976     >17.976  99.990          92.12        38.88   0.196        0.083       
2456412.95275  2456412.95729  2013-04-30.4527504  coadd_bb049190 1.73 -1.86 18.315     >18.315  99.990          12.95        28.43   0.027        0.060       
2456434.92138  2456434.92596  2013-05-22.4213790  coadd_bb050547 1.68 -1.86 18.115     >18.115  99.990          36.57        34.21   0.078        0.073       
2456443.99081  2456443.99522  2013-05-31.4908062  coadd_bb051725 1.74 -1.86 18.817     >18.817  99.990          -7.60        17.92   -0.016       0.038       
2456448.90400  2456448.90828  2013-06-05.4040083  coadd_bb052608 2.16 -1.86 18.826     >18.826  99.990         -12.06        17.77   -0.026       0.038       
2456452.87770  2456452.88184  2013-06-09.3777002  coadd_bb053791 1.74 -1.86 18.798     >18.798  99.990          33.92        18.23   0.072        0.039       
2456457.86848  2456457.87243  2013-06-14.3684792  coadd_bb054849 1.79 -1.86 18.627     >18.627  99.990          -5.98        21.34   -0.013       0.045       
2456461.86144  2456461.86522  2013-06-18.3614375  coadd_bb055929 2.03 -1.86 18.323     >18.323  99.990          27.53        28.24   0.058        0.060       
2456469.79193  2456469.79532  2013-06-26.2919284  coadd_bb058295 2.01 -1.86 18.753     >18.753  99.990         -26.71        19.01   -0.057       0.040       
2456473.89934  2456473.90250  2013-06-30.3993422  coadd_bb059442 1.71 -1.86 18.889     >18.889  99.990          47.87        16.76   0.102        0.036       
2456477.84831  2456477.85123  2013-07-04.3483119  coadd_bb060572 2.01 -1.86 18.870     >18.870  99.990          36.27        17.06   0.077        0.036       
2456482.84425  2456482.84686  2013-07-09.3442516  coadd_bb062224 2.03 -1.86 18.852      18.431  0.247           76.69        17.34   0.163        0.037       
2456485.83826  2456485.84068  2013-07-12.3382646  coadd_bb063033 1.99 -1.86 18.646     >18.646  99.990          50.09        20.97   0.106        0.045       
2456488.83112  2456488.83333  2013-07-15.3311167  coadd_bb064089 1.91 -1.86 18.396     >18.396  99.990          31.47        26.40   0.067        0.056       
2456492.82093  2456492.82287  2013-07-19.3209325  coadd_bb065503 1.88 -1.86 18.073     >18.073  99.990          23.30        35.54   0.049        0.075       
2456505.81660  2456505.81757  2013-08-01.3166011  coadd_bb067342 2.31 -1.86 18.224     >18.224  99.990          82.65        30.93   0.175        0.066       
2456506.79845  2456506.79935  2013-08-02.2984528  coadd_bb067685 2.09 -1.86 18.734     >18.734  99.990         -11.16        19.34   -0.024       0.041       
2456511.81884  2456511.81935  2013-08-07.3188353  coadd_bb069034 1.62 -1.86 18.868     >18.868  99.990          25.42        17.09   0.054        0.036       
2456517.78156  2456517.78161  2013-08-13.2815674  coadd_bb070486 2.39 -1.86 18.480     >18.480  99.990          34.63        24.43   0.073        0.052       
2456521.78725  2456521.78699  2013-08-17.28725  coadd_bb071729 1.99 -1.86 17.996     >17.996  99.990         -38.10        38.14   -0.081       0.081       
2456526.75645  2456526.75580  2013-08-22.2564468  coadd_bb073193 2.68 -1.86 18.073     >18.073  99.990         -66.85        35.54   -0.142       0.075       
2456533.74556  2456533.74438  2013-08-29.2455684  coadd_bb074687 2.40 -1.86 18.607      18.275  0.269           88.55        21.73   0.188        0.046       
2456536.74752  2456536.74611  2013-09-01.2475209  coadd_bb075780 2.29 -1.86 18.710     >18.710  99.990         -22.75        19.77   -0.048       0.042       
2456543.76903  2456543.76711  2013-09-08.2690361  coadd_bb077365 2.33 -1.86 18.501     >18.501  99.990          19.21        23.97   0.041        0.051       
2456544.73356  2456544.73157  2013-09-09.2335590  coadd_bb077634 2.12 -1.86 18.684     >18.684  99.990           3.07        20.25   0.007        0.043       
2456557.73765  2456557.73480  2013-09-22.2376480  coadd_bb080096 2.49 -1.86 18.369     >18.369  99.990         -17.76        27.07   -0.038       0.057       
2456651.15794  2456651.15474  2013-12-24.6579458  coadd_bb098471 2.02 -1.86 18.043     >18.043  99.990         -12.43        36.54   -0.026       0.078       
2456658.14816  2456658.14536  2013-12-31.6481613  coadd_bb100141 1.77 -1.86 18.160     >18.160  99.990         -76.10        32.82   -0.162       0.070       
2456659.13658  2456659.13384  2014-01-01.6365835  coadd_bb100504 2.73 -1.86 18.419     >18.419  99.990        -115.77        25.84   -0.246       0.055       
2456701.04981  2456701.05001  2014-02-12.5498157  coadd_bb102670 1.72 -1.86 17.751     >17.751  99.990         -46.62        47.83   -0.099       0.102       
2456730.08666  2456730.08906  2014-03-13.5862581  coadd_bb103337 1.82 -1.86 18.544     >18.544  99.990          56.44        23.03   0.120        0.049       
2456731.05944  2456731.06190  2014-03-14.5590378  coadd_bb103525 1.73 -1.86 18.359     >18.359  99.990          43.54        27.31   0.092        0.058       
2456735.99224  2456735.99503  2014-03-19.4918394  coadd_bb104553 1.72 -1.86 17.846     >17.846  99.990          70.26        43.80   0.149        0.093       
2456741.10413  2456741.10723  2014-03-24.6037293  coadd_bb105507 2.56 -1.86 18.201     >18.201  99.990         -16.80        31.58   -0.036       0.067       
2456744.00008  2456744.00335  2014-03-27.4996791  coadd_bb106045 2.25 -1.86 18.759     >18.759  99.990         -25.34        18.90   -0.054       0.040       
2456755.98128  2456755.98515  2014-04-08.4808780  coadd_bb107394 2.12 -1.86 17.993     >17.993  99.990          47.47        38.26   0.101        0.081       
2456757.93420  2456757.93816  2014-04-10.4337989  coadd_bb108061 1.75 -1.86 18.202      17.986  0.299          115.60        31.57   0.245        0.067       
2456771.92892  2456771.93333  2014-04-24.4285116  coadd_bb110249 2.11 -1.86 18.898     >18.898  99.990           1.90        16.63   0.004        0.035       
2456772.96665  2456772.97109  2014-04-25.4662460  coadd_bb110416 1.81 -1.86 18.605     >18.605  99.990         -48.63        21.78   -0.103       0.046       
2456781.93513  2456781.93973  2014-05-04.4347299  coadd_bb111079 1.87 -1.86 18.842      18.833  0.362           52.98        17.51   0.112        0.037       
2456783.94399  2456783.94860  2014-05-06.4435813  coadd_bb111554 1.74 -1.86 18.742     >18.742  99.990           8.40        19.19   0.018        0.041       
2456784.93573  2456784.94036  2014-05-07.4353296  coadd_bb111889 1.65 -1.86 18.456     >18.456  99.990          56.51        24.97   0.120        0.053       
2456785.93824  2456785.94287  2014-05-08.4378341  coadd_bb112215 1.70 -1.86 18.542     >18.542  99.990          -6.60        23.09   -0.014       0.049       
2456787.78483  2456787.78947  2014-05-10.2844185  coadd_bb112510 1.76 -1.86 17.549     >17.549  99.990         -20.14        57.57   -0.043       0.122       
2456788.80396  2456788.80860  2014-05-11.3035548  coadd_bb112861 1.72 -1.86 17.826     >17.826  99.990          40.69        44.61   0.086        0.095       
2456796.03652  2456796.04114  2014-05-18.5361187  coadd_bb113832 1.71 -1.86 18.153     >18.153  99.990          85.77        33.01   0.182        0.070       
2456796.92634  2456796.93095  2014-05-19.4259371  coadd_bb114109 1.68 -1.86 18.397     >18.397  99.990          76.59        26.36   0.163        0.056       
2456797.92080  2456797.92540  2014-05-20.4203940  coadd_bb114468 1.74 -1.86 18.351     >18.351  99.990           0.56        27.51   0.001        0.058       
2456798.95371  2456798.95831  2014-05-21.4533107  coadd_bb114850 1.70 -1.86 18.733     >18.733  99.990           8.91        19.36   0.019        0.041       
2456800.91945  2456800.92402  2014-05-23.4190440  coadd_bb115389 1.64 -1.86 18.826     >18.826  99.990          15.39        17.76   0.033        0.038       
2456802.90821  2456802.91274  2014-05-25.4078030  coadd_bb116104 1.77 -1.86 18.619     >18.619  99.990         -26.70        21.50   -0.057       0.046       
2456805.91331  2456805.91780  2014-05-28.4129111  coadd_bb116985 2.00 -1.86 18.728     >18.728  99.990         -36.92        19.44   -0.078       0.041       
2456808.89739  2456808.90181  2014-05-31.3969853  coadd_bb117725 2.12 -1.86 18.346     >18.346  99.990          24.81        27.64   0.053        0.059       
2456811.90634  2456811.91068  2014-06-03.4059332  coadd_bb118660 1.82 -1.86 18.908     >18.908  99.990          35.85        16.47   0.076        0.035       
2456812.89257  2456812.89689  2014-06-04.3921715  coadd_bb118981 1.99 -1.86 18.511     >18.511  99.990          24.21        23.74   0.051        0.050       
2456813.90487  2456813.90915  2014-06-05.4044715  coadd_bb119255 1.86 -1.86 17.916     >17.916  99.990          22.78        41.08   0.048        0.087       
2456814.84639  2456814.85065  2014-06-06.3459908  coadd_bb119537 2.03 -1.86 18.256      18.149  0.331           99.42        30.03   0.211        0.064       
2456815.88924  2456815.89346  2014-06-07.3888407  coadd_bb119889 2.04 -1.86 18.358     >18.358  99.990         -52.92        27.33   -0.112       0.058       
2456818.88606  2456818.89017  2014-06-10.3856541  coadd_bb120883 1.66 -1.86 17.803     >17.803  99.990          76.95        45.60   0.163        0.097       
2456822.98734  2456822.99130  2014-06-14.4869334  coadd_bb122173 2.23 -1.86 17.256     >17.256  99.990         -33.00        75.45   -0.070       0.160       
2456824.97802  2456824.98189  2014-06-16.4776190  coadd_bb122762 1.99 -1.86 18.028      18.027  0.365          111.26        37.06   0.236        0.079       
2456826.95891  2456826.96270  2014-06-18.4585060  coadd_bb123404 2.26 -1.86 18.293     >18.293  99.990          31.76        29.03   0.067        0.062       
2456829.91677  2456829.92042  2014-06-21.4163687  coadd_bb124344 2.23 -1.86 18.898     >18.898  99.990          -8.68        16.63   -0.018       0.035       
2456830.85358  2456830.85718  2014-06-22.3531711  coadd_bb124631 2.13 -1.86 18.653     >18.653  99.990         -20.14        20.84   -0.043       0.044       
2456833.90610  2456833.90955  2014-06-25.4056978  coadd_bb125251 2.05 -1.86 18.485     >18.485  99.990         -36.02        24.32   -0.076       0.052       
2456834.88035  2456834.88374  2014-06-26.3799458  coadd_bb125366 1.80 -1.86 18.722     >18.722  99.990           0.81        19.56   0.002        0.042       
2456847.84190  2456847.84453  2014-07-09.3414996  coadd_bb126280 1.70 -1.86 17.644     >17.644  99.990          13.32        52.75   0.028        0.112       
2456851.83821  2456851.84058  2014-07-13.3378081  coadd_bb127607 1.82 -1.86 17.574     >17.574  99.990         -52.43        56.29   -0.111       0.119       
2456855.84783  2456855.84992  2014-07-17.3474251  coadd_bb128465 1.75 -1.86 18.582     >18.582  99.990          35.04        22.24   0.074        0.047       
2456856.83589  2456856.83791  2014-07-18.3354814  coadd_bb128765 1.76 -1.86 18.915     >18.915  99.990          47.30        16.37   0.100        0.035       
2456857.84089  2456857.84285  2014-07-19.3404885  coadd_bb129107 1.70 -1.86 18.662     >18.662  99.990         -31.41        20.65   -0.067       0.044       
2456863.82434  2456863.82586  2014-07-25.3239375  coadd_bb130183 1.72 -1.86 18.733     >18.733  99.990          -0.73        19.35   -0.002       0.041       
2456864.82248  2456864.82393  2014-07-26.3220789  coadd_bb130537 1.68 -1.86 18.584     >18.584  99.990         -37.63        22.20   -0.080       0.047       
2456866.82069  2456866.82199  2014-07-28.3202917  coadd_bb131143 2.00 -1.86 18.481     >18.481  99.990          64.48        24.42   0.137        0.052       
2456867.82154  2456867.82276  2014-07-29.3211307  coadd_bb131471 1.80 -1.86 18.707     >18.707  99.990          24.71        19.83   0.052        0.042       
2456881.78729  2456881.78744  2014-08-12.2868841  coadd_bb133877 1.75 -1.86 17.872     >17.872  99.990           2.82        42.76   0.006        0.091       
2456882.78417  2456882.78424  2014-08-13.2837609  coadd_bb134307 1.71 -1.86 18.413      17.910  0.230          123.90        25.98   0.263        0.055       
2456883.78483  2456883.78482  2014-08-14.2844302  coadd_bb134490 1.66 -1.86 18.768     >18.768  99.990         -13.02        18.74   -0.028       0.040       
2456884.78865  2456884.78856  2014-08-15.2882429  coadd_bb134750 1.70 -1.86 18.714     >18.714  99.990           9.94        19.69   0.021        0.042       
2456886.79050  2456886.79026  2014-08-17.2901010  coadd_bb135453 2.03 -1.86 17.953     >17.953  99.990         -24.75        39.68   -0.053       0.084       
2456887.78087  2456887.78055  2014-08-18.2804753  coadd_bb135701 1.74 -1.86 18.777     >18.777  99.990           1.25        18.59   0.003        0.039       
2456890.77216  2456890.77161  2014-08-21.2717570  coadd_bb135976 1.63 -1.86 18.572     >18.572  99.990           6.16        22.46   0.013        0.048       
2456891.76672  2456891.76609  2014-08-22.2663118  coadd_bb136946 1.75 -1.86 18.852     >18.852  99.990          31.30        17.35   0.066        0.037       
2456892.77043  2456892.76973  2014-08-23.2700312  coadd_bb137312 1.74 -1.86 18.698     >18.698  99.990          39.05        19.98   0.083        0.042       
2456894.76449  2456894.76363  2014-08-25.2640854  coadd_bb137828 1.75 -1.86 18.534     >18.534  99.990          17.78        23.24   0.038        0.049       
2456896.76300  2456896.76199  2014-08-27.2625987  coadd_bb138466 1.71 -1.86 18.880     >18.880  99.990          -4.65        16.91   -0.010       0.036       
2456897.75401  2456897.75293  2014-08-28.2536108  coadd_bb138833 1.65 -1.86 18.655     >18.655  99.990          19.30        20.80   0.041        0.044       
2456900.74938  2456900.74806  2014-08-31.2489762  coadd_bb139674 1.69 -1.86 18.735     >18.735  99.990          10.26        19.32   0.022        0.041       
2456904.73822  2456904.73661  2014-09-04.2378137  coadd_bb140654 1.75 -1.86 18.210     >18.210  99.990         -27.64        31.34   -0.059       0.067       
2456906.74421  2456906.74246  2014-09-06.2438105  coadd_bb141132 1.73 -1.86 17.859     >17.859  99.990        -122.80        43.27   -0.261       0.092       
2456908.76236  2456908.76046  2014-09-08.2619516  coadd_bb141591 1.80 -1.86 17.349     >17.349  99.990         -76.11        69.25   -0.162       0.147       
2456910.75397  2456910.75193  2014-09-10.2535643  coadd_bb142240 1.84 -1.86 17.503     >17.503  99.990         105.37        60.07   0.224        0.127       
2456911.72498  2456911.72287  2014-09-11.2245828  coadd_bb142534 2.19 -1.86 18.198     >18.198  99.990         -58.47        31.67   -0.124       0.067       
2456912.72463  2456912.72245  2014-09-12.2242244  coadd_bb142908 1.73 -1.86 17.897     >17.897  99.990        -116.41        41.81   -0.247       0.089       
2456913.72064  2456913.71839  2014-09-13.2202337  coadd_bb143156 1.76 -1.86 17.787     >17.787  99.990           4.84        46.24   0.010        0.098       
2456914.71713  2456914.71482  2014-09-14.2167305  coadd_bb143528 1.77 -1.86 17.108     >17.108  99.990         -35.53        86.46   -0.075       0.183       
2456916.71569  2456916.71325  2014-09-16.2152912  coadd_bb144052 1.97 -1.86 17.365     >17.365  99.990        -254.30        68.21   -0.540       0.145       
2457018.16397  2457018.16069  2014-12-26.6635699  coadd_bb166386 2.12 -1.86 18.003     >18.003  99.990         -44.35        37.91   -0.094       0.080       
2457022.15668  2457022.15363  2014-12-30.6562773  coadd_bb167504 2.04 -1.86 18.561     >18.561  99.990         -34.32        22.67   -0.073       0.048       
2457030.15303  2457030.15048  2015-01-07.6526247  coadd_bb168073 2.00 -1.86 17.936     >17.936  99.990           2.53        40.32   0.005        0.086       
2457031.14051  2457031.13803  2015-01-08.6401065  coadd_bb168473 1.69 -1.86 17.789      17.776  0.361          140.21        46.17   0.298        0.098       
2457037.13261  2457037.13054  2015-01-14.6322082  coadd_bb170429 1.88 -1.86 18.158     >18.158  99.990         -21.69        32.88   -0.046       0.070       
2457040.12863  2457040.12678  2015-01-17.6282254  coadd_bb171783 1.67 -1.86 18.508     >18.508  99.990          61.13        23.82   0.130        0.051       
2457042.12656  2457042.12486  2015-01-19.6261590  coadd_bb172501 2.02 -1.86 18.476     >18.476  99.990          22.43        24.51   0.048        0.052       
2457044.12245  2457044.12090  2015-01-21.6220476  coadd_bb173328 1.78 -1.86 18.677     >18.677  99.990          21.37        20.38   0.045        0.043       
2457046.11818  2457046.11677  2015-01-23.6177745  coadd_bb174149 2.01 -1.86 18.892     >18.892  99.990         -22.43        16.72   -0.048       0.035       
2457048.11214  2457048.11089  2015-01-25.6117513  coadd_bb174957 2.15 -1.86 18.767     >18.767  99.990          29.66        18.76   0.063        0.040       
2457050.11286  2457050.11177  2015-01-27.6124609  coadd_bb175586 1.72 -1.86 18.496     >18.496  99.990         -19.32        24.08   -0.041       0.051       
2457052.11786  2457052.11692  2015-01-29.6174568  coadd_bb176206 2.24 -1.86 18.596     >18.596  99.990         -33.15        21.96   -0.070       0.047       
2457054.09814  2457054.09735  2015-01-31.5977320  coadd_bb176865 2.55 -1.86 18.267     >18.267  99.990          24.58        29.72   0.052        0.063       
2457056.10974  2457056.10911  2015-02-02.6093379  coadd_bb177685 1.86 -1.86 17.856     >17.856  99.990         -29.90        43.41   -0.063       0.092       
2457061.08964  2457061.08942  2015-02-07.5892446  coadd_bb178094 1.82 -1.86 17.844      17.725  0.327          146.90        43.88   0.312        0.093       
2457062.05370  2457062.05356  2015-02-08.5533064  coadd_bb178451 1.83 -1.86 17.728     >17.728  99.990         -51.72        48.85   -0.110       0.104       
2457069.08059  2457069.08101  2015-02-15.5801811  coadd_bb179644 1.67 -1.86 18.617     >18.617  99.990         -31.14        21.53   -0.066       0.046       
2457071.07652  2457071.07710  2015-02-17.5761045  coadd_bb180417 1.66 -1.86 18.788     >18.788  99.990         -59.85        18.39   -0.127       0.039       
2457074.07237  2457074.07318  2015-02-20.5719498  coadd_bb181297 1.77 -1.86 18.615     >18.615  99.990          18.60        21.58   0.039        0.046       
2457078.06594  2457078.06706  2015-02-24.5655142  coadd_bb182111 1.73 -1.86 18.632     >18.632  99.990          -4.00        21.24   -0.008       0.045       
2457081.05815  2457081.05950  2015-02-27.5577450  coadd_bb183033 1.71 -1.86 19.001     >19.001  99.990          17.86        15.12   0.038        0.032       
2457084.06017  2457084.06175  2015-03-02.5597706  coadd_bb183524 2.04 -1.86 18.034     >18.034  99.990          16.72        36.86   0.035        0.078       
2457092.03310  2457092.03526  2015-03-10.5326976  coadd_bb184535 2.02 -1.86 17.234     >17.234  99.990         200.75        76.96   0.426        0.163       
2457096.10597  2457096.10842  2015-03-14.6055677  coadd_bb185160 1.81 -1.86 18.391      18.360  0.355           81.89        26.51   0.174        0.056       
2457100.13424  2457100.13695  2015-03-18.6342378  coadd_bb186474 1.69 -1.86 18.581     >18.581  99.990         -34.79        22.27   -0.074       0.047       
2457102.04589  2457102.04872  2015-03-20.5458987  coadd_bb187107 1.68 -1.86 18.629      18.427  0.303           76.99        21.30   0.163        0.045       
2457105.00945  2457105.01247  2015-03-23.5094608  coadd_bb187904 1.80 -1.86 18.760     >18.760  99.990         -24.35        18.87   -0.052       0.040       
2457108.97177  2457108.97502  2015-03-27.4717872  coadd_bb188971 1.68 -1.86 18.521     >18.521  99.990          35.73        23.52   0.076        0.050       
2457111.92731  2457111.93072  2015-03-30.4273215  coadd_bb189929 1.73 -1.86 18.474     >18.474  99.990          35.05        24.56   0.074        0.052       
2457114.97205  2457114.97562  2015-04-02.4720543  coadd_bb190994 2.04 -1.86 17.585     >17.585  99.990          12.01        55.71   0.025        0.118       
2457121.13647  2457121.14034  2015-04-08.6364821  coadd_bb192420 1.82 -1.86 17.192     >17.192  99.990        -341.15        80.00   -0.724       0.170       
2457122.09574  2457122.09965  2015-04-09.5957553  coadd_bb192718 1.79 -1.86 17.751      17.674  0.340          154.08        47.81   0.327        0.101       
2457122.90397  2457122.90791  2015-04-10.4039827  coadd_bb192935 1.68 -1.86 18.481     >18.481  99.990         -49.71        24.42   -0.106       0.052       
2457126.05511  2457126.05918  2015-04-13.5551253  coadd_bb193731 1.76 -1.86 18.300     >18.300  99.990          34.30        28.83   0.073        0.061       
2457128.00392  2457128.00806  2015-04-15.5039320  coadd_bb194062 1.77 -1.86 17.985     >17.985  99.990           3.30        38.54   0.007        0.082       
2457130.95331  2457130.95755  2015-04-18.4533226  coadd_bb194595 1.76 -1.86 18.508     >18.508  99.990          56.79        23.81   0.121        0.051       
2457133.94591  2457133.95024  2015-04-21.4459195  coadd_bb195526 1.74 -1.86 18.171     >18.171  99.990           6.71        32.46   0.014        0.069       
2457137.91089  2457137.91533  2015-04-25.4109062  coadd_bb196561 1.71 -1.86 18.319     >18.319  99.990          33.14        28.34   0.070        0.060       
2457144.94765  2457144.95221  2015-05-02.4476466  coadd_bb197479 1.80 -1.86 17.672     >17.672  99.990        -126.98        51.44   -0.270       0.109       
2457150.05193  2457150.05655  2015-05-07.5519291  coadd_bb198381 1.80 -1.86 17.598     >17.598  99.990        -190.45        55.06   -0.404       0.117       
2457154.04383  2457154.04847  2015-05-11.5438312  coadd_bb199226 1.77 -1.86 17.569     >17.569  99.990        -110.49        56.52   -0.235       0.120       
2457156.05100  2457156.05564  2015-05-13.5510008  coadd_bb199799 1.80 -1.86 18.324     >18.324  99.990          58.86        28.21   0.125        0.060       
2457156.97454  2457156.97918  2015-05-14.4745410  coadd_bb200022 1.78 -1.86 18.798     >18.798  99.990         -33.27        18.22   -0.071       0.039       
2457162.98311  2457162.98772  2015-05-20.4831182  coadd_bb201346 1.71 -1.86 18.419     >18.419  99.990         -32.37        25.83   -0.069       0.055       
2457165.84578  2457165.85036  2015-05-23.3457962  coadd_bb202060 1.65 -1.86 18.724     >18.724  99.990          14.95        19.51   0.032        0.041       
2457167.90168  2457167.90623  2015-05-25.4017021  coadd_bb202495 1.69 -1.86 18.372     >18.372  99.990          12.34        27.00   0.026        0.057       
2457171.86781  2457171.87229  2015-05-29.3678189  coadd_bb203158 1.62 -1.86 17.995     >17.995  99.990          -3.29        38.18   -0.007       0.081       
2457173.75956  2457173.76399  2015-05-31.259575  coadd_bb203588 2.33 -1.86 17.353     >17.353  99.990        -126.58        69.02   -0.269       0.146       
2457175.99967  2457176.00404  2015-06-02.4996802  coadd_bb204023 1.66 -1.86 17.401     >17.401  99.990        -236.43        66.03   -0.502       0.140       
2457177.90776  2457177.91208  2015-06-04.4077865  coadd_bb204388 1.72 -1.86 17.818     >17.818  99.990          16.06        44.94   0.034        0.095       
2457179.97911  2457179.98336  2015-06-06.4791149  coadd_bb205065 1.76 -1.86 18.097     >18.097  99.990          14.83        34.77   0.031        0.074       
2457183.98360  2457183.98772  2015-06-10.4836174  coadd_bb206092 1.76 -1.86 18.486     >18.486  99.990          46.17        24.29   0.098        0.052       
2457188.86820  2457188.87213  2015-06-15.3682234  coadd_bb206756 2.16 -1.86 18.756     >18.756  99.990          26.13        18.94   0.055        0.040       
2457191.91271  2457191.91651  2015-06-18.4127163  coadd_bb207655 1.68 -1.86 18.477     >18.477  99.990           1.01        24.51   0.002        0.052       
2457194.91059  2457194.91425  2015-06-21.4105975  coadd_bb208444 2.15 -1.86 18.757     >18.757  99.990          50.54        18.92   0.107        0.040       
2457197.81469  2457197.81821  2015-06-24.3147079  coadd_bb209277 2.00 -1.86 18.308     >18.308  99.990          32.76        28.63   0.070        0.061       
2457201.82029  2457201.82360  2015-06-28.3203134  coadd_bb210200 1.78 -1.86 17.841     >17.841  99.990          -7.42        44.02   -0.016       0.093       
2457204.85012  2457204.85325  2015-07-01.3501166  coadd_bb211056 1.78 -1.86 17.448     >17.448  99.990          89.70        63.22   0.190        0.134       
2457206.90957  2457206.91259  2015-07-03.4095712  coadd_bb211668 1.75 -1.86 17.468     >17.468  99.990          72.73        62.05   0.154        0.132       
2457209.91301  2457209.91584  2015-07-06.4130136  coadd_bb212260 1.79 -1.86 17.900     >17.900  99.990          90.04        41.67   0.191        0.088       
2457210.84216  2457210.84494  2015-07-07.3421615  coadd_bb212510 1.79 -1.86 18.565     >18.565  99.990           8.63        22.59   0.018        0.048       
2457216.87368  2457216.87606  2015-07-13.3736806  coadd_bb213666 2.16 -1.86 18.462     >18.462  99.990          12.62        24.84   0.027        0.053       
2457222.87544  2457222.87741  2015-07-19.3754444  coadd_bb214627 1.78 -1.86 18.544     >18.544  99.990          -5.96        23.04   -0.013       0.049       
2457227.79668  2457227.79830  2015-07-24.2966854  coadd_bb215336 2.02 -1.86 18.370     >18.370  99.990         -23.37        27.05   -0.050       0.057       
2457231.85830  2457231.85962  2015-07-28.3583013  coadd_bb216460 1.82 -1.86 17.502     >17.502  99.990         -10.14        60.13   -0.022       0.128       
2457235.84130  2457235.84232  2015-08-01.3413026  coadd_bb217459 1.83 -1.86 17.472     >17.472  99.990          11.33        61.83   0.024        0.131       
2457237.83630  2457237.83716  2015-08-03.3363013  coadd_bb217842 1.74 -1.86 17.911     >17.911  99.990          51.29        41.28   0.109        0.088       
2457240.82240  2457240.82303  2015-08-06.3224040  coadd_bb218352 1.75 -1.86 18.630     >18.630  99.990          28.51        21.27   0.061        0.045       
2457243.81097  2457243.81138  2015-08-09.3109758  coadd_bb219275 1.81 -1.86 18.757     >18.757  99.990           8.14        18.94   0.017        0.040       
2457245.80658  2457245.80683  2015-08-11.3065827  coadd_bb219963 1.75 -1.86 18.936     >18.936  99.990          -6.24        16.05   -0.013       0.034       
2457247.80125  2457247.80134  2015-08-13.3012491  coadd_bb220646 1.89 -1.86 18.488     >18.488  99.990          -2.22        24.25   -0.005       0.051       
2457250.78982  2457250.78967  2015-08-16.2898196  coadd_bb221124 2.02 -1.86 18.499     >18.499  99.990          31.03        24.00   0.066        0.051       
2457262.75623  2457262.75516  2015-08-28.2562304  coadd_bb222560 2.13 -1.86 17.886     >17.886  99.990         -64.94        42.24   -0.138       0.090       
2457266.74823  2457266.74686  2015-09-01.2482305  coadd_bb223872 2.19 -1.86 18.932     >18.932  99.990          15.75        16.12   0.033        0.034       
2457270.73558  2457270.73391  2015-09-05.2355811  coadd_bb224458 2.63 -1.86 18.523     >18.523  99.990           4.71        23.49   0.010        0.050       
2457274.72565  2457274.72370  2015-09-09.2256540  coadd_bb225711 2.25 -1.86 18.244     >18.244  99.990         -23.69        30.38   -0.050       0.064       
2457388.15848  2457388.15547  2015-12-31.6584822  coadd_bb254456 1.68 -1.86 18.383     >18.383  99.990          22.61        26.72   0.048        0.057       
2457397.14217  2457397.13974  2016-01-09.6421729  coadd_bb257717 1.71 -1.86 18.759     >18.759  99.990         -13.24        18.89   -0.028       0.040       
2457399.13524  2457399.13294  2016-01-11.6352400  coadd_bb258550 1.99 -1.86 18.955     >18.955  99.990         -11.25        15.78   -0.024       0.033       
2457402.13272  2457402.13064  2016-01-14.6327240  coadd_bb259421 2.04 -1.86 18.786     >18.786  99.990          19.50        18.43   0.041        0.039       
2457405.11895  2457405.11708  2016-01-17.6189528  coadd_bb260691 1.73 -1.86 18.794     >18.794  99.990          37.18        18.29   0.079        0.039       
2457410.10584  2457410.10434  2016-01-22.6058416  coadd_bb262814 1.73 -1.86 17.608     >17.608  99.990         148.68        54.54   0.316        0.116       
2457412.10669  2457412.10534  2016-01-24.6066855  coadd_bb263677 2.03 -1.86 17.731     >17.731  99.990         -51.08        48.71   -0.108       0.103       
2457414.11506  2457414.11387  2016-01-26.6150600  coadd_bb264550 1.71 -1.86 18.000     >18.000  99.990          73.31        38.00   0.156        0.081       
2457416.14226  2457416.14123  2016-01-28.6422594  coadd_bb265435 1.78 -1.86 18.316     >18.316  99.990          30.98        28.43   0.066        0.060       
2457420.13261  2457420.13189  2016-02-01.6326112  coadd_bb267116 1.73 -1.86 18.476     >18.476  99.990         -44.67        24.51   -0.095       0.052       
2457423.12618  2457423.12569  2016-02-04.6261783  coadd_bb268366 1.82 -1.86 18.852     >18.852  99.990         -40.61        17.34   -0.086       0.037       
2457425.07376  2457425.07343  2016-02-06.5737597  coadd_bb269307 1.67 -1.86 18.635     >18.635  99.990         -52.71        21.18   -0.112       0.045       
2457427.14253  2457427.14237  2016-02-08.6425259  coadd_bb269591 2.07 -1.86 18.814     >18.814  99.990          36.13        17.97   0.077        0.038       
2457430.05668  2457430.05675  2016-02-11.5566797  coadd_bb270779 1.76 -1.86 18.649     >18.649  99.990          10.64        20.92   0.023        0.044       
2457431.05314  2457431.05329  2016-02-12.5531429  coadd_bb271200 1.69 -1.86 19.026     >19.026  99.990         -28.09        14.78   -0.060       0.031       
2457433.05387  2457433.05418  2016-02-14.5538690  coadd_bb272638 2.20 -1.86 18.933     >18.933  99.990          16.55        16.10   0.035        0.034       
2457434.05802  2457434.05841  2016-02-15.5580243  coadd_bb272219 2.29 -1.86 18.679     >18.679  99.990         -22.40        20.35   -0.048       0.043       
2457438.02862  2457438.02933  2016-02-19.5286226  coadd_bb273566 2.23 -1.86 18.078     >18.078  99.990          78.42        35.37   0.166        0.075       
2457439.13998  2457439.14077  2016-02-20.6399770  coadd_bb274071 2.70 -1.86 18.720     >18.720  99.990          -2.93        19.58   -0.006       0.042       
2457440.02546  2457440.02632  2016-02-21.5254579  coadd_bb274393 1.72 -1.86 17.663     >17.663  99.990          56.30        51.83   0.119        0.110       
2457443.01888  2457443.01998  2016-02-24.5188811  coadd_bb275616 1.81 -1.86 17.500     >17.500  99.990        -214.75        60.25   -0.456       0.128       
2457444.05695  2457444.05813  2016-02-25.5569517  coadd_bb276003 1.87 -1.86 18.060     >18.060  99.990          42.41        35.98   0.090        0.076       
2457447.01986  2457447.02126  2016-02-28.5198584  coadd_bb277149 1.69 -1.86 17.569     >17.569  99.990         -42.35        56.53   -0.090       0.120       
2457450.08486  2457450.08650  2016-03-02.5848672  coadd_bb278350 1.70 -1.86 18.587     >18.587  99.990         -11.77        22.13   -0.025       0.047       
2457452.07384  2457452.07562  2016-03-04.5738387  coadd_bb279166 1.74 -1.86 19.152     >19.152  99.990          10.45        13.16   0.022        0.028       
2457454.01769  2457454.01962  2016-03-06.5176950  coadd_bb279947 1.70 -1.86 18.861     >18.861  99.990          -4.25        17.19   -0.009       0.036       
2457456.00292  2457456.00500  2016-03-08.5029268  coadd_bb280748 1.73 -1.86 18.651     >18.651  99.990           7.68        20.88   0.016        0.044       
2457457.98094  2457457.98316  2016-03-10.4809443  coadd_bb281186 1.73 -1.86 18.477     >18.477  99.990         -57.81        24.50   -0.123       0.052       
2457459.07166  2457459.07395  2016-03-11.5716648  coadd_bb281642 1.74 -1.86 19.053     >19.053  99.990          13.42        14.42   0.028        0.031       
2457461.98904  2457461.99152  2016-03-14.4890368  coadd_bb282670 1.73 -1.86 18.093     >18.093  99.990         -18.25        34.89   -0.039       0.074       
2457463.97081  2457463.97343  2016-03-16.4708105  coadd_bb283313 1.71 -1.86 18.605     >18.605  99.990           5.52        21.77   0.012        0.046       
2457465.08068  2457465.08338  2016-03-17.5806847  coadd_bb283718 1.86 -1.86 19.317     >19.317  99.990           2.50        11.30   0.005        0.024       
2457465.95204  2457465.95479  2016-03-18.4520394  coadd_bb283897 1.81 -1.86 18.226     >18.226  99.990         -11.65        30.87   -0.025       0.066       
2457466.95592  2457466.95874  2016-03-19.4559271  coadd_bb284373 1.76 -1.86 17.705     >17.705  99.990         -44.80        49.88   -0.095       0.106       
2457475.06587  2457475.06917  2016-03-27.5658670  coadd_bb286484 1.99 -1.86 17.767     >17.767  99.990        -177.55        47.11   -0.377       0.100       
2457477.97392  2457477.97738  2016-03-30.4739231  coadd_bb287326 1.77 -1.86 18.457     >18.457  99.990         -18.31        24.96   -0.039       0.053       
2457478.97394  2457478.97745  2016-03-31.4739417  coadd_bb287721 1.82 -1.86 18.623     >18.623  99.990          13.40        21.41   0.028        0.045       
2457480.99330  2457480.99692  2016-04-02.4933070  coadd_bb288386 1.76 -1.86 18.775     >18.775  99.990          36.25        18.62   0.077        0.040       
2457487.90779  2457487.91173  2016-04-09.4077975  coadd_bb290013 1.81 -1.86 18.925     >18.925  99.990          46.82        16.21   0.099        0.034       
2457489.94258  2457489.94659  2016-04-11.4425778  coadd_bb290813 1.70 -1.86 18.974     >18.974  99.990         -10.60        15.50   -0.023       0.033       
2457493.87850  2457493.88266  2016-04-15.3784990  coadd_bb292208 1.99 -1.86 18.430     >18.430  99.990         -23.75        25.59   -0.050       0.054       
2457494.99678  2457495.00098  2016-04-16.4967820  coadd_bb292682 1.75 -1.86 18.564     >18.564  99.990         -40.15        22.62   -0.085       0.048       
2457499.91497  2457499.91932  2016-04-21.4149733  coadd_bb293843 1.74 -1.86 17.540     >17.540  99.990         120.01        58.09   0.255        0.123       
2457502.98796  2457502.99240  2016-04-24.4879674  coadd_bb294881 1.86 -1.86 17.868     >17.868  99.990         -78.69        42.94   -0.167       0.091       
2457505.05805  2457505.06252  2016-04-26.5580486  coadd_bb295680 1.64 -1.86 17.932     >17.932  99.990          87.65        40.48   0.186        0.086       
2457507.01564  2457507.02016  2016-04-28.5156464  coadd_bb296397 1.79 -1.86 18.354      18.137  0.299          100.60        27.44   0.214        0.058       
2457507.94041  2457507.94495  2016-04-29.4404135  coadd_bb296643 2.05 -1.86 19.150     >19.150  99.990           3.08        13.18   0.007        0.028       
2457510.85259  2457510.85717  2016-05-02.3525959  coadd_bb297463 1.77 -1.86 18.783     >18.783  99.990          -9.42        18.48   -0.020       0.039       
2457513.01762  2457513.02222  2016-05-04.5176252  coadd_bb298332 1.69 -1.86 18.922     >18.922  99.990          -6.66        16.26   -0.014       0.035       
2457515.96174  2457515.96637  2016-05-07.4617444  coadd_bb299288 1.70 -1.86 18.770     >18.770  99.990          10.52        18.71   0.022        0.040       
2457522.01721  2457522.02185  2016-05-13.5172096  coadd_bb300006 1.60 -1.86 18.290     >18.290  99.990         -75.84        29.11   -0.161       0.062       
2457526.00692  2457526.01155  2016-05-17.5069230  coadd_bb300739 1.75 -1.86 18.261     >18.261  99.990         -51.72        29.89   -0.110       0.063       
2457529.81322  2457529.81781  2016-05-21.3132218  coadd_bb301828 1.80 -1.86 17.577     >17.577  99.990        -150.90        56.13   -0.320       0.119       
2457531.90329  2457531.90786  2016-05-23.4032938  coadd_bb302494 1.67 -1.86 17.737     >17.737  99.990          66.71        48.45   0.142        0.103       
2457536.01431  2457536.01880  2016-05-27.5143128  coadd_bb303301 1.69 -1.86 18.405     >18.405  99.990         -73.50        26.19   -0.156       0.056       
2457538.96595  2457538.97038  2016-05-30.4659494  coadd_bb304159 1.71 -1.86 18.942     >18.942  99.990         -31.21        15.97   -0.066       0.034       
2457542.89155  2457542.89588  2016-06-03.3915520  coadd_bb305036 1.79 -1.86 19.157     >19.157  99.990          -2.55        13.09   -0.005       0.028       
2457546.92673  2457546.93094  2016-06-07.4267380  coadd_bb306150 1.74 -1.86 18.863      18.666  0.304           61.78        17.17   0.131        0.036       
2457547.93091  2457547.93508  2016-06-08.4309141  coadd_bb306487 1.63 -1.86 18.689     >18.689  99.990          15.72        20.16   0.033        0.043       
2457549.90881  2457549.91291  2016-06-10.4088136  coadd_bb307142 1.76 -1.86 19.094     >19.094  99.990         -15.83        13.88   -0.034       0.029       
2457552.89446  2457552.89844  2016-06-13.3944606  coadd_bb307761 1.72 -1.86 18.793     >18.793  99.990         -18.85        18.31   -0.040       0.039       
2457558.93717  2457558.94089  2016-06-19.4371743  coadd_bb308993 1.64 -1.86 17.529     >17.529  99.990         160.76        58.69   0.341        0.125       
2457560.94144  2457560.94506  2016-06-21.4414430  coadd_bb309694 1.72 -1.86 17.432      17.183  0.290          242.15        64.16   0.514        0.136       
2457562.94548  2457562.94900  2016-06-23.4454825  coadd_bb310341 1.72 -1.86 18.240     >18.240  99.990           7.22        30.46   0.015        0.065       
2457565.80748  2457565.81086  2016-06-26.3074850  coadd_bb310718 1.74 -1.86 18.947     >18.947  99.990          24.08        15.89   0.051        0.034       
2457572.92359  2457572.92656  2016-07-03.4235868  coadd_bb312412 1.75 -1.86 18.800     >18.800  99.990         -33.49        18.20   -0.071       0.039       
2457575.91205  2457575.91484  2016-07-06.4120549  coadd_bb313137 1.72 -1.86 18.986     >18.986  99.990          17.20        15.33   0.037        0.033       
2457577.90536  2457577.90802  2016-07-08.4053659  coadd_bb313837 1.73 -1.86 18.755     >18.755  99.990          26.93        18.97   0.057        0.040       
2457581.89483  2457581.89723  2016-07-12.3948341  coadd_bb314809 1.85 -1.86 18.556     >18.556  99.990         -18.94        22.78   -0.040       0.048       
2457586.87863  2457586.88069  2016-07-17.3786359  coadd_bb315900 1.85 -1.86 18.083     >18.083  99.990         -33.36        35.23   -0.071       0.075       
2457591.86490  2457591.86660  2016-07-22.3649037  coadd_bb316856 1.83 -1.86 18.071     >18.071  99.990          86.37        35.60   0.183        0.076       
2457595.79181  2457595.79322  2016-07-26.2918151  coadd_bb317488 1.86 -1.86 18.799     >18.799  99.990         -67.93        18.22   -0.144       0.039       
2457598.84992  2457598.85111  2016-07-29.3499277  coadd_bb318486 1.99 -1.86 18.616     >18.616  99.990         -17.94        21.56   -0.038       0.046       
2457601.83198  2457601.83294  2016-08-01.3319847  coadd_bb319256 1.66 -1.86 19.089     >19.089  99.990          17.87        13.94   0.038        0.030       
2457603.82737  2457603.82817  2016-08-03.3273695  coadd_bb319977 1.70 -1.86 18.534     >18.534  99.990           8.05        23.26   0.017        0.049       
2457605.82244  2457605.82309  2016-08-05.3224408  coadd_bb320521 2.04 -1.86 18.996     >18.996  99.990          42.26        15.18   0.090        0.032       
2457607.81764  2457607.81814  2016-08-07.3176445  coadd_bb321213 1.72 -1.86 18.862     >18.862  99.990           1.70        17.18   0.004        0.036       
2457609.77822  2457609.77857  2016-08-09.2782238  coadd_bb321878 1.82 -1.86 18.625     >18.625  99.990        -102.35        21.37   -0.217       0.045       
2457612.80174  2457612.80185  2016-08-12.3017412  coadd_bb322852 2.03 -1.86 18.212      17.786  0.246          138.95        31.26   0.295        0.066       
2457617.78703  2457617.78675  2016-08-17.2870383  coadd_bb324169 1.91 -1.86 17.988     >17.988  99.990          22.15        38.44   0.047        0.082       
2457620.77641  2457620.77589  2016-08-20.2764103  coadd_bb325263 1.73 -1.86 18.075     >18.075  99.990          84.17        35.49   0.179        0.075       
2457626.75726  2457626.75629  2016-08-26.2572655  coadd_bb326163 1.74 -1.86 18.940     >18.940  99.990          12.68        15.99   0.027        0.034       
2457630.75076  2457630.74948  2016-08-30.2507609  coadd_bb327086 1.72 -1.86 18.813     >18.813  99.990          47.96        17.99   0.102        0.038       
2457635.49816  2457635.49653  2016-09-03.9981575  coadd_bf230232 1.50 -2.35 18.476     >18.476  99.990         -18.01        15.50   -0.060       0.052       
2457637.47948  2457637.47771  2016-09-05.9794865  coadd_bf230912 2.03 -2.35 18.155     >18.155  99.990          -4.24        20.85   -0.014       0.070       
2457641.49662  2457641.49456  2016-09-09.9966184  coadd_bf232327 1.48 -2.35 17.807     >17.807  99.990         -44.96        28.73   -0.151       0.096       
2457752.16579  2457752.16271  2016-12-29.6657959  coadd_bb357827 1.76 -1.86 18.220     >18.220  99.990          -0.51        31.06   -0.001       0.066       
2457762.14201  2457762.13956  2017-01-08.6420116  coadd_bb360637 1.64 -1.86 18.878     >18.878  99.990           2.07        16.94   0.004        0.036       
2457767.12919  2457767.12709  2017-01-13.6291954  coadd_bb362826 1.98 -1.86 17.652     >17.652  99.990         151.91        52.38   0.322        0.111       
2457770.14674  2457770.14485  2017-01-16.6467375  coadd_bb363828 2.46 -1.86 17.910     >17.910  99.990         -42.35        41.32   -0.090       0.088       
2457775.12506  2457775.12354  2017-01-21.6250571  coadd_bb365770 1.66 -1.86 18.286     >18.286  99.990         -11.58        29.21   -0.025       0.062       
2457780.13805  2457780.13691  2017-01-26.6380471  coadd_bb367415 1.76 -1.86 18.803     >18.803  99.990           1.93        18.15   0.004        0.039       
2457784.10572  2457784.10489  2017-01-30.6057208  coadd_bb369025 1.81 -1.86 18.929     >18.929  99.990          37.49        16.15   0.080        0.034       
2457789.06974  2457789.06931  2017-02-04.5697390  coadd_bb370868 1.79 -1.86 18.732     >18.732  99.990         -15.61        19.37   -0.033       0.041       
2457794.05697  2457794.05694  2017-02-09.5569714  coadd_bb372099 1.98 -1.86 17.730      17.653  0.340          157.05        48.77   0.333        0.104       
2457795.06009  2457795.06014  2017-02-10.5600907  coadd_bb372518 1.90 -1.86 17.846     >17.846  99.990          37.57        43.82   0.080        0.093       
2457799.06924  2457799.06961  2017-02-14.5692438  coadd_bb373591 1.90 -1.86 18.048     >18.048  99.990         -13.55        36.37   -0.029       0.077       
2457803.08594  2457803.08663  2017-02-18.5859410  coadd_bb375111 1.72 -1.86 18.417     >18.417  99.990          50.54        25.90   0.107        0.055       
2457807.12096  2457807.12197  2017-02-22.6209657  coadd_bb376427 1.73 -1.86 19.073     >19.073  99.990           5.01        14.15   0.011        0.030       
2457810.04629  2457810.04753  2017-02-25.5462972  coadd_bb377333 1.76 -1.86 18.377     >18.377  99.990          26.94        26.86   0.057        0.057       
2457816.99840  2457817.00016  2017-03-04.4984021  coadd_bb378025 2.09 -1.86 18.883     >18.883  99.990          -7.09        16.86   -0.015       0.036       
2457817.99479  2457817.99662  2017-03-05.4947912  coadd_bb378411 2.03 -1.86 18.703     >18.703  99.990         -24.52        19.89   -0.052       0.042       
2457818.99113  2457818.99304  2017-03-06.4911377  coadd_bb378727 1.84 -1.86 18.715     >18.715  99.990          26.09        19.67   0.055        0.042       
2457819.98755  2457819.98953  2017-03-07.4875496  coadd_bb379066 1.82 -1.86 18.484     >18.484  99.990         -11.78        24.35   -0.025       0.052       
2457822.87649  2457822.87868  2017-03-10.3764966  coadd_bf282395 1.74 -2.35 18.722     >18.722  99.990         -10.52        12.36   -0.035       0.041       
2457823.97407  2457823.97633  2017-03-11.4740686  coadd_bb379715 1.77 -1.86 17.678     >17.678  99.990          -8.96        51.15   -0.019       0.109       
2457827.06846  2457827.07094  2017-03-14.5684697  coadd_bb380660 1.75 -1.86 18.035      17.860  0.311          129.74        36.81   0.275        0.078       
2457831.07712  2457831.07986  2017-03-18.5771238  coadd_bb382114 1.80 -1.86 18.252     >18.252  99.990          40.48        30.15   0.086        0.064       
2457832.96041  2457832.96327  2017-03-20.4604094  coadd_bb382810 1.75 -1.86 18.768     >18.768  99.990          -0.05        18.75   -0.000       0.040       
2457836.04417  2457836.04722  2017-03-23.5441692  coadd_bb384015 1.84 -1.86 18.374     >18.374  99.990          -0.86        26.93   -0.002       0.057       
2457838.00691  2457838.01008  2017-03-25.5069171  coadd_bb384594 2.01 -1.86 18.805     >18.805  99.990         -46.14        18.11   -0.098       0.038       
2457840.99986  2457841.00320  2017-03-28.4998652  coadd_bb385740 2.04 -1.86 18.793     >18.793  99.990         -10.07        18.31   -0.021       0.039       
2457841.95848  2457841.96187  2017-03-29.4584863  coadd_bb385984 1.67 -1.86 18.579     >18.579  99.990         -13.73        22.30   -0.029       0.047       
2457846.91023  2457846.91388  2017-04-03.4102329  coadd_bb387357 2.08 -1.86 18.480     >18.480  99.990         -47.80        24.42   -0.101       0.052       
2457847.98289  2457847.98659  2017-04-04.4828910  coadd_bb387798 1.76 -1.86 18.667     >18.667  99.990         -88.95        20.56   -0.189       0.044       
2457849.90203  2457849.90582  2017-04-06.4020295  coadd_bb388484 1.92 -1.86 18.107     >18.107  99.990           7.25        34.46   0.015        0.073       
2457851.10275  2457851.10659  2017-04-07.6027538  coadd_bb388997 1.70 -1.86 18.827     >18.827  99.990         -22.74        17.76   -0.048       0.038       
2457851.89514  2457851.89902  2017-04-08.3951457  coadd_bb389223 1.79 -1.86 17.892     >17.892  99.990         -48.30        41.98   -0.103       0.089       
2457854.08249  2457854.08646  2017-04-10.5824894  coadd_bb390025 1.86 -1.86 16.334     >16.334  99.990        -120.86       176.33   -0.257       0.374       
2457855.04501  2457855.04901  2017-04-11.5450071  coadd_bb390348 2.05 -1.86 16.977     >16.977  99.990         -39.81        97.52   -0.084       0.207       
2457855.97250  2457855.97654  2017-04-12.4724969  coadd_bb390594 2.02 -1.86 17.643     >17.643  99.990          16.67        52.84   0.035        0.112       
2457860.03847  2457860.04266  2017-04-16.5384738  coadd_bb391530 2.02 -1.86 18.447     >18.447  99.990          19.50        25.19   0.041        0.053       
2457863.76262  2457863.76693  2017-04-20.2626226  coadd_bf295587 1.47 -2.35 18.289     >18.289  99.990          20.63        18.42   0.069        0.062       
2457866.79847  2457866.80287  2017-04-23.2984740  coadd_bf296517 1.47 -2.35 18.541     >18.541  99.990           2.54        14.60   0.009        0.049       
2457876.83150  2457876.83608  2017-05-03.3315009  coadd_bb394156 1.70 -1.86 18.328     >18.328  99.990          25.01        28.12   0.053        0.060       
2457878.02175  2457878.02635  2017-05-04.5217545  coadd_bb394613 1.79 -1.86 18.652     >18.652  99.990          -5.81        20.84   -0.012       0.044       
2457878.68893  2457878.69353  2017-05-05.1889299  coadd_bf301107 1.53 -2.35 17.488      17.266  0.298          141.76        38.52   0.476        0.129       
2457880.01085  2457880.01547  2017-05-06.5108469  coadd_bb395328 1.67 -1.86 18.467     >18.467  99.990         -51.34        24.72   -0.109       0.052       
2457883.03533  2457883.03996  2017-05-09.5353273  coadd_bb396214 1.99 -1.86 17.613     >17.613  99.990         124.84        54.30   0.265        0.115       
2457890.03743  2457890.04207  2017-05-16.5374303  coadd_bb397703 1.67 -1.86 18.564     >18.564  99.990           7.18        22.62   0.015        0.048       
2457891.88224  2457891.88686  2017-05-18.3822422  coadd_bb398294 2.14 -1.86 18.717     >18.717  99.990         -30.73        19.64   -0.065       0.042       
2457894.65649  2457894.66108  2017-05-21.1564908  coadd_bf305214 1.41 -2.35 18.332     >18.332  99.990           0.88        17.71   0.003        0.059       
2457898.94972  2457898.95426  2017-05-25.4497217  coadd_bb400582 1.72 -1.86 18.671     >18.671  99.990         -76.36        20.50   -0.162       0.044       
2457900.75031  2457900.75481  2017-05-27.2503125  coadd_bb401107 1.74 -1.86 18.427     >18.427  99.990          11.04        25.67   0.023        0.054       
2457904.75552  2457904.75993  2017-05-31.2555199  coadd_bb402083 1.72 -1.86 17.973     >17.973  99.990         -96.44        38.96   -0.205       0.083       
2457907.78847  2457907.79281  2017-06-03.2884725  coadd_bb403007 1.74 -1.86 18.288     >18.288  99.990          36.79        29.15   0.078        0.062       
2457913.82026  2457913.82441  2017-06-09.3202680  coadd_bb404801 2.02 -1.86 17.418     >17.418  99.990          63.90        64.97   0.136        0.138       
2457917.97380  2457917.97779  2017-06-13.4738077  coadd_bb405785 1.72 -1.86 18.089     >18.089  99.990          94.21        35.01   0.200        0.074       
2457920.86758  2457920.87145  2017-06-16.3675831  coadd_bb406076 1.77 -1.86 18.886     >18.886  99.990           2.38        16.81   0.005        0.036       
2457926.94940  2457926.95299  2017-06-22.4494057  coadd_bb407426 1.71 -1.86 18.897     >18.897  99.990         -10.75        16.63   -0.023       0.035       
2457929.93407  2457929.93750  2017-06-25.4340726  coadd_bb408318 1.71 -1.86 18.928     >18.928  99.990          13.63        16.18   0.029        0.034       
2457934.86670  2457934.86987  2017-06-30.3667135  coadd_bb409527 2.16 -1.86 18.646     >18.646  99.990         -20.28        20.97   -0.043       0.045       
2457938.82929  2457938.83222  2017-07-04.3293052  coadd_bb410363 1.73 -1.86 18.313     >18.313  99.990           3.30        28.49   0.007        0.060       
2457943.53165  2457943.53428  2017-07-09.0316515  coadd_bf321727 1.56 -2.35 17.358     >17.358  99.990        -109.27        43.41   -0.367       0.146       
2457948.66822  2457948.67051  2017-07-14.1682163  coadd_bf324002 1.47 -2.35 15.694     >15.694  99.990          27.44       201.05   0.092        0.675       
2457953.88016  2457953.88210  2017-07-19.3801642  coadd_bb411406 1.71 -1.86 18.573     >18.573  99.990          63.49        22.43   0.135        0.048       
2457959.85900  2457959.86050  2017-07-25.3590005  coadd_bb412233 1.71 -1.86 18.963     >18.963  99.990          22.53        15.66   0.048        0.033       
2457961.85841  2457961.85976  2017-07-27.3584072  coadd_bb412907 1.71 -1.86 17.984     >17.984  99.990         -24.04        38.57   -0.051       0.082       
2457967.80910  2457967.81000  2017-08-02.3091048  coadd_bb414081 1.62 -1.86 18.008     >18.008  99.990         -30.37        37.73   -0.064       0.080       
2457970.59606  2457970.59675  2017-08-05.0960687  coadd_bf332577 1.50 -2.35 17.180     >17.180  99.990          69.32        51.18   0.233        0.172       
2457972.81457  2457972.81509  2017-08-07.3145733  coadd_bb415479 1.76 -1.86 18.007      17.666  0.267          155.23        37.77   0.329        0.080       
2457975.81059  2457975.81087  2017-08-10.3105981  coadd_bb416643 1.76 -1.86 18.178     >18.178  99.990          71.69        32.27   0.152        0.068       
2457976.80964  2457976.80985  2017-08-11.3096452  coadd_bb416545 1.73 -1.86 18.489     >18.489  99.990         -16.70        24.23   -0.035       0.051       
2457979.78165  2457979.78162  2017-08-14.2816587  coadd_bb417788 1.72 -1.86 19.043     >19.043  99.990          -9.25        14.55   -0.020       0.031       
2457982.78990  2457982.78964  2017-08-17.2899039  coadd_bb418861 1.70 -1.86 18.846     >18.846  99.990          26.82        17.44   0.057        0.037       
2457985.78137  2457985.78087  2017-08-20.2813695  coadd_bb419770 1.65 -1.86 18.866      18.292  0.215           87.20        17.12   0.185        0.036       
2457990.76048  2457990.75960  2017-08-25.2604836  coadd_bb420801 1.72 -1.86 18.962     >18.962  99.990          -0.49        15.67   -0.001       0.033       
2457997.73833  2457997.73692  2017-09-01.2383302  coadd_bb422611 2.06 -1.86 18.166     >18.166  99.990          52.91        32.62   0.112        0.069       
2458004.72207  2458004.72016  2017-09-08.2220696  coadd_bb424586 2.08 -1.86 17.747      17.396  0.264          199.02        47.98   0.422        0.102       
2458007.51107  2458007.50896  2017-09-11.0110701  coadd_bf341466 1.47 -2.35 18.447     >18.447  99.990          10.08        15.93   0.034        0.053       
2458012.47974  2458012.47730  2017-09-15.9797412  coadd_bf343003 2.23 -2.35 17.686     >17.686  99.990         -27.28        32.10   -0.092       0.108       
2458114.16662  2458114.16335  2017-12-26.6666225  coadd_bb449527 2.47 -1.86 17.745     >17.745  99.990         107.97        48.08   0.229        0.102       
2458124.15258  2458124.14992  2018-01-05.6525886  coadd_bb452503 1.85 -1.86 18.161     >18.161  99.990          59.63        32.77   0.127        0.070       
2458125.14925  2458125.14665  2018-01-06.6492504  coadd_bb452915 2.00 -1.86 18.151     >18.151  99.990         -51.89        33.09   -0.110       0.070       
2458126.14554  2458126.14301  2018-01-07.6455434  coadd_bb453328 1.82 -1.86 18.215     >18.215  99.990          14.27        31.19   0.030        0.066       
2458133.15256  2458133.15051  2018-01-14.6525618  coadd_bb456139 1.66 -1.86 18.659     >18.659  99.990          12.80        20.71   0.027        0.044       
2458135.14556  2458135.14366  2018-01-16.6455685  coadd_bb456874 1.76 -1.86 18.566     >18.566  99.990          -3.01        22.58   -0.006       0.048       
2458136.14597  2458136.14414  2018-01-17.6459723  coadd_bb457288 1.89 -1.86 18.852     >18.852  99.990          -7.86        17.34   -0.017       0.037       
2458137.13474  2458137.13298  2018-01-18.6347410  coadd_bb457659 2.15 -1.86 19.120     >19.120  99.990         -23.35        13.56   -0.050       0.029       
2458139.13550  2458139.13389  2018-01-20.6355061  coadd_bb458323 1.71 -1.86 18.856     >18.856  99.990         -12.84        17.28   -0.027       0.037       
2458148.09079  2458148.08986  2018-01-29.5907864  coadd_bb459717 1.72 -1.86 17.972     >17.972  99.990         115.14        39.02   0.244        0.083       
2458149.08332  2458149.08247  2018-01-30.5833209  coadd_bb460134 1.82 -1.86 17.855     >17.855  99.990          27.31        43.45   0.058        0.092       
2458159.14306  2458159.14302  2018-02-09.6430615  coadd_bb461633 2.07 -1.86 18.672     >18.672  99.990         -51.64        20.46   -0.110       0.043       
2458181.83910  2458181.84084  2018-03-04.3391091  coadd_bf388214 1.45 -2.35 17.594     >17.594  99.990          51.17        34.93   0.172        0.117       
2458182.83442  2458182.83623  2018-03-05.3344273  coadd_bf388582 1.42 -2.35 17.374     >17.374  99.990         -84.81        42.77   -0.285       0.144       
2458186.83953  2458186.84163  2018-03-09.3395392  coadd_bf389727 1.49 -2.35 18.140     >18.140  99.990           0.35        21.14   0.001        0.071       
2458194.95862  2458194.96127  2018-03-17.4586256  coadd_bb466773 2.05 -1.86 18.641     >18.641  99.990          -4.38        21.07   -0.009       0.045       
2458203.77813  2458203.78133  2018-03-26.2781341  coadd_bf396068 1.42 -2.35 18.338     >18.338  99.990          32.85        17.61   0.110        0.059       
2458206.92401  2458206.92738  2018-03-29.4240125  coadd_bb468081 2.14 -1.86 18.435     >18.435  99.990        -103.56        25.47   -0.220       0.054       
2458209.91733  2458209.92087  2018-04-01.4173370  coadd_bb468934 1.64 -1.86 17.249     >17.249  99.990        -232.90        75.90   -0.494       0.161       
2458221.07536  2458221.07940  2018-04-12.5753569  coadd_bb469924 1.68 -1.86 19.049     >19.049  99.990          -7.29        14.47   -0.015       0.031       
2458222.09412  2458222.09820  2018-04-13.5941248  coadd_bb470262 2.31 -1.86 18.925     >18.925  99.990         -33.07        16.21   -0.070       0.034       
2458223.10196  2458223.10608  2018-04-14.6019646  coadd_bb470386 1.69 -1.86 17.492     >17.492  99.990          14.50        60.70   0.031        0.129       
2458231.03279  2458231.03716  2018-04-22.5328019  coadd_bb472303 1.71 -1.86 18.283     >18.283  99.990           2.56        29.29   0.005        0.062       
2458234.01027  2458234.01471  2018-04-25.5102706  coadd_bb473355 2.13 -1.86 18.380      18.066  0.273          107.38        26.78   0.228        0.057       
2458235.89061  2458235.89510  2018-04-27.3906142  coadd_bf407990 1.43 -2.35 17.809     >17.809  99.990          40.19        28.67   0.135        0.096       
2458237.87790  2458237.88242  2018-04-29.3779050  coadd_bf408835 2.11 -2.35 16.314     >16.314  99.990         -97.69       113.54   -0.328       0.381       
2458240.74715  2458240.75171  2018-05-02.2471501  coadd_bf409836 1.49 -2.35 17.429     >17.429  99.990          70.47        40.66   0.237        0.136       
2458243.84822  2458243.85283  2018-05-05.3482275  coadd_bf410833 1.53 -2.35 16.704     >16.704  99.990          43.45        79.34   0.146        0.266       
2458244.83818  2458244.84280  2018-05-06.3381850  coadd_bf411252 1.49 -2.35 17.513     >17.513  99.990          39.79        37.66   0.134        0.126       
2458245.79127  2458245.79590  2018-05-07.2912824  coadd_bf411608 2.44 -2.35 17.927     >17.927  99.990          44.19        25.71   0.148        0.086       
2458245.95925  2458245.96388  2018-05-07.4592565  coadd_bb474684 1.66 -1.86 18.473     >18.473  99.990          22.84        24.59   0.048        0.052       
2458248.00706  2458248.01169  2018-05-09.5070542  coadd_bb475105 2.10 -1.86 18.604     >18.604  99.990          -9.66        21.80   -0.020       0.046       
2458248.93501  2458248.93965  2018-05-10.4350164  coadd_bb475402 1.72 -1.86 18.488     >18.488  99.990          11.99        24.25   0.025        0.051       
2458252.01926  2458252.02390  2018-05-13.5192604  coadd_bb475993 2.22 -1.86 18.720     >18.720  99.990          18.45        19.59   0.039        0.042       
2458253.85038  2458253.85502  2018-05-15.3503798  coadd_bb476515 1.76 -1.86 18.814     >18.814  99.990         -27.04        17.96   -0.057       0.038       
2458256.96383  2458256.96845  2018-05-18.4638394  coadd_bb477063 1.76 -1.86 19.088     >19.088  99.990          -4.78        13.96   -0.010       0.030       
2458257.97626  2458257.98088  2018-05-19.4762708  coadd_bb477385 1.74 -1.86 18.956     >18.956  99.990          22.35        15.76   0.047        0.033       
2458259.01485  2458259.01946  2018-05-20.5148555  coadd_bb477763 2.09 -1.86 18.729     >18.729  99.990          -9.36        19.43   -0.020       0.041       
2458260.92373  2458260.92832  2018-05-22.4237362  coadd_bb478293 1.74 -1.86 18.199     >18.199  99.990         -52.29        31.66   -0.111       0.067       
2458269.80980  2458269.81422  2018-05-31.3098077  coadd_bb479741 1.64 -1.86 17.855     >17.855  99.990         -72.63        43.47   -0.154       0.092       
2458273.90829  2458273.91260  2018-06-04.4082932  coadd_bb480864 2.07 -1.86 18.200     >18.200  99.990          21.42        31.62   0.045        0.067       
2458274.88428  2458274.88856  2018-06-05.3842890  coadd_bb481088 1.76 -1.86 18.825     >18.825  99.990          36.18        17.78   0.077        0.038       
2458282.88926  2458282.89326  2018-06-13.3892596  coadd_bb483041 1.74 -1.86 19.045     >19.045  99.990         -35.68        14.52   -0.076       0.031       
2458287.83407  2458287.83787  2018-06-18.3340851  coadd_bb484485 1.69 -1.86 18.016     >18.016  99.990          17.82        37.45   0.038        0.079       
2458290.82136  2458290.82502  2018-06-21.3213665  coadd_bb484930 1.74 -1.86 18.531     >18.531  99.990          12.86        23.30   0.027        0.049       
2458296.88434  2458296.88768  2018-06-27.3843386  coadd_bb486598 2.01 -1.86 17.714     >17.714  99.990         -11.06        49.46   -0.023       0.105       
2458300.62191  2458300.62505  2018-07-01.1219149  coadd_bf413047 1.50 -2.35 17.926     >17.926  99.990         -14.07        25.73   -0.047       0.086       
2458300.77303  2458300.77615  2018-07-01.2730256  coadd_bb487625 1.75 -1.86 18.723     >18.723  99.990          -7.05        19.54   -0.015       0.041       
2458305.92745  2458305.93027  2018-07-06.4274651  coadd_bb488623 2.05 -1.86 18.806     >18.806  99.990         -16.20        18.09   -0.034       0.038       
2458309.89759  2458309.90015  2018-07-10.3975918  coadd_bb489590 1.67 -1.86 18.967      18.586  0.256           66.52        15.60   0.141        0.033       
2458310.46730  2458310.46983  2018-07-10.9673055  coadd_bf416376 1.69 -2.35 18.546     >18.546  99.990         -32.88        14.54   -0.110       0.049       
2458312.46393  2458312.46632  2018-07-12.9639328  coadd_bf417260 1.67 -2.35 18.367     >18.367  99.990           1.90        17.14   0.006        0.058       
2458313.46044  2458313.46277  2018-07-13.9604483  coadd_bf417701 2.03 -2.35 18.618     >18.618  99.990          -3.98        13.61   -0.013       0.046       
2458314.46821  2458314.47047  2018-07-14.9682105  coadd_bf418137 1.44 -2.35 18.533     >18.533  99.990          21.59        14.72   0.072        0.049       
2458316.51593  2458316.51805  2018-07-17.0159303  coadd_bf418826 1.43 -2.35 18.542     >18.542  99.990          13.77        14.59   0.046        0.049       
2458316.86951  2458316.87160  2018-07-17.3695192  coadd_bb491508 2.17 -1.86 18.913     >18.913  99.990           5.05        16.39   0.011        0.035       
2458321.76298  2458321.76472  2018-07-22.2629799  coadd_bb492812 2.04 -1.86 18.161     >18.161  99.990         -63.95        32.79   -0.136       0.070       
2458329.85737  2458329.85852  2018-07-30.3573736  coadd_bb495489 2.28 -1.86 17.846     >17.846  99.990          86.44        43.83   0.183        0.093       
2458333.77802  2458333.77887  2018-08-03.2780287  coadd_bb496509 2.04 -1.86 18.912     >18.912  99.990         -17.58        16.42   -0.037       0.035       
2458352.75251  2458352.75188  2018-08-22.2525171  coadd_bb501443 2.26 -1.86 17.809     >17.809  99.990          93.69        45.32   0.199        0.096       
2458363.51637  2458363.51493  2018-09-02.0163755  coadd_bf435567 1.54 -2.35 18.538     >18.538  99.990          15.15        14.65   0.051        0.049       
