###  JD        HJD            UT_date             IMAGE          FWHM  Diff Limit      mag   mag_err       counts     count_err  flux (mJy)    flux_err
2458228.87021  2458228.87321  2018-04-20.3702127  coadd_bs065271 2.34 -1.83 18.758     >18.758  99.990          29.55        19.45   0.058        0.038       
2458232.85692  2458232.86025  2018-04-24.3569202  coadd_bs066387 1.45 -1.83 18.373     >18.373  99.990           3.76        27.73   0.007        0.054       
2458252.80755  2458252.81228  2018-05-14.3075506  coadd_bs071634 2.07 -1.83 18.616     >18.616  99.990          20.46        22.15   0.040        0.043       
2458263.76736  2458263.77264  2018-05-25.2673629  coadd_bs074197 2.36 -1.83 17.624     >17.624  99.990          83.53        55.26   0.163        0.108       
2458264.81245  2458264.81777  2018-05-26.3124494  coadd_bs074574 1.49 -1.83 18.161     >18.161  99.990         100.34        33.69   0.196        0.066       
2458282.81534  2458282.82114  2018-06-13.3153392  coadd_bk092496 1.48 -1.93 18.649     >18.649  99.990         -23.11        19.49   -0.050       0.042       
2458283.51021  2458283.51602  2018-06-14.0102214  coadd_bo056492 1.50 -1.92 18.789     >18.789  99.990           4.49        17.34   0.010        0.037       
2458288.52539  2458288.53123  2018-06-19.0253928  coadd_bk095071 1.55 -1.93 19.062     >19.062  99.990          29.98        13.32   0.065        0.029       
2458289.84497  2458289.85081  2018-06-20.3449686  coadd_bs080513 1.51 -1.83 18.548     >18.548  99.990          22.01        23.60   0.043        0.046       
2458290.52183  2458290.52767  2018-06-21.0218291  coadd_bk096008 1.64 -1.93 18.523     >18.523  99.990          10.44        21.90   0.022        0.047       
2458291.87479  2458291.88063  2018-06-22.3747974  coadd_bs081191 1.53 -1.83 18.780     >18.780  99.990          36.75        19.05   0.072        0.037       
2458292.82301  2458292.82885  2018-06-23.3230204  coadd_bs081476 1.61 -1.83 18.064      17.652  0.249          161.66        36.83   0.316        0.072       
2458294.72767  2458294.73350  2018-06-25.2276762  coadd_bk097955 1.99 -1.93 17.930     >17.930  99.990          30.77        37.79   0.066        0.081       
2458300.75334  2458300.75908  2018-07-01.2533364  coadd_bk100580 1.63 -1.93 17.880     >17.880  99.990          93.54        39.59   0.202        0.085       
2458314.67579  2458314.68114  2018-07-15.1757954  coadd_bs085214 1.43 -1.83 18.048     >18.048  99.990          83.87        37.39   0.164        0.073       
2458318.79083  2458318.79601  2018-07-19.2908456  coadd_bs085744 1.46 -1.83 18.442     >18.442  99.990          29.82        26.02   0.058        0.051       
2458320.75915  2458320.76423  2018-07-21.2591619  coadd_bk107766 1.47 -1.93 18.543     >18.543  99.990         -14.36        21.49   -0.031       0.046       
2458328.50993  2458328.51460  2018-07-29.0099333  coadd_bk110587 1.66 -1.93 17.968     >17.968  99.990          36.51        36.50   0.079        0.079       
2458329.70364  2458329.70824  2018-07-30.2036429  coadd_bk111176 1.43 -1.93 18.001      17.822  0.310          125.31        35.40   0.270        0.076       
2458331.74981  2458331.75428  2018-08-01.2498096  coadd_bs089149 1.50 -1.83 16.818      16.451  0.261          488.61       116.10   0.955        0.227       
2458333.49667  2458333.50103  2018-08-02.9966739  coadd_bk112794 1.51 -1.93 18.664      18.449  0.299           70.36        19.23   0.152        0.041       
2458334.64550  2458334.64978  2018-08-04.1455094  coadd_bk113325 1.43 -1.93 18.635     >18.635  99.990         -25.83        19.74   -0.056       0.043       
2458336.71544  2458336.71958  2018-08-06.2154430  coadd_bs090463 2.12 -1.83 18.862     >18.862  99.990          33.96        17.67   0.066        0.035       
2458343.58996  2458343.59360  2018-08-13.0899614  coadd_bk117031 1.97 -1.93 18.189     >18.189  99.990         -80.71        29.79   -0.174       0.064       
2458344.59383  2458344.59739  2018-08-14.0938368  coadd_bk117477 1.52 -1.93 18.734     >18.734  99.990         -43.19        18.03   -0.093       0.039       
2458355.52705  2458355.52970  2018-08-25.0270512  coadd_bk121904 1.49 -1.93 17.922     >17.922  99.990          67.62        38.06   0.146        0.082       
2458356.59375  2458356.59631  2018-08-26.0937555  coadd_bk122388 1.52 -1.93 17.742      17.606  0.322          152.95        44.95   0.330        0.097       
2458359.62879  2458359.63108  2018-08-29.1287979  coadd_bk123426 1.45 -1.93 17.924     >17.924  99.990         -44.82        38.02   -0.097       0.082       
2458360.48765  2458360.48986  2018-08-29.9876562  coadd_bk123739 1.47 -1.93 19.031     >19.031  99.990          -2.14        13.71   -0.005       0.030       
2458360.68141  2458360.68360  2018-08-30.1814131  coadd_bs095421 1.52 -1.83 17.357     >17.357  99.990         -54.26        70.65   -0.106       0.138       
2458361.69498  2458361.69708  2018-08-31.1949890  coadd_bs095760 1.46 -1.83 18.170     >18.170  99.990          62.54        33.43   0.122        0.065       
2458362.68327  2458362.68527  2018-09-01.1832769  coadd_bs096077 1.48 -1.83 18.933     >18.933  99.990         -18.03        16.55   -0.035       0.032       
2458363.53701  2458363.53894  2018-09-02.0370145  coadd_bk124786 1.44 -1.93 18.869     >18.869  99.990          -9.33        15.91   -0.020       0.034       
2458366.49365  2458366.49530  2018-09-04.9936535  coadd_bk126016 1.43 -1.93 18.572     >18.572  99.990          -7.72        20.92   -0.017       0.045       
2458366.67685  2458366.67848  2018-09-05.1768555  coadd_bs096679 1.44 -1.83 17.957     >17.957  99.990         -32.62        40.68   -0.064       0.079       
2458370.66810  2458370.66935  2018-09-09.1681015  coadd_bs097117 1.51 -1.83 18.245     >18.245  99.990          75.63        31.18   0.148        0.061       
2458371.66586  2458371.66702  2018-09-10.1658625  coadd_bs097219 1.49 -1.83 18.550     >18.550  99.990         -16.85        23.54   -0.033       0.046       
2458372.64448  2458372.64555  2018-09-11.1444912  coadd_bs097400 1.51 -1.83 18.754     >18.754  99.990          36.87        19.52   0.072        0.038       
2458373.64351  2458373.64448  2018-09-12.1435128  coadd_bs097792 1.45 -1.83 18.512     >18.512  99.990         -14.82        24.40   -0.029       0.048       
2458374.63546  2458374.63633  2018-09-13.1354585  coadd_bs098177 1.48 -1.83 18.661      18.564  0.334           69.78        21.27   0.136        0.042       
2458375.59385  2458375.59463  2018-09-14.0938494  coadd_bk129723 1.44 -1.93 18.595     >18.595  99.990          -6.52        20.49   -0.014       0.044       
2458383.55186  2458383.55186  2018-09-22.0518604  coadd_bk132796 1.63 -1.93 18.057     >18.057  99.990          30.49        33.64   0.066        0.072       
2458392.60653  2458392.60564  2018-10-01.1065418  coadd_bs101456 1.49 -1.83 18.642     >18.642  99.990          57.08        21.64   0.112        0.042       
2458393.52417  2458393.52319  2018-10-02.0241778  coadd_bG001851 1.42 -2.04 18.826      18.708  0.328           50.40        15.07   0.119        0.036       
2458394.53255  2458394.53147  2018-10-03.0325518  coadd_bG002215 1.43 -2.04 18.715      18.585  0.324           56.46        16.69   0.134        0.040       
2458395.53481  2458395.53363  2018-10-04.0348094  coadd_bk136746 1.37 -1.93 17.834     >17.834  99.990        -176.67        41.28   -0.381       0.089       
2458398.57688  2458398.57541  2018-10-07.0768883  coadd_bs102659 1.56 -1.83 18.170     >18.170  99.990         -82.59        33.43   -0.161       0.065       
2458399.56882  2458399.56726  2018-10-08.0688317  coadd_bs102803 1.40 -1.83 18.737     >18.737  99.990           9.43        19.82   0.018        0.039       
2458401.52565  2458401.52390  2018-10-10.0256575  coadd_bk138474 1.48 -1.93 18.422     >18.422  99.990          66.41        24.03   0.143        0.052       
2458408.48901  2458408.48662  2018-10-16.9890119  coadd_bG006073 1.44 -2.04 17.854     >17.854  99.990          42.39        36.87   0.100        0.087       
2458410.49131  2458410.48875  2018-10-18.9913160  coadd_bk141255 1.56 -1.93 17.360     >17.360  99.990          82.13        63.88   0.177        0.138       
2458521.88191  2458521.87822  2019-02-07.3819133  coadd_bG042401 1.38 -2.04 17.463     >17.463  99.990          55.72        52.85   0.132        0.125       
2458522.88132  2458522.87770  2019-02-08.3813201  coadd_bG042747 1.48 -2.04 18.010     >18.010  99.990          40.03        31.93   0.095        0.076       
2458523.87648  2458523.87294  2019-02-09.3764822  coadd_bG043092 1.42 -2.04 18.087     >18.087  99.990         -62.12        29.77   -0.147       0.071       
2458524.87600  2458524.87254  2019-02-10.3760009  coadd_bG043439 1.40 -2.04 18.110     >18.110  99.990          29.85        29.13   0.071        0.069       
2458525.87135  2458525.86797  2019-02-11.3713491  coadd_bG043786 1.47 -2.04 18.231     >18.231  99.990          19.44        26.06   0.046        0.062       
2458526.86683  2458526.86352  2019-02-12.3668361  coadd_bG044132 1.47 -2.04 18.422     >18.422  99.990          35.72        21.86   0.085        0.052       
2458527.86626  2458527.86304  2019-02-13.3662694  coadd_bG044464 1.45 -2.04 18.670     >18.670  99.990           8.56        17.40   0.020        0.041       
2458528.86188  2458528.85874  2019-02-14.3618826  coadd_bG044812 1.43 -2.04 18.406     >18.406  99.990           9.91        22.18   0.023        0.053       
2458529.86807  2458529.86501  2019-02-15.3680710  coadd_bk180686 1.41 -1.93 18.474     >18.474  99.990          15.01        22.91   0.032        0.049       
2458530.88124  2458530.87827  2019-02-16.3812396  coadd_bG045533 1.40 -2.04 18.304     >18.304  99.990          34.89        24.37   0.083        0.058       
2458533.87121  2458533.86849  2019-02-19.3712141  coadd_bG046610 1.41 -2.04 17.755     >17.755  99.990         -26.26        40.39   -0.062       0.096       
2458534.86509  2458534.86246  2019-02-20.3651006  coadd_bk182553 1.48 -1.93 17.003     >17.003  99.990          96.73        88.81   0.208        0.191       
2458535.85264  2458535.85010  2019-02-21.3526407  coadd_bG047313 1.52 -2.04 18.510     >18.510  99.990          23.37        20.16   0.055        0.048       
2458537.87977  2458537.87741  2019-02-23.3797775  coadd_bG048060 1.38 -2.04 17.801      17.661  0.321          132.25        38.71   0.313        0.092       
2458539.85207  2458539.84988  2019-02-25.3520679  coadd_bG048748 1.41 -2.04 17.979     >17.979  99.990         -36.50        32.86   -0.086       0.078       
2458553.81716  2458553.81632  2019-03-11.3171612  coadd_bG053712 1.44 -2.04 18.687     >18.687  99.990          14.63        17.12   0.035        0.041       
2458554.81241  2458554.81166  2019-03-12.3124067  coadd_bG054089 1.38 -2.04 18.538     >18.538  99.990          13.24        19.64   0.031        0.047       
2458555.81152  2458555.81088  2019-03-13.3115290  coadd_bG054469 1.41 -2.04 18.498     >18.498  99.990           3.64        20.38   0.009        0.048       
2458556.80678  2458556.80623  2019-03-14.3067864  coadd_bG054847 1.38 -2.04 18.276     >18.276  99.990          34.49        24.99   0.082        0.059       
2458558.80897  2458558.80862  2019-03-16.3089701  coadd_bG055709 1.41 -2.04 18.362     >18.362  99.990          38.79        23.09   0.092        0.055       
2458561.84790  2458561.84784  2019-03-19.3478957  coadd_bk192778 2.11 -1.93 17.934     >17.934  99.990          31.76        37.67   0.068        0.081       
2458563.80444  2458563.80459  2019-03-21.3044503  coadd_bk193556 1.42 -1.93 17.557     >17.557  99.990         -50.08        53.28   -0.108       0.115       
2458565.78323  2458565.78357  2019-03-23.2832307  coadd_bk194357 1.64 -1.93 17.798     >17.798  99.990          -8.05        42.69   -0.017       0.092       
2458566.79145  2458566.79189  2019-03-24.2914584  coadd_bG056063 1.51 -2.04 17.880     >17.880  99.990         -77.40        36.00   -0.183       0.085       
2458572.09137  2458572.09233  2019-03-29.5913769  coadd_bC021577 1.44 -1.64 18.578     >18.578  99.990          15.65        27.34   0.026        0.045       
2458572.50412  2458572.50512  2019-03-30.0041204  coadd_bo122381 1.43 -1.92 18.687     >18.687  99.990          25.62        19.04   0.055        0.041       
2458573.88310  2458573.88423  2019-03-31.3831012  coadd_bk197458 1.50 -1.93 18.624     >18.624  99.990          38.16        19.95   0.082        0.043       
2458575.75676  2458575.75807  2019-04-02.2567560  coadd_bG062002 1.49 -2.04 18.458     >18.458  99.990           5.96        21.14   0.014        0.050       
2458577.50070  2458577.50219  2019-04-04.0007023  coadd_bo124035 1.46 -1.92 18.841     >18.841  99.990          -3.24        16.52   -0.007       0.035       
2458577.90487  2458577.90639  2019-04-04.4048767  coadd_bs148546 1.41 -1.83 18.627     >18.627  99.990           1.43        21.95   0.003        0.043       
2458579.07568  2458579.07732  2019-04-05.5756840  coadd_bC023610 1.44 -1.64 18.471     >18.471  99.990          31.01        30.18   0.051        0.049       
2458579.74224  2458579.74394  2019-04-06.2422437  coadd_bG063477 1.46 -2.04 18.193     >18.193  99.990           5.59        27.00   0.013        0.064       
2458580.73838  2458580.74017  2019-04-07.2383798  coadd_bG063875 1.50 -2.04 18.540     >18.540  99.990         -22.86        19.60   -0.054       0.046       
2458581.56932  2458581.57119  2019-04-08.0693288  coadd_bo124937 1.38 -1.92 18.544     >18.544  99.990         -13.67        21.72   -0.029       0.046       
2458582.06887  2458582.07079  2019-04-08.5688748  coadd_bC024813 1.53 -1.64 18.805     >18.805  99.990          41.95        22.18   0.069        0.036       
2458582.98874  2458582.99074  2019-04-09.4887483  coadd_bs150238 1.48 -1.83 17.438     >17.438  99.990        -106.62        65.61   -0.208       0.128       
2458583.72819  2458583.73027  2019-04-10.2281968  coadd_bG065080 1.44 -2.04 18.654      18.463  0.306           63.15        17.66   0.150        0.042       
2458584.71631  2458584.71847  2019-04-11.2163107  coadd_bk201403 1.44 -1.93 18.463     >18.463  99.990         -72.23        23.13   -0.156       0.050       
2458585.47269  2458585.47493  2019-04-11.9726978  coadd_bo126479 1.49 -1.92 18.901     >18.901  99.990          -2.16        15.64   -0.005       0.033       
2458586.50328  2458586.50561  2019-04-13.0032864  coadd_bo126919 1.47 -1.92 18.775     >18.775  99.990         -31.27        17.57   -0.067       0.037       
2458587.90049  2458587.90295  2019-04-14.4004986  coadd_bs151240 1.45 -1.83 18.484     >18.484  99.990          57.21        25.02   0.112        0.049       
2458589.05670  2458589.05926  2019-04-15.5566987  coadd_bC026301 1.40 -1.64 18.731     >18.731  99.990          29.18        23.76   0.048        0.039       
2458590.45556  2458590.45824  2019-04-16.9555582  coadd_bo127407 1.40 -1.92 17.176     >17.176  99.990          86.16        76.58   0.183        0.163       
2458591.79926  2458591.80206  2019-04-18.2992679  coadd_bk204450 1.48 -1.93 17.623     >17.623  99.990          89.76        50.17   0.193        0.108       
2458591.96367  2458591.96649  2019-04-18.4636784  coadd_bs152677 1.49 -1.83 16.740     >16.740  99.990        -276.56       124.74   -0.540       0.244       
2458593.74972  2458593.75269  2019-04-20.2497234  coadd_bk205217 1.41 -1.93 17.632     >17.632  99.990          -8.74        49.73   -0.019       0.107       
2458594.81154  2458594.81460  2019-04-21.3115395  coadd_bk205696 1.46 -1.93 17.760     >17.760  99.990           3.90        44.22   0.008        0.095       
2458599.57847  2458599.58192  2019-04-26.0784728  coadd_bo129370 1.43 -1.92 18.445     >18.445  99.990         -26.33        23.80   -0.056       0.051       
2458600.68013  2458600.68367  2019-04-27.1801314  coadd_bG071107 1.38 -2.04 18.593     >18.593  99.990         -33.32        18.68   -0.079       0.044       
2458601.66872  2458601.67234  2019-04-28.1687228  coadd_bk208130 1.48 -1.93 18.385     >18.385  99.990         -52.49        24.85   -0.113       0.054       
2458602.67609  2458602.67979  2019-04-29.1760954  coadd_bG071952 1.47 -2.04 18.626     >18.626  99.990          41.03        18.11   0.097        0.043       
2458603.68485  2458603.68862  2019-04-30.1848581  coadd_bk209030 1.40 -1.93 17.621     >17.621  99.990        -170.93        50.23   -0.368       0.108       
2458604.40646  2458604.41028  2019-04-30.9064723  coadd_bo131206 1.51 -1.92 18.966     >18.966  99.990           8.65        14.73   0.018        0.031       
2458604.97191  2458604.97577  2019-05-01.4719151  coadd_bs155778 1.47 -1.83 16.912     >16.912  99.990         -80.94       106.43   -0.158       0.208       
2458605.66817  2458605.67209  2019-05-02.1681679  coadd_bG073218 1.46 -2.04 18.395     >18.395  99.990          49.02        22.41   0.116        0.053       
2458606.47119  2458606.47517  2019-05-02.9712061  coadd_bo131947 1.43 -1.92 18.828     >18.828  99.990         -29.99        16.73   -0.064       0.036       
2458607.75004  2458607.75411  2019-05-04.2500395  coadd_bG073835 1.40 -2.04 18.385     >18.385  99.990          41.57        22.62   0.098        0.054       
2458608.82773  2458608.83188  2019-05-05.3277379  coadd_bs156833 1.36 -1.83 18.637     >18.637  99.990          46.71        21.73   0.091        0.042       
2458610.99959  2458611.00388  2019-05-07.4995890  coadd_bC032792 1.44 -1.64 18.991     >18.991  99.990         -19.74        18.70   -0.032       0.031       
2458612.66086  2458612.66526  2019-05-09.1608693  coadd_bk212581 1.42 -1.93 18.085     >18.085  99.990         -11.93        32.77   -0.026       0.071       
2458613.98903  2458613.99352  2019-05-10.4890365  coadd_bC033946 1.40 -1.64 18.746     >18.746  99.990          21.34        23.43   0.035        0.038       
2458614.88908  2458614.89362  2019-05-11.3890792  coadd_bk213639 1.48 -1.93 18.421      18.057  0.261          100.94        24.05   0.218        0.052       
2458615.80605  2458615.81065  2019-05-12.3060502  coadd_bs158501 1.51 -1.83 18.312     >18.312  99.990          56.04        29.32   0.109        0.057       
2458616.44200  2458616.44664  2019-05-12.9420030  coadd_bo134214 1.43 -1.92 18.391     >18.391  99.990          -9.45        25.01   -0.020       0.053       
2458617.67835  2458617.68306  2019-05-14.1783590  coadd_bk214818 1.43 -1.93 17.838     >17.838  99.990          -5.82        41.13   -0.013       0.089       
2458618.67060  2458618.67536  2019-05-15.1706038  coadd_bk215262 1.45 -1.93 17.980     >17.980  99.990         -14.54        36.09   -0.031       0.078       
2458619.65151  2458619.65633  2019-05-16.1515153  coadd_bk218351 1.44 -1.93 17.772      17.614  0.316          151.79        43.71   0.327        0.094       
2458620.82009  2458620.82497  2019-05-17.3200869  coadd_bG076601 1.45 -2.04 17.754     >17.754  99.990          -3.17        40.46   -0.008       0.096       
2458626.66648  2458626.67166  2019-05-23.1664804  coadd_bG078751 1.49 -2.04 18.121     >18.121  99.990          34.36        28.83   0.081        0.068       
2458627.66924  2458627.67447  2019-05-24.1692473  coadd_bG079191 1.49 -2.04 17.783     >17.783  99.990         -23.51        39.38   -0.056       0.093       
2458628.95621  2458628.96149  2019-05-25.4562162  coadd_bC039140 2.10 -1.64 18.698     >18.698  99.990           7.77        24.49   0.013        0.040       
2458630.95684  2458630.96220  2019-05-27.4568413  coadd_bC039886 1.37 -1.64 18.748     >18.748  99.990         -28.92        23.39   -0.047       0.038       
2458632.95289  2458632.95833  2019-05-29.4528951  coadd_bC040627 1.49 -1.64 18.746     >18.746  99.990         -36.82        23.43   -0.060       0.038       
2458634.97770  2458634.98320  2019-05-31.4777016  coadd_bC041388 1.46 -1.64 18.743     >18.743  99.990          20.78        23.49   0.034        0.039       
2458636.57684  2458636.58240  2019-06-02.0768391  coadd_bk220527 1.46 -1.93 18.474     >18.474  99.990         -35.39        22.90   -0.076       0.049       
2458637.58236  2458637.58794  2019-06-03.0823672  coadd_bG081254 1.43 -2.04 18.409     >18.409  99.990          32.05        22.13   0.076        0.052       
2458638.64482  2458638.65044  2019-06-04.1448241  coadd_bG081745 1.49 -2.04 18.728     >18.728  99.990          40.06        16.50   0.095        0.039       
2458640.69659  2458640.70226  2019-06-06.1965980  coadd_bk222466 1.47 -1.93 18.534     >18.534  99.990          33.29        21.67   0.072        0.047       
2458641.56867  2458641.57436  2019-06-07.0686798  coadd_bk222824 2.14 -1.93 18.866     >18.866  99.990          44.50        15.96   0.096        0.034       
2458643.36874  2458643.37446  2019-06-08.8687418  coadd_bo141860 1.42 -1.92 18.685     >18.685  99.990           7.12        19.08   0.015        0.041       
2458644.55169  2458644.55744  2019-06-10.0516887  coadd_bG084325 1.40 -2.04 18.575     >18.575  99.990           8.48        18.98   0.020        0.045       
2458645.58041  2458645.58617  2019-06-11.0804118  coadd_bk224675 1.50 -1.93 18.381     >18.381  99.990          25.17        24.95   0.054        0.054       
2458645.83202  2458645.83779  2019-06-11.3320244  coadd_bG084982 1.45 -2.04 17.906     >17.906  99.990         -53.36        35.16   -0.126       0.083       
2458646.90138  2458646.90717  2019-06-12.4013928  coadd_bC045049 1.39 -1.64 18.333     >18.333  99.990         -52.41        34.28   -0.086       0.056       
2458648.36332  2458648.36913  2019-06-13.8633284  coadd_bo142863 1.48 -1.92 18.124      17.904  0.298          117.55        31.98   0.250        0.068       
2458655.26793  2458655.27378  2019-06-20.7679313  coadd_bo145684 1.45 -1.92 18.427     >18.427  99.990         -15.19        24.20   -0.032       0.052       
2458656.59337  2458656.59921  2019-06-22.0933725  coadd_bk229254 1.41 -1.93 16.748     >16.748  99.990          58.58       112.30   0.126        0.242       
2458657.60040  2458657.60624  2019-06-23.1004151  coadd_bk229723 2.27 -1.93 18.432      18.419  0.361           72.34        23.81   0.156        0.051       
2458659.91332  2458659.91915  2019-06-25.4133239  coadd_bC049252 2.22 -1.64 18.944     >18.944  99.990          20.93        19.52   0.034        0.032       
2458660.79765  2458660.80347  2019-06-26.2976533  coadd_bk230587 1.44 -1.93 17.933     >17.933  99.990           5.89        37.71   0.013        0.081       
2458662.77193  2458662.77772  2019-06-28.2719277  coadd_bk231186 1.42 -1.93 18.727      18.349  0.258           77.14        18.15   0.166        0.039       
2458666.85827  2458666.86401  2019-07-02.3582815  coadd_bC050030 1.43 -1.64 18.613     >18.613  99.990         -74.26        26.48   -0.122       0.043       
2458667.82684  2458667.83256  2019-07-03.3268453  coadd_bC050308 1.40 -1.64 18.415     >18.415  99.990         -40.72        31.77   -0.067       0.052       
2458668.79242  2458668.79811  2019-07-04.2924254  coadd_bk232151 1.45 -1.93 18.228     >18.228  99.990         -31.68        28.73   -0.068       0.062       
2458670.61271  2458670.61836  2019-07-06.1127123  coadd_bG092570 1.49 -2.04 18.631     >18.631  99.990          -4.96        18.03   -0.012       0.043       
2458670.88538  2458670.89102  2019-07-06.3853805  coadd_bC051330 1.46 -1.64 18.955     >18.955  99.990           7.45        19.32   0.012        0.032       
2458671.88612  2458671.89174  2019-07-07.3861206  coadd_bC051687 1.41 -1.64 18.611     >18.611  99.990           4.84        26.52   0.008        0.043       
2458673.24459  2458673.25017  2019-07-08.7445900  coadd_bo148232 1.45 -1.92 18.553     >18.553  99.990          -9.30        21.55   -0.020       0.046       
2458674.81801  2458674.82355  2019-07-10.3180180  coadd_bC052213 1.40 -1.64 18.164     >18.164  99.990          42.19        40.03   0.069        0.066       
2458675.79229  2458675.79779  2019-07-11.2923005  coadd_bs170655 1.41 -1.83 18.090     >18.090  99.990          -5.54        35.98   -0.011       0.070       
2458682.62435  2458682.62958  2019-07-18.1243467  coadd_bk237463 1.45 -1.93 17.930     >17.930  99.990        -112.61        37.80   -0.243       0.081       
2458683.55873  2458683.56392  2019-07-19.0587311  coadd_bG097377 1.42 -2.04 17.977     >17.977  99.990         -17.71        32.93   -0.042       0.078       
2458685.80904  2458685.81413  2019-07-21.3090434  coadd_bs173342 1.40 -1.83 17.664     >17.664  99.990         125.57        53.28   0.245        0.104       
2458686.76696  2458686.77201  2019-07-22.2669621  coadd_bs173650 1.48 -1.83 18.116     >18.116  99.990          26.74        35.13   0.052        0.069       
2458688.67996  2458688.68491  2019-07-24.1799664  coadd_bG098871 1.40 -2.04 18.270     >18.270  99.990          -8.67        25.14   -0.021       0.060       
2458689.75794  2458689.76284  2019-07-25.2579450  coadd_bk239818 1.46 -1.93 18.335     >18.335  99.990         -73.78        26.03   -0.159       0.056       
2458689.83031  2458689.83520  2019-07-25.3303184  coadd_bC056124 1.43 -1.64 18.942     >18.942  99.990          47.38        19.55   0.078        0.032       
2458690.25390  2458690.25876  2019-07-25.7538962  coadd_bo152281 1.55 -1.92 18.880     >18.880  99.990           1.89        15.95   0.004        0.034       
2458690.79589  2458690.80072  2019-07-26.2958883  coadd_bs174515 1.51 -1.83 18.995     >18.995  99.990          -0.88        15.64   -0.002       0.031       
2458691.26683  2458691.27164  2019-07-26.7668375  coadd_bo152705 1.53 -1.92 18.846     >18.846  99.990         -27.92        16.46   -0.059       0.035       
2458692.59229  2458692.59703  2019-07-28.0923026  coadd_bk240801 2.00 -1.93 18.733     >18.733  99.990          -9.47        18.04   -0.020       0.039       
2458693.70440  2458693.70907  2019-07-29.2044097  coadd_bs175285 1.49 -1.83 18.193     >18.193  99.990          -0.51        32.72   -0.001       0.064       
2458696.79666  2458696.80114  2019-08-01.2966591  coadd_bC058119 1.41 -1.64 18.967     >18.967  99.990         -30.36        19.11   -0.050       0.031       
2458698.46678  2458698.47116  2019-08-02.9667828  coadd_bo154387 1.46 -1.92 18.580     >18.580  99.990         -53.49        21.03   -0.114       0.045       
2458699.26105  2458699.26537  2019-08-03.7610473  coadd_bo154614 1.56 -1.92 18.846     >18.846  99.990         -41.16        16.45   -0.088       0.035       
2458700.79101  2458700.79523  2019-08-05.2910085  coadd_bC058904 1.47 -1.64 18.026     >18.026  99.990        -141.26        45.48   -0.232       0.075       
2458702.69871  2458702.70280  2019-08-07.1987234  coadd_bk245105 1.48 -1.93 18.381     >18.381  99.990         -26.64        24.96   -0.057       0.054       
2458703.75698  2458703.76100  2019-08-08.2569884  coadd_bs177887 1.41 -1.83 17.866     >17.866  99.990         -12.85        44.22   -0.025       0.086       
2458710.55824  2458710.56174  2019-08-15.0582457  coadd_bG107205 1.49 -2.04 17.623     >17.623  99.990         -25.55        45.63   -0.061       0.108       
2458711.69396  2458711.69737  2019-08-16.1939607  coadd_bs179679 2.08 -1.83 15.999      15.661  0.268         1011.47       246.79   1.976        0.482       
2458713.54834  2458713.55161  2019-08-18.0483416  coadd_bG108496 1.45 -2.04 18.225     >18.225  99.990         -25.10        26.21   -0.059       0.062       
2458714.54766  2458714.55084  2019-08-19.0476589  coadd_bk249908 1.46 -1.93 17.685     >17.685  99.990        -115.00        47.36   -0.248       0.102       
2458715.40988  2458715.41299  2019-08-19.9098898  coadd_bo158907 1.44 -1.92 17.999     >17.999  99.990         -58.95        35.88   -0.126       0.076       
2458715.53964  2458715.54274  2019-08-20.0396445  coadd_bG109315 1.47 -2.04 18.574     >18.574  99.990         -17.74        19.01   -0.042       0.045       
2458716.30538  2458716.30842  2019-08-20.8053795  coadd_bo159246 1.42 -1.92 18.729      18.615  0.329           61.08        18.32   0.130        0.039       
2458716.67323  2458716.67624  2019-08-21.1732356  coadd_bG109841 1.44 -2.04 18.063     >18.063  99.990           5.64        30.42   0.013        0.072       
2458717.67360  2458717.67652  2019-08-22.1735951  coadd_bk251329 1.44 -1.93 18.397     >18.397  99.990          33.76        24.58   0.073        0.053       
2458718.66912  2458718.67196  2019-08-23.1691219  coadd_bk251756 1.39 -1.93 18.406     >18.406  99.990         -20.51        24.39   -0.044       0.053       
2458719.62493  2458719.62768  2019-08-24.1249283  coadd_bk252150 1.48 -1.93 18.572     >18.572  99.990         -18.88        20.93   -0.041       0.045       
2458719.66236  2458719.66511  2019-08-24.1623556  coadd_bG111084 1.47 -2.04 18.513     >18.513  99.990          36.07        20.10   0.085        0.048       
2458720.64097  2458720.64363  2019-08-25.1409762  coadd_bk252575 1.48 -1.93 18.367     >18.367  99.990           2.03        25.28   0.004        0.054       
2458721.53278  2458721.53537  2019-08-26.0327809  coadd_bk252792 1.60 -1.93 18.722     >18.722  99.990         -18.96        18.22   -0.041       0.039       
2458721.71163  2458721.71420  2019-08-26.2116335  coadd_bs181987 1.44 -1.83 18.445     >18.445  99.990          67.35        25.94   0.132        0.051       
2458722.66110  2458722.66359  2019-08-27.1611094  coadd_bs182323 1.39 -1.83 18.674     >18.674  99.990          24.97        21.01   0.049        0.041       
2458723.53418  2458723.53659  2019-08-28.0341837  coadd_bk253693 1.47 -1.93 18.525     >18.525  99.990         -32.47        21.85   -0.070       0.047       
2458724.51960  2458724.52192  2019-08-29.0196046  coadd_bk254126 1.46 -1.93 18.349     >18.349  99.990          -5.33        25.69   -0.011       0.055       
2458725.52002  2458725.52224  2019-08-30.0200167  coadd_bG113225 1.42 -2.04 18.334     >18.334  99.990         -26.21        23.70   -0.062       0.056       
2458725.70082  2458725.70303  2019-08-30.2008269  coadd_bs183282 1.40 -1.83 17.700      17.677  0.358          157.84        51.50   0.308        0.101       
2458726.51220  2458726.51434  2019-08-31.0122050  coadd_bG113589 1.42 -2.04 18.728     >18.728  99.990           3.87        16.49   0.009        0.039       
2458726.69970  2458726.70182  2019-08-31.1997020  coadd_bs183646 1.41 -1.83 18.197     >18.197  99.990          85.60        32.60   0.167        0.064       
2458727.37945  2458727.38151  2019-08-31.8794480  coadd_bo162257 1.46 -1.92 18.698     >18.698  99.990          20.20        18.86   0.043        0.040       
2458727.50469  2458727.50673  2019-09-01.0046885  coadd_bG113975 1.40 -2.04 18.739     >18.739  99.990          35.98        16.33   0.085        0.039       
2458728.38836  2458728.39032  2019-09-01.8883555  coadd_bo162690 1.45 -1.92 18.607     >18.607  99.990         -55.02        20.51   -0.117       0.044       
2458728.69292  2458728.69486  2019-09-02.1929268  coadd_bs184425 1.43 -1.83 17.668     >17.668  99.990          46.95        53.06   0.092        0.104       
2458729.35741  2458729.35929  2019-09-02.8574165  coadd_bo163086 1.45 -1.92 18.881     >18.881  99.990          30.85        15.94   0.066        0.034       
2458729.67274  2458729.67459  2019-09-03.1727540  coadd_bs184789 1.39 -1.83 18.283     >18.283  99.990          65.81        30.13   0.129        0.059       
2458730.23801  2458730.23980  2019-09-03.7380150  coadd_bo163425 1.47 -1.92 18.647     >18.647  99.990          -8.80        19.76   -0.019       0.042       
2458730.67155  2458730.67330  2019-09-04.1715564  coadd_bs185178 1.47 -1.83 18.369     >18.369  99.990          30.08        27.82   0.059        0.054       
2458741.49161  2458741.49232  2019-09-14.9916061  coadd_bG118030 1.42 -2.04 18.331     >18.331  99.990           9.97        23.77   0.024        0.056       
2458744.53498  2458744.53540  2019-09-18.0349827  coadd_bG119153 1.62 -2.04 18.510     >18.510  99.990          51.85        20.16   0.123        0.048       
2458750.32863  2458750.32848  2019-09-23.8286342  coadd_bo168281 1.41 -1.92 18.401     >18.401  99.990         -65.81        24.80   -0.140       0.053       
2458750.58361  2458750.58343  2019-09-24.0836091  coadd_bk263327 1.43 -1.93 18.650     >18.650  99.990         -17.07        19.47   -0.037       0.042       
2458751.58009  2458751.57981  2019-09-25.0800997  coadd_bG121863 1.57 -2.04 18.361     >18.361  99.990          56.62        23.13   0.134        0.055       
2458752.57420  2458752.57383  2019-09-26.0742090  coadd_bG122248 1.46 -2.04 18.830     >18.830  99.990          -2.48        15.01   -0.006       0.036       
2458753.22952  2458753.22909  2019-09-26.7295293  coadd_bo169057 2.13 -1.92 18.439     >18.439  99.990          11.66        23.94   0.025        0.051       
2458753.60399  2458753.60351  2019-09-27.1039967  coadd_bs187548 1.40 -1.83 18.661     >18.661  99.990          28.16        21.27   0.055        0.042       
2458754.31156  2458754.31101  2019-09-27.8115674  coadd_bo169506 1.41 -1.92 18.520     >18.520  99.990          29.68        22.22   0.063        0.047       
2458754.59581  2458754.59524  2019-09-28.0958229  coadd_bs187942 1.46 -1.83 18.094     >18.094  99.990          77.56        35.85   0.152        0.070       
2458755.52107  2458755.52040  2019-09-29.0210759  coadd_bk265269 1.42 -1.93 18.407     >18.407  99.990         -58.49        24.37   -0.126       0.053       
2458756.59478  2458756.59401  2019-09-30.0947833  coadd_bs188706 1.44 -1.83 18.311     >18.311  99.990          -7.13        29.36   -0.014       0.057       
2458758.29831  2458758.29737  2019-10-01.7983165  coadd_bo170079 1.50 -1.92 18.115     >18.115  99.990         -39.58        32.25   -0.084       0.069       
2458763.54028  2458763.53884  2019-10-07.0402809  coadd_bk267747 1.42 -1.93 18.104     >18.104  99.990          22.66        32.20   0.049        0.069       
2458764.51519  2458764.51366  2019-10-08.0151915  coadd_bG126049 1.50 -2.04 18.021     >18.021  99.990          18.06        31.61   0.043        0.075       
2458765.53768  2458765.53605  2019-10-09.0376826  coadd_bk268497 1.46 -1.93 17.051     >17.051  99.990         -34.47        84.97   -0.074       0.183       
2458766.51248  2458766.51075  2019-10-10.0124770  coadd_bG126761 1.39 -2.04 18.004     >18.004  99.990          40.59        32.12   0.096        0.076       
2458767.56627  2458767.56445  2019-10-11.0662747  coadd_bs191547 2.02 -1.83 17.901     >17.901  99.990         -17.48        42.82   -0.034       0.084       
2458769.25270  2458769.25073  2019-10-12.7527089  coadd_bo173391 1.45 -1.92 17.511     >17.511  99.990         -10.20        56.25   -0.022       0.120       
2458769.56099  2458769.55899  2019-10-13.0610013  coadd_bs192076 1.61 -1.83 17.938     >17.938  99.990          46.65        41.37   0.091        0.081       
2458772.49945  2458772.49717  2019-10-15.9994583  coadd_bk270990 1.58 -1.93 18.095     >18.095  99.990           2.91        32.47   0.006        0.070       
2458773.49627  2458773.49391  2019-10-16.9962728  coadd_bk271362 1.48 -1.93 18.640     >18.640  99.990          -3.12        19.66   -0.007       0.042       
2458774.49744  2458774.49499  2019-10-17.9974388  coadd_bk271739 2.39 -1.93 18.216     >18.216  99.990          37.42        29.05   0.081        0.063       
2458774.54274  2458774.54029  2019-10-18.0427486  coadd_bG129416 1.47 -2.04 18.309      18.276  0.355           75.00        24.27   0.178        0.057       
2458775.49395  2458775.49140  2019-10-18.9939542  coadd_bk272095 1.62 -1.93 17.910     >17.910  99.990        -109.16        38.51   -0.235       0.083       
2458775.54427  2458775.54173  2019-10-19.0442743  coadd_bG129748 1.42 -2.04 18.128     >18.128  99.990          26.22        28.67   0.062        0.068       
2458776.49896  2458776.49633  2019-10-19.9989732  coadd_bG130041 1.99 -2.04 17.948     >17.948  99.990          90.27        33.82   0.214        0.080       
2458776.54699  2458776.54436  2019-10-20.0469972  coadd_bk272477 1.61 -1.93 18.133     >18.133  99.990          45.00        31.34   0.097        0.068       
2458777.28284  2458777.28014  2019-10-20.7828467  coadd_bo175934 1.51 -1.92 18.477     >18.477  99.990          11.95        23.13   0.025        0.049       
2458778.53814  2458778.53533  2019-10-22.0381401  coadd_bG130702 1.41 -2.04 18.311     >18.311  99.990         -27.95        24.21   -0.066       0.057       
2458899.86155  2458899.85890  2020-02-20.3615475  coadd_bG164567 1.40 -2.04 18.412      18.265  0.319           75.81        22.05   0.180        0.052       
2458901.61115  2458901.60866  2020-02-22.1111501  coadd_bo202750 1.44 -1.92 18.402     >18.402  99.990         -11.89        24.76   -0.025       0.053       
2458902.86282  2458902.86044  2020-02-23.3628266  coadd_bk310385 1.40 -1.93 17.560     >17.560  99.990         -22.34        53.16   -0.048       0.115       
2458903.60729  2458903.60497  2020-02-24.1072916  coadd_bo203151 1.49 -1.92 18.591     >18.591  99.990         -72.11        20.81   -0.154       0.044       
2458904.85249  2458904.85028  2020-02-25.3524924  coadd_bG166064 1.46 -2.04 18.363     >18.363  99.990           9.41        23.08   0.022        0.055       
2458905.84886  2458905.84675  2020-02-26.3488651  coadd_bG166425 1.44 -2.04 18.406      18.008  0.253           96.01        22.18   0.227        0.053       
2458906.86899  2458906.86697  2020-02-27.3689917  coadd_bG166760 1.42 -2.04 18.447     >18.447  99.990          24.33        21.36   0.058        0.051       
2458907.84219  2458907.84026  2020-02-28.3421935  coadd_bG167100 1.44 -2.04 18.678      18.263  0.249           75.92        17.27   0.180        0.041       
2458908.87092  2458908.86909  2020-02-29.3709194  coadd_bk312585 1.40 -1.93 17.985     >17.985  99.990          26.73        35.92   0.058        0.077       
2458909.83288  2458909.83114  2020-03-01.3328813  coadd_bG167790 1.39 -2.04 18.445     >18.445  99.990          38.83        21.40   0.092        0.051       
2458910.83125  2458910.82960  2020-03-02.3312447  coadd_bk313316 1.49 -1.93 18.110     >18.110  99.990          35.39        32.04   0.076        0.069       
2458911.83098  2458911.82943  2020-03-03.3309812  coadd_bG168507 1.39 -2.04 18.400     >18.400  99.990         -43.85        22.31   -0.104       0.053       
2458912.57335  2458912.57187  2020-03-04.0733571  coadd_bo205286 1.46 -1.92 18.485     >18.485  99.990          19.00        22.94   0.040        0.049       
2458913.82565  2458913.82430  2020-03-05.3256560  coadd_bG169216 1.39 -2.04 18.424      18.051  0.259           92.34        21.82   0.219        0.052       
2458914.82061  2458914.81935  2020-03-06.3206103  coadd_bk314760 1.48 -1.93 18.142     >18.142  99.990        -104.40        31.10   -0.225       0.067       
2458915.82098  2458915.81981  2020-03-07.3209851  coadd_bk315133 1.41 -1.93 18.079     >18.079  99.990         -17.26        32.94   -0.037       0.071       
2458917.81263  2458917.81166  2020-03-09.3126304  coadd_bk315864 1.67 -1.93 17.229     >17.229  99.990         -11.95        72.12   -0.026       0.155       
2458919.79816  2458919.79738  2020-03-11.2981649  coadd_bk316594 2.00 -1.93 17.282     >17.282  99.990         -89.69        68.67   -0.193       0.148       
2458920.81949  2458920.81882  2020-03-12.3194900  coadd_bG171711 1.45 -2.04 17.832     >17.832  99.990         -33.27        37.65   -0.079       0.089       
2458921.84589  2458921.84532  2020-03-13.3458960  coadd_bG172092 1.43 -2.04 18.142     >18.142  99.990         -24.08        28.30   -0.057       0.067       
2458927.53857  2458927.53856  2020-03-19.0385730  coadd_bo207562 1.52 -1.92 18.746     >18.746  99.990          30.15        18.04   0.064        0.038       
2458929.52583  2458929.52602  2020-03-21.0258390  coadd_bo208291 1.49 -1.92 18.584     >18.584  99.990         -14.54        20.94   -0.031       0.045       
2458930.96622  2458930.96655  2020-03-22.4662152  coadd_bs239547 1.52 -1.83 18.062     >18.062  99.990          76.16        36.90   0.149        0.072       
2458933.10648  2458933.10702  2020-03-24.6064787  coadd_bC117205 1.38 -1.64 18.735     >18.735  99.990         -31.00        23.67   -0.051       0.039       
2458943.06933  2458943.07085  2020-04-03.5693366  coadd_bC119118 1.34 -1.64 18.375     >18.375  99.990         -47.39        32.98   -0.078       0.054       
2458955.87341  2458955.87610  2020-04-16.3734049  coadd_bs241108 1.58 -1.83 18.703     >18.703  99.990          41.92        20.45   0.082        0.040       
2458958.86160  2458958.86455  2020-04-19.3615981  coadd_bs241942 1.72 -1.83 18.770     >18.770  99.990          22.84        19.23   0.045        0.038       
2458962.01619  2458962.01941  2020-04-22.5161921  coadd_bC123413 1.41 -1.64 18.522     >18.522  99.990         -49.40        28.81   -0.081       0.047       
2458964.84087  2458964.84432  2020-04-25.3408746  coadd_bs243667 1.48 -1.83 18.827     >18.827  99.990          33.86        18.25   0.066        0.036       
2458967.00975  2458967.01337  2020-04-27.5097532  coadd_bC125216 1.45 -1.64 18.936     >18.936  99.990          11.76        19.67   0.019        0.032       
2458968.83443  2458968.83819  2020-04-29.3344373  coadd_bs245069 1.47 -1.83 18.696     >18.696  99.990          18.78        20.59   0.037        0.040       
2458972.00124  2458972.00524  2020-05-02.5012454  coadd_bC127015 1.45 -1.64 18.337     >18.337  99.990         -51.94        34.13   -0.085       0.056       
2458974.99385  2458974.99805  2020-05-05.4938483  coadd_bC128031 1.48 -1.64 17.660     >17.660  99.990        -124.52        63.69   -0.204       0.104       
2458981.99138  2458981.99603  2020-05-12.4913803  coadd_bC128449 1.52 -1.64 18.402     >18.402  99.990          78.30        32.17   0.128        0.053       
2458985.95501  2458985.95989  2020-05-16.4550062  coadd_bC129795 1.36 -1.64 18.407     >18.407  99.990           6.79        32.01   0.011        0.052       
2458988.96286  2458988.96790  2020-05-19.4628668  coadd_bC130791 1.39 -1.64 18.838     >18.838  99.990          48.46        21.53   0.079        0.035       
2458994.93081  2458994.93611  2020-05-25.4308123  coadd_bC132516 1.54 -1.64 19.070     >19.070  99.990         -18.20        17.38   -0.030       0.029       
2458998.93013  2458998.93559  2020-05-29.4301298  coadd_bC133636 1.47 -1.64 18.602     >18.602  99.990          55.98        26.74   0.092        0.044       
2458999.93886  2458999.94436  2020-05-30.4388650  coadd_bs252112 1.51 -1.83 18.676     >18.676  99.990          11.09        20.96   0.022        0.041       
2459001.81529  2459001.82085  2020-06-01.3152895  coadd_bs252638 1.56 -1.83 18.145     >18.145  99.990          16.14        34.18   0.032        0.067       
2459004.97196  2459004.97760  2020-06-04.4719616  coadd_bC135288 1.55 -1.64 17.497     >17.497  99.990          13.57        74.00   0.022        0.121       
2459009.29357  2459009.29930  2020-06-08.7935636  coadd_bo220463 1.55 -1.92 17.438     >17.438  99.990         115.15        60.20   0.245        0.128       
2459011.92699  2459011.93277  2020-06-11.4269928  coadd_bC137696 1.53 -1.64 18.292     >18.292  99.990         -31.75        35.59   -0.052       0.058       
2459013.82079  2459013.82660  2020-06-13.3208027  coadd_bs255651 1.45 -1.83 18.491     >18.491  99.990          -8.54        24.87   -0.017       0.049       
2459015.92805  2459015.93387  2020-06-15.4280518  coadd_bC139053 1.97 -1.64 18.710     >18.710  99.990         -53.80        24.22   -0.088       0.040       
2459017.89832  2459017.90416  2020-06-17.3983194  coadd_bC139695 1.41 -1.64 18.514     >18.514  99.990          42.41        29.01   0.070        0.048       
2459019.84425  2459019.85009  2020-06-19.3442465  coadd_bs257158 1.40 -1.83 18.628     >18.628  99.990          42.29        21.91   0.083        0.043       
2459022.88169  2459022.88753  2020-06-22.3816954  coadd_bC141163 1.49 -1.64 18.649     >18.649  99.990           2.25        25.61   0.004        0.042       
2459025.87277  2459025.87859  2020-06-25.3727726  coadd_bs258509 1.52 -1.83 18.418     >18.418  99.990          25.32        26.60   0.049        0.052       
2459029.84279  2459029.84856  2020-06-29.3427870  coadd_bC142925 1.41 -1.64 18.617     >18.617  99.990          66.47        26.39   0.109        0.043       
2459030.89990  2459030.90565  2020-06-30.3998980  coadd_bC143271 1.56 -1.64 18.295     >18.295  99.990          44.60        35.48   0.073        0.058       
2459037.81395  2459037.81955  2020-07-07.3139542  coadd_bC145380 1.58 -1.64 18.171     >18.171  99.990          27.15        39.78   0.045        0.065       
2459039.85860  2459039.86414  2020-07-09.3586043  coadd_bC146085 1.41 -1.64 18.685     >18.685  99.990          -6.63        24.79   -0.011       0.041       
2459040.82556  2459040.83107  2020-07-10.3255684  coadd_bs261196 1.40 -1.83 18.011     >18.011  99.990          19.64        38.71   0.038        0.076       
2459042.84524  2459042.85068  2020-07-12.3452415  coadd_bC147116 1.42 -1.64 18.579     >18.579  99.990           8.29        27.31   0.014        0.045       
2459043.74893  2459043.75434  2020-07-13.2489305  coadd_bs262031 1.49 -1.83 18.353     >18.353  99.990          79.87        28.24   0.156        0.055       
2459046.81896  2459046.82425  2020-07-16.3189616  coadd_bs262866 1.45 -1.83 18.750     >18.750  99.990          48.90        19.59   0.096        0.038       
2459049.82343  2459049.82858  2020-07-19.3234371  coadd_bC149069 1.50 -1.64 18.851     >18.851  99.990         -49.23        21.26   -0.081       0.035       
2459053.43384  2459053.43882  2020-07-22.9338400  coadd_bo231361 1.44 -1.92 18.445     >18.445  99.990         -58.87        23.80   -0.125       0.051       
2459054.75226  2459054.75717  2020-07-24.2522685  coadd_bs263871 1.45 -1.83 18.824     >18.824  99.990          54.58        18.30   0.107        0.036       
2459059.76458  2459059.76920  2020-07-29.2645752  coadd_bC151488 1.51 -1.64 18.050     >18.050  99.990        -113.79        44.49   -0.187       0.073       
2459065.23519  2459065.23946  2020-08-03.7351848  coadd_bo235343 1.58 -1.92 17.129     >17.129  99.990          16.41        80.02   0.035        0.170       
2459066.79130  2459066.79547  2020-08-05.2913033  coadd_bC153672 1.40 -1.64 17.974     >17.974  99.990         -48.16        47.70   -0.079       0.078       
2459068.81330  2459068.81733  2020-08-07.3132995  coadd_bC154115 1.44 -1.64 18.482     >18.482  99.990         -14.11        29.88   -0.023       0.049       
2459069.75425  2459069.75821  2020-08-08.2542475  coadd_bs268221 1.45 -1.83 18.044     >18.044  99.990         -22.73        37.55   -0.044       0.073       
2459070.75725  2459070.76114  2020-08-09.2572490  coadd_bs268563 1.52 -1.83 17.742     >17.742  99.990         -34.42        49.59   -0.067       0.097       
2459074.75708  2459074.76067  2020-08-13.2570892  coadd_bC156145 1.47 -1.64 18.635     >18.635  99.990         -71.54        25.94   -0.117       0.043       
2459075.71666  2459075.72017  2020-08-14.2166609  coadd_bs270041 1.48 -1.83 18.603     >18.603  99.990          28.94        22.42   0.057        0.044       
2459080.73487  2459080.73797  2020-08-19.2348710  coadd_bC157989 1.54 -1.64 17.772     >17.772  99.990        -196.33        57.47   -0.322       0.094       
2459083.42367  2459083.42655  2020-08-21.9236689  coadd_bo238223 1.50 -1.92 18.507     >18.507  99.990         -22.67        22.49   -0.048       0.048       
2459087.28619  2459087.28874  2020-08-25.7861936  coadd_bo239528 1.49 -1.92 17.621     >17.621  99.990          33.85        50.85   0.072        0.108       
2459095.68815  2459095.68993  2020-09-03.1881537  coadd_bs275664 1.46 -1.83 17.248      17.130  0.328          261.37        78.17   0.511        0.153       
2459100.37548  2459100.37681  2020-09-07.8754905  coadd_bo241409 1.47 -1.92 18.568     >18.568  99.990          31.43        21.26   0.067        0.045       
2459113.22633  2459113.22641  2020-09-20.7263319  coadd_bo244853 1.49 -1.92 17.823     >17.823  99.990         -22.68        42.22   -0.048       0.090       
2459114.32069  2459114.32067  2020-09-21.8206959  coadd_bo245021 1.46 -1.92 18.440     >18.440  99.990          36.69        23.92   0.078        0.051       
2459125.59810  2459125.59697  2020-10-03.0981004  coadd_bs277831 1.44 -1.83 17.187     >17.187  99.990          24.90        82.67   0.049        0.162       
2459131.58008  2459131.57838  2020-10-09.0800804  coadd_bs280061 1.49 -1.83 18.520     >18.520  99.990          71.58        24.22   0.140        0.047       
2459136.24667  2459136.24453  2020-10-13.7466776  coadd_bo250071 2.17 -1.92 18.493     >18.493  99.990          25.11        22.77   0.053        0.048       
2459137.27059  2459137.26836  2020-10-14.7705988  coadd_bo250389 1.43 -1.92 18.379     >18.379  99.990         -16.51        25.29   -0.035       0.054       
2459139.25340  2459139.25099  2020-10-16.7534030  coadd_bo250999 2.18 -1.92 18.524     >18.524  99.990         -46.23        22.13   -0.098       0.047       
2459245.88179  2459245.87763  2021-01-31.3817868  coadd_bG200555 2.07 -2.04 16.311     >16.311  99.990          -8.78       152.82   -0.021       0.362       
2459246.87760  2459246.87351  2021-02-01.3776049  coadd_bG200835 1.46 -2.04 17.039     >17.039  99.990         -67.60        78.12   -0.160       0.185       
2459249.88617  2459249.88229  2021-02-04.3861710  coadd_bk350748 1.43 -1.93 15.797     >15.797  99.990        -590.24       269.65   -1.272       0.581       
2459250.86723  2459250.86343  2021-02-05.3672349  coadd_bG202077 1.47 -2.04 17.834      17.750  0.338          121.78        37.57   0.288        0.089       
2459255.60896  2459255.60552  2021-02-10.1089633  coadd_bo277446 1.48 -1.92 18.247     >18.247  99.990         -31.70        28.58   -0.067       0.061       
2459256.87697  2459256.87363  2021-02-11.3769820  coadd_bk353137 1.42 -1.93 18.235     >18.235  99.990         -79.00        28.54   -0.170       0.061       
2459261.63993  2459261.63697  2021-02-16.1399304  coadd_bo278673 1.57 -1.92 16.392     >16.392  99.990          69.94       157.76   0.149        0.336       
2459262.83979  2459262.83694  2021-02-17.3397899  coadd_bG206018 1.45 -2.04 18.137     >18.137  99.990          47.98        28.42   0.114        0.067       
2459263.84182  2459263.83906  2021-02-18.3418335  coadd_bk355557 1.50 -1.93 17.717     >17.717  99.990         -37.06        46.00   -0.080       0.099       
2459264.85325  2459264.85057  2021-02-19.3532548  coadd_bG206686 1.45 -2.04 18.317     >18.317  99.990          22.66        24.09   0.054        0.057       
2459266.83420  2459266.83171  2021-02-21.3342034  coadd_bG207375 1.47 -2.04 18.519     >18.519  99.990          -4.26        20.00   -0.010       0.047       
2459267.58632  2459267.58389  2021-02-22.0863190  coadd_bo280496 1.51 -1.92 18.693     >18.693  99.990         -16.37        18.94   -0.035       0.040       
2459267.83897  2459267.83656  2021-02-22.3389670  coadd_bG207738 1.49 -2.04 18.280     >18.280  99.990          69.32        24.91   0.164        0.059       
2459267.88542  2459267.88302  2021-02-22.3854280  coadd_bk357054 1.45 -1.93 18.282     >18.282  99.990         -95.36        27.34   -0.205       0.059       
2459268.83325  2459268.83093  2021-02-23.3332543  coadd_bk357388 1.48 -1.93 18.448     >18.448  99.990        -101.76        23.46   -0.219       0.051       
2459269.83280  2459269.83057  2021-02-24.3328020  coadd_bk357761 1.58 -1.93 18.407     >18.407  99.990         -89.10        24.37   -0.192       0.053       
2459271.99823  2459271.99620  2021-02-26.4982443  coadd_bs324769 1.60 -1.83 17.173     >17.173  99.990         100.15        83.74   0.196        0.164       
2459274.81436  2459274.81259  2021-03-01.3143656  coadd_bG210115 1.48 -2.04 17.413     >17.413  99.990         -25.67        55.37   -0.061       0.131       
2459275.82938  2459275.82771  2021-03-02.3293785  coadd_bG210480 1.43 -2.04 17.476     >17.476  99.990          29.85        52.23   0.071        0.124       
2459277.55298  2459277.55148  2021-03-04.0529856  coadd_bo283135 1.50 -1.92 17.672     >17.672  99.990         -24.21        48.51   -0.052       0.103       
2459283.79264  2459283.79174  2021-03-10.2926373  coadd_bG213147 1.46 -2.04 18.317     >18.317  99.990          52.79        24.07   0.125        0.057       
2459285.64114  2459285.64043  2021-03-12.1411434  coadd_bo285051 1.62 -1.92 18.557     >18.557  99.990         -45.32        21.46   -0.097       0.046       
2459287.81132  2459287.81082  2021-03-14.3113236  coadd_bG214544 1.65 -2.04 18.445     >18.445  99.990          37.03        21.40   0.088        0.051       
2459291.52020  2459291.52007  2021-03-18.0202045  coadd_bo286180 1.43 -1.92 18.773     >18.773  99.990           1.62        17.60   0.003        0.037       
2459292.84153  2459292.84152  2021-03-19.3415331  coadd_bk365634 1.45 -1.93 17.728     >17.728  99.990        -228.03        45.54   -0.491       0.098       
2459293.84285  2459293.84294  2021-03-20.3428574  coadd_bk365953 1.46 -1.93 18.424     >18.424  99.990         -21.28        23.99   -0.046       0.052       
2459294.82794  2459294.82813  2021-03-21.3279386  coadd_bk366326 1.70 -1.93 18.546     >18.546  99.990         -56.35        21.44   -0.121       0.046       
2459294.95687  2459294.95708  2021-03-21.4568826  coadd_bs331126 1.50 -1.83 18.705      18.583  0.327           68.53        20.42   0.134        0.040       
2459295.76536  2459295.76564  2021-03-22.2653598  coadd_bG216944 1.37 -2.04 18.812     >18.812  99.990          25.33        15.26   0.060        0.036       
2459297.55515  2459297.55562  2021-03-24.0551568  coadd_bo287815 1.41 -1.92 18.241     >18.241  99.990         -43.25        28.74   -0.092       0.061       
2459298.85042  2459298.85101  2021-03-25.3504307  coadd_bk367898 1.47 -1.93 18.633     >18.633  99.990          -5.82        19.79   -0.013       0.043       
2459300.92722  2459300.92801  2021-03-27.4272248  coadd_bs332544 1.50 -1.83 17.958     >17.958  99.990           4.47        40.62   0.009        0.079       
2459301.86386  2459301.86475  2021-03-28.3638677  coadd_bG219176 1.44 -2.04 17.554     >17.554  99.990          27.75        48.62   0.066        0.115       
2459301.93067  2459301.93156  2021-03-28.4306695  coadd_bs332799 1.46 -1.83 16.828     >16.828  99.990        -168.22       115.06   -0.329       0.225       
2459302.59790  2459302.59886  2021-03-29.0979034  coadd_bo289121 1.48 -1.92 16.776     >16.776  99.990        -142.96       110.70   -0.304       0.236       
2459302.87478  2459302.87577  2021-03-29.3747833  coadd_bG219322 1.45 -2.04 16.892     >16.892  99.990        -272.30        89.42   -0.645       0.212       
2459302.91708  2459302.91807  2021-03-29.4170819  coadd_bs333130 1.59 -1.83 17.638     >17.638  99.990          80.58        54.53   0.157        0.107       
2459304.91449  2459304.91567  2021-03-31.4144880  coadd_bs333791 1.50 -1.83 17.110     >17.110  99.990        -137.14        88.70   -0.268       0.173       
2459305.97990  2459305.98120  2021-04-01.4799030  coadd_bs334139 1.43 -1.83 17.683     >17.683  99.990         150.00        52.33   0.293        0.102       
2459309.48277  2459309.48439  2021-04-04.9827648  coadd_bo291096 1.48 -1.92 18.145     >18.145  99.990          20.38        31.37   0.043        0.067       
2459309.71158  2459309.71323  2021-04-05.2115853  coadd_bG221777 1.59 -2.04 18.580     >18.580  99.990          21.38        18.90   0.051        0.045       
2459309.89935  2459309.90101  2021-04-05.3993452  coadd_bk371943 1.47 -1.93 18.181     >18.181  99.990          28.36        30.00   0.061        0.065       
2459310.82081  2459310.82256  2021-04-06.3208096  coadd_bk372280 1.46 -1.93 18.300     >18.300  99.990        -121.47        26.88   -0.262       0.058       
2459311.57536  2459311.57719  2021-04-07.0753607  coadd_bo291759 1.46 -1.92 18.473     >18.473  99.990         -34.99        23.21   -0.075       0.049       
2459312.90046  2459312.90241  2021-04-08.4004556  coadd_bs336130 1.52 -1.83 18.669     >18.669  99.990          -5.97        21.10   -0.012       0.041       
2459313.81277  2459313.81480  2021-04-09.3127738  coadd_bG223414 1.48 -2.04 18.445     >18.445  99.990          45.12        21.39   0.107        0.051       
2459313.82557  2459313.82760  2021-04-09.3255785  coadd_bk373525 1.45 -1.93 18.297     >18.297  99.990        -106.70        26.96   -0.230       0.058       
2459314.84819  2459314.85032  2021-04-10.3481927  coadd_bk373942 1.43 -1.93 18.817     >18.817  99.990          32.28        16.69   0.070        0.036       
2459315.80027  2459315.80249  2021-04-11.3002659  coadd_bk374320 1.45 -1.93 18.409     >18.409  99.990        -117.43        24.32   -0.253       0.052       
2459315.83549  2459315.83772  2021-04-11.3354965  coadd_bG224221 1.45 -2.04 18.502     >18.502  99.990          58.70        20.31   0.139        0.048       
2459315.88299  2459315.88522  2021-04-11.3829895  coadd_bs337131 1.48 -1.83 18.666     >18.666  99.990         -17.69        21.17   -0.035       0.041       
2459316.50027  2459316.50255  2021-04-12.0002731  coadd_bo293694 1.44 -1.92 18.926     >18.926  99.990         -57.63        15.28   -0.123       0.033       
2459316.68863  2459316.69093  2021-04-12.1886341  coadd_bk374653 1.46 -1.93 18.753     >18.753  99.990         -46.87        17.71   -0.101       0.038       
2459316.74553  2459316.74784  2021-04-12.2455331  coadd_bG224558 1.52 -2.04 18.769     >18.769  99.990          17.63        15.88   0.042        0.038       
2459316.97189  2459316.97422  2021-04-12.4718916  coadd_bs337576 1.45 -1.83 18.593      18.439  0.317           78.25        22.64   0.153        0.044       
2459319.03998  2459319.04249  2021-04-14.5399840  coadd_bC223508 1.51 -1.64 18.742     >18.742  99.990         -47.37        23.51   -0.078       0.039       
2459319.65515  2459319.65772  2021-04-15.1551493  coadd_bo294979 1.40 -1.92 18.418     >18.418  99.990          -2.91        24.41   -0.006       0.052       
2459322.50546  2459322.50828  2021-04-18.0054618  coadd_bo295895 1.44 -1.92 18.752     >18.752  99.990          25.84        17.94   0.055        0.038       
2459322.83092  2459322.83377  2021-04-18.3309278  coadd_bk377271 1.56 -1.93 18.398     >18.398  99.990         -61.81        24.57   -0.133       0.053       
2459322.89718  2459322.90003  2021-04-18.3971787  coadd_bG227023 1.57 -2.04 18.543     >18.543  99.990         -29.46        19.56   -0.070       0.046       
2459323.43539  2459323.43828  2021-04-18.9353930  coadd_bo296228 1.43 -1.92 18.837     >18.837  99.990         -40.11        16.59   -0.085       0.035       
2459323.70508  2459323.70800  2021-04-19.2050791  coadd_bG227291 1.45 -2.04 18.167     >18.167  99.990          59.31        27.66   0.140        0.066       
2459323.74813  2459323.75105  2021-04-19.2481296  coadd_bk377632 1.42 -1.93 18.717     >18.717  99.990          16.88        18.32   0.036        0.039       
2459326.94531  2459326.94850  2021-04-22.4453120  coadd_bs339487 1.98 -1.83 18.533      18.494  0.353           74.41        23.93   0.145        0.047       
2459328.55813  2459328.56145  2021-04-24.0581335  coadd_bo297806 1.43 -1.92 18.510     >18.510  99.990         -12.29        22.42   -0.026       0.048       
2459329.66062  2459329.66404  2021-04-25.1606231  coadd_bG229055 1.39 -2.04 17.362     >17.362  99.990          11.13        58.02   0.026        0.137       
2459329.85010  2459329.85353  2021-04-25.3501027  coadd_bs340333 1.56 -1.83 18.245     >18.245  99.990          43.72        31.19   0.085        0.061       
2459330.65286  2459330.65636  2021-04-26.1528591  coadd_bk380162 1.50 -1.93 17.003     >17.003  99.990         233.33        88.75   0.503        0.191       
2459336.76999  2459336.77395  2021-05-02.2699957  coadd_bG231202 1.48 -2.04 17.925     >17.925  99.990         -30.58        34.55   -0.072       0.082       
2459336.84705  2459336.85102  2021-05-02.3470628  coadd_bk382034 1.99 -1.93 16.529     >16.529  99.990        -690.62       137.32   -1.488       0.296       
2459337.50112  2459337.50513  2021-05-03.0011153  coadd_bo299677 2.20 -1.92 18.288      17.873  0.249          121.03        27.52   0.258        0.059       
2459337.64211  2459337.64613  2021-05-03.1421093  coadd_bG231510 1.51 -2.04 18.564     >18.564  99.990          -1.82        19.18   -0.004       0.045       
2459337.77705  2459337.78108  2021-05-03.2770496  coadd_bk382396 2.31 -1.93 18.213     >18.213  99.990         -23.19        29.12   -0.050       0.063       
2459338.04537  2459338.04942  2021-05-03.5453792  coadd_bC229146 1.45 -1.64 17.724     >17.724  99.990         -90.63        60.06   -0.149       0.098       
2459339.39145  2459339.39560  2021-05-04.8914542  coadd_bo300016 1.44 -1.92 18.892     >18.892  99.990          29.78        15.77   0.063        0.034       
2459339.81541  2459339.81959  2021-05-05.3154106  coadd_bG232232 2.22 -2.04 18.436     >18.436  99.990          51.03        21.59   0.121        0.051       
2459339.87260  2459339.87678  2021-05-05.3725980  coadd_bs341877 1.55 -1.83 18.783     >18.783  99.990          11.26        19.00   0.022        0.037       
2459340.84229  2459340.84654  2021-05-06.3422950  coadd_bk383465 1.52 -1.93 18.480     >18.480  99.990          -7.27        22.78   -0.016       0.049       
2459341.37686  2459341.38114  2021-05-06.8768574  coadd_bo300546 1.42 -1.92 18.280     >18.280  99.990          20.41        27.71   0.043        0.059       
2459342.97627  2459342.98065  2021-05-08.4762665  coadd_bC229943 2.17 -1.64 18.928     >18.928  99.990          -2.85        19.81   -0.005       0.032       
2459343.42793  2459343.43234  2021-05-08.9279275  coadd_bo300756 1.42 -1.92 19.109     >19.109  99.990         -21.32        12.92   -0.045       0.028       
2459343.61200  2459343.61643  2021-05-09.1120076  coadd_bk384156 1.46 -1.93 17.944     >17.944  99.990         -52.84        37.33   -0.114       0.080       
2459343.63312  2459343.63755  2021-05-09.1331203  coadd_bG233309 1.41 -2.04 18.453      18.381  0.342           68.13        21.24   0.161        0.050       
2459343.88785  2459343.89230  2021-05-09.3878530  coadd_bs342842 1.63 -1.83 19.047     >19.047  99.990          20.72        14.91   0.040        0.029       
2459344.37232  2459344.37679  2021-05-09.8723144  coadd_bo301134 1.35 -1.92 19.258     >19.258  99.990          24.44        11.26   0.052        0.024       
2459344.80546  2459344.80996  2021-05-10.3054645  coadd_bs343111 1.41 -1.83 18.922     >18.922  99.990          43.57        16.72   0.085        0.033       
2459344.97571  2459344.98022  2021-05-10.4757094  coadd_bC230709 1.49 -1.64 19.305     >19.305  99.990          13.24        13.99   0.022        0.023       
2459345.36194  2459345.36648  2021-05-10.8619504  coadd_bo301531 1.54 -1.92 18.840     >18.840  99.990          -2.15        16.54   -0.005       0.035       
2459347.96631  2459347.97101  2021-05-13.4663122  coadd_bC231846 1.46 -1.64 18.861     >18.861  99.990          31.85        21.07   0.052        0.035       
2459350.00935  2459350.01416  2021-05-15.5093549  coadd_bC232469 1.50 -1.64 18.582     >18.582  99.990          22.64        27.25   0.037        0.045       
2459350.87043  2459350.87529  2021-05-16.3704296  coadd_bG235596 1.44 -2.04 18.467     >18.467  99.990          -0.55        20.97   -0.001       0.050       
2459351.47946  2459351.48435  2021-05-16.9794627  coadd_bo303046 1.38 -1.92 18.479     >18.479  99.990          -6.95        23.08   -0.015       0.049       
2459351.62044  2459351.62534  2021-05-17.1204468  coadd_bG235822 1.59 -2.04 18.373     >18.373  99.990          44.42        22.87   0.105        0.054       
2459351.65709  2459351.66199  2021-05-17.1570981  coadd_bk386820 1.49 -1.93 18.823     >18.823  99.990         -14.23        16.61   -0.031       0.036       
2459351.85033  2459351.85524  2021-05-17.3503274  coadd_bs344229 1.40 -1.83 18.798      18.554  0.292           70.40        18.74   0.138        0.037       
2459354.01407  2459354.01909  2021-05-19.5140752  coadd_bC233805 1.40 -1.64 18.740     >18.740  99.990         -70.17        23.55   -0.115       0.039       
2459355.87674  2459355.88186  2021-05-21.3767496  coadd_bs345539 1.48 -1.83 18.689     >18.689  99.990          60.39        20.72   0.118        0.040       
2459357.35882  2459357.36400  2021-05-22.8588137  coadd_bo303933 1.43 -1.92 17.933     >17.933  99.990        -125.30        38.13   -0.267       0.081       
2459358.33579  2459358.34102  2021-05-23.8357894  coadd_bo304338 1.50 -1.92 17.483     >17.483  99.990         132.42        57.74   0.282        0.123       
2459358.69322  2459358.69846  2021-05-24.1932199  coadd_bk388759 1.46 -1.93 17.575     >17.575  99.990         -25.22        52.43   -0.054       0.113       
2459365.30700  2459365.31250  2021-05-30.8070046  coadd_bo305773 1.47 -1.92 17.641      17.095  0.221          247.83        49.93   0.528        0.106       
2459365.56242  2459365.56792  2021-05-31.0624164  coadd_bG240370 1.41 -2.04 18.446     >18.446  99.990         -45.22        21.38   -0.107       0.051       
2459365.66561  2459365.67112  2021-05-31.1656059  coadd_bk391353 1.44 -1.93 18.154     >18.154  99.990         -67.57        30.76   -0.146       0.066       
2459366.86930  2459366.87485  2021-06-01.3692994  coadd_bs347612 1.44 -1.83 18.070     >18.070  99.990          40.72        36.65   0.080        0.072       
2459368.80458  2459368.81019  2021-06-03.3045895  coadd_bk392783 1.46 -1.93 18.434     >18.434  99.990          11.35        23.77   0.024        0.051       
2459369.77531  2459369.78094  2021-06-04.2753170  coadd_bs347920 1.47 -1.83 18.056     >18.056  99.990          96.71        37.11   0.189        0.073       
2459369.80460  2459369.81024  2021-06-04.3046065  coadd_bk393225 1.41 -1.93 18.628     >18.628  99.990        -146.55        19.88   -0.316       0.043       
2459370.84590  2459370.85156  2021-06-05.3459041  coadd_bs348268 1.52 -1.83 18.411     >18.411  99.990          31.49        26.76   0.062        0.052       
2459371.70624  2459371.71192  2021-06-06.2062405  coadd_bG242948 1.44 -2.04 18.474     >18.474  99.990          15.32        20.84   0.036        0.049       
2459371.74591  2459371.75159  2021-06-06.2459108  coadd_bk393989 1.44 -1.93 18.626     >18.626  99.990         -54.38        19.90   -0.117       0.043       
2459372.53935  2459372.54505  2021-06-07.0393539  coadd_bG243246 1.43 -2.04 19.046     >19.046  99.990          10.37        12.31   0.025        0.029       
2459372.67226  2459372.67796  2021-06-07.1722589  coadd_bk394375 1.41 -1.93 18.739     >18.739  99.990         -73.24        17.95   -0.158       0.039       
2459372.74439  2459372.75009  2021-06-07.2443989  coadd_bs348605 1.50 -1.83 18.995     >18.995  99.990          20.74        15.64   0.041        0.031       
2459374.51345  2459374.51919  2021-06-09.0134516  coadd_bo307946 1.44 -1.92 18.588     >18.588  99.990          -0.88        20.87   -0.002       0.044       
2459376.36838  2459376.37415  2021-06-10.8683848  coadd_bo308573 1.42 -1.92 18.810     >18.810  99.990         -19.71        17.01   -0.042       0.036       
2459377.87614  2459377.88193  2021-06-12.3761423  coadd_bs350186 1.39 -1.83 18.608     >18.608  99.990          51.95        22.32   0.101        0.044       
2459378.84599  2459378.85180  2021-06-13.3459968  coadd_bk397138 1.45 -1.93 18.538     >18.538  99.990         -78.42        21.58   -0.169       0.047       
2459379.51704  2459379.52285  2021-06-14.0170487  coadd_bG246169 1.46 -2.04 18.938     >18.938  99.990          14.07        13.59   0.033        0.032       
2459379.57389  2459379.57970  2021-06-14.0738898  coadd_bk397369 1.36 -1.93 18.734     >18.734  99.990         -76.09        18.03   -0.164       0.039       
2459379.70811  2459379.71392  2021-06-14.2081089  coadd_bs350651 1.44 -1.83 18.771      18.674  0.334           63.04        19.22   0.123        0.038       
2459379.90706  2459379.91287  2021-06-14.4070587  coadd_bC242678 1.38 -1.64 18.501     >18.501  99.990          10.10        29.35   0.017        0.048       
2459380.69683  2459380.70265  2021-06-15.1968304  coadd_bk397832 1.48 -1.93 18.345     >18.345  99.990        -118.64        25.79   -0.256       0.056       
2459383.86462  2459383.87046  2021-06-18.3646260  coadd_bC244025 1.49 -1.64 18.295     >18.295  99.990         -30.95        35.50   -0.051       0.058       
2459384.84939  2459384.85523  2021-06-19.3493906  coadd_bs352115 1.45 -1.83 18.433     >18.433  99.990          34.88        26.24   0.068        0.051       
2459385.84737  2459385.85322  2021-06-20.3473715  coadd_bs352402 1.60 -1.83 18.268     >18.268  99.990          60.00        30.53   0.117        0.060       
2459386.44088  2459386.44673  2021-06-20.9408877  coadd_bo310907 1.49 -1.92 17.832     >17.832  99.990         102.94        41.85   0.219        0.089       
2459386.50273  2459386.50857  2021-06-21.0027287  coadd_bG248382 1.45 -2.04 18.483     >18.483  99.990         -21.12        20.67   -0.050       0.049       
2459386.62245  2459386.62830  2021-06-21.1224651  coadd_bk399695 1.46 -1.93 18.066     >18.066  99.990         -74.23        33.34   -0.160       0.072       
2459386.69667  2459386.70251  2021-06-21.1966768  coadd_bs352562 1.50 -1.83 17.560     >17.560  99.990          19.76        58.62   0.039        0.115       
2459387.84130  2459387.84714  2021-06-22.3413028  coadd_bG249053 1.44 -2.04 17.222      17.125  0.334          216.49        65.99   0.513        0.156       
2459391.88892  2459391.89473  2021-06-26.3889160  coadd_bC246746 1.46 -1.64 17.570     >17.570  99.990         -49.19        69.23   -0.081       0.114       
2459392.48566  2459392.49146  2021-06-26.9856574  coadd_bG250197 1.39 -2.04 18.482     >18.482  99.990          41.71        20.69   0.099        0.049       
2459393.48604  2459393.49184  2021-06-27.9860503  coadd_bk401923 1.50 -1.93 18.494     >18.494  99.990          16.83        22.49   0.036        0.048       
2459393.63457  2459393.64036  2021-06-28.1345724  coadd_bG250722 1.46 -2.04 18.888     >18.888  99.990           9.52        14.22   0.023        0.034       
2459393.87717  2459393.88296  2021-06-28.3771797  coadd_bC247437 1.41 -1.64 18.176     >18.176  99.990         -49.48        39.61   -0.081       0.065       
2459399.79630  2459399.80199  2021-07-04.2963143  coadd_bk404770 1.48 -1.93 17.429     >17.429  99.990        -147.39        59.97   -0.318       0.129       
2459400.46193  2459400.46759  2021-07-04.9619297  coadd_bG253489 1.40 -2.04 18.737     >18.737  99.990          18.76        16.36   0.044        0.039       
2459400.73646  2459400.74212  2021-07-05.2364620  coadd_bs354520 1.40 -1.83 18.158     >18.158  99.990          -1.31        33.81   -0.003       0.066       
2459401.71441  2459401.72004  2021-07-06.2144077  coadd_bG254059 1.51 -2.04 18.633     >18.633  99.990          12.85        17.99   0.030        0.043       
2459403.45491  2459403.46050  2021-07-07.9549050  coadd_bk406230 1.45 -1.93 17.313     >17.313  99.990        -307.58        66.74   -0.663       0.144       
2459404.84558  2459404.85113  2021-07-09.3455807  coadd_bs355310 1.59 -1.83 18.281     >18.281  99.990          11.80        30.18   0.023        0.059       
2459405.78915  2459405.79466  2021-07-10.2891465  coadd_bk407109 1.45 -1.93 18.496     >18.496  99.990        -102.20        22.44   -0.220       0.048       
2459405.80973  2459405.81525  2021-07-10.3097431  coadd_bs355584 1.43 -1.83 18.448      18.316  0.323           87.68        25.87   0.171        0.051       
2459407.67292  2459407.67838  2021-07-12.1729318  coadd_bk407885 1.42 -1.93 18.806     >18.806  99.990         -54.49        16.87   -0.117       0.036       
2459408.61603  2459408.62145  2021-07-13.1160335  coadd_bk408265 1.50 -1.93 18.809     >18.809  99.990           2.86        16.82   0.006        0.036       
2459409.73020  2459409.73558  2021-07-14.2302031  coadd_bG257111 1.46 -2.04 18.258     >18.258  99.990           1.60        25.42   0.004        0.060       
2459410.82712  2459410.83246  2021-07-15.3271287  coadd_bs356367 1.48 -1.83 18.393     >18.393  99.990          49.88        27.21   0.097        0.053       
2459411.79548  2459411.80078  2021-07-16.2954806  coadd_bs356657 1.42 -1.83 18.341     >18.341  99.990          -6.04        28.56   -0.012       0.056       
2459412.69965  2459412.70491  2021-07-17.1996490  coadd_bk410040 1.48 -1.93 18.573     >18.573  99.990          20.98        20.91   0.045        0.045       
2459412.77826  2459412.78352  2021-07-17.2782655  coadd_bG258388 1.41 -2.04 18.338     >18.338  99.990          42.67        23.61   0.101        0.056       
2459413.71128  2459413.71650  2021-07-18.2112865  coadd_bG258753 1.51 -2.04 18.044     >18.044  99.990          68.44        30.96   0.162        0.073       
2459414.36419  2459414.36938  2021-07-18.8641936  coadd_bo315647 1.51 -1.92 18.495     >18.495  99.990          64.20        22.73   0.137        0.048       
2459414.49778  2459414.50295  2021-07-18.9977755  coadd_bG259005 1.44 -2.04 17.646     >17.646  99.990          -8.54        44.67   -0.020       0.106       
2459414.56431  2459414.56949  2021-07-19.0643098  coadd_bk410797 1.44 -1.93 18.430     >18.430  99.990        -120.90        23.85   -0.261       0.051       
2459414.70810  2459414.71327  2021-07-19.2081061  coadd_bs357318 1.51 -1.83 17.406     >17.406  99.990         133.35        67.56   0.261        0.132       
2459420.37394  2459420.37882  2021-07-24.8739336  coadd_bo316508 1.54 -1.92 17.650     >17.650  99.990         -98.53        49.52   -0.210       0.105       
2459421.36268  2459421.36751  2021-07-25.8626812  coadd_bo316895 1.45 -1.92 16.884     >16.884  99.990         228.67       100.24   0.487        0.213       
2459421.49642  2459421.50125  2021-07-25.9964302  coadd_bG261879 2.03 -2.04 18.469     >18.469  99.990          51.20        20.94   0.121        0.050       
2459422.55610  2459422.56086  2021-07-27.0560967  coadd_bk414183 1.53 -1.93 18.150     >18.150  99.990        -226.90        30.86   -0.489       0.067       
2459423.68440  2459423.68910  2021-07-28.1843986  coadd_bk414703 2.16 -1.93 18.110     >18.110  99.990          21.69        32.02   0.047        0.069       
2459424.62563  2459424.63028  2021-07-29.1256304  coadd_bk415080 1.50 -1.93 18.223     >18.223  99.990         -65.57        28.86   -0.141       0.062       
2459425.80408  2459425.80865  2021-07-30.3040784  coadd_bC257197 1.37 -1.64 18.621     >18.621  99.990         -25.88        26.29   -0.042       0.043       
2459426.69971  2459426.70423  2021-07-31.1997136  coadd_bG264069 1.45 -2.04 18.600      18.403  0.305           66.73        18.56   0.158        0.044       
2459427.69465  2459427.69910  2021-08-01.1946450  coadd_bk416400 1.39 -1.93 18.535     >18.535  99.990         -81.30        21.64   -0.175       0.047       
2459428.56609  2459428.57049  2021-08-02.0660843  coadd_bk416720 1.47 -1.93 18.694     >18.694  99.990         -93.89        18.70   -0.202       0.040       
2459428.73804  2459428.74243  2021-08-02.2380422  coadd_bG264913 1.41 -2.04 18.343     >18.343  99.990          -1.96        23.50   -0.005       0.056       
2459432.68996  2459432.69408  2021-08-06.1899609  coadd_bG266494 1.44 -2.04 18.395     >18.395  99.990          38.81        22.42   0.092        0.053       
2459433.64485  2459433.64891  2021-08-07.1448554  coadd_bG266862 1.56 -2.04 18.573     >18.573  99.990         -23.91        19.01   -0.057       0.045       
2459434.57353  2459434.57753  2021-08-08.0735372  coadd_bG267212 1.44 -2.04 18.534     >18.534  99.990          -7.33        19.72   -0.017       0.047       
2459435.53406  2459435.53798  2021-08-09.0340634  coadd_bk419355 1.51 -1.93 18.617     >18.617  99.990         -57.94        20.07   -0.125       0.043       
2459435.71901  2459435.72292  2021-08-09.2190173  coadd_bG267479 1.43 -2.04 18.375     >18.375  99.990          24.44        22.83   0.058        0.054       
2459436.57992  2459436.58377  2021-08-10.0799306  coadd_bk419804 1.42 -1.93 18.597     >18.597  99.990         -71.26        20.45   -0.154       0.044       
2459440.24475  2459440.24832  2021-08-13.7447538  coadd_bo320811 1.50 -1.92 17.638     >17.638  99.990         -52.19        50.08   -0.111       0.107       
2459441.75283  2459441.75628  2021-08-15.2528314  coadd_bC262929 2.13 -1.64 18.519     >18.519  99.990        -138.40        28.88   -0.227       0.047       
2459442.32226  2459442.32566  2021-08-15.8222679  coadd_bo320962 1.44 -1.92 18.088     >18.088  99.990         -21.67        33.06   -0.046       0.070       
2459442.49542  2459442.49881  2021-08-15.9954237  coadd_bG269797 2.11 -2.04 16.476     >16.476  99.990        -111.92       131.26   -0.265       0.311       
2459446.74216  2459446.74520  2021-08-20.2421636  coadd_bC264734 1.65 -1.64 18.189     >18.189  99.990          61.36        39.13   0.101        0.064       
2459449.23770  2459449.24054  2021-08-22.7377034  coadd_bo321685 1.49 -1.92 17.455     >17.455  99.990        -115.14        59.23   -0.245       0.126       
2459449.53259  2459449.53540  2021-08-23.0326032  coadd_bk423837 1.42 -1.93 17.792     >17.792  99.990          72.60        42.93   0.156        0.092       
2459449.66803  2459449.67082  2021-08-23.1680326  coadd_bG271603 1.52 -2.04 17.097     >17.097  99.990          -4.52        74.08   -0.011       0.175       
2459450.39925  2459450.40198  2021-08-23.8992547  coadd_bo322201 1.51 -1.92 17.041     >17.041  99.990          20.27        86.74   0.043        0.185       
2459450.49856  2459450.50129  2021-08-23.9985656  coadd_bG271882 1.44 -2.04 17.960     >17.960  99.990           0.33        33.46   0.001        0.079       
2459450.76985  2459450.77255  2021-08-24.2698593  coadd_bC265925 1.55 -1.64 18.161     >18.161  99.990         -39.69        40.17   -0.065       0.066       
2459451.38070  2459451.38334  2021-08-24.8807072  coadd_bo322563 1.49 -1.92 17.771     >17.771  99.990         -32.38        44.29   -0.069       0.094       
2459451.73134  2459451.73395  2021-08-25.2313425  coadd_bC266042 1.47 -1.64 17.892     >17.892  99.990         -41.15        51.44   -0.067       0.084       
2459452.65580  2459452.65833  2021-08-26.1558001  coadd_bG271971 1.45 -2.04 17.964      17.916  0.350          104.49        33.33   0.247        0.079       
2459453.60451  2459453.60696  2021-08-27.1045100  coadd_bk424690 1.51 -1.93 18.090     >18.090  99.990         -57.62        32.63   -0.124       0.070       
2459454.56186  2459454.56423  2021-08-28.0618682  coadd_bG272672 1.44 -2.04 17.894     >17.894  99.990          15.99        35.53   0.038        0.084       
2459455.60935  2459455.61162  2021-08-29.1093547  coadd_bG273072 1.44 -2.04 18.444     >18.444  99.990          22.29        21.42   0.053        0.051       
2459456.23695  2459456.23916  2021-08-29.7369461  coadd_bo323115 1.45 -1.92 18.631     >18.631  99.990          35.15        20.05   0.075        0.043       
2459456.52622  2459456.52841  2021-08-30.0262326  coadd_bk425838 1.44 -1.93 18.470     >18.470  99.990         -70.75        22.99   -0.152       0.050       
2459457.64090  2459457.64298  2021-08-31.1409077  coadd_bk426342 1.48 -1.93 18.492     >18.492  99.990           0.35        22.52   0.001        0.049       
2459459.29121  2459459.29314  2021-09-01.7912158  coadd_bo323946 1.45 -1.92 18.359     >18.359  99.990         -32.11        25.76   -0.068       0.055       
2459459.61135  2459459.61325  2021-09-02.1113584  coadd_bk426965 1.47 -1.93 18.326     >18.326  99.990         -23.77        26.25   -0.051       0.057       
2459463.48706  2459463.48860  2021-09-05.9870745  coadd_bk428466 1.49 -1.93 18.766     >18.766  99.990         -94.39        17.50   -0.203       0.038       
2459466.30999  2459466.31125  2021-09-08.8099922  coadd_bo325518 1.43 -1.92 18.695     >18.695  99.990         -45.98        18.91   -0.098       0.040       
2459468.28704  2459468.28812  2021-09-10.7870511  coadd_bo326248 1.54 -1.92 17.775     >17.775  99.990          94.07        44.13   0.200        0.094       
2459469.62952  2459469.63047  2021-09-12.1295243  coadd_bs368047 1.45 -1.83 18.031     >18.031  99.990         101.54        37.98   0.198        0.074       
2459473.67552  2459473.67608  2021-09-16.1755266  coadd_bs369487 1.42 -1.83 15.920     >15.920  99.990        -947.52       265.50   -1.851       0.519       
2459477.33713  2459477.33732  2021-09-19.8371356  coadd_bo327826 1.47 -1.92 17.330     >17.330  99.990          27.22        66.48   0.058        0.142       
2459477.50835  2459477.50853  2021-09-20.0083625  coadd_bG280485 1.51 -2.04 17.837     >17.837  99.990          52.20        37.47   0.124        0.089       
2459478.55354  2459478.55361  2021-09-21.0535428  coadd_bk433810 1.44 -1.93 17.283     >17.283  99.990         -42.93        68.62   -0.093       0.148       
2459480.62330  2459480.62317  2021-09-23.1233108  coadd_bs371346 1.47 -1.83 17.656     >17.656  99.990         -16.88        53.66   -0.033       0.105       
2459483.31237  2459483.31198  2021-09-25.8123785  coadd_bo329605 1.57 -1.92 18.532     >18.532  99.990          -0.53        21.97   -0.001       0.047       
2459484.30195  2459484.30146  2021-09-26.8019526  coadd_bo329972 1.40 -1.92 18.668     >18.668  99.990          42.01        19.39   0.089        0.041       
2459484.57427  2459484.57375  2021-09-27.0742818  coadd_bG282914 1.44 -2.04 18.427      18.196  0.295           80.75        21.76   0.191        0.052       
2459485.56418  2459485.56356  2021-09-28.0641809  coadd_bk436468 1.47 -1.93 18.148     >18.148  99.990        -112.58        30.91   -0.243       0.067       
2459486.51100  2459486.51029  2021-09-29.0110040  coadd_bk436803 1.42 -1.93 17.257     >17.257  99.990        -174.63        70.24   -0.376       0.151       
2459487.58683  2459487.58602  2021-09-30.0868377  coadd_bs373138 1.47 -1.83 18.203     >18.203  99.990          94.67        32.43   0.185        0.063       
2459489.50152  2459489.50052  2021-10-02.0015310  coadd_bG284373 1.49 -2.04 18.372     >18.372  99.990          35.20        22.88   0.083        0.054       
2459490.51443  2459490.51332  2021-10-03.0144331  coadd_bG284735 1.44 -2.04 18.426     >18.426  99.990           8.42        21.78   0.020        0.052       
2459491.27925  2459491.27807  2021-10-03.7792472  coadd_bo331050 1.45 -1.92 18.521     >18.521  99.990         -91.34        22.19   -0.194       0.047       
2459491.54617  2459491.54497  2021-10-04.0461719  coadd_bG285113 1.49 -2.04 18.555     >18.555  99.990          54.89        19.34   0.130        0.046       
