###  JD        HJD            UT_date             IMAGE          FWHM  Diff Limit      mag   mag_err       counts     count_err  flux (mJy)    flux_err
2458018.67840  2458018.68313  2017-09-22.1784026  coadd_br000581 1.41 -1.48 19.223     >19.223  99.990          40.41        17.36   0.058        0.025       
2458019.66736  2458019.67206  2017-09-23.1673658  coadd_br001011 1.51 -1.48 19.515     >19.515  99.990           3.22        13.27   0.005        0.019       
2458034.80273  2458034.80675  2017-10-08.3027275  coadd_br003203 1.73 -1.48 18.290     >18.290  99.990          29.02        41.01   0.041        0.058       
2458035.80205  2458035.80602  2017-10-09.3020560  coadd_br003627 1.54 -1.48 18.561      17.912  0.201          174.19        31.96   0.248        0.046       
2458038.77324  2458038.77704  2017-10-12.2732431  coadd_br006609 1.67 -1.48 18.971     >18.971  99.990         -39.99        21.91   -0.057       0.031       
2458040.76367  2458040.76735  2017-10-14.2636774  coadd_br007279 1.45 -1.48 18.311     >18.311  99.990          -6.90        40.21   -0.010       0.057       
2458043.74253  2458043.74602  2017-10-17.2425280  coadd_br008055 2.13 -1.48 19.423     >19.423  99.990         -28.20        14.45   -0.040       0.021       
2458044.73395  2458044.73738  2017-10-18.2339561  coadd_br004150 1.60 -1.48 19.202     >19.202  99.990          15.77        17.71   0.022        0.025       
2458045.72939  2458045.73275  2017-10-19.2293901  coadd_br004491 1.53 -1.48 19.236     >19.236  99.990           2.63        17.16   0.004        0.024       
2458051.57063  2458051.57360  2017-10-25.0706430  coadd_br005765 2.49 -1.48 19.087     >19.087  99.990         -29.16        19.69   -0.042       0.028       
2458052.58110  2458052.58398  2017-10-26.0811064  coadd_br006231 1.69 -1.48 19.370     >19.370  99.990          -9.57        15.17   -0.014       0.022       
2458053.69722  2458053.70003  2017-10-27.1972293  coadd_br008492 1.52 -1.48 19.061     >19.061  99.990          -9.60        20.17   -0.014       0.029       
2458059.69553  2458059.69788  2017-11-02.1955327  coadd_br010896 1.46 -1.48 17.965     >17.965  99.990         -75.31        55.35   -0.107       0.079       
2458060.73116  2458060.73343  2017-11-03.2311692  coadd_br011386 1.50 -1.48 17.814     >17.814  99.990        -161.67        63.59   -0.230       0.091       
2458063.72614  2458063.72817  2017-11-06.2261414  coadd_br012456 1.48 -1.48 18.191     >18.191  99.990         -58.41        44.92   -0.083       0.064       
2458067.69734  2458067.69905  2017-11-10.1973390  coadd_br013377 1.56 -1.48 19.327     >19.327  99.990         -61.79        15.77   -0.088       0.022       
2458068.69106  2458068.69269  2017-11-11.1910681  coadd_br013837 1.41 -1.48 19.144     >19.144  99.990           9.58        18.67   0.014        0.027       
2458069.68378  2458069.68532  2017-11-12.1837850  coadd_br014295 1.40 -1.48 19.314     >19.314  99.990           9.48        15.98   0.014        0.023       
2458070.67712  2458070.67857  2017-11-13.1771177  coadd_br014736 1.64 -1.48 19.287     >19.287  99.990          -0.91        16.37   -0.001       0.023       
2458071.67790  2458071.67927  2017-11-14.1779040  coadd_br014952 1.54 -1.48 19.557     >19.557  99.990          18.42        12.77   0.026        0.018       
2458072.65329  2458072.65458  2017-11-15.1532893  coadd_br015402 1.49 -1.48 19.189      18.884  0.275           71.21        17.92   0.102        0.026       
2458074.64511  2458074.64623  2017-11-17.1451116  coadd_br015847 1.46 -1.48 19.531     >19.531  99.990          18.12        13.07   0.026        0.019       
2458075.64018  2458075.64122  2017-11-18.1401832  coadd_br016319 1.44 -1.48 19.278     >19.278  99.990         -32.60        16.50   -0.046       0.024       
2458077.63699  2458077.63785  2017-11-20.1370003  coadd_br017209 2.15 -1.48 19.214     >19.214  99.990         -42.09        17.52   -0.060       0.025       
2458079.63317  2458079.63386  2017-11-22.1331811  coadd_br017783 1.70 -1.48 19.462     >19.462  99.990         -25.32        13.93   -0.036       0.020       
2458080.56624  2458080.56684  2017-11-23.0662380  coadd_br018207 1.74 -1.48 19.267     >19.267  99.990          -2.57        16.68   -0.004       0.024       
2458081.63243  2458081.63294  2017-11-24.1324399  coadd_br018738 1.45 -1.48 19.070     >19.070  99.990           8.30        19.99   0.012        0.028       
2458086.52420  2458086.52428  2017-11-29.0241996  coadd_bj024936 1.64 -1.79 17.733     >17.733  99.990          -8.20        51.57   -0.016       0.098       
2458087.52112  2458087.52111  2017-11-30.0211241  coadd_bj025287 1.73 -1.79 17.569     >17.569  99.990         -79.59        59.98   -0.151       0.114       
2458219.98124  2458219.97757  2018-04-11.4812456  coadd_br063416 1.67 -1.48 17.857     >17.857  99.990         -36.19        61.10   -0.052       0.087       
2458220.97885  2458220.97524  2018-04-12.4788516  coadd_br063788 1.46 -1.48 17.552     >17.552  99.990         -83.96        80.92   -0.120       0.115       
2458221.97475  2458221.97119  2018-04-13.4747491  coadd_br064020 1.60 -1.48 18.361     >18.361  99.990          68.10        38.40   0.097        0.055       
2458232.96686  2458232.96403  2018-04-24.4668641  coadd_br066690 1.50 -1.48 18.473     >18.473  99.990          -5.43        34.66   -0.008       0.049       
2458236.93326  2458236.93073  2018-04-28.4332688  coadd_br067500 1.42 -1.48 17.901     >17.901  99.990          89.06        58.70   0.127        0.084       
2458241.91828  2458241.91612  2018-05-03.4182760  coadd_bj078153 1.56 -1.79 18.045     >18.045  99.990         -63.86        38.68   -0.121       0.073       
2458242.67662  2458242.67452  2018-05-04.1766168  coadd_bn046902 1.64 -1.76 17.243     >17.243  99.990          60.87        83.66   0.112        0.153       
2458244.67540  2458244.67346  2018-05-06.1754013  coadd_bn047716 1.52 -1.76 17.308     >17.308  99.990         -14.29        78.74   -0.026       0.144       
2458245.67742  2458245.67557  2018-05-07.1774231  coadd_bn048128 1.53 -1.76 16.993     >16.993  99.990         -48.94       105.29   -0.090       0.193       
2458248.66981  2458248.66819  2018-05-10.1698109  coadd_bn048594 1.57 -1.76 18.073     >18.073  99.990         -56.02        38.94   -0.103       0.071       
2458251.91957  2458251.91822  2018-05-13.4195781  coadd_br071663 1.61 -1.48 18.407     >18.407  99.990          73.85        36.84   0.105        0.053       
2458253.91359  2458253.91241  2018-05-15.4135930  coadd_br072214 1.38 -1.48 19.250      19.092  0.315           58.78        16.94   0.084        0.024       
2458254.92620  2458254.92510  2018-05-16.4261993  coadd_br072544 1.50 -1.48 19.186     >19.186  99.990          20.19        17.97   0.029        0.026       
2458255.64572  2458255.64469  2018-05-17.1457231  coadd_bn050893 1.74 -1.76 19.150     >19.150  99.990          14.17        14.44   0.026        0.026       
2458256.63862  2458256.63767  2018-05-18.1386271  coadd_bn051325 1.71 -1.76 18.937      18.792  0.319           60.25        17.57   0.110        0.032       
2458257.89409  2458257.89324  2018-05-19.3940891  coadd_br073314 1.49 -1.48 18.985     >18.985  99.990           3.91        21.62   0.006        0.031       
2458258.88191  2458258.88115  2018-05-20.3819155  coadd_bj085006 1.63 -1.79 18.875     >18.875  99.990           4.36        18.01   0.008        0.034       
2458259.87796  2458259.87729  2018-05-21.3779682  coadd_bj085457 1.55 -1.79 18.573     >18.573  99.990          -6.86        23.78   -0.013       0.045       
2458260.87410  2458260.87351  2018-05-22.3741071  coadd_bj085906 1.58 -1.79 18.347     >18.347  99.990          36.45        29.30   0.069        0.055       
2458261.87397  2458261.87346  2018-05-23.3739715  coadd_bj086360 1.55 -1.79 18.256     >18.256  99.990         -48.83        31.85   -0.092       0.060       
2458262.86991  2458262.86949  2018-05-24.3699151  coadd_bj086811 1.59 -1.79 19.050     >19.050  99.990          20.38        15.32   0.039        0.029       
2458263.88133  2458263.88099  2018-05-25.3813380  coadd_br074504 1.44 -1.48 18.333     >18.333  99.990         -56.56        39.41   -0.081       0.056       
2458265.61428  2458265.61409  2018-05-27.1142810  coadd_bn052461 1.51 -1.76 18.286     >18.286  99.990          29.77        31.99   0.055        0.059       
2458267.90260  2458267.90261  2018-05-29.4026043  coadd_br075809 1.45 -1.48 17.655     >17.655  99.990        -112.14        73.59   -0.160       0.105       
2458270.87961  2458270.87987  2018-06-01.3796072  coadd_bj089219 1.67 -1.79 17.823     >17.823  99.990         -61.83        47.46   -0.117       0.090       
2458271.90807  2458271.90842  2018-06-02.4080722  coadd_br077142 1.43 -1.48 18.037     >18.037  99.990          28.37        51.77   0.040        0.074       
2458273.89287  2458273.89339  2018-06-04.3928673  coadd_bj089931 1.60 -1.79 18.408     >18.408  99.990         -98.67        27.70   -0.187       0.052       
2458273.95755  2458273.95807  2018-06-04.4575590  coadd_br077317 1.58 -1.48 16.504     >16.504  99.990        -322.04       212.52   -0.459       0.303       
2458274.58558  2458274.58616  2018-06-05.0855861  coadd_bn053582 1.51 -1.76 17.866     >17.866  99.990          92.07        47.11   0.169        0.086       
2458274.90074  2458274.90135  2018-06-05.4007417  coadd_bj090399 1.63 -1.79 18.041     >18.041  99.990         115.81        38.82   0.219        0.074       
2458275.58187  2458275.58253  2018-06-06.0818695  coadd_bn054025 1.49 -1.76 18.544      18.476  0.343           80.63        25.22   0.148        0.046       
2458277.59702  2458277.59786  2018-06-08.0970218  coadd_bn054728 1.52 -1.76 17.877     >17.877  99.990          23.39        46.63   0.043        0.086       
2458280.56949  2458280.57058  2018-06-11.0694935  coadd_bn055279 1.46 -1.76 19.023     >19.023  99.990         -39.09        16.24   -0.072       0.030       
2458281.57124  2458281.57241  2018-06-12.0712456  coadd_bn055733 1.48 -1.76 18.427     >18.427  99.990         -70.91        28.10   -0.130       0.052       
2458282.56697  2458282.56822  2018-06-13.0669695  coadd_bn056179 1.66 -1.76 19.006     >19.006  99.990          -2.40        16.49   -0.004       0.030       
2458282.90909  2458282.91038  2018-06-13.4091018  coadd_br078989 1.50 -1.48 19.049     >19.049  99.990          -3.94        20.38   -0.006       0.029       
2458290.59722  2458290.59913  2018-06-21.0972271  coadd_bn057421 1.55 -1.76 19.069     >19.069  99.990          35.12        15.55   0.064        0.029       
2458294.79111  2458294.79335  2018-06-25.2911125  coadd_bj098022 1.64 -1.79 18.091     >18.091  99.990          31.02        37.09   0.059        0.070       
2458294.94254  2458294.94479  2018-06-25.4425416  coadd_br082439 1.40 -1.48 19.021     >19.021  99.990          28.19        20.92   0.040        0.030       
2458295.53000  2458295.53230  2018-06-26.0299990  coadd_bn058223 1.53 -1.76 17.161     >17.161  99.990        -148.57        90.17   -0.272       0.165       
2458296.52496  2458296.52733  2018-06-27.0249629  coadd_bn058642 1.62 -1.76 17.310     >17.310  99.990         -36.60        78.62   -0.067       0.144       
2458297.53020  2458297.53265  2018-06-28.0302045  coadd_bn058813 1.54 -1.76 17.637     >17.637  99.990         -23.05        58.19   -0.042       0.107       
2458301.77303  2458301.77579  2018-07-02.2730378  coadd_bj101060 1.62 -1.79 18.024     >18.024  99.990          26.16        39.45   0.050        0.075       
2458303.51913  2458303.52202  2018-07-04.0191340  coadd_bn059470 1.48 -1.76 18.131     >18.131  99.990          57.95        36.91   0.106        0.068       
2458303.89948  2458303.90239  2018-07-04.3994831  coadd_br084174 1.42 -1.48 17.720     >17.720  99.990          16.52        69.34   0.024        0.099       
2458304.51707  2458304.52003  2018-07-05.0170745  coadd_bn059920 1.61 -1.76 18.312     >18.312  99.990         -65.74        31.25   -0.121       0.057       
2458304.86268  2458304.86566  2018-07-05.3626934  coadd_br084458 1.39 -1.48 18.629     >18.629  99.990         -65.95        30.01   -0.094       0.043       
2458305.50417  2458305.50720  2018-07-06.0041728  coadd_bn060355 2.15 -1.76 18.429     >18.429  99.990          72.81        28.06   0.134        0.051       
2458306.49902  2458306.50212  2018-07-06.9990217  coadd_bn060795 1.59 -1.76 18.944      18.341  0.209           91.31        17.46   0.167        0.032       
2458307.53717  2458307.54033  2018-07-08.0371680  coadd_bn061273 1.48 -1.76 19.347     >19.347  99.990          -2.68        12.04   -0.005       0.022       
2458308.55982  2458308.56305  2018-07-09.0598215  coadd_bn061742 1.48 -1.76 19.082     >19.082  99.990          44.48        15.37   0.082        0.028       
2458308.83890  2458308.84215  2018-07-09.3389049  coadd_bj103362 1.60 -1.79 19.115     >19.115  99.990          10.51        14.44   0.020        0.027       
2458312.87933  2458312.88284  2018-07-13.3793399  coadd_br085230 1.45 -1.48 18.257     >18.257  99.990         -45.35        42.30   -0.065       0.060       
2458315.53925  2458315.54293  2018-07-16.0392574  coadd_bn062606 1.60 -1.76 19.100     >19.100  99.990         -25.86        15.13   -0.047       0.028       
2458318.52176  2458318.52561  2018-07-19.0217643  coadd_bn063120 1.50 -1.76 18.802     >18.802  99.990          48.73        19.90   0.089        0.036       
2458319.46171  2458319.46561  2018-07-19.9617207  coadd_bn063417 1.47 -1.76 19.058     >19.058  99.990          22.97        15.71   0.042        0.029       
2458320.86730  2458320.87128  2018-07-21.3673062  coadd_br086710 1.44 -1.48 19.269     >19.269  99.990          -9.15        16.64   -0.013       0.024       
2458321.45739  2458321.46140  2018-07-21.9573898  coadd_bn064289 1.48 -1.76 18.412     >18.412  99.990         -58.67        28.50   -0.108       0.052       
2458321.71189  2458321.71592  2018-07-22.2118949  coadd_br086930 1.43 -1.48 19.056      18.967  0.336           65.97        20.26   0.094        0.029       
2458322.45533  2458322.45940  2018-07-22.9553350  coadd_bn064718 1.60 -1.76 18.369     >18.369  99.990          38.97        29.66   0.071        0.054       
2458322.74733  2458322.75141  2018-07-23.2473390  coadd_br087301 1.49 -1.48 17.632     >17.632  99.990        -118.16        75.21   -0.168       0.107       
2458323.45667  2458323.46079  2018-07-23.9566739  coadd_bn065151 1.52 -1.76 18.037      18.002  0.354          124.76        40.26   0.229        0.074       
2458324.45568  2458324.45985  2018-07-24.9556844  coadd_bn065540 1.63 -1.76 17.975     >17.975  99.990           5.78        42.63   0.011        0.078       
2458328.43817  2458328.44252  2018-07-28.9381671  coadd_bn066522 2.00 -1.76 17.466      17.450  0.360          207.35        68.08   0.380        0.125       
2458330.44173  2458330.44617  2018-07-30.9417292  coadd_bn066925 1.74 -1.76 17.450      17.157  0.279          271.57        69.13   0.498        0.127       
2458332.45870  2458332.46322  2018-08-01.9587009  coadd_bn067248 1.49 -1.76 18.329     >18.329  99.990          68.01        30.77   0.125        0.056       
2458333.42372  2458333.42829  2018-08-02.9237335  coadd_bn067643 1.53 -1.76 18.296     >18.296  99.990          85.71        31.70   0.157        0.058       
2458334.43325  2458334.43785  2018-08-03.9332540  coadd_bn068078 1.51 -1.76 18.668     >18.668  99.990          45.07        22.52   0.083        0.041       
2458335.77634  2458335.78100  2018-08-05.2763452  coadd_bj113894 2.00 -1.79 18.894     >18.894  99.990          20.37        17.70   0.039        0.034       
2458338.68515  2458338.68989  2018-08-08.1851476  coadd_bj114908 1.63 -1.79 19.127     >19.127  99.990          22.77        14.27   0.043        0.027       
2458338.85201  2458338.85676  2018-08-08.3520099  coadd_br091498 1.38 -1.48 19.129     >19.129  99.990          -5.75        18.94   -0.008       0.027       
2458339.47314  2458339.47791  2018-08-08.9731390  coadd_bn068680 1.50 -1.76 18.990     >18.990  99.990         -13.05        16.74   -0.024       0.031       
2458339.71032  2458339.71511  2018-08-09.2103262  coadd_bj115372 2.23 -1.79 18.843      18.416  0.246           82.49        18.54   0.156        0.035       
2458340.46989  2458340.47469  2018-08-09.9698877  coadd_bn069053 1.53 -1.76 19.168     >19.168  99.990           4.59        14.20   0.008        0.026       
2458340.78927  2458340.79409  2018-08-10.2892753  coadd_bj115880 1.72 -1.79 18.528     >18.528  99.990         -33.23        24.78   -0.063       0.047       
2458343.46698  2458343.47187  2018-08-12.9669829  coadd_bn069511 1.56 -1.76 19.108     >19.108  99.990         -17.67        15.01   -0.032       0.028       
2458345.45826  2458345.46320  2018-08-14.9582674  coadd_bn070040 1.54 -1.76 19.232     >19.232  99.990         -30.67        13.39   -0.056       0.025       
2458345.87606  2458345.88100  2018-08-15.3760583  coadd_br092258 1.45 -1.48 19.214      18.699  0.227           84.38        17.50   0.120        0.025       
2458346.44743  2458346.45239  2018-08-15.9474437  coadd_bn070454 1.47 -1.76 19.056     >19.056  99.990         -22.15        15.74   -0.041       0.029       
2458348.37939  2458348.38438  2018-08-17.8793871  coadd_bn070852 1.71 -1.76 18.439     >18.439  99.990         -73.30        27.79   -0.134       0.051       
2458350.62980  2458350.63483  2018-08-20.1297962  coadd_bj119960 1.50 -1.79 18.242     >18.242  99.990          86.11        32.28   0.163        0.061       
2458352.37284  2458352.37789  2018-08-21.8728375  coadd_bn071612 1.50 -1.76 18.254     >18.254  99.990         -27.12        32.96   -0.050       0.060       
2458352.75745  2458352.76251  2018-08-22.25745  coadd_bj120940 1.63 -1.79 17.941     >17.941  99.990          85.60        42.58   0.162        0.081       
2458353.36614  2458353.37121  2018-08-22.8661434  coadd_bn071964 1.56 -1.76 17.850     >17.850  99.990         -82.37        47.80   -0.151       0.088       
2458353.67739  2458353.68247  2018-08-23.1773972  coadd_bj121179 2.01 -1.79 18.036     >18.036  99.990          76.23        38.99   0.144        0.074       
2458354.36270  2458354.36778  2018-08-23.8627020  coadd_bn072381 1.54 -1.76 17.787     >17.787  99.990          73.78        50.67   0.135        0.093       
2458354.65999  2458354.66507  2018-08-24.1599988  coadd_bj121596 1.63 -1.79 17.720     >17.720  99.990         105.53        52.17   0.200        0.099       
2458358.91843  2458358.92354  2018-08-28.4184393  coadd_br095187 1.42 -1.48 17.229     >17.229  99.990          75.33       108.98   0.107        0.155       
2458360.90114  2458360.90626  2018-08-30.4011478  coadd_br095814 1.41 -1.48 17.379      17.266  0.329          316.03        94.94   0.451        0.135       
2458362.38032  2458362.38543  2018-08-31.8803158  coadd_bn074382 1.56 -1.76 18.813     >18.813  99.990         -28.22        19.70   -0.052       0.036       
2458363.71963  2458363.72474  2018-09-02.2196329  coadd_bj124949 1.58 -1.79 18.591     >18.591  99.990           4.31        23.39   0.008        0.044       
2458365.41050  2458365.41560  2018-09-03.9105017  coadd_bn074884 2.05 -1.76 19.298     >19.298  99.990          29.28        12.60   0.054        0.023       
2458366.59822  2458366.60331  2018-09-05.0982173  coadd_br096844 1.62 -1.48 18.986     >18.986  99.990          42.41        21.60   0.060        0.031       
2458372.78912  2458372.79413  2018-09-11.2891306  coadd_br097733 1.42 -1.48 19.154     >19.154  99.990           6.84        18.51   0.010        0.026       
2458374.55604  2458374.56102  2018-09-13.0560384  coadd_bj129338 1.53 -1.79 18.141     >18.141  99.990        -114.73        35.41   -0.217       0.067       
2458375.60875  2458375.61370  2018-09-14.1087490  coadd_bj129751 1.58 -1.79 18.736     >18.736  99.990          24.14        20.48   0.046        0.039       
2458377.29151  2458377.29643  2018-09-15.7915087  coadd_bn077111 2.31 -1.76 18.142     >18.142  99.990          52.17        36.53   0.096        0.067       
2458377.53853  2458377.54344  2018-09-16.0385313  coadd_bj130514 1.58 -1.79 18.576     >18.576  99.990           0.38        23.73   0.001        0.045       
2458378.53914  2458378.54403  2018-09-17.0391497  coadd_bj130923 1.63 -1.79 18.627     >18.627  99.990         -11.44        22.64   -0.022       0.043       
2458382.69028  2458382.69505  2018-09-21.1902820  coadd_bj132525 1.65 -1.79 18.079     >18.079  99.990         104.26        37.49   0.197        0.071       
2458384.71535  2458384.72005  2018-09-23.2153490  coadd_br099343 1.43 -1.48 18.207     >18.207  99.990          36.19        44.26   0.052        0.063       
2458386.84386  2458386.84848  2018-09-25.3438640  coadd_br100265 1.61 -1.48 16.963     >16.963  99.990         158.98       139.26   0.227        0.199       
2458389.43374  2458389.43826  2018-09-27.9337350  coadd_bn078185 1.58 -1.76 17.544     >17.544  99.990         -22.93        63.37   -0.042       0.116       
2458390.27494  2458390.27943  2018-09-28.7749380  coadd_bn078290 1.49 -1.76 19.437     >19.437  99.990           2.46        11.08   0.005        0.020       
2458390.70891  2458390.71338  2018-09-29.2089160  coadd_bj135003 2.04 -1.79 16.268      16.225  0.351          620.32       198.73   1.175        0.376       
2458392.71287  2458392.71726  2018-10-01.2128744  coadd_br101757 1.42 -1.48 19.081     >19.081  99.990          19.90        19.80   0.028        0.028       
2458393.61162  2458393.61596  2018-10-02.1116141  coadd_bj136043 1.55 -1.79 19.065     >19.065  99.990         -13.60        15.12   -0.026       0.029       
2458394.55292  2458394.55722  2018-10-03.0529211  coadd_bj136386 1.58 -1.79 18.824      18.823  0.365           56.71        18.88   0.107        0.036       
2458395.62956  2458395.63381  2018-10-04.1295612  coadd_bF002627 1.51 -1.86 17.748     >17.748  99.990        -114.59        47.77   -0.231       0.096       
2458396.68903  2458396.69323  2018-10-05.1890327  coadd_bF003008 1.52 -1.86 18.607     >18.607  99.990         -18.70        21.66   -0.038       0.044       
2458397.52451  2458397.52867  2018-10-06.0245157  coadd_bj137535 1.59 -1.79 19.093     >19.093  99.990          -8.78        14.74   -0.017       0.028       
2458398.68173  2458398.68583  2018-10-07.1817288  coadd_bj138050 1.54 -1.79 18.922     >18.922  99.990          -6.09        17.24   -0.012       0.033       
2458401.76663  2458401.77055  2018-10-10.2666304  coadd_br103506 1.58 -1.48 18.939     >18.939  99.990         -70.61        22.56   -0.101       0.032       
2458402.23323  2458402.23713  2018-10-10.7332357  coadd_bn081773 1.53 -1.76 17.683     >17.683  99.990          41.94        55.74   0.077        0.102       
2458404.51653  2458404.52031  2018-10-13.0165458  coadd_bj139109 1.64 -1.79 18.612     >18.612  99.990         -20.29        22.94   -0.038       0.043       
2458405.58450  2458405.58820  2018-10-14.0844952  coadd_bj139523 2.35 -1.79 18.372     >18.372  99.990          -4.78        28.61   -0.009       0.054       
2458405.75435  2458405.75805  2018-10-14.2543613  coadd_br104387 1.50 -1.48 19.217     >19.217  99.990         -16.51        17.46   -0.024       0.025       
2458406.49581  2458406.49946  2018-10-14.9958131  coadd_bF005319 1.46 -1.86 18.668     >18.668  99.990          54.16        20.47   0.109        0.041       
2458407.30637  2458407.30997  2018-10-15.8063740  coadd_bn082634 1.73 -1.76 18.305     >18.305  99.990           9.65        31.45   0.018        0.058       
2458407.59457  2458407.59816  2018-10-16.0945774  coadd_bF005777 1.58 -1.86 18.701     >18.701  99.990         -29.87        19.86   -0.060       0.040       
2458410.58314  2458410.58653  2018-10-19.0831452  coadd_bF006914 1.48 -1.86 18.551     >18.551  99.990         -16.63        22.81   -0.034       0.046       
2458411.64369  2458411.64701  2018-10-20.1436929  coadd_bj141771 1.63 -1.79 17.624     >17.624  99.990        -115.02        57.02   -0.218       0.108       
2458414.61187  2458414.61499  2018-10-23.1118821  coadd_bj142872 1.66 -1.79 17.337     >17.337  99.990          86.55        74.28   0.164        0.141       
2458415.29941  2458415.30248  2018-10-23.7994120  coadd_bn084830 1.73 -1.76 17.557     >17.557  99.990         142.64        62.60   0.262        0.115       
2458415.59373  2458415.59678  2018-10-24.0937317  coadd_bj143228 1.51 -1.79 17.527     >17.527  99.990          60.18        62.31   0.114        0.118       
2458416.63333  2458416.63631  2018-10-25.1333295  coadd_bF009150 1.68 -1.86 17.382     >17.382  99.990        -174.77        66.95   -0.352       0.135       
2458417.34596  2458417.34888  2018-10-25.8459686  coadd_bn085598 1.56 -1.76 17.392     >17.392  99.990        -141.89        72.93   -0.260       0.134       
2458417.67994  2458417.68284  2018-10-26.1799482  coadd_br105600 1.44 -1.48 18.011     >18.011  99.990         -43.50        53.02   -0.062       0.076       
2458419.35416  2458419.35694  2018-10-27.8541564  coadd_bn086296 2.06 -1.76 17.980     >17.980  99.990          13.35        42.40   0.024        0.078       
2458423.25372  2458423.25620  2018-10-31.7537234  coadd_bn086892 1.98 -1.76 18.790     >18.790  99.990          31.99        20.12   0.059        0.037       
2458424.65936  2458424.66174  2018-11-02.1593681  coadd_br107856 1.60 -1.48 19.108      18.823  0.281           75.31        19.31   0.107        0.028       
2458425.60009  2458425.60239  2018-11-03.1000932  coadd_bj145917 1.57 -1.79 18.779     >18.779  99.990         -29.23        19.68   -0.055       0.037       
2458426.69116  2458426.69338  2018-11-04.1911678  coadd_br108752 1.47 -1.48 19.083     >19.083  99.990         -37.23        19.75   -0.053       0.028       
2458427.60192  2458427.60406  2018-11-05.1019240  coadd_bF012141 1.53 -1.86 19.167     >19.167  99.990          25.48        12.93   0.051        0.026       
2458428.72534  2458428.72739  2018-11-06.2253401  coadd_br109602 1.53 -1.48 18.823      18.639  0.308           89.19        25.11   0.127        0.036       
2458429.58752  2458429.58951  2018-11-07.0875243  coadd_bj147304 1.61 -1.79 18.951     >18.951  99.990          34.99        16.79   0.066        0.032       
2458430.71883  2458430.72072  2018-11-08.2188317  coadd_br110479 1.41 -1.48 19.053     >19.053  99.990         -12.95        20.31   -0.018       0.029       
2458431.58824  2458431.59007  2018-11-09.0882481  coadd_bF013583 1.47 -1.86 18.963     >18.963  99.990         -23.09        15.60   -0.047       0.031       
2458437.69443  2458437.69574  2018-11-15.1944416  coadd_br111745 1.65 -1.48 18.236     >18.236  99.990          57.44        43.10   0.082        0.061       
2458438.30763  2458438.30889  2018-11-15.8076368  coadd_bn089146 1.53 -1.76 18.203     >18.203  99.990         -11.83        34.54   -0.022       0.063       
2458439.28414  2458439.28531  2018-11-16.7841408  coadd_bn089405 1.64 -1.76 17.890     >17.890  99.990          34.61        46.10   0.063        0.085       
2458441.28466  2458441.28566  2018-11-18.7846575  coadd_bn090032 2.08 -1.76 17.387     >17.387  99.990        -195.15        73.27   -0.358       0.134       
2458441.55097  2458441.55194  2018-11-19.0509792  coadd_bj151250 1.62 -1.79 17.743     >17.743  99.990         -27.71        51.11   -0.052       0.097       
2458442.55461  2458442.55550  2018-11-20.0546104  coadd_bF017214 1.56 -1.86 17.483     >17.483  99.990          93.42        60.99   0.188        0.123       
2458443.67869  2458443.67948  2018-11-21.1786954  coadd_br114401 1.44 -1.48 17.930     >17.930  99.990         -24.05        57.13   -0.034       0.081       
2458444.66721  2458444.66792  2018-11-22.1672151  coadd_br114817 1.44 -1.48 17.786     >17.786  99.990        -180.44        65.27   -0.257       0.093       
2458448.66721  2458448.66757  2018-11-26.1672167  coadd_br115681 1.42 -1.48 18.189      17.992  0.304          161.91        45.00   0.231        0.064       
2458451.52406  2458451.52416  2018-11-29.0240604  coadd_bj154496 1.61 -1.79 17.973     >17.973  99.990          17.03        41.34   0.032        0.078       
2458452.52120  2458452.52121  2018-11-30.0211973  coadd_bF020352 1.50 -1.86 17.837     >17.837  99.990         -38.73        44.02   -0.078       0.089       
2458452.76129  2458452.76129  2018-11-30.2612946  coadd_bB000064 2.30 -1.21 19.436     >19.436  99.990          17.24        18.32   0.019        0.020       
2458453.52181  2458453.52174  2018-12-01.0218136  coadd_bF020683 2.13 -1.86 17.973     >17.973  99.990         -26.36        38.82   -0.053       0.078       
2458453.74996  2458453.74987  2018-12-01.2499666  coadd_bB000335 2.14 -1.21 19.233     >19.233  99.990         -34.38        22.08   -0.038       0.025       
2458454.51855  2458454.51839  2018-12-02.0185597  coadd_bF021011 1.66 -1.86 17.634     >17.634  99.990         -21.46        53.09   -0.043       0.107       
2458455.73481  2458455.73454  2018-12-03.2348143  coadd_bB000576 2.27 -1.21 19.494     >19.494  99.990          21.23        17.36   0.024        0.019       
2458456.74269  2458456.74233  2018-12-04.2426863  coadd_bB000953 1.69 -1.21 19.250     >19.250  99.990          -2.53        21.74   -0.003       0.024       
2458457.73885  2458457.73841  2018-12-05.2388521  coadd_bB001289 2.07 -1.21 19.471     >19.471  99.990          -3.76        17.74   -0.004       0.020       
2458458.73513  2458458.73459  2018-12-06.2351263  coadd_bB001671 2.07 -1.21 19.553     >19.553  99.990           4.06        16.44   0.005        0.018       
2458459.73144  2458459.73082  2018-12-07.2314414  coadd_bB002100 2.12 -1.21 19.468     >19.468  99.990         -38.30        17.78   -0.043       0.020       
2458460.72771  2458460.72700  2018-12-08.2277128  coadd_bB002549 2.23 -1.21 19.437     >19.437  99.990          45.34        18.30   0.050        0.020       
2458461.72794  2458461.72714  2018-12-09.2279369  coadd_bB003001 2.09 -1.21 19.497     >19.497  99.990         -48.09        17.32   -0.053       0.019       
2458462.72427  2458462.72339  2018-12-10.2242800  coadd_bB003122 2.04 -1.21 19.398     >19.398  99.990         -47.89        18.97   -0.053       0.021       
2458464.71948  2458464.71842  2018-12-12.2194822  coadd_bB003630 2.19 -1.21 18.770     >18.770  99.990         -23.10        33.82   -0.026       0.038       
2458465.70192  2458465.70078  2018-12-13.2019195  coadd_bB004068 2.02 -1.21 19.252     >19.252  99.990         -28.39        21.69   -0.032       0.024       
2458466.70213  2458466.70091  2018-12-14.2021348  coadd_bB004499 2.24 -1.21 18.784     >18.784  99.990         -48.48        33.40   -0.054       0.037       
2458467.69467  2458467.69336  2018-12-15.1946722  coadd_bB004931 2.08 -1.21 18.234     >18.234  99.990         -10.59        55.42   -0.012       0.062       
2458471.61783  2458471.61619  2018-12-19.1178349  coadd_br120216 1.50 -1.48 17.727     >17.727  99.990           4.01        68.86   0.006        0.098       
2458472.58489  2458472.58317  2018-12-20.0848940  coadd_br120509 1.62 -1.48 18.215     >18.215  99.990        -167.95        43.96   -0.239       0.063       
2458473.59146  2458473.58966  2018-12-21.0914712  coadd_br120939 1.56 -1.48 18.286     >18.286  99.990         -77.78        41.17   -0.111       0.059       
2458477.57816  2458477.57603  2018-12-25.0781641  coadd_br122735 1.54 -1.48 19.323     >19.323  99.990          12.74        15.84   0.018        0.023       
2458484.55910  2458484.55643  2019-01-01.0591004  coadd_br124584 2.19 -1.48 19.029     >19.029  99.990          -7.52        20.76   -0.011       0.030       
2458577.13940  2458577.13529  2019-04-03.6393991  coadd_bB022842 2.03 -1.21 17.685     >17.685  99.990         135.94        91.89   0.151        0.102       
2458580.13244  2458580.12848  2019-04-06.6324494  coadd_bB024050 2.13 -1.21 18.671     >18.671  99.990         -62.56        37.06   -0.070       0.041       
2458581.12878  2458581.12488  2019-04-07.6287820  coadd_bB024450 1.99 -1.21 18.841     >18.841  99.990          41.11        31.69   0.046        0.035       
2458582.12522  2458582.12137  2019-04-08.6252184  coadd_bB024849 1.99 -1.21 19.010     >19.010  99.990          -8.93        27.12   -0.010       0.030       
2458583.12543  2458583.12164  2019-04-09.6254299  coadd_bB025251 1.98 -1.21 18.953     >18.953  99.990           7.34        28.57   0.008        0.032       
2458583.98719  2458583.98345  2019-04-10.4871968  coadd_br150832 1.47 -1.48 16.816     >16.816  99.990           0.89       159.36   0.001        0.227       
2458588.11112  2458588.10762  2019-04-14.6111221  coadd_bB025987 2.01 -1.21 18.986     >18.986  99.990          66.08        27.71   0.073        0.031       
2458589.12696  2458589.12353  2019-04-15.6269658  coadd_bB026348 2.00 -1.21 18.588     >18.588  99.990          14.23        39.98   0.016        0.044       
2458591.11989  2458591.11658  2019-04-17.6198964  coadd_bB027114 2.20 -1.21 18.489     >18.489  99.990         -71.64        43.83   -0.080       0.049       
2458595.91958  2458595.91660  2019-04-22.4195829  coadd_bF069742 1.63 -1.86 17.724     >17.724  99.990          75.48        48.85   0.152        0.098       
2458598.10042  2458598.09759  2019-04-24.6004232  coadd_bB029800 2.04 -1.21 18.543     >18.543  99.990          52.88        41.69   0.059        0.046       
2458600.08843  2458600.08574  2019-04-26.5884347  coadd_bB030572 1.98 -1.21 18.772      18.725  0.350          105.78        33.76   0.118        0.038       
2458601.91763  2458601.91507  2019-04-28.4176371  coadd_bj208358 1.66 -1.79 18.318     >18.318  99.990          38.06        30.07   0.072        0.057       
2458605.91017  2458605.90792  2019-05-02.410175  coadd_bF073463 1.45 -1.86 18.805     >18.805  99.990         -20.25        18.05   -0.041       0.036       
2458607.92768  2458607.92559  2019-05-04.4276901  coadd_br156774 1.42 -1.48 18.968     >18.968  99.990         -29.17        21.96   -0.042       0.031       
2458608.90407  2458608.90205  2019-05-05.4040734  coadd_bj211455 1.63 -1.79 18.998     >18.998  99.990           3.86        16.09   0.007        0.030       
2458609.93615  2458609.93421  2019-05-06.4361541  coadd_br157481 1.53 -1.48 18.028     >18.028  99.990        -162.38        52.23   -0.231       0.074       
2458611.07514  2458611.07329  2019-05-07.5751365  coadd_bB032843 1.74 -1.21 19.613     >19.613  99.990           0.31        15.56   0.000        0.017       
2458612.89783  2458612.89613  2019-05-09.3978333  coadd_bj212799 1.61 -1.79 18.720     >18.720  99.990          44.11        20.77   0.084        0.039       
2458615.05570  2458615.05417  2019-05-11.5557027  coadd_bB034375 1.98 -1.21 19.536      19.525  0.361           50.64        16.70   0.056        0.019       
2458616.64414  2458616.64275  2019-05-13.1441437  coadd_bn134404 1.56 -1.76 18.835     >18.835  99.990          27.44        19.30   0.050        0.035       
2458618.87166  2458618.87046  2019-05-15.3716629  coadd_bF075890 1.45 -1.86 19.035      18.924  0.329           48.54        14.60   0.098        0.029       
2458619.63070  2458619.62955  2019-05-16.1307076  coadd_bn135522 1.50 -1.76 17.922     >17.922  99.990          40.80        44.72   0.075        0.082       
2458621.86546  2458621.86451  2019-05-18.3654670  coadd_bF077133 1.99 -1.86 17.612     >17.612  99.990        -122.77        54.17   -0.247       0.109       
2458622.62104  2458622.62015  2019-05-19.1210438  coadd_bn136808 1.62 -1.76 17.690     >17.690  99.990         -60.04        55.39   -0.110       0.102       
2458625.06713  2458625.06645  2019-05-21.5671361  coadd_bB037723 2.03 -1.21 18.198     >18.198  99.990         -59.25        57.29   -0.066       0.064       
2458625.61003  2458625.60939  2019-05-22.1100341  coadd_bn137294 1.47 -1.76 18.178      18.172  0.363          106.67        35.34   0.196        0.065       
2458625.85618  2458625.85556  2019-05-22.3561863  coadd_bF078524 1.50 -1.86 17.942     >17.942  99.990          41.73        39.98   0.084        0.081       
2458626.03463  2458626.03403  2019-05-22.5346349  coadd_bB038073 1.68 -1.21 18.257     >18.257  99.990         -30.76        54.27   -0.034       0.060       
2458626.86688  2458626.86635  2019-05-23.3668829  coadd_bj218570 1.55 -1.79 18.151     >18.151  99.990         -67.37        35.09   -0.128       0.066       
2458628.02995  2458628.02952  2019-05-24.5299527  coadd_bB038817 2.01 -1.21 18.639     >18.639  99.990          80.36        38.16   0.089        0.042       
2458629.60894  2458629.60864  2019-05-26.1089444  coadd_bn139023 1.57 -1.76 17.399     >17.399  99.990         171.57        72.44   0.315        0.133       
2458630.93316  2458630.93297  2019-05-27.4331636  coadd_br162217 1.43 -1.48 18.483     >18.483  99.990        -109.74        34.33   -0.156       0.049       
2458631.94805  2458631.94795  2019-05-28.4480560  coadd_br162445 1.44 -1.48 17.406     >17.406  99.990         -34.38        92.56   -0.049       0.132       
2458633.99201  2458633.99209  2019-05-30.4920075  coadd_bB041022 1.74 -1.21 19.621     >19.621  99.990          -0.24        15.44   -0.000       0.017       
2458635.98879  2458635.98904  2019-06-01.4887916  coadd_bB041740 1.68 -1.21 19.421     >19.421  99.990          47.48        18.57   0.053        0.021       
2458637.82415  2458637.82456  2019-06-03.3241575  coadd_bF081511 1.46 -1.86 18.719     >18.719  99.990         -15.41        19.54   -0.031       0.039       
2458640.81600  2458640.81667  2019-06-06.3160025  coadd_bF082832 1.47 -1.86 18.357     >18.357  99.990         -12.12        27.26   -0.024       0.055       
2458641.87420  2458641.87495  2019-06-07.3741980  coadd_br164069 1.45 -1.48 19.120     >19.120  99.990          -4.78        19.10   -0.007       0.027       
2458643.80825  2458643.80917  2019-06-09.3082586  coadd_bF084150 1.47 -1.86 18.959     >18.959  99.990           7.22        15.66   0.015        0.032       
2458644.86167  2458644.86268  2019-06-10.3616728  coadd_bF084633 1.45 -1.86 18.655     >18.655  99.990          39.16        20.73   0.079        0.042       
2458645.80047  2458645.80156  2019-06-11.3004754  coadd_bj224884 1.55 -1.79 17.793     >17.793  99.990          49.08        48.77   0.093        0.092       
2458646.95592  2458646.95710  2019-06-12.4559229  coadd_bB045084 1.97 -1.21 18.311     >18.311  99.990         -13.33        51.60   -0.015       0.057       
2458648.00389  2458648.00516  2019-06-13.5038918  coadd_bB045489 1.99 -1.21 19.181     >19.181  99.990          23.07        23.17   0.026        0.026       
2458649.54340  2458649.54480  2019-06-15.0434038  coadd_bn143480 1.53 -1.76 17.746     >17.746  99.990         -75.36        52.62   -0.138       0.097       
2458650.55494  2458650.55642  2019-06-16.0549488  coadd_bn143890 1.54 -1.76 17.568     >17.568  99.990          69.83        62.00   0.128        0.114       
2458651.78281  2458651.78439  2019-06-17.2828112  coadd_bj227282 1.64 -1.79 17.437     >17.437  99.990          59.74        67.70   0.113        0.128       
2458653.02337  2458653.02505  2019-06-18.5233755  coadd_bB047270 1.99 -1.21 18.074     >18.074  99.990         -87.68        64.23   -0.097       0.071       
2458654.53807  2458654.53987  2019-06-20.0380751  coadd_bn145481 1.70 -1.76 17.440     >17.440  99.990        -221.14        69.72   -0.406       0.128       
2458656.78849  2458656.79048  2019-06-22.2884964  coadd_bj229444 1.55 -1.79 15.938     >15.938  99.990         -31.97       269.32   -0.061       0.510       
2458657.00979  2458657.01179  2019-06-22.5097946  coadd_bB048726 2.01 -1.21 18.242     >18.242  99.990        -114.57        55.02   -0.127       0.061       
2458657.84165  2458657.84372  2019-06-23.3416578  coadd_br167923 1.41 -1.48 18.375     >18.375  99.990         -44.24        37.91   -0.063       0.054       
2458658.81185  2458658.81399  2019-06-24.3118562  coadd_br168224 1.40 -1.48 18.534     >18.534  99.990        -106.18        32.77   -0.151       0.047       
2458660.78770  2458660.79000  2019-06-26.2877072  coadd_bF090530 1.53 -1.86 18.423     >18.423  99.990         -93.76        25.66   -0.189       0.052       
2458662.84832  2458662.85077  2019-06-28.3483234  coadd_bF091021 1.65 -1.86 19.042     >19.042  99.990          -9.61        14.51   -0.019       0.029       
2458667.73164  2458667.73445  2019-07-03.2316399  coadd_bj231701 1.52 -1.79 18.981     >18.981  99.990          32.61        16.34   0.062        0.031       
2458668.75894  2458668.76183  2019-07-04.2589476  coadd_bF091916 1.49 -1.86 18.936     >18.936  99.990         -42.72        16.00   -0.086       0.032       
2458669.77727  2458669.78023  2019-07-05.2772685  coadd_br169436 1.49 -1.48 18.329     >18.329  99.990          82.52        39.58   0.118        0.056       
2458670.89974  2458670.90278  2019-07-06.3997398  coadd_br169857 1.47 -1.48 19.200     >19.200  99.990          -4.99        17.74   -0.007       0.025       
2458674.89566  2458674.89897  2019-07-10.3956706  coadd_bB052265 1.73 -1.21 17.735     >17.735  99.990           2.63        87.77   0.003        0.098       
2458675.88799  2458675.89136  2019-07-11.3879917  coadd_br170948 1.47 -1.48 18.933     >18.933  99.990         -58.45        22.69   -0.083       0.032       
2458678.49415  2458678.49768  2019-07-13.9941555  coadd_bn150178 1.58 -1.76 18.016     >18.016  99.990          98.37        41.04   0.180        0.075       
2458679.77794  2458679.78155  2019-07-15.2779402  coadd_bj236299 1.56 -1.79 17.841     >17.841  99.990          98.25        46.70   0.186        0.088       
2458680.74723  2458680.75091  2019-07-16.2472386  coadd_bj236729 1.57 -1.79 17.534     >17.534  99.990         122.68        61.92   0.232        0.117       
2458681.74429  2458681.74802  2019-07-17.2442922  coadd_bj237171 1.62 -1.79 17.399     >17.399  99.990        -168.09        70.11   -0.318       0.133       
2458683.90086  2458683.90472  2019-07-19.4008692  coadd_br172959 1.39 -1.48 17.793     >17.793  99.990         -55.72        64.84   -0.079       0.092       
2458684.96066  2458684.96457  2019-07-20.4606633  coadd_br173345 1.43 -1.48 17.685     >17.685  99.990         181.79        71.62   0.259        0.102       
2458686.04315  2458686.04713  2019-07-21.5431578  coadd_bB055483 2.06 -1.21 18.538     >18.538  99.990          50.40        41.89   0.056        0.047       
2458688.85362  2458688.85774  2019-07-24.3536296  coadd_br174125 1.42 -1.48 18.333     >18.333  99.990         -66.20        39.43   -0.094       0.056       
2458689.04241  2458689.04654  2019-07-24.5424087  coadd_bB055896 2.00 -1.21 19.123     >19.123  99.990         -35.93        24.42   -0.040       0.027       
2458691.59628  2458691.60053  2019-07-27.0962815  coadd_bn153195 1.61 -1.76 17.455     >17.455  99.990         -37.67        68.78   -0.069       0.126       
2458691.81141  2458691.81568  2019-07-27.3114104  coadd_bj240561 1.56 -1.79 18.836     >18.836  99.990         -43.88        18.67   -0.083       0.035       
2458692.73054  2458692.73485  2019-07-28.2305409  coadd_br175298 1.41 -1.48 18.852      18.698  0.317           84.50        24.43   0.120        0.035       
2458697.67796  2458697.68248  2019-08-02.1779695  coadd_bj242925 1.62 -1.79 18.954     >18.954  99.990          -0.85        16.74   -0.002       0.032       
2458697.86703  2458697.87156  2019-08-02.3670326  coadd_br176457 1.47 -1.48 18.892     >18.892  99.990           9.13        23.57   0.013        0.034       
2458698.67928  2458698.68384  2019-08-03.1792791  coadd_bj243369 1.55 -1.79 18.989     >18.989  99.990         -21.09        16.22   -0.040       0.031       
2458698.88561  2458698.89019  2019-08-03.3856196  coadd_br176817 1.40 -1.48 19.052     >19.052  99.990         -27.80        20.33   -0.040       0.029       
2458699.68547  2458699.69007  2019-08-04.1854694  coadd_bj243814 1.56 -1.79 18.683     >18.683  99.990           6.73        21.49   0.013        0.041       
2458700.87261  2458700.87726  2019-08-05.3726115  coadd_br177247 1.45 -1.48 18.692     >18.692  99.990          -5.16        28.32   -0.007       0.040       
2458701.73180  2458701.73647  2019-08-06.2318070  coadd_bj244725 1.59 -1.79 19.208     >19.208  99.990          29.73        13.26   0.056        0.025       
2458703.71298  2458703.71772  2019-08-08.2129906  coadd_br178068 1.45 -1.48 18.654     >18.654  99.990         -39.36        29.33   -0.056       0.042       
2458704.80879  2458704.81356  2019-08-09.3087894  coadd_bj246097 1.63 -1.79 18.899     >18.899  99.990           2.59        17.61   0.005        0.033       
2458704.82609  2458704.83087  2019-08-09.3260939  coadd_bB059695 1.68 -1.21 19.100     >19.100  99.990          68.45        24.96   0.076        0.028       
2458706.86043  2458706.86527  2019-08-11.3604372  coadd_br178783 1.36 -1.48 18.803     >18.803  99.990         -17.24        25.57   -0.025       0.036       
2458707.86009  2458707.86496  2019-08-12.3600921  coadd_bB060915 2.15 -1.21 18.345     >18.345  99.990          -7.81        50.04   -0.009       0.056       
2458709.66015  2458709.66506  2019-08-14.1601478  coadd_bj247863 1.68 -1.79 16.764     >16.764  99.990          57.25       125.90   0.108        0.238       
2458714.00131  2458714.00631  2019-08-18.5013112  coadd_bB063070 2.01 -1.21 18.160     >18.160  99.990         -51.82        59.33   -0.058       0.066       
2458715.03443  2458715.03944  2019-08-19.5344277  coadd_bB063217 2.00 -1.21 17.978     >17.978  99.990           0.02        70.12   0.000        0.078       
2458716.03775  2458716.04278  2019-08-20.5377482  coadd_bB062596 2.08 -1.21 18.641     >18.641  99.990          69.84        38.09   0.078        0.042       
2458716.54610  2458716.55114  2019-08-21.0460986  coadd_bn159669 1.44 -1.76 18.000     >18.000  99.990          66.67        41.66   0.122        0.076       
2458717.03325  2458717.03830  2019-08-21.5332505  coadd_bB063742 1.67 -1.21 18.698     >18.698  99.990         -23.75        36.13   -0.026       0.040       
2458718.04394  2458718.04900  2019-08-22.5439395  coadd_bB064032 2.00 -1.21 18.135      17.902  0.294          225.73        60.67   0.251        0.067       
2458718.55456  2458718.55963  2019-08-23.0545620  coadd_bn160384 1.49 -1.76 18.138     >18.138  99.990         -25.67        36.69   -0.047       0.067       
2458719.03591  2458719.04098  2019-08-23.5359093  coadd_bB064375 2.01 -1.21 19.220     >19.220  99.990          27.02        22.35   0.030        0.025       
2458719.88710  2458719.89218  2019-08-24.3870983  coadd_bB064653 2.09 -1.21 19.443     >19.443  99.990         -14.23        18.20   -0.016       0.020       
2458720.83706  2458720.84215  2019-08-25.3370645  coadd_bB065008 1.70 -1.21 19.577     >19.577  99.990          -0.04        16.08   -0.000       0.018       
2458721.64614  2458721.65124  2019-08-26.1461435  coadd_bj252915 1.58 -1.79 18.626     >18.626  99.990          -8.25        22.65   -0.016       0.043       
2458721.85547  2458721.86057  2019-08-26.3554787  coadd_bB065417 2.01 -1.21 19.346     >19.346  99.990          -9.93        19.89   -0.011       0.022       
2458722.79909  2458722.80419  2019-08-27.2990871  coadd_bB065721 2.11 -1.21 18.690     >18.690  99.990         -77.65        36.39   -0.086       0.040       
2458724.69074  2458724.69585  2019-08-29.1907509  coadd_bj254294 1.64 -1.79 18.851     >18.851  99.990          41.80        18.42   0.079        0.035       
2458725.69671  2458725.70182  2019-08-30.1967107  coadd_bF113499 1.61 -1.86 18.847     >18.847  99.990         -30.56        17.36   -0.062       0.035       
2458725.70434  2458725.70945  2019-08-30.2043468  coadd_bj254747 1.58 -1.79 18.787     >18.787  99.990           3.07        19.53   0.006        0.037       
2458726.69596  2458726.70107  2019-08-31.1959570  coadd_br183859 1.42 -1.48 19.067     >19.067  99.990          -9.88        20.04   -0.014       0.029       
2458727.60083  2458727.60594  2019-09-01.1008327  coadd_bj255511 1.61 -1.79 18.655     >18.655  99.990          34.86        22.06   0.066        0.042       
2458727.60542  2458727.61053  2019-09-01.1054247  coadd_bF114199 1.47 -1.86 19.003     >19.003  99.990         -13.10        15.04   -0.026       0.030       
2458727.85469  2458727.85980  2019-09-01.3546984  coadd_br184372 1.41 -1.48 18.922     >18.922  99.990          20.87        22.92   0.030        0.033       
2458728.83143  2458728.83653  2019-09-02.3314331  coadd_br184752 1.45 -1.48 18.367     >18.367  99.990        -173.14        38.20   -0.247       0.054       
2458729.74591  2458729.75101  2019-09-03.2459179  coadd_br185063 1.39 -1.48 19.261     >19.261  99.990          -6.85        16.76   -0.010       0.024       
2458730.63964  2458730.64473  2019-09-04.1396350  coadd_bj256808 1.58 -1.79 19.041     >19.041  99.990          39.73        15.45   0.075        0.029       
2458730.92563  2458730.93072  2019-09-04.4256384  coadd_bB068192 2.09 -1.21 19.565     >19.565  99.990          24.00        16.26   0.027        0.018       
2458731.72497  2458731.73006  2019-09-05.2249765  coadd_br185821 1.42 -1.48 18.860     >18.860  99.990          19.85        24.27   0.028        0.035       
2458732.92057  2458732.92565  2019-09-06.4205721  coadd_bB068590 2.00 -1.21 19.433     >19.433  99.990         -46.50        18.36   -0.052       0.020       
2458734.71814  2458734.72320  2019-09-08.2181425  coadd_bF116498 1.50 -1.86 18.311     >18.311  99.990         -31.91        28.46   -0.064       0.057       
2458738.61975  2458738.62475  2019-09-12.1197530  coadd_bF117100 1.47 -1.86 17.807     >17.807  99.990         -38.51        45.25   -0.078       0.091       
2458742.57930  2458742.58421  2019-09-16.0793056  coadd_bj260234 1.59 -1.79 17.695     >17.695  99.990         110.79        53.40   0.210        0.101       
2458743.95362  2458743.95851  2019-09-17.4536219  coadd_bB071612 2.27 -1.21 18.581     >18.581  99.990          11.59        40.25   0.013        0.045       
2458744.74500  2458744.74986  2019-09-18.2450027  coadd_bF119456 1.50 -1.86 17.341     >17.341  99.990          17.81        69.51   0.036        0.140       
2458744.97354  2458744.97839  2019-09-18.4735363  coadd_bB072040 2.01 -1.21 18.526      18.454  0.341          135.83        42.32   0.151        0.047       
2458745.56134  2458745.56618  2019-09-19.0613402  coadd_bj261373 1.61 -1.79 18.888     >18.888  99.990          -0.34        17.80   -0.001       0.034       
2458745.74548  2458745.75031  2019-09-19.2454776  coadd_bF119849 1.55 -1.86 16.813     >16.813  99.990          51.21       113.00   0.103        0.228       
2458745.96517  2458745.97000  2019-09-19.4651696  coadd_bB072444 1.66 -1.21 18.209     >18.209  99.990        -100.20        56.68   -0.111       0.063       
2458746.70262  2458746.70743  2019-09-20.2026292  coadd_bj261885 1.62 -1.79 18.089     >18.089  99.990          75.30        37.16   0.143        0.070       
2458750.57629  2458750.58097  2019-09-24.0762956  coadd_bF121613 1.69 -1.86 18.868     >18.868  99.990          22.50        17.03   0.045        0.034       
2458750.86280  2458750.86747  2019-09-24.3628084  coadd_bB073521 2.10 -1.21 19.501     >19.501  99.990         -28.46        17.26   -0.032       0.019       
2458751.59538  2458751.60002  2019-09-25.0953792  coadd_bj263775 1.66 -1.79 18.685     >18.685  99.990          30.62        21.45   0.058        0.041       
2458751.91157  2458751.91620  2019-09-25.4115719  coadd_bB073967 1.98 -1.21 19.810     >19.810  99.990          14.61        12.98   0.016        0.014       
2458752.45181  2458752.45643  2019-09-25.9518193  coadd_bn169070 1.52 -1.76 18.593     >18.593  99.990         -15.27        24.12   -0.028       0.044       
2458752.61435  2458752.61896  2019-09-26.1143521  coadd_bj264196 1.56 -1.79 18.959     >18.959  99.990          19.81        16.68   0.038        0.032       
2458752.91894  2458752.92354  2019-09-26.4189460  coadd_bB074382 1.99 -1.21 19.468     >19.468  99.990         -48.90        17.78   -0.054       0.020       
2458753.46130  2458753.46587  2019-09-26.9613009  coadd_bn169471 1.54 -1.76 18.462     >18.462  99.990         -42.75        27.20   -0.078       0.050       
2458753.62060  2458753.62517  2019-09-27.1206047  coadd_bF122796 1.51 -1.86 19.013     >19.013  99.990         -19.12        14.90   -0.039       0.030       
2458753.94040  2458753.94496  2019-09-27.4404075  coadd_bB074740 1.66 -1.21 19.428     >19.428  99.990         -57.87        18.45   -0.064       0.021       
2458754.66863  2458754.67315  2019-09-28.1686363  coadd_bj265026 1.58 -1.79 18.704      18.596  0.330           69.90        21.07   0.132        0.040       
2458755.71798  2458755.72246  2019-09-29.2179787  coadd_bF123618 1.58 -1.86 18.889     >18.889  99.990           9.61        16.70   0.019        0.034       
2458756.67706  2458756.68150  2019-09-30.1770652  coadd_bj265822 1.54 -1.79 18.966     >18.966  99.990          18.01        16.56   0.034        0.031       
2458757.50724  2458757.51165  2019-10-01.0072526  coadd_bj266078 2.07 -1.79 18.925     >18.925  99.990         -24.18        17.20   -0.046       0.033       
2458758.59086  2458758.59522  2019-10-02.0908754  coadd_bj266523 1.55 -1.79 18.793     >18.793  99.990         -35.88        19.43   -0.068       0.037       
2458761.70596  2458761.71017  2019-10-05.2059671  coadd_br189886 1.34 -1.48 18.194     >18.194  99.990         -98.10        44.81   -0.140       0.064       
2458761.82996  2458761.83416  2019-10-05.3299599  coadd_bB076367 1.99 -1.21 19.269     >19.269  99.990          11.96        21.36   0.013        0.024       
2458762.63972  2458762.64388  2019-10-06.1397263  coadd_bF125544 1.56 -1.86 18.198     >18.198  99.990          85.87        31.57   0.173        0.064       
2458762.81198  2458762.81613  2019-10-06.3119827  coadd_br190269 1.38 -1.48 18.959     >18.959  99.990          65.43        22.14   0.093        0.032       
2458764.79572  2458764.79978  2019-10-08.2957346  coadd_br190807 1.40 -1.48 18.519     >18.519  99.990          64.34        33.20   0.092        0.047       
2458766.67776  2458766.68171  2019-10-10.1777709  coadd_bj269022 1.60 -1.79 16.614     >16.614  99.990        -152.45       144.46   -0.289       0.274       
2458769.86300  2458769.86677  2019-10-13.3630052  coadd_bB078849 2.14 -1.21 17.564     >17.564  99.990        -206.91       102.74   -0.230       0.114       
2458770.87024  2458770.87394  2019-10-14.3702428  coadd_bB079273 2.03 -1.21 18.273     >18.273  99.990          62.23        53.46   0.069        0.059       
2458772.40911  2458772.41272  2019-10-15.9091143  coadd_bn174848 1.49 -1.76 17.239     >17.239  99.990         -63.73        83.91   -0.117       0.154       
2458772.89121  2458772.89479  2019-10-16.3912077  coadd_bB080080 2.30 -1.21 18.372     >18.372  99.990           0.11        48.78   0.000        0.054       
2458773.88035  2458773.88387  2019-10-17.3803521  coadd_bB080359 2.02 -1.21 18.348     >18.348  99.990         -80.71        49.89   -0.090       0.055       
2458775.38002  2458775.38344  2019-10-18.8800307  coadd_bn175618 1.53 -1.76 18.512     >18.512  99.990         -66.82        25.99   -0.123       0.048       
2458775.88593  2458775.88932  2019-10-19.3859346  coadd_bB080895 2.22 -1.21 18.741     >18.741  99.990         -42.92        34.74   -0.048       0.039       
2458777.72733  2458777.73060  2019-10-21.2273359  coadd_br194724 1.43 -1.48 19.265     >19.265  99.990         -11.18        16.71   -0.016       0.024       
2458778.77770  2458778.78090  2019-10-22.2777054  coadd_bB081657 2.03 -1.21 19.459     >19.459  99.990          25.79        17.93   0.029        0.020       
2458779.71076  2458779.71389  2019-10-23.2107599  coadd_bB081960 2.08 -1.21 19.571     >19.571  99.990          12.30        16.17   0.014        0.018       
2458780.78480  2458780.78785  2019-10-24.2848015  coadd_bB082418 2.12 -1.21 19.719     >19.719  99.990         -38.96        14.11   -0.043       0.016       
2458781.64449  2458781.64748  2019-10-25.1444841  coadd_bF131587 1.48 -1.86 18.754     >18.754  99.990          19.85        18.92   0.040        0.038       
2458782.63272  2458782.63565  2019-10-26.1327296  coadd_bj274374 1.53 -1.79 18.766     >18.766  99.990          15.26        19.91   0.029        0.038       
2458783.72826  2458783.73110  2019-10-27.2282625  coadd_br196926 1.43 -1.48 19.119     >19.119  99.990          -6.88        19.11   -0.010       0.027       
2458784.62743  2458784.63021  2019-10-28.1274342  coadd_bj275103 1.53 -1.79 18.269     >18.269  99.990          10.76        31.48   0.020        0.060       
2458785.55866  2458785.56136  2019-10-29.0586584  coadd_bj275396 1.60 -1.79 18.875     >18.875  99.990          22.82        18.02   0.043        0.034       
2458786.50011  2458786.50274  2019-10-30.0001156  coadd_bj275710 1.82 -1.79 18.223     >18.223  99.990         -40.37        32.85   -0.076       0.062       
2458787.50077  2458787.50333  2019-10-31.0007697  coadd_bj276071 2.19 -1.79 18.180     >18.180  99.990          24.51        34.16   0.046        0.065       
2458787.83929  2458787.84183  2019-10-31.3392899  coadd_bB083799 2.01 -1.21 19.317     >19.317  99.990         -56.37        20.43   -0.063       0.023       
2458788.35101  2458788.35351  2019-10-31.8510089  coadd_bn177825 1.53 -1.76 18.821     >18.821  99.990          -2.25        19.55   -0.004       0.036       
2458788.85843  2458788.86089  2019-11-01.3584379  coadd_bB084104 2.26 -1.21 19.390     >19.390  99.990         -33.47        19.10   -0.037       0.021       
2458789.75914  2458789.76153  2019-11-02.2591440  coadd_bB084276 2.02 -1.21 19.383     >19.383  99.990           2.19        19.24   0.002        0.021       
2458790.24790  2458790.25025  2019-11-02.7478978  coadd_bn178227 1.72 -1.76 17.746     >17.746  99.990           8.98        52.60   0.016        0.096       
2458791.61560  2458791.61785  2019-11-04.1156040  coadd_bF134276 1.52 -1.86 17.946     >17.946  99.990         -12.39        39.83   -0.025       0.080       
2458794.28405  2458794.28608  2019-11-06.7840564  coadd_bn179392 2.19 -1.76 17.595     >17.595  99.990           9.32        60.46   0.017        0.111       
2458794.76845  2458794.77044  2019-11-07.2684549  coadd_bB086073 2.05 -1.21 18.518     >18.518  99.990          17.94        42.65   0.020        0.047       
2458795.31826  2458795.32021  2019-11-07.8182651  coadd_bn179480 1.52 -1.76 17.441     >17.441  99.990         -87.83        69.71   -0.161       0.128       
2458795.76014  2458795.76205  2019-11-08.2601449  coadd_bB086497 1.99 -1.21 17.176     >17.176  99.990         260.52       146.81   0.289        0.163       
2458796.60487  2458796.60671  2019-11-09.1048799  coadd_bF135960 2.01 -1.86 16.454     >16.454  99.990         -64.31       157.27   -0.130       0.317       
2458796.78352  2458796.78535  2019-11-09.283525  coadd_bB086831 2.02 -1.21 18.014     >18.014  99.990         147.16        67.82   0.164        0.075       
2458797.72057  2458797.72232  2019-11-10.2205767  coadd_bB087196 2.14 -1.21 18.278     >18.278  99.990         -91.30        53.23   -0.101       0.059       
2458798.77135  2458798.77302  2019-11-11.2713545  coadd_bB087607 2.02 -1.21 17.896     >17.896  99.990        -137.36        75.64   -0.153       0.084       
2458799.33590  2458799.33752  2019-11-11.8359119  coadd_bn180241 1.58 -1.76 16.909     >16.909  99.990           8.91       113.71   0.016        0.209       
2458799.59081  2458799.59240  2019-11-12.0908133  coadd_bj279853 1.59 -1.79 16.893     >16.893  99.990         130.69       111.80   0.248        0.212       
2458799.82177  2458799.82334  2019-11-12.3217686  coadd_bB087983 2.11 -1.21 17.872     >17.872  99.990          -5.06        77.32   -0.006       0.086       
2458800.81767  2458800.81915  2019-11-13.3176674  coadd_bB088418 2.01 -1.21 18.537     >18.537  99.990          21.90        41.91   0.024        0.047       
2458801.71014  2458801.71155  2019-11-14.2101391  coadd_br202831 1.51 -1.48 17.675     >17.675  99.990        -181.81        72.25   -0.259       0.103       
2458804.79002  2458804.79117  2019-11-17.2900196  coadd_bB089787 2.02 -1.21 18.904     >18.904  99.990           5.66        29.88   0.006        0.033       
2458806.76689  2458806.76787  2019-11-19.2668858  coadd_bB090127 2.34 -1.21 19.407     >19.407  99.990         -13.87        18.81   -0.015       0.021       
2458808.79017  2458808.79098  2019-11-21.2901753  coadd_bB090655 2.00 -1.21 18.704     >18.704  99.990          41.26        35.94   0.046        0.040       
2458809.26155  2458809.26232  2019-11-21.7615549  coadd_bn182238 2.17 -1.76 17.421     >17.421  99.990         -58.90        70.97   -0.108       0.130       
2458810.54240  2458810.54305  2019-11-23.0424028  coadd_bj283449 1.98 -1.79 18.584     >18.584  99.990          23.80        23.54   0.045        0.045       
2458811.66228  2458811.66284  2019-11-24.1622863  coadd_br206615 1.49 -1.48 18.512     >18.512  99.990         -31.37        33.43   -0.045       0.048       
2458812.65270  2458812.65317  2019-11-25.1527052  coadd_br207065 1.46 -1.48 19.454     >19.454  99.990         -11.12        14.04   -0.016       0.020       
2458813.27569  2458813.27610  2019-11-25.7756913  coadd_bn183367 1.62 -1.76 18.564     >18.564  99.990          40.85        24.77   0.075        0.045       
2458813.53010  2458813.53049  2019-11-26.0301017  coadd_bF141328 2.00 -1.86 18.505     >18.505  99.990           4.47        23.79   0.009        0.048       
2458813.78217  2458813.78254  2019-11-26.2821765  coadd_bB091813 1.99 -1.21 19.522     >19.522  99.990         -16.84        16.92   -0.019       0.019       
2458814.77461  2458814.77489  2019-11-27.2746148  coadd_bB092254 2.02 -1.21 19.630     >19.630  99.990           3.18        15.32   0.004        0.017       
2458815.53150  2458815.53172  2019-11-28.0315086  coadd_bF141984 1.57 -1.86 18.510      18.329  0.309           83.94        23.69   0.169        0.048       
2458815.76698  2458815.76717  2019-11-28.2669787  coadd_bB092696 1.98 -1.21 19.783     >19.783  99.990           2.97        13.30   0.003        0.015       
2458816.52833  2458816.52845  2019-11-29.0283280  coadd_bF142309 1.94 -1.86 18.334      17.855  0.235          129.88        27.85   0.262        0.056       
2458816.57626  2458816.57638  2019-11-29.0762630  coadd_bj285489 1.56 -1.79 18.151     >18.151  99.990          -1.12        35.09   -0.002       0.066       
2458818.57105  2458818.57100  2019-12-01.0710638  coadd_br208293 1.65 -1.48 18.823     >18.823  99.990          52.26        25.11   0.074        0.036       
2458819.61389  2458819.61375  2019-12-02.1138983  coadd_br208780 1.39 -1.48 18.941     >18.941  99.990         -28.37        22.52   -0.040       0.032       
2458826.63859  2458826.63783  2019-12-09.1386  coadd_br211702 1.64 -1.48 16.229      16.001  0.296         1012.79       273.76   1.444        0.390       
2458830.71742  2458830.71630  2019-12-13.2174307  coadd_bB097445 1.98 -1.21 18.311     >18.311  99.990          29.25        51.62   0.032        0.057       
2458832.62685  2458832.62557  2019-12-15.1268576  coadd_br213386 1.63 -1.48 18.350     >18.350  99.990        -164.13        38.80   -0.234       0.055       
2458833.53450  2458833.53314  2019-12-16.0345062  coadd_br213772 1.45 -1.48 17.850     >17.850  99.990        -199.61        61.51   -0.285       0.088       
2458836.56131  2458836.55970  2019-12-19.0613163  coadd_br214933 1.40 -1.48 19.078     >19.078  99.990          34.83        19.85   0.050        0.028       
2458838.60512  2458838.60334  2019-12-21.1051326  coadd_br215817 1.51 -1.48 18.937     >18.937  99.990         -42.03        22.59   -0.060       0.032       
2458839.60304  2458839.60117  2019-12-22.1030390  coadd_br216273 1.42 -1.48 19.202     >19.202  99.990         -12.90        17.71   -0.018       0.025       
2458841.59733  2458841.59530  2019-12-24.0973438  coadd_br217186 1.45 -1.48 19.185     >19.185  99.990          29.03        17.99   0.041        0.026       
2458842.57853  2458842.57642  2019-12-25.0785310  coadd_br217632 1.66 -1.48 18.837     >18.837  99.990          61.29        24.77   0.087        0.035       
2458844.56805  2458844.56578  2019-12-27.0680474  coadd_br218298 1.39 -1.48 19.187     >19.187  99.990         -10.93        17.95   -0.016       0.026       
2458846.55765  2458846.55523  2019-12-29.0576614  coadd_br219064 2.17 -1.48 19.105     >19.105  99.990          -9.47        19.37   -0.013       0.028       
2458847.56183  2458847.55933  2019-12-30.0618344  coadd_br219346 1.50 -1.48 19.155     >19.155  99.990          50.52        18.49   0.072        0.026       
2458850.59097  2458850.58825  2020-01-02.0909761  coadd_br220543 1.81 -1.48 16.719     >16.719  99.990        -164.24       174.26   -0.234       0.248       
2458853.59824  2458853.59529  2020-01-05.0982357  coadd_br221358 1.39 -1.48 18.323     >18.323  99.990          58.87        39.80   0.084        0.057       
2458854.54281  2458854.53980  2020-01-06.0428039  coadd_br221769 1.43 -1.48 17.390     >17.390  99.990        -194.87        93.99   -0.278       0.134       
2458858.58926  2458858.58598  2020-01-10.0892663  coadd_br223499 1.52 -1.48 17.122     >17.122  99.990        -139.20       120.24   -0.198       0.171       
2458942.14012  2458942.13599  2020-04-02.6401182  coadd_bB118646 2.34 -1.21 17.319     >17.319  99.990        -247.74       128.74   -0.275       0.143       
2458952.13255  2458952.12898  2020-04-12.6325532  coadd_bB120582 1.61 -1.21 17.487     >17.487  99.990         -80.74       110.22   -0.090       0.122       
2458962.09111  2458962.08819  2020-04-22.5911178  coadd_bB123283 1.99 -1.21 18.621     >18.621  99.990         -18.40        38.78   -0.020       0.043       
2458965.08679  2458965.08409  2020-04-25.5867966  coadd_bB124336 2.04 -1.21 18.634     >18.634  99.990         -26.95        38.34   -0.030       0.043       
2458969.08442  2458969.08201  2020-04-29.5844265  coadd_bB125822 2.00 -1.21 19.306     >19.306  99.990         -33.73        20.64   -0.037       0.023       
2458973.08341  2458973.08131  2020-05-03.5834111  coadd_bB127253 2.01 -1.21 19.057     >19.057  99.990          48.97        25.96   0.054        0.029       
2458975.07034  2458975.06839  2020-05-05.5703430  coadd_bB127902 1.96 -1.21 18.208     >18.208  99.990          26.31        56.76   0.029        0.063       
2458978.93974  2458978.93811  2020-05-09.4397442  coadd_br246847 1.49 -1.48 17.303      16.743  0.218          511.34       101.76   0.729        0.145       
2458979.90988  2458979.90832  2020-05-10.4098817  coadd_br247171 1.57 -1.48 16.788     >16.788  99.990          82.43       163.59   0.118        0.233       
2458984.03600  2458984.03478  2020-05-14.5360047  coadd_bB129009 1.98 -1.21 18.546     >18.546  99.990         -79.27        41.57   -0.088       0.046       
2458987.03848  2458987.03752  2020-05-17.5384840  coadd_bB130021 2.04 -1.21 18.905     >18.905  99.990         -49.81        29.87   -0.055       0.033       
2458990.02863  2458990.02791  2020-05-20.5286303  coadd_bB130980 2.06 -1.21 19.489     >19.489  99.990          38.85        17.44   0.043        0.019       
2458993.02803  2458993.02757  2020-05-23.5280283  coadd_bB131816 2.11 -1.21 19.227     >19.227  99.990          -4.32        22.20   -0.005       0.025       
2458994.89319  2458994.89289  2020-05-25.3931859  coadd_br250552 1.40 -1.48 18.861      18.708  0.317           83.69        24.24   0.119        0.035       
2458996.87347  2458996.87335  2020-05-27.3734724  coadd_br251023 1.44 -1.48 19.201     >19.201  99.990           2.45        17.72   0.003        0.025       
2459000.00430  2459000.00444  2020-05-30.5043030  coadd_bB133855 2.00 -1.21 19.545     >19.545  99.990           3.55        16.56   0.004        0.018       
2459002.04275  2459002.04307  2020-06-01.5427473  coadd_bB134429 2.02 -1.21 19.303     >19.303  99.990          38.47        20.70   0.043        0.023       
2459003.83993  2459003.84040  2020-06-03.3399258  coadd_br253037 1.39 -1.48 18.180     >18.180  99.990          22.79        45.37   0.032        0.065       
2459005.57690  2459005.57753  2020-06-05.0769063  coadd_bn219220 1.65 -1.76 17.253     >17.253  99.990         -16.82        82.84   -0.031       0.152       
2459008.56983  2459008.57070  2020-06-08.0698275  coadd_bn220450 1.61 -1.76 17.461     >17.461  99.990        -118.81        68.44   -0.218       0.126       
2459010.97832  2459010.97940  2020-06-10.4783355  coadd_bB137201 2.05 -1.21 18.261     >18.261  99.990          16.84        54.05   0.019        0.060       
2459014.08513  2459014.08647  2020-06-13.5851310  coadd_bB138296 2.05 -1.21 18.955     >18.955  99.990         -13.16        28.53   -0.015       0.032       
2459016.59262  2459016.59417  2020-06-16.0926259  coadd_bn222061 1.52 -1.76 18.684     >18.684  99.990         -45.73        22.19   -0.084       0.041       
2459017.58534  2459017.58697  2020-06-17.0853381  coadd_bn222488 1.52 -1.76 19.178     >19.178  99.990          -1.37        14.07   -0.003       0.026       
2459019.53657  2459019.53836  2020-06-19.0365737  coadd_bn223257 1.58 -1.76 18.817     >18.817  99.990         -27.02        19.62   -0.050       0.036       
2459022.94894  2459022.95100  2020-06-22.4489461  coadd_bB141014 2.21 -1.21 18.765     >18.765  99.990          22.36        33.98   0.025        0.038       
2459025.77744  2459025.77972  2020-06-25.2774417  coadd_br258268 1.43 -1.48 18.692     >18.692  99.990          30.51        28.32   0.043        0.040       
2459028.97903  2459028.98155  2020-06-28.4790281  coadd_bB142529 2.00 -1.21 19.696     >19.696  99.990           3.62        14.41   0.004        0.016       
2459030.93762  2459030.94029  2020-06-30.4376358  coadd_bB143102 2.11 -1.21 18.330      18.168  0.315          176.63        50.74   0.196        0.056       
2459032.85265  2459032.85546  2020-07-02.3526520  coadd_br259550 1.44 -1.48 17.923     >17.923  99.990          60.94        57.51   0.087        0.082       
2459033.50073  2459033.50358  2020-07-03.0007284  coadd_bn226545 1.48 -1.76 17.068     >17.068  99.990          88.56        98.28   0.162        0.180       
2459036.94625  2459036.94934  2020-07-06.4462519  coadd_bB144940 1.70 -1.21 17.933     >17.933  99.990        -208.95        73.13   -0.232       0.081       
2459038.89614  2459038.89936  2020-07-08.3961416  coadd_bB145590 2.01 -1.21 18.138     >18.138  99.990         -12.99        60.51   -0.014       0.067       
2459039.82388  2459039.82717  2020-07-09.3238858  coadd_br260720 1.47 -1.48 17.536      17.278  0.288          312.60        82.11   0.446        0.117       
2459043.87336  2459043.87690  2020-07-13.3733596  coadd_bB147288 1.68 -1.21 19.541     >19.541  99.990          24.57        16.62   0.027        0.018       
2459047.48787  2459047.49163  2020-07-16.9878725  coadd_bn229195 1.47 -1.76 18.809     >18.809  99.990         -32.25        19.76   -0.059       0.036       
2459049.96767  2459049.97158  2020-07-19.4676737  coadd_bB148979 2.07 -1.21 19.502     >19.502  99.990          -9.88        17.23   -0.011       0.019       
2459053.02384  2459053.02790  2020-07-22.5238417  coadd_bB149871 2.15 -1.21 19.441     >19.441  99.990         -14.17        18.24   -0.016       0.020       
2459054.71122  2459054.71537  2020-07-24.2112241  coadd_br263645 1.70 -1.48 19.176     >19.176  99.990          29.02        18.14   0.041        0.026       
2459058.42149  2459058.42582  2020-07-27.9214939  coadd_bn233205 1.46 -1.76 18.457     >18.457  99.990          21.16        27.34   0.039        0.050       
2459059.91333  2459059.91772  2020-07-29.4133236  coadd_bB151405 2.03 -1.21 18.863     >18.863  99.990           3.29        31.05   0.004        0.035       
2459061.84255  2459061.84703  2020-07-31.3425462  coadd_bB152067 2.23 -1.21 18.255     >18.255  99.990         104.95        54.35   0.117        0.060       
2459063.40503  2459063.40958  2020-08-01.9050325  coadd_bn235267 1.69 -1.76 17.281     >17.281  99.990         -39.05        80.78   -0.072       0.148       
2459065.76157  2459065.76620  2020-08-04.2615667  coadd_br266774 1.43 -1.48 17.318     >17.318  99.990         243.63       100.40   0.347        0.143       
2459069.00462  2459069.00937  2020-08-07.5046203  coadd_bB154049 1.99 -1.21 18.512     >18.512  99.990         -86.70        42.89   -0.096       0.048       
2459069.89256  2459069.89733  2020-08-08.3925613  coadd_br268139 1.43 -1.48 18.032     >18.032  99.990           3.55        52.03   0.005        0.074       
2459072.03533  2459072.04016  2020-08-10.5353281  coadd_bB155081 1.99 -1.21 18.989     >18.989  99.990         -57.01        27.64   -0.063       0.031       
2459074.00740  2459074.01228  2020-08-12.5073953  coadd_bB155770 2.00 -1.21 19.051     >19.051  99.990         -16.12        26.10   -0.018       0.029       
2459075.89734  2459075.90227  2020-08-14.3973366  coadd_bB156422 2.05 -1.21 19.545     >19.545  99.990          46.47        16.57   0.052        0.018       
2459078.86012  2459078.86511  2020-08-17.3601199  coadd_br270349 1.38 -1.48 19.194     >19.194  99.990         -75.38        17.85   -0.107       0.025       
2459080.86375  2459080.86878  2020-08-19.3637593  coadd_bB157898 1.66 -1.21 19.441     >19.441  99.990         -12.76        18.23   -0.014       0.020       
2459081.88328  2459081.88832  2020-08-20.3832780  coadd_br271329 1.46 -1.48 18.909     >18.909  99.990         -22.19        23.18   -0.032       0.033       
2459083.68044  2459083.68550  2020-08-22.1804365  coadd_br271823 1.47 -1.48 18.466     >18.466  99.990        -103.17        34.86   -0.147       0.050       
2459084.84525  2459084.85032  2020-08-23.3452444  coadd_br272186 1.40 -1.48 18.613     >18.613  99.990          19.53        30.45   0.028        0.043       
2459085.86860  2459085.87369  2020-08-24.3686003  coadd_br272560 1.38 -1.48 18.583     >18.583  99.990        -104.53        31.31   -0.149       0.045       
2459086.93367  2459086.93876  2020-08-25.4336722  coadd_br272982 1.55 -1.48 18.944     >18.944  99.990         -74.48        22.45   -0.106       0.032       
2459088.82070  2459088.82580  2020-08-27.3206966  coadd_bB160479 1.97 -1.21 18.958     >18.958  99.990          50.99        28.44   0.057        0.032       
2459089.86933  2459089.87444  2020-08-28.3693450  coadd_br274036 1.40 -1.48 19.303     >19.303  99.990          19.04        16.13   0.027        0.023       
2459091.87851  2459091.88362  2020-08-30.3785077  coadd_bB161598 2.39 -1.21 18.586     >18.586  99.990         -85.22        40.05   -0.095       0.044       
2459092.77546  2459092.78057  2020-08-31.2754583  coadd_br274852 1.58 -1.48 16.936     >16.936  99.990        -685.13       142.71   -0.977       0.203       
2459092.95801  2459092.96312  2020-08-31.4580146  coadd_bB162055 2.04 -1.21 18.125     >18.125  99.990          22.72        61.28   0.025        0.068       
2459095.69936  2459095.70446  2020-09-03.1993608  coadd_br275480 1.43 -1.48 17.038     >17.038  99.990         163.19       129.94   0.233        0.185       
2459097.87544  2459097.88052  2020-09-05.3754391  coadd_bB163966 2.26 -1.21 18.418     >18.418  99.990          14.81        46.77   0.016        0.052       
2459101.96993  2459101.97497  2020-09-09.4699349  coadd_bB165363 2.03 -1.21 19.075     >19.075  99.990          62.94        25.54   0.070        0.028       
2459103.91578  2459103.92078  2020-09-11.4157840  coadd_bB166118 2.01 -1.21 19.483     >19.483  99.990          -9.51        17.53   -0.011       0.019       
2459106.77062  2459106.77556  2020-09-14.2706177  coadd_bB167150 2.14 -1.21 19.303      19.152  0.318           71.37        20.71   0.079        0.023       
2459110.87127  2459110.87611  2020-09-18.3712732  coadd_bB168659 2.02 -1.21 19.524     >19.524  99.990           3.95        16.89   0.004        0.019       
2459113.93539  2459113.94014  2020-09-21.4353890  coadd_bB169654 2.02 -1.21 18.856     >18.856  99.990          55.22        31.23   0.061        0.035       
2459115.88634  2459115.89102  2020-09-23.3863359  coadd_bB170417 2.11 -1.21 19.527     >19.527  99.990           3.42        16.84   0.004        0.019       
2459119.81337  2459119.81791  2020-09-27.3133835  coadd_bB171397 2.01 -1.21 18.491     >18.491  99.990          58.78        43.74   0.065        0.049       
2459121.92014  2459121.92459  2020-09-29.4201435  coadd_bB172186 2.16 -1.21 18.037     >18.037  99.990          -2.35        66.45   -0.003       0.074       
2459124.83684  2459124.84115  2020-10-02.3368379  coadd_br276848 2.23 -1.48 16.953      16.551  0.252          610.54       140.49   0.870        0.200       
2459128.88634  2459128.89045  2020-10-06.3863349  coadd_bB173925 2.22 -1.21 18.478     >18.478  99.990         -86.10        44.27   -0.096       0.049       
2459133.70846  2459133.71231  2020-10-11.2084634  coadd_bB175721 2.29 -1.21 19.158     >19.158  99.990          12.39        23.66   0.014        0.026       
2459136.79276  2459136.79643  2020-10-14.2927754  coadd_br280863 1.43 -1.48 19.077      19.001  0.340           63.93        19.87   0.091        0.028       
2459138.88352  2459138.88705  2020-10-16.3835162  coadd_bB177390 1.98 -1.21 19.142     >19.142  99.990         -40.77        24.02   -0.045       0.027       
2459143.71840  2459143.72162  2020-10-21.2184129  coadd_bB178967 2.01 -1.21 19.526     >19.526  99.990         -16.31        16.85   -0.018       0.019       
2459145.64294  2459145.64602  2020-10-23.1429402  coadd_bj320281 1.55 -1.79 18.193     >18.193  99.990         -97.51        33.76   -0.185       0.064       
2459148.71620  2459148.71907  2020-10-26.2162081  coadd_bB180709 2.12 -1.21 18.513     >18.513  99.990          86.19        42.83   0.096        0.048       
2459152.75151  2459152.75407  2020-10-30.2515070  coadd_br286279 1.51 -1.48 17.359     >17.359  99.990         -42.36        96.68   -0.060       0.138       
2459153.72442  2459153.72691  2020-10-31.2244197  coadd_br285091 1.56 -1.48 17.423     >17.423  99.990         -36.30        91.11   -0.052       0.130       
2459155.73327  2459155.73560  2020-11-02.2332759  coadd_br285587 1.48 -1.48 17.782     >17.782  99.990        -343.72        65.48   -0.490       0.093       
2459156.73002  2459156.73227  2020-11-03.2300236  coadd_br286012 1.49 -1.48 17.882     >17.882  99.990          77.44        59.69   0.110        0.085       
2459157.72918  2459157.73136  2020-11-04.2291793  coadd_br286801 1.47 -1.48 18.051     >18.051  99.990         -78.88        51.10   -0.112       0.073       
2459158.72474  2459158.72683  2020-11-05.2247385  coadd_br287195 1.38 -1.48 18.389      18.063  0.271          151.66        37.44   0.216        0.053       
2459159.72513  2459159.72714  2020-11-06.2251293  coadd_br287563 1.42 -1.48 18.447     >18.447  99.990          39.37        35.50   0.056        0.051       
2459163.78539  2459163.78708  2020-11-10.2853943  coadd_bB184154 2.02 -1.21 19.706     >19.706  99.990         -41.25        14.28   -0.046       0.016       
2459165.57835  2459165.57988  2020-11-12.0783518  coadd_bj325020 1.49 -1.79 18.693      18.192  0.230          101.37        21.30   0.192        0.040       
2459167.80460  2459167.80594  2020-11-14.3046038  coadd_bB185230 2.10 -1.21 19.250      18.744  0.229          103.92        21.74   0.115        0.024       
2459168.68485  2459168.68612  2020-11-15.1848467  coadd_br290660 1.51 -1.48 19.173     >19.173  99.990          44.18        18.19   0.063        0.026       
2459170.68191  2459170.68301  2020-11-17.1819184  coadd_br291507 1.43 -1.48 18.773     >18.773  99.990         -52.47        26.30   -0.075       0.037       
2459172.64422  2459172.64515  2020-11-19.1442230  coadd_br292343 1.49 -1.48 18.932     >18.932  99.990          52.46        22.71   0.075        0.032       
2459178.30177  2459178.30220  2020-11-24.8017652  coadd_bn258345 1.52 -1.76 16.428     >16.428  99.990         466.12       177.13   0.855        0.325       
2459178.52599  2459178.52640  2020-11-25.0259884  coadd_bj329163 1.56 -1.79 17.867     >17.867  99.990         -76.44        45.56   -0.145       0.086       
2459182.61972  2459182.61977  2020-11-29.1197216  coadd_br295817 1.46 -1.48 17.709     >17.709  99.990           3.64        70.01   0.005        0.100       
2459183.55428  2459183.55425  2020-11-30.0542913  coadd_bF183114 1.61 -1.86 17.151     >17.151  99.990          31.45        82.77   0.063        0.167       
2459185.75836  2459185.75813  2020-12-02.2583548  coadd_bB189500 2.12 -1.21 18.177     >18.177  99.990         -88.77        58.37   -0.099       0.065       
2459187.74548  2459187.74508  2020-12-04.245475  coadd_bB190383 1.68 -1.21 19.588     >19.588  99.990          -6.78        15.91   -0.008       0.018       
2459192.69314  2459192.69231  2020-12-09.1931400  coadd_bB192463 2.31 -1.21 18.439     >18.439  99.990          91.42        45.87   0.102        0.051       
2459195.72785  2459195.72675  2020-12-12.2278504  coadd_bB193821 2.23 -1.21 19.405     >19.405  99.990          -8.30        18.84   -0.009       0.021       
2459200.71424  2459200.71272  2020-12-17.2142432  coadd_bB194950 2.00 -1.21 19.138     >19.138  99.990           2.75        24.11   0.003        0.027       
2459202.60905  2459202.60737  2020-12-19.1090474  coadd_br303037 1.37 -1.48 18.729     >18.729  99.990         -45.86        27.36   -0.065       0.039       
2459206.59353  2459206.59152  2020-12-23.0935284  coadd_br304776 1.39 -1.48 17.074     >17.074  99.990        -187.10       125.73   -0.267       0.179       
2459210.56146  2459210.55914  2020-12-27.0614640  coadd_br305977 1.53 -1.48 18.051     >18.051  99.990          -1.93        51.11   -0.003       0.073       
2459215.55582  2459215.55311  2021-01-01.0558163  coadd_br307610 2.08 -1.48 18.947     >18.947  99.990          48.70        22.40   0.069        0.032       
2459217.56363  2459217.56078  2021-01-03.0636346  coadd_br308404 1.64 -1.48 18.533     >18.533  99.990         -89.53        32.78   -0.128       0.047       
2459220.55442  2459220.55135  2021-01-06.0544298  coadd_br309625 1.63 -1.48 17.887     >17.887  99.990        -344.79        59.43   -0.492       0.085       
2459222.55164  2459222.54844  2021-01-08.0516407  coadd_br310476 1.65 -1.48 18.523     >18.523  99.990          35.20        33.10   0.050        0.047       
2459305.99122  2459305.98703  2021-04-01.4912202  coadd_br332860 1.46 -1.48 16.987     >16.987  99.990         328.59       136.19   0.468        0.194       
2459307.13458  2459307.13044  2021-04-02.6345769  coadd_bB220717 2.06 -1.21 18.311      18.161  0.318          177.83        51.62   0.198        0.057       
2459311.12415  2459311.12022  2021-04-06.62415  coadd_bB221493 2.06 -1.21 18.728     >18.728  99.990         -10.82        35.14   -0.012       0.039       
2459313.12092  2459313.11710  2021-04-08.6209298  coadd_bB222260 2.03 -1.21 19.132     >19.132  99.990         -42.20        24.23   -0.047       0.027       
2459315.11384  2459315.11013  2021-04-10.6138498  coadd_bB223066 2.24 -1.21 18.988     >18.988  99.990           2.64        27.67   0.003        0.031       
2459319.10351  2459319.10004  2021-04-14.6035098  coadd_bB224131 2.01 -1.21 19.293     >19.293  99.990          26.30        20.89   0.029        0.023       
2459322.11199  2459322.10871  2021-04-17.6119858  coadd_bB225280 1.73 -1.21 19.202     >19.202  99.990          15.88        22.72   0.018        0.025       
2459326.66950  2459326.66654  2021-04-22.1695162  coadd_bn296783 2.08 -1.76 17.207     >17.207  99.990          60.18        86.45   0.110        0.159       
2459328.08165  2459328.07878  2021-04-23.5816476  coadd_bB227053 2.00 -1.21 19.353     >19.353  99.990          49.67        19.77   0.055        0.022       
2459328.91974  2459328.91693  2021-04-24.4197449  coadd_bF227492 1.56 -1.86 17.943     >17.943  99.990        -130.99        39.91   -0.264       0.080       
2459333.91674  2459333.91430  2021-04-29.4167478  coadd_bF229473 1.45 -1.86 17.397     >17.397  99.990        -106.78        66.04   -0.215       0.133       
2459339.06722  2459339.06517  2021-05-04.5672219  coadd_bB229986 2.03 -1.21 18.676     >18.676  99.990         -51.41        36.87   -0.057       0.041       
2459343.05234  2459343.05061  2021-05-08.5523421  coadd_bB230579 2.08 -1.21 19.217     >19.217  99.990          -0.14        22.40   -0.000       0.025       
2459346.87262  2459346.87121  2021-05-12.3726196  coadd_bF232988 1.47 -1.86 18.941     >18.941  99.990          -8.93        15.93   -0.018       0.032       
2459348.86319  2459348.86194  2021-05-14.3631940  coadd_bF233522 1.53 -1.86 18.898     >18.898  99.990          24.03        16.56   0.048        0.033       
2459352.85966  2459352.85875  2021-05-18.3596625  coadd_bF235055 1.53 -1.86 18.333      18.235  0.334           91.55        27.88   0.185        0.056       
2459355.01359  2459355.01286  2021-05-20.5136037  coadd_bB234748 1.99 -1.21 19.203     >19.203  99.990           6.93        22.69   0.008        0.025       
2459357.03781  2459357.03725  2021-05-22.5378097  coadd_bB235440 2.00 -1.21 19.313     >19.313  99.990           0.97        20.51   0.001        0.023       
2459361.02484  2459361.02462  2021-05-26.5248359  coadd_bB236894 1.68 -1.21 18.348     >18.348  99.990           6.17        49.87   0.007        0.055       
2459362.89892  2459362.89886  2021-05-28.3989215  coadd_br345889 1.49 -1.48 17.730     >17.730  99.990          23.59        68.70   0.034        0.098       
2459366.82521  2459366.82549  2021-06-01.3252151  coadd_bF239644 1.49 -1.86 18.267     >18.267  99.990          47.03        29.63   0.095        0.060       
2459368.81852  2459368.81897  2021-06-03.3185173  coadd_bF240483 1.57 -1.86 18.259     >18.259  99.990           5.20        29.85   0.010        0.060       
2459369.82804  2459369.82857  2021-06-04.3280396  coadd_bF240917 1.46 -1.86 18.629     >18.629  99.990           8.88        21.23   0.018        0.043       
2459370.93484  2459370.93547  2021-06-05.4348402  coadd_bj393661 1.58 -1.79 18.176     >18.176  99.990          50.33        34.30   0.095        0.065       
2459373.80831  2459373.80919  2021-06-08.3083159  coadd_bF242509 1.46 -1.86 18.856     >18.856  99.990         -22.21        17.22   -0.045       0.035       
2459374.81998  2459374.82094  2021-06-09.3199773  coadd_bj395344 1.55 -1.79 17.976     >17.976  99.990         110.89        41.22   0.210        0.078       
2459374.85775  2459374.85871  2021-06-09.3577540  coadd_bF242969 1.55 -1.86 18.198     >18.198  99.990         -42.50        31.56   -0.086       0.064       
2459376.57030  2459376.57140  2021-06-11.0702943  coadd_bn308156 1.56 -1.76 18.804     >18.804  99.990          26.69        19.85   0.049        0.036       
2459377.83491  2459377.83612  2021-06-12.3349094  coadd_br348865 1.48 -1.48 19.295      19.029  0.286           62.28        16.25   0.089        0.023       
2459381.94142  2459381.94297  2021-06-16.4414158  coadd_bB243946 2.01 -1.21 19.199     >19.199  99.990         -80.21        22.78   -0.089       0.025       
2459384.77558  2459384.77736  2021-06-19.2755826  coadd_bF246388 1.58 -1.86 18.566     >18.566  99.990          -5.38        22.49   -0.011       0.045       
2459387.92696  2459387.92899  2021-06-22.4269636  coadd_bB246010 1.98 -1.21 17.807     >17.807  99.990         -71.54        82.08   -0.079       0.091       
2459389.83760  2459389.83978  2021-06-24.3376064  coadd_bF248227 1.56 -1.86 17.211     >17.211  99.990          27.21        78.32   0.055        0.158       
2459394.73469  2459394.73725  2021-06-29.2346903  coadd_bF249848 1.45 -1.86 18.109     >18.109  99.990          31.24        34.28   0.063        0.069       
2459396.74096  2459396.74367  2021-07-01.2409663  coadd_bF250681 1.62 -1.86 18.546     >18.546  99.990         -47.23        22.92   -0.095       0.046       
2459397.73629  2459397.73907  2021-07-02.2362934  coadd_bj403836 1.62 -1.79 18.573     >18.573  99.990         -26.86        23.79   -0.051       0.045       
2459401.90754  2459401.91061  2021-07-06.4075474  coadd_bB250459 2.07 -1.21 19.554     >19.554  99.990         -24.66        16.43   -0.027       0.018       
2459401.93256  2459401.93563  2021-07-06.4325613  coadd_bF252848 1.62 -1.86 18.521     >18.521  99.990          14.40        23.45   0.029        0.047       
2459405.00416  2459405.00743  2021-07-09.5041567  coadd_bB251585 1.75 -1.21 19.694     >19.694  99.990          12.76        14.44   0.014        0.016       
2459406.57083  2459406.57421  2021-07-11.0708371  coadd_bn313125 1.65 -1.76 19.339     >19.339  99.990         -12.40        12.14   -0.023       0.022       
2459408.84452  2459408.84804  2021-07-13.3445199  coadd_bj408423 1.60 -1.79 18.854     >18.854  99.990          31.63        18.37   0.060        0.035       
2459410.45952  2459410.46314  2021-07-14.9595192  coadd_bn313571 1.50 -1.76 18.868     >18.868  99.990           1.67        18.72   0.003        0.034       
2459410.95447  2459410.95813  2021-07-15.4544790  coadd_bB253455 2.12 -1.21 19.689     >19.689  99.990         -34.43        14.50   -0.038       0.016       
2459411.88546  2459411.88917  2021-07-16.3854589  coadd_bj409735 1.59 -1.79 18.717     >18.717  99.990          23.21        20.83   0.044        0.039       
2459412.83902  2459412.84279  2021-07-17.3390248  coadd_bF257073 1.51 -1.86 18.846     >18.846  99.990           0.64        17.38   0.001        0.035       
2459412.90595  2459412.90972  2021-07-17.4059468  coadd_br355704 1.41 -1.48 18.974     >18.974  99.990          54.01        21.85   0.077        0.031       
2459413.83403  2459413.83786  2021-07-18.3340347  coadd_br355870 1.43 -1.48 19.079     >19.079  99.990         -11.25        19.84   -0.016       0.028       
2459416.69006  2459416.69405  2021-07-21.1900646  coadd_bF258616 2.18 -1.86 17.641     >17.641  99.990          18.92        52.75   0.038        0.106       
2459418.68231  2459418.68639  2021-07-23.1823096  coadd_bF259436 2.31 -1.86 17.296     >17.296  99.990        -231.53        72.45   -0.467       0.146       
2459421.75453  2459421.75878  2021-07-26.2545348  coadd_bj413899 2.00 -1.79 17.547     >17.547  99.990          50.29        61.19   0.095        0.116       
2459422.68995  2459422.69424  2021-07-27.1899534  coadd_bj414268 1.56 -1.79 17.827     >17.827  99.990          48.11        47.28   0.091        0.090       
2459423.71497  2459423.71930  2021-07-28.2149700  coadd_bj414707 1.77 -1.79 17.932     >17.932  99.990          56.00        42.93   0.106        0.081       
2459424.70295  2459424.70733  2021-07-29.2029525  coadd_bj415120 1.62 -1.79 18.042     >18.042  99.990         -16.42        38.78   -0.031       0.073       
2459425.70863  2459425.71305  2021-07-30.2086464  coadd_bF262305 1.59 -1.86 18.266     >18.266  99.990         -65.70        29.64   -0.132       0.060       
2459426.66290  2459426.66736  2021-07-31.1629027  coadd_bj415939 1.64 -1.79 18.910     >18.910  99.990           5.77        17.44   0.011        0.033       
2459427.65651  2459427.66101  2021-08-01.1565097  coadd_bj416350 1.54 -1.79 18.615     >18.615  99.990          16.64        22.89   0.032        0.043       
2459429.77304  2459429.77762  2021-08-03.2730375  coadd_bj417282 1.68 -1.79 18.789     >18.789  99.990         -22.99        19.50   -0.044       0.037       
2459430.72863  2459430.73325  2021-08-04.2286254  coadd_bj417662 1.60 -1.79 18.544      18.096  0.242          110.73        24.43   0.210        0.046       
2459431.71915  2459431.72381  2021-08-05.2191506  coadd_bj418073 1.58 -1.79 18.618     >18.618  99.990          23.24        22.83   0.044        0.043       
2459432.66603  2459432.67072  2021-08-06.1660344  coadd_bj418440 1.61 -1.79 18.788      18.761  0.356           60.01        19.51   0.114        0.037       
2459433.46764  2459433.47236  2021-08-06.9676393  coadd_bn318971 1.49 -1.76 18.918     >18.918  99.990          27.16        17.88   0.050        0.033       
2459434.78732  2459434.79208  2021-08-08.2873320  coadd_bB261059 2.00 -1.21 19.193     >19.193  99.990          39.18        22.90   0.044        0.025       
2459436.62403  2459436.62885  2021-08-10.1240398  coadd_bF266447 1.54 -1.86 18.808     >18.808  99.990          35.46        18.00   0.071        0.036       
2459437.63830  2459437.64315  2021-08-11.1383069  coadd_bF266863 1.53 -1.86 18.680     >18.680  99.990         -19.07        20.25   -0.038       0.041       
2459439.00514  2459439.01002  2021-08-12.5051363  coadd_bB262735 2.11 -1.21 19.630     >19.630  99.990         -32.78        15.32   -0.036       0.017       
2459439.85573  2459439.86063  2021-08-13.3557393  coadd_bj421209 1.57 -1.79 18.514     >18.514  99.990          13.02        25.12   0.025        0.048       
2459440.93832  2459440.94325  2021-08-14.4383280  coadd_bB263296 1.99 -1.21 19.390     >19.390  99.990         -35.79        19.10   -0.040       0.021       
2459444.04167  2459444.04666  2021-08-17.5416754  coadd_bB264431 1.71 -1.21 19.416     >19.416  99.990          45.97        18.66   0.051        0.021       
2459445.93166  2459445.93669  2021-08-19.4316753  coadd_bB265058 1.99 -1.21 18.551     >18.551  99.990         -40.72        41.37   -0.045       0.046       
2459447.75793  2459447.76298  2021-08-21.2579407  coadd_bj423161 1.61 -1.79 17.476     >17.476  99.990          20.97        65.34   0.040        0.124       
2459450.80100  2459450.80608  2021-08-24.3010034  coadd_br362145 1.37 -1.48 16.348     >16.348  99.990        -240.89       245.31   -0.343       0.350       
2459453.98845  2459453.99355  2021-08-27.4884502  coadd_bB267481 2.05 -1.21 18.589     >18.589  99.990          45.92        39.97   0.051        0.044       
2459455.79804  2459455.80315  2021-08-29.2980438  coadd_bB268115 1.98 -1.21 19.372     >19.372  99.990          38.86        19.43   0.043        0.022       
2459457.64527  2459457.65038  2021-08-31.1452748  coadd_bF272417 1.58 -1.86 18.696     >18.696  99.990         -40.03        19.96   -0.081       0.040       
2459458.93045  2459458.93556  2021-09-01.4304543  coadd_br364458 1.67 -1.48 18.256      18.209  0.350          132.59        42.30   0.189        0.060       
2459460.46772  2459460.47283  2021-09-02.9677284  coadd_bn323885 1.47 -1.76 18.557     >18.557  99.990          43.99        24.93   0.081        0.046       
2459460.70296  2459460.70806  2021-09-03.2029623  coadd_bF273443 1.58 -1.86 18.903     >18.903  99.990          23.09        16.50   0.047        0.033       
2459461.61177  2459461.61686  2021-09-04.1117694  coadd_bj427729 1.63 -1.79 18.791     >18.791  99.990          33.40        19.47   0.063        0.037       
2459461.98724  2459461.99234  2021-09-04.4872557  coadd_bB270135 1.99 -1.21 19.508     >19.508  99.990          25.40        17.14   0.028        0.019       
2459462.66903  2459462.67411  2021-09-05.1690344  coadd_bj428183 1.59 -1.79 18.665     >18.665  99.990          47.66        21.86   0.090        0.041       
2459464.77610  2459464.78117  2021-09-07.2761064  coadd_br365188 1.37 -1.48 19.247     >19.247  99.990           9.32        16.99   0.013        0.024       
2459465.77733  2459465.78238  2021-09-08.2773277  coadd_br365551 1.34 -1.48 19.233     >19.233  99.990          48.15        17.20   0.069        0.025       
2459466.68208  2459466.68712  2021-09-09.1820927  coadd_bj429647 1.55 -1.79 18.602     >18.602  99.990          -5.61        23.15   -0.011       0.044       
2459467.82874  2459467.83377  2021-09-10.3287460  coadd_bB271735 1.73 -1.21 19.513     >19.513  99.990         -19.02        17.07   -0.021       0.019       
2459471.56979  2459471.57474  2021-09-14.0697927  coadd_bj431203 1.56 -1.79 18.161     >18.161  99.990         -37.92        34.76   -0.072       0.066       
2459475.29132  2459475.29618  2021-09-17.7913193  coadd_bn326485 1.54 -1.76 17.403     >17.403  99.990          52.80        72.17   0.097        0.132       
2459479.34282  2459479.34756  2021-09-21.8428186  coadd_bn327770 1.62 -1.76 17.184     >17.184  99.990         191.30        88.27   0.351        0.162       
2459480.84648  2459480.85117  2021-09-23.3464798  coadd_br370041 1.44 -1.48 17.890     >17.890  99.990          23.58        59.30   0.034        0.085       
2459482.68130  2459482.68592  2021-09-25.1813049  coadd_bj435403 1.55 -1.79 17.939     >17.939  99.990         -33.67        42.66   -0.064       0.081       
2459483.26199  2459483.26660  2021-09-25.7619990  coadd_bn328987 1.58 -1.76 18.858     >18.858  99.990          -6.08        18.89   -0.011       0.035       
2459485.72026  2459485.72476  2021-09-28.2202699  coadd_bB277301 2.05 -1.21 19.760      19.709  0.348           42.73        13.59   0.047        0.015       
2459486.82995  2459486.83441  2021-09-29.3299585  coadd_br371459 1.37 -1.48 18.529     >18.529  99.990         -41.23        32.91   -0.059       0.047       
2459487.83081  2459487.83523  2021-09-30.3308223  coadd_br371813 1.46 -1.48 17.963     >17.963  99.990          24.22        55.42   0.035        0.079       
2459489.53313  2459489.53747  2021-10-02.0331385  coadd_bF283036 1.53 -1.86 18.743     >18.743  99.990           4.23        19.12   0.009        0.039       
2459490.28211  2459490.28641  2021-10-02.7821164  coadd_bn330322 1.52 -1.76 18.597     >18.597  99.990           9.05        24.04   0.017        0.044       
2459492.30244  2459492.30664  2021-10-04.8024460  coadd_bn330622 1.60 -1.76 18.775     >18.775  99.990           5.43        20.39   0.010        0.037       
