###  JD        HJD            UT_date             IMAGE          FWHM  Diff Limit      mag   mag_err       counts     count_err  flux (mJy)    flux_err
2458127.02092  2458127.01737  2018-01-08.5209252  coadd_br034509 1.49 -1.60 18.123     >18.123  99.990          67.12        43.10   0.106        0.068       
2458129.00706  2458129.00362  2018-01-10.5070625  coadd_br035440 1.62 -1.60 18.122     >18.122  99.990          64.31        43.15   0.102        0.068       
2458131.01210  2458131.00879  2018-01-12.5121042  coadd_br036054 1.53 -1.60 18.701     >18.701  99.990          -9.58        25.33   -0.015       0.040       
2458141.99759  2458141.99502  2018-01-23.4975886  coadd_br039187 1.51 -1.60 19.146     >19.146  99.990         -16.07        16.80   -0.025       0.027       
2458142.99443  2458142.99193  2018-01-24.4944337  coadd_br039654 1.46 -1.60 18.712     >18.712  99.990         -18.07        25.07   -0.029       0.040       
2458143.98764  2458143.98522  2018-01-25.4876452  coadd_br040118 1.43 -1.60 18.728     >18.728  99.990         -14.04        24.70   -0.022       0.039       
2458144.98441  2458144.98206  2018-01-26.4844074  coadd_br040585 1.76 -1.60 18.660     >18.660  99.990         -20.12        26.28   -0.032       0.042       
2458145.97969  2458145.97742  2018-01-27.4796951  coadd_br041050 1.79 -1.60 18.825     >18.825  99.990         -59.77        22.58   -0.095       0.036       
2458147.98142  2458147.97930  2018-01-29.4814175  coadd_br041987 1.55 -1.60 18.293     >18.293  99.990          69.89        36.88   0.111        0.058       
2458148.97461  2458148.97257  2018-01-30.4746159  coadd_br042448 2.04 -1.60 17.724     >17.724  99.990         -22.74        62.25   -0.036       0.098       
2458155.94879  2458155.94730  2018-02-06.4487916  coadd_br044377 1.46 -1.60 18.375     >18.375  99.990          50.06        34.19   0.079        0.054       
2458157.94536  2458157.94403  2018-02-08.4453616  coadd_br045082 1.38 -1.60 17.955     >17.955  99.990        -152.80        50.32   -0.242       0.080       
2458162.89225  2458162.89133  2018-02-13.3922541  coadd_bj048336 1.53 -1.76 17.566     >17.566  99.990         -48.59        61.78   -0.090       0.114       
2458170.88471  2458170.88447  2018-02-21.3847069  coadd_bj050311 1.54 -1.76 18.104     >18.104  99.990         -53.72        37.62   -0.099       0.069       
2458171.88564  2458171.88549  2018-02-22.3856474  coadd_bj050684 1.55 -1.76 18.500      17.623  0.163          175.87        26.12   0.324        0.048       
2458172.62174  2458172.62166  2018-02-23.1217458  coadd_bn029342 1.60 -1.72 18.801     >18.801  99.990         -50.92        20.66   -0.090       0.037       
2458173.85998  2458173.85999  2018-02-24.3599789  coadd_bj051302 1.55 -1.76 18.628     >18.628  99.990          33.40        23.22   0.062        0.043       
2458174.90506  2458174.90517  2018-02-25.4050761  coadd_br050890 1.55 -1.60 18.865     >18.865  99.990          -9.67        21.76   -0.015       0.034       
2458175.89418  2458175.89437  2018-02-26.3941790  coadd_br051320 1.56 -1.60 17.231     >17.231  99.990         183.82        98.04   0.291        0.155       
2458176.60940  2458176.60965  2018-02-27.1093938  coadd_bn030477 1.47 -1.72 18.466     >18.466  99.990         -46.90        28.14   -0.083       0.050       
2458176.85773  2458176.85800  2018-02-27.3577292  coadd_bj052431 1.52 -1.76 18.707     >18.707  99.990          -4.16        21.60   -0.008       0.040       
2458176.89837  2458176.89865  2018-02-27.3983761  coadd_br051748 1.68 -1.60 17.901     >17.901  99.990         -20.33        52.88   -0.032       0.084       
2458177.60098  2458177.60131  2018-02-28.1009795  coadd_bn030867 1.50 -1.72 18.622     >18.622  99.990          29.86        24.37   0.053        0.043       
2458177.85926  2458177.85962  2018-02-28.3592664  coadd_bj052810 1.56 -1.76 17.709     >17.709  99.990        -174.19        54.15   -0.321       0.100       
2458181.90046  2458181.90116  2018-03-04.4004576  coadd_br053079 1.80 -1.60 17.642     >17.642  99.990           7.04        67.14   0.011        0.106       
2458182.90226  2458182.90304  2018-03-05.4022679  coadd_br053491 1.70 -1.60 17.075     >17.075  99.990        -102.86       113.15   -0.163       0.179       
2458183.93248  2458183.93336  2018-03-06.4324862  coadd_br053902 1.45 -1.60 18.145     >18.145  99.990        -121.95        42.25   -0.193       0.067       
2458186.88029  2458186.88141  2018-03-09.3802900  coadd_br054682 1.67 -1.60 17.756     >17.756  99.990        -213.14        60.43   -0.337       0.096       
2458187.86472  2458187.86592  2018-03-10.3647189  coadd_bj056433 1.54 -1.76 18.302      18.146  0.316          108.65        31.37   0.200        0.058       
2458188.85818  2458188.85946  2018-03-11.3581849  coadd_bj056839 1.56 -1.76 18.482     >18.482  99.990         -81.93        26.56   -0.151       0.049       
2458190.90942  2458190.91087  2018-03-13.4094180  coadd_bj057599 1.57 -1.76 17.132     >17.132  99.990          10.51        92.12   0.019        0.170       
2458193.89927  2458193.90097  2018-03-16.3992738  coadd_bj058800 1.56 -1.76 18.571     >18.571  99.990          19.87        24.47   0.037        0.045       
2458196.86264  2458196.86457  2018-03-19.3626371  coadd_bj059986 1.52 -1.76 18.964     >18.964  99.990         -56.28        17.05   -0.104       0.031       
2458198.84091  2458198.84299  2018-03-21.3409093  coadd_br057550 1.54 -1.60 18.404     >18.404  99.990          -8.60        33.28   -0.014       0.053       
2458199.84140  2458199.84356  2018-03-22.3414034  coadd_bj061181 1.58 -1.76 18.679     >18.679  99.990           9.79        22.16   0.018        0.041       
2458203.55402  2458203.55646  2018-03-26.0540204  coadd_bn038313 1.69 -1.72 18.729     >18.729  99.990           1.61        22.08   0.003        0.039       
2458203.83797  2458203.84044  2018-03-26.3379751  coadd_bj062685 1.59 -1.76 18.868     >18.868  99.990          39.17        18.61   0.072        0.034       
2458204.52651  2458204.52903  2018-03-27.0265190  coadd_bn038761 1.55 -1.72 18.798      18.030  0.179          126.18        20.71   0.223        0.037       
2458205.52105  2458205.52364  2018-03-28.0210516  coadd_bn039078 1.49 -1.72 17.839     >17.839  99.990         -21.68        50.11   -0.038       0.089       
2458207.94300  2458207.94576  2018-03-30.4430047  coadd_br059807 2.22 -1.60 17.733     >17.733  99.990           2.80        61.75   0.004        0.098       
2458210.51354  2458210.51649  2018-04-02.0135464  coadd_bn039616 1.50 -1.72 17.516     >17.516  99.990          40.98        67.45   0.072        0.119       
2458210.89437  2458210.89733  2018-04-02.3943762  coadd_br060742 1.44 -1.60 17.499     >17.499  99.990           6.90        76.59   0.011        0.121       
2458211.93010  2458211.93314  2018-04-03.4301033  coadd_br061124 1.48 -1.60 17.052     >17.052  99.990         149.63       115.58   0.237        0.183       
2458212.86207  2458212.86517  2018-04-04.3620790  coadd_br061391 1.54 -1.60 17.833     >17.833  99.990         -33.95        56.30   -0.054       0.089       
2458213.86638  2458213.86954  2018-04-05.3663846  coadd_br061672 1.50 -1.60 17.930     >17.930  99.990         -79.52        51.51   -0.126       0.081       
2458216.78993  2458216.79329  2018-04-08.2899355  coadd_br062349 1.59 -1.60 18.992     >18.992  99.990          40.29        19.36   0.064        0.031       
2458220.77626  2458220.77986  2018-04-12.2762648  coadd_br063628 1.46 -1.60 18.141     >18.141  99.990         -67.28        42.40   -0.106       0.067       
2458221.81189  2458221.81554  2018-04-13.3118903  coadd_br063964 1.50 -1.60 18.924     >18.924  99.990         -30.18        20.63   -0.048       0.033       
2458223.79271  2458223.79648  2018-04-15.2927113  coadd_bj070665 1.56 -1.76 18.265     >18.265  99.990          25.98        32.45   0.048        0.060       
2458224.77123  2458224.77505  2018-04-16.2712314  coadd_bj071088 1.57 -1.76 18.755     >18.755  99.990           8.72        20.66   0.016        0.038       
2458228.80653  2458228.81056  2018-04-20.3065320  coadd_bj072864 1.58 -1.76 18.882     >18.882  99.990          14.24        18.39   0.026        0.034       
2458230.72627  2458230.73039  2018-04-22.2262711  coadd_bj073676 1.55 -1.76 18.666     >18.666  99.990         -45.89        22.43   -0.085       0.041       
2458233.44627  2458233.45052  2018-04-24.9462685  coadd_bn044904 1.53 -1.72 17.954     >17.954  99.990          59.42        45.08   0.105        0.080       
2458233.77076  2458233.77502  2018-04-25.2707665  coadd_bj075026 1.51 -1.76 18.527     >18.527  99.990          22.36        25.48   0.041        0.047       
2458239.45340  2458239.45789  2018-04-30.9533988  coadd_bn045990 1.52 -1.72 17.029     >17.029  99.990         296.00       105.62   0.523        0.187       
2458242.48096  2458242.48556  2018-05-03.9809622  coadd_bn046747 1.53 -1.72 17.403     >17.403  99.990        -308.22        74.85   -0.545       0.132       
2458242.81728  2458242.82189  2018-05-04.3172858  coadd_bj078518 1.60 -1.76 18.155     >18.155  99.990          -6.38        35.92   -0.012       0.066       
2458243.45803  2458243.46266  2018-05-04.9580454  coadd_bn047156 1.50 -1.72 18.043     >18.043  99.990          42.80        41.52   0.076        0.073       
2458243.78594  2458243.79058  2018-05-05.2859383  coadd_bj078935 1.63 -1.76 17.843     >17.843  99.990         -27.22        47.86   -0.050       0.088       
2458244.45824  2458244.46290  2018-05-05.9582414  coadd_bn047545 1.51 -1.72 18.048     >18.048  99.990          30.67        41.35   0.054        0.073       
2458245.43153  2458245.43622  2018-05-06.9315267  coadd_bn047934 1.49 -1.72 17.934     >17.934  99.990         -72.02        45.92   -0.127       0.081       
2458245.79985  2458245.80455  2018-05-07.2998537  coadd_bj079791 1.57 -1.76 18.289     >18.289  99.990         -11.57        31.75   -0.021       0.059       
2458247.77697  2458247.78172  2018-05-09.2769690  coadd_bj080663 1.65 -1.76 18.036     >18.036  99.990          30.53        40.05   0.056        0.074       
2458249.81029  2458249.81509  2018-05-11.3102912  coadd_bj081332 1.59 -1.76 18.596     >18.596  99.990          42.02        23.92   0.077        0.044       
2458250.80264  2458250.80746  2018-05-12.3026422  coadd_br071274 1.96 -1.60 18.746     >18.746  99.990          -9.76        24.30   -0.015       0.038       
2458255.74069  2458255.74560  2018-05-17.2406901  coadd_bj083645 1.55 -1.76 18.751     >18.751  99.990          21.84        20.75   0.040        0.038       
2458258.66042  2458258.66537  2018-05-20.1604256  coadd_bj084828 1.68 -1.76 18.833     >18.833  99.990          11.50        19.22   0.021        0.035       
2458260.62327  2458260.62823  2018-05-22.1232677  coadd_bj085706 1.54 -1.76 18.348     >18.348  99.990           9.19        30.06   0.017        0.055       
2458261.63836  2458261.64333  2018-05-23.1383662  coadd_bj086172 1.56 -1.76 18.876      18.467  0.250           80.87        18.48   0.149        0.034       
2458262.36763  2458262.37260  2018-05-23.8676334  coadd_bn051951 1.57 -1.72 16.775     >16.775  99.990        -143.59       133.52   -0.254       0.236       
2458262.60773  2458262.61270  2018-05-24.1077267  coadd_bj086602 1.54 -1.76 18.523     >18.523  99.990           3.44        25.60   0.006        0.047       
2458263.64095  2458263.64593  2018-05-25.1409590  coadd_bj087084 1.62 -1.76 18.557      18.487  0.342           79.35        24.81   0.146        0.046       
2458265.36347  2458265.36845  2018-05-26.8634725  coadd_bn052311 1.51 -1.72 17.630     >17.630  99.990         -66.14        60.76   -0.117       0.107       
2458274.80792  2458274.81284  2018-06-05.3079165  coadd_bj090324 1.62 -1.76 18.295     >18.295  99.990          49.52        31.55   0.091        0.058       
2458277.67574  2458277.68062  2018-06-08.1757393  coadd_bj091346 1.58 -1.76 18.623     >18.623  99.990           0.54        23.32   0.001        0.043       
2458281.48516  2458281.48997  2018-06-11.9851650  coadd_bn055665 1.50 -1.72 19.832     >19.832  99.990           2.58         7.99   0.005        0.014       
2458284.56587  2458284.57061  2018-06-15.0658715  coadd_bj093258 1.60 -1.76 18.770     >18.770  99.990          54.49        20.38   0.100        0.038       
2458285.64822  2458285.65292  2018-06-16.1482146  coadd_bj093795 1.71 -1.76 18.303     >18.303  99.990         -76.08        31.33   -0.140       0.058       
2458291.55177  2458291.55630  2018-06-22.0517815  coadd_bj096519 1.67 -1.76 17.848     >17.848  99.990          52.92        47.65   0.098        0.088       
2458291.85257  2458291.85708  2018-06-22.3525685  coadd_br081389 1.40 -1.60 18.822     >18.822  99.990         -29.45        22.64   -0.047       0.036       
2458292.27750  2458292.28200  2018-06-22.7775015  coadd_bn057716 1.66 -1.72 17.843     >17.843  99.990         -84.37        49.95   -0.149       0.088       
2458293.84660  2458293.85104  2018-06-24.3465987  coadd_br082035 1.57 -1.60 17.434     >17.434  99.990        -150.75        81.31   -0.238       0.129       
2458294.69203  2458294.69644  2018-06-25.1920365  coadd_br082238 1.61 -1.60 17.393     >17.393  99.990         110.32        84.47   0.174        0.134       
2458296.69776  2458296.70209  2018-06-27.1977642  coadd_bj098888 1.54 -1.76 17.308     >17.308  99.990          11.12        78.36   0.021        0.144       
2458298.36096  2458298.36522  2018-06-28.8609616  coadd_bn058947 1.50 -1.72 17.363     >17.363  99.990         145.33        77.65   0.257        0.137       
2458300.68190  2458300.68605  2018-07-01.1819116  coadd_bj100558 1.67 -1.76 17.932     >17.932  99.990         -13.53        44.08   -0.025       0.081       
2458301.79537  2458301.79947  2018-07-02.2953671  coadd_br083867 1.43 -1.60 18.150     >18.150  99.990          21.91        42.08   0.035        0.067       
2458305.55432  2458305.55824  2018-07-06.0543253  coadd_bj102342 1.56 -1.76 18.939      18.771  0.312           61.11        17.44   0.113        0.032       
2458311.48571  2458311.48929  2018-07-11.9857107  coadd_bj104452 1.67 -1.76 18.805     >18.805  99.990          17.90        19.74   0.033        0.036       
2458312.60127  2458312.60480  2018-07-13.1012768  coadd_bj105004 1.62 -1.76 18.778     >18.778  99.990          20.82        20.23   0.038        0.037       
2458313.48244  2458313.48591  2018-07-13.9824420  coadd_bj105367 2.09 -1.76 18.786     >18.786  99.990          37.77        20.07   0.070        0.037       
2458314.66603  2458314.66943  2018-07-15.1660392  coadd_bj105968 1.56 -1.76 18.630      18.218  0.249          101.68        23.18   0.187        0.043       
2458316.46483  2458316.46811  2018-07-16.9648336  coadd_bj106484 1.57 -1.76 18.578     >18.578  99.990         -19.42        24.33   -0.036       0.045       
2458316.79658  2458316.79985  2018-07-17.2965895  coadd_br085749 1.58 -1.60 18.812     >18.812  99.990           7.30        22.86   0.012        0.036       
2458320.79266  2458320.79566  2018-07-21.2926615  coadd_br086650 1.38 -1.60 18.463     >18.463  99.990         -22.79        31.51   -0.036       0.050       
2458321.23525  2458321.23822  2018-07-21.7352486  coadd_bn064109 1.63 -1.72 17.156     >17.156  99.990          15.17        94.03   0.027        0.166       
2458322.24519  2458322.24810  2018-07-22.7451950  coadd_bn064552 1.73 -1.72 17.734     >17.734  99.990         -11.23        55.22   -0.020       0.098       
2458322.55274  2458322.55562  2018-07-23.0527396  coadd_bj108522 1.57 -1.76 17.718     >17.718  99.990          60.45        53.69   0.111        0.099       
2458323.33597  2458323.33880  2018-07-23.8359793  coadd_bn065059 1.55 -1.72 17.740     >17.740  99.990         -16.97        54.87   -0.030       0.097       
2458323.78323  2458323.78604  2018-07-24.2832438  coadd_br087675 1.40 -1.60 17.151     >17.151  99.990        -372.49       105.56   -0.589       0.167       
2458324.39175  2458324.39451  2018-07-24.8917513  coadd_bn065499 1.61 -1.72 17.010     >17.010  99.990         139.66       107.51   0.247        0.190       
2458326.25278  2458326.25541  2018-07-26.7527815  coadd_bn065963 1.55 -1.72 17.705     >17.705  99.990          38.10        56.67   0.067        0.100       
2458328.68321  2458328.68567  2018-07-29.1832180  coadd_br088866 1.44 -1.60 17.867     >17.867  99.990        -130.68        54.59   -0.207       0.086       
2458329.48794  2458329.49034  2018-07-29.9879421  coadd_bj111019 1.57 -1.76 18.292     >18.292  99.990          28.25        31.66   0.052        0.058       
2458330.47581  2458330.47813  2018-07-30.9758188  coadd_bj111449 2.09 -1.76 17.087     >17.087  99.990         -95.64        96.00   -0.176       0.177       
2458331.64478  2458331.64702  2018-08-01.1447839  coadd_bj112033 1.74 -1.76 17.857     >17.857  99.990          44.09        47.25   0.081        0.087       
2458332.47420  2458332.47637  2018-08-01.9741987  coadd_bj112343 1.61 -1.76 18.554     >18.554  99.990          -9.75        24.88   -0.018       0.046       
2458336.64302  2458336.64487  2018-08-06.1430241  coadd_bj114232 2.00 -1.76 18.743     >18.743  99.990          41.37        20.89   0.076        0.039       
2458338.67711  2458338.67881  2018-08-08.1771162  coadd_br091357 1.44 -1.60 19.025     >19.025  99.990          15.27        18.79   0.024        0.030       
2458352.32844  2458352.32902  2018-08-21.8284410  coadd_bn071576 1.51 -1.72 17.779     >17.779  99.990        -109.90        52.94   -0.194       0.094       
2458353.69852  2458353.69899  2018-08-23.1985208  coadd_br094097 1.40 -1.60 17.579     >17.579  99.990          92.23        71.18   0.146        0.113       
2458356.70358  2458356.70380  2018-08-26.2035883  coadd_br094844 1.45 -1.60 17.298     >17.298  99.990         254.63        92.22   0.403        0.146       
2458357.58338  2458357.58353  2018-08-27.0833847  coadd_bj122826 1.65 -1.76 17.379     >17.379  99.990         -96.53        73.37   -0.178       0.135       
2458363.50355  2458363.50321  2018-09-02.0035515  coadd_bj124775 1.57 -1.76 18.653     >18.653  99.990          22.03        22.69   0.041        0.042       
2458364.50045  2458364.50001  2018-09-03.0004531  coadd_bj125195 2.21 -1.76 18.725     >18.725  99.990         -71.84        21.24   -0.132       0.039       
2458365.56020  2458365.55968  2018-09-04.0601944  coadd_bj125665 2.15 -1.76 18.626     >18.626  99.990         -71.83        23.27   -0.132       0.043       
2458366.61311  2458366.61251  2018-09-05.1131231  coadd_br096856 1.48 -1.60 18.923      18.827  0.334           67.62        20.64   0.107        0.033       
2458377.24326  2458377.24178  2018-09-15.7432561  coadd_bn077072 2.38 -1.72 17.372     >17.372  99.990         213.61        77.06   0.378        0.136       
2458378.52434  2458378.52276  2018-09-17.0243386  coadd_bj130911 1.63 -1.76 17.990     >17.990  99.990         100.60        41.80   0.185        0.077       
2458379.51344  2458379.51178  2018-09-18.0134486  coadd_bj131311 1.69 -1.76 17.707      17.632  0.341          174.49        54.25   0.322        0.100       
2458384.60736  2458384.60531  2018-09-23.1073582  coadd_br099256 1.51 -1.60 17.873     >17.873  99.990          -8.43        54.28   -0.013       0.086       
2458385.48941  2458385.48729  2018-09-23.9894086  coadd_bj133349 1.66 -1.76 17.566     >17.566  99.990          99.86        61.75   0.184        0.114       
2458386.60191  2458386.59971  2018-09-25.1019222  coadd_br100070 1.69 -1.60 17.578     >17.578  99.990         149.12        71.21   0.236        0.113       
2458387.59686  2458387.59458  2018-09-26.0968648  coadd_br100461 2.09 -1.60 17.854     >17.854  99.990          42.08        55.22   0.067        0.087       
2458392.59913  2458392.59649  2018-10-01.0991335  coadd_br101666 1.98 -1.60 18.997     >18.997  99.990          11.38        19.27   0.018        0.030       
2458396.56731  2458396.56440  2018-10-05.0673082  coadd_br102434 1.77 -1.60 18.370     >18.370  99.990          -3.33        34.36   -0.005       0.054       
2458398.56949  2458398.56645  2018-10-07.0694935  coadd_br102869 1.51 -1.60 18.567     >18.567  99.990         -52.63        28.66   -0.083       0.045       
2458496.02278  2458496.01945  2019-01-12.5227814  coadd_br127297 1.44 -1.60 18.496     >18.496  99.990        -139.80        30.59   -0.221       0.048       
2458505.99638  2458505.99373  2019-01-22.4963863  coadd_br130341 1.49 -1.60 17.640     >17.640  99.990         100.70        67.30   0.159        0.106       
2458521.89203  2458521.89060  2019-02-07.3920335  coadd_bj177891 1.66 -1.76 16.293     >16.293  99.990          75.34       199.45   0.139        0.368       
2458522.88898  2458522.88757  2019-02-08.3889780  coadd_bH042758 1.59 -1.84 17.275     >17.275  99.990        -164.35        74.98   -0.326       0.149       
2458522.88898  2458522.88763  2019-02-08.3889783  coadd_bF042824 1.41 -1.80 17.023     >17.023  99.990         222.40        98.31   0.425        0.188       
2458523.89050  2458523.88923  2019-02-09.3905  coadd_bj178612 1.56 -1.76 17.274      17.181  0.335          264.27        80.82   0.487        0.149       
2458524.89150  2458524.89031  2019-02-10.3915016  coadd_bF043524 1.55 -1.80 17.175     >17.175  99.990         159.20        85.46   0.304        0.163       
2458524.89150  2458524.89025  2019-02-10.3915020  coadd_bH043447 1.44 -1.84 17.253     >17.253  99.990         -98.45        76.49   -0.196       0.152       
2458529.62020  2458529.61942  2019-02-15.1202055  coadd_bn110116 1.47 -1.72 18.425     >18.425  99.990         -37.96        29.22   -0.067       0.052       
2458533.87896  2458533.87853  2019-02-19.3789616  coadd_bF046684 1.52 -1.80 17.459     >17.459  99.990        -141.50        65.81   -0.270       0.126       
2458534.87818  2458534.87784  2019-02-20.3781912  coadd_bF047048 1.47 -1.80 17.413     >17.413  99.990          27.40        68.64   0.052        0.131       
2458534.87819  2458534.87774  2019-02-20.3781914  coadd_bH046962 1.53 -1.84 17.517     >17.517  99.990         -83.51        59.99   -0.166       0.119       
2458541.88311  2458541.88337  2019-02-27.3831203  coadd_bj185239 1.57 -1.76 18.022     >18.022  99.990        -154.12        40.58   -0.284       0.075       
2458542.87503  2458542.87537  2019-02-28.3750363  coadd_bj185613 1.59 -1.76 18.249     >18.249  99.990           5.63        32.92   0.010        0.061       
2458544.96781  2458544.96833  2019-03-02.4678130  coadd_br140310 1.52 -1.60 18.670     >18.670  99.990          12.94        26.04   0.020        0.041       
2458548.56836  2458548.56918  2019-03-06.0683616  coadd_bn115596 1.50 -1.72 18.578     >18.578  99.990         -38.14        25.37   -0.067       0.045       
2458548.96971  2458548.97057  2019-03-06.4697186  coadd_br141196 1.43 -1.60 17.473     >17.473  99.990         -72.92        78.48   -0.115       0.124       
2458549.60188  2458549.60279  2019-03-07.1018877  coadd_bn115956 1.47 -1.72 18.073     >18.073  99.990          29.15        40.40   0.052        0.071       
2458549.86619  2458549.86695  2019-03-07.3661909  coadd_bH052265 1.39 -1.84 18.419     >18.419  99.990         -62.69        26.15   -0.124       0.052       
2458549.86619  2458549.86712  2019-03-07.3661913  coadd_bF052359 1.48 -1.80 18.377     >18.377  99.990         -62.23        28.25   -0.119       0.054       
2458552.84903  2458552.85003  2019-03-10.3490390  coadd_bH053354 1.47 -1.84 18.584     >18.584  99.990          29.02        22.46   0.058        0.045       
2458552.84904  2458552.85022  2019-03-10.3490390  coadd_bF053445 1.98 -1.80 18.197     >18.197  99.990          -1.44        33.33   -0.003       0.064       
2458553.82488  2458553.82614  2019-03-11.3248788  coadd_bF053805 1.59 -1.80 18.574     >18.574  99.990           5.58        23.56   0.011        0.045       
2458553.82488  2458553.82596  2019-03-11.3248787  coadd_bH053704 1.64 -1.84 18.533     >18.533  99.990        -114.96        23.53   -0.228       0.047       
2458555.81929  2458555.82071  2019-03-13.3192858  coadd_bF054562 1.59 -1.80 18.564     >18.564  99.990         -15.63        23.78   -0.030       0.045       
2458555.81929  2458555.82053  2019-03-13.3192851  coadd_bH054460 1.42 -1.84 18.681     >18.681  99.990          -9.34        20.54   -0.019       0.041       
2458557.87595  2458557.87754  2019-03-15.3759467  coadd_bj191237 1.52 -1.76 18.731      18.682  0.349           66.32        21.13   0.122        0.039       
2458561.83717  2458561.83908  2019-03-19.3371707  coadd_br144066 1.48 -1.60 17.690      17.476  0.300          234.64        64.22   0.371        0.102       
2458562.88157  2458562.88356  2019-03-20.3815752  coadd_br144490 1.48 -1.60 17.368     >17.368  99.990          -2.59        86.40   -0.004       0.137       
2458563.56307  2458563.56512  2019-03-21.0630725  coadd_bn119497 1.62 -1.72 16.852     >16.852  99.990         255.38       124.38   0.451        0.220       
2458564.58122  2458564.58334  2019-03-22.0812222  coadd_bn119919 1.58 -1.72 17.296     >17.296  99.990          22.17        82.63   0.039        0.146       
2458565.96424  2458565.96647  2019-03-23.4642420  coadd_br144992 1.40 -1.60 17.699     >17.699  99.990         -93.51        63.74   -0.148       0.101       
2458566.86580  2458566.86810  2019-03-24.3658040  coadd_bj194863 1.51 -1.76 17.600     >17.600  99.990         -36.98        59.85   -0.068       0.110       
2458567.82355  2458567.82592  2019-03-25.3235488  coadd_bj195239 1.61 -1.76 17.498     >17.498  99.990         -43.34        65.76   -0.080       0.121       
2458569.60859  2458569.61110  2019-03-27.1085947  coadd_bn121447 1.48 -1.72 16.576     >16.576  99.990         261.95       160.44   0.463        0.284       
2458570.86245  2458570.86504  2019-03-28.3624560  coadd_br146467 1.37 -1.60 18.524     >18.524  99.990        -169.72        29.81   -0.268       0.047       
2458571.76372  2458571.76637  2019-03-29.2637263  coadd_bj196775 1.68 -1.76 18.403     >18.403  99.990         -66.67        28.57   -0.123       0.053       
2458572.76317  2458572.76567  2019-03-30.2631818  coadd_bH060985 1.86 -1.84 18.378     >18.378  99.990          51.25        27.15   0.102        0.054       
2458572.76318  2458572.76591  2019-03-30.2631818  coadd_bF061092 1.57 -1.80 18.458     >18.458  99.990         -67.85        26.22   -0.130       0.050       
2458573.85132  2458573.85412  2019-03-31.3513172  coadd_bj197462 1.65 -1.76 18.449     >18.449  99.990         -31.57        27.40   -0.058       0.051       
2458575.74893  2458575.75187  2019-04-02.2489391  coadd_bF062081 1.58 -1.80 18.859     >18.859  99.990         -71.98        18.11   -0.138       0.035       
2458575.74894  2458575.75163  2019-04-02.2489392  coadd_bH061977 1.49 -1.84 18.614     >18.614  99.990         -21.30        21.85   -0.042       0.043       
2458576.83145  2458576.83422  2019-04-03.3314577  coadd_bH062432 1.52 -1.84 18.618     >18.618  99.990         -41.00        21.76   -0.081       0.043       
2458576.83146  2458576.83447  2019-04-03.3314579  coadd_bF062546 1.94 -1.80 18.994     >18.994  99.990         -21.87        16.00   -0.042       0.031       
2458578.82843  2458578.83158  2019-04-05.3284402  coadd_br149087 1.98 -1.60 18.584     >18.584  99.990           0.50        28.19   0.001        0.045       
2458583.75815  2458583.76161  2019-04-10.2581549  coadd_bj201044 1.63 -1.76 18.475     >18.475  99.990          33.63        26.73   0.062        0.049       
2458586.46977  2458586.47339  2019-04-12.9697689  coadd_bn126919 1.46 -1.72 18.303     >18.303  99.990         -21.82        32.68   -0.039       0.058       
2458591.77546  2458591.77911  2019-04-18.2754579  coadd_bH068033 1.53 -1.84 17.445     >17.445  99.990         -24.39        64.14   -0.048       0.127       
2458591.77546  2458591.77938  2019-04-18.2754578  coadd_bF068155 1.65 -1.80 17.183     >17.183  99.990         204.48        84.82   0.391        0.162       
2458591.86904  2458591.87296  2019-04-18.3690509  coadd_br152818 1.59 -1.60 17.514     >17.514  99.990          40.74        75.52   0.064        0.119       
2458595.70657  2458595.71068  2019-04-22.2065724  coadd_bj206073 1.57 -1.76 17.291     >17.291  99.990         -71.04        79.58   -0.131       0.147       
2458599.68079  2458599.68481  2019-04-26.1807922  coadd_bH070635 1.39 -1.84 18.763     >18.763  99.990         -53.21        19.04   -0.106       0.038       
2458599.68079  2458599.68508  2019-04-26.1807922  coadd_bF070744 1.53 -1.80 18.600     >18.600  99.990         -42.24        23.00   -0.081       0.044       
2458599.89454  2458599.89884  2019-04-26.3945440  coadd_bj207452 1.53 -1.76 18.166     >18.166  99.990          45.83        35.56   0.085        0.066       
2458600.73671  2458600.74104  2019-04-27.2367150  coadd_bj207771 1.54 -1.76 18.349     >18.349  99.990        -114.15        30.04   -0.210       0.055       
2458601.80815  2458601.81253  2019-04-28.30815  coadd_bj208271 1.58 -1.76 18.266     >18.266  99.990         -90.75        32.42   -0.167       0.060       
2458602.54987  2458602.55428  2019-04-29.0498756  coadd_bn130654 1.70 -1.72 18.379     >18.379  99.990         -77.91        30.46   -0.138       0.054       
2458607.66260  2458607.66719  2019-05-04.1625989  coadd_bF073832 1.48 -1.80 17.778     >17.778  99.990          30.32        49.02   0.058        0.094       
2458607.66387  2458607.66819  2019-05-04.1638724  coadd_bH073721 1.45 -1.84 17.401     >17.401  99.990         -58.26        66.74   -0.116       0.133       
2458608.66517  2458608.66980  2019-05-05.1651766  coadd_bF074262 1.43 -1.80 18.300     >18.300  99.990           2.99        30.32   0.006        0.058       
2458608.66518  2458608.66953  2019-05-05.1651774  coadd_bH074150 1.52 -1.84 18.425     >18.425  99.990         -34.76        26.00   -0.069       0.052       
2458609.66006  2458609.66471  2019-05-06.1600550  coadd_bj211704 1.65 -1.76 18.008     >18.008  99.990         115.65        41.11   0.213        0.076       
2458613.90363  2458613.90840  2019-05-10.4036342  coadd_bj213252 1.58 -1.76 17.052     >17.052  99.990          26.68        99.19   0.049        0.183       
2458616.76415  2458616.76898  2019-05-13.2641509  coadd_bj214467 1.57 -1.76 18.528     >18.528  99.990          47.95        25.48   0.088        0.047       
2458617.70824  2458617.71309  2019-05-14.2082431  coadd_bj214872 1.52 -1.76 18.066     >18.066  99.990          22.58        38.97   0.042        0.072       
2458618.68174  2458618.68661  2019-05-15.1817420  coadd_bj215301 1.54 -1.76 17.888      17.532  0.263          191.20        45.94   0.353        0.085       
2458619.66545  2458619.67008  2019-05-16.1654531  coadd_bH076031 1.43 -1.84 17.600     >17.600  99.990          60.85        55.57   0.121        0.110       
2458625.50527  2458625.51023  2019-05-22.0052747  coadd_bn137210 1.53 -1.72 17.663     >17.663  99.990          -6.17        58.94   -0.011       0.104       
2458626.81043  2458626.81540  2019-05-23.3104289  coadd_bF078927 1.47 -1.80 18.096     >18.096  99.990        -107.80        36.60   -0.206       0.070       
2458626.81043  2458626.81514  2019-05-23.3104296  coadd_bH078811 1.41 -1.84 17.893     >17.893  99.990           6.12        42.42   0.012        0.084       
2458633.45226  2458633.45724  2019-05-29.9522599  coadd_bn139424 1.52 -1.72 18.588     >18.588  99.990         -53.67        25.13   -0.095       0.044       
2458635.60310  2458635.60807  2019-06-01.1031009  coadd_bj220124 1.58 -1.76 18.479     >18.479  99.990         -47.02        26.64   -0.087       0.049       
2458639.56690  2458639.57183  2019-06-05.0669059  coadd_bF082199 1.67 -1.80 17.836     >17.836  99.990         -20.56        46.48   -0.039       0.089       
2458639.56943  2458639.57414  2019-06-05.0694356  coadd_bH082094 1.42 -1.84 17.106     >17.106  99.990         -93.38        87.61   -0.185       0.174       
2458641.82227  2458641.82718  2019-06-07.3222771  coadd_bj223061 1.67 -1.76 18.090     >18.090  99.990         -78.95        38.14   -0.146       0.070       
2458643.74971  2458643.75458  2019-06-09.2497107  coadd_br164485 1.40 -1.60 18.617     >18.617  99.990           0.28        27.35   0.000        0.043       
2458645.75995  2458645.76478  2019-06-11.2599534  coadd_bj224852 1.64 -1.76 18.519     >18.519  99.990          64.65        25.67   0.119        0.047       
2458648.46344  2458648.46821  2019-06-13.9634387  coadd_bn142971 1.51 -1.72 17.819     >17.819  99.990         -64.95        51.04   -0.115       0.090       
2458650.37537  2458650.38009  2019-06-15.8753820  coadd_bn143748 1.63 -1.72 17.255     >17.255  99.990        -226.72        85.80   -0.401       0.152       
2458651.67067  2458651.67535  2019-06-17.1706646  coadd_bj227192 1.73 -1.76 16.953     >16.953  99.990         187.18       108.65   0.345        0.200       
2458652.75565  2458652.76030  2019-06-18.2556532  coadd_br166382 1.44 -1.60 17.285     >17.285  99.990          90.85        93.30   0.144        0.148       
2458653.71780  2458653.72242  2019-06-19.2178003  coadd_br166654 1.41 -1.60 17.455     >17.455  99.990          25.35        79.75   0.040        0.126       
2458655.64185  2458655.64642  2019-06-21.1418651  coadd_bj228864 1.51 -1.76 17.209     >17.209  99.990        -162.47        85.78   -0.300       0.158       
2458657.77368  2458657.77817  2019-06-23.2736844  coadd_bj229895 1.64 -1.76 17.758     >17.758  99.990          16.31        51.76   0.030        0.095       
2458658.74827  2458658.75273  2019-06-24.2482804  coadd_br168173 1.42 -1.60 18.782     >18.782  99.990          46.93        23.49   0.074        0.037       
2458660.76041  2458660.76478  2019-06-26.2604144  coadd_bj230590 1.53 -1.76 17.952     >17.952  99.990        -130.28        43.28   -0.240       0.080       
2458661.46072  2458661.46507  2019-06-26.9607221  coadd_bn147173 1.57 -1.72 18.812     >18.812  99.990          -0.68        20.45   -0.001       0.036       
2458662.67096  2458662.67525  2019-06-28.1709657  coadd_bj231139 1.55 -1.76 18.455     >18.455  99.990          -3.90        27.24   -0.007       0.050       
2458667.65884  2458667.66291  2019-07-03.1588371  coadd_bF091401 1.49 -1.80 18.780     >18.780  99.990         -26.68        19.49   -0.051       0.037       
2458667.65884  2458667.66278  2019-07-03.1588370  coadd_bH091268 1.40 -1.84 18.903     >18.903  99.990         -23.57        16.74   -0.047       0.033       
2458670.52452  2458670.52833  2019-07-06.0245252  coadd_bH092453 1.41 -1.84 18.573     >18.573  99.990         -30.56        22.70   -0.061       0.045       
2458670.52452  2458670.52845  2019-07-06.0245251  coadd_bF092587 1.51 -1.80 18.658     >18.658  99.990          23.93        21.81   0.046        0.042       
2458672.75307  2458672.75688  2019-07-08.2530657  coadd_br170093 1.49 -1.60 18.399     >18.399  99.990           6.26        33.45   0.010        0.053       
2458673.79844  2458673.80219  2019-07-09.2984375  coadd_br170285 1.35 -1.60 18.631     >18.631  99.990           2.09        27.01   0.003        0.043       
2458675.71170  2458675.71535  2019-07-11.2117070  coadd_bj234758 1.58 -1.76 17.295     >17.295  99.990         -73.36        79.29   -0.135       0.146       
2458677.38285  2458677.38640  2019-07-12.8828494  coadd_bn149656 1.48 -1.72 16.917     >16.917  99.990         118.63       117.15   0.210        0.207       
2458678.53604  2458678.53952  2019-07-14.0360443  coadd_bF095362 1.56 -1.80 16.728     >16.728  99.990         -38.36       129.04   -0.073       0.247       
2458678.53604  2458678.53945  2019-07-14.0360449  coadd_bH095219 1.46 -1.84 17.366     >17.366  99.990         -13.04        68.94   -0.026       0.137       
2458679.32693  2458679.33037  2019-07-14.8269336  coadd_bn150371 1.49 -1.72 17.269      16.966  0.276          335.99        84.68   0.594        0.150       
2458679.47908  2458679.48250  2019-07-14.9790881  coadd_bj236062 1.67 -1.76 17.490     >17.490  99.990         -61.98        66.24   -0.114       0.122       
2458681.36283  2458681.36614  2019-07-16.8628296  coadd_bn151280 1.64 -1.72 17.948     >17.948  99.990         -16.76        45.33   -0.030       0.080       
2458686.74184  2458686.74480  2019-07-22.2418456  coadd_br173847 1.40 -1.60 18.107     >18.107  99.990           4.57        43.77   0.007        0.069       
2458687.69742  2458687.70032  2019-07-23.1974237  coadd_bF098835 1.54 -1.80 18.030     >18.030  99.990          54.06        38.88   0.103        0.074       
2458687.69742  2458687.70028  2019-07-23.1974232  coadd_bH098683 1.49 -1.84 18.012     >18.012  99.990        -158.58        38.03   -0.315       0.076       
2458688.78578  2458688.78860  2019-07-24.2857810  coadd_br174079 1.57 -1.60 18.090     >18.090  99.990         -41.09        44.43   -0.065       0.070       
2458689.72307  2458689.72582  2019-07-25.2230712  coadd_br174360 1.41 -1.60 18.489     >18.489  99.990           5.02        30.78   0.008        0.049       
2458690.63367  2458690.63636  2019-07-26.1336718  coadd_bF099642 1.58 -1.80 18.604     >18.604  99.990          28.91        22.91   0.055        0.044       
2458690.63367  2458690.63634  2019-07-26.1336722  coadd_bH099488 1.46 -1.84 18.719     >18.719  99.990          -9.36        19.83   -0.019       0.039       
2458691.64613  2458691.64875  2019-07-27.1461363  coadd_bj240430 1.51 -1.76 18.596     >18.596  99.990          -3.41        23.92   -0.006       0.044       
2458692.29414  2458692.29671  2019-07-27.7941438  coadd_bn153386 1.52 -1.72 18.022     >18.022  99.990          -5.12        42.32   -0.009       0.075       
2458694.58487  2458694.58728  2019-07-30.0848760  coadd_bF101184 1.46 -1.80 18.623     >18.623  99.990         -84.71        22.51   -0.162       0.043       
2458694.58487  2458694.58728  2019-07-30.0848767  coadd_bH101025 1.42 -1.84 18.779     >18.779  99.990         -21.71        18.77   -0.043       0.037       
2458697.74495  2458697.74712  2019-08-02.2449478  coadd_br176360 1.40 -1.60 18.485     >18.485  99.990          -3.53        30.89   -0.006       0.049       
2458698.66210  2458698.66421  2019-08-03.1621045  coadd_bH102652 1.46 -1.84 18.428     >18.428  99.990          45.86        25.92   0.091        0.051       
2458698.66210  2458698.66421  2019-08-03.1621037  coadd_bF102809 1.52 -1.80 18.504     >18.504  99.990           5.92        25.13   0.011        0.048       
2458699.66335  2458699.66538  2019-08-04.1633501  coadd_bF103236 1.61 -1.80 18.537     >18.537  99.990         -12.26        24.38   -0.023       0.047       
2458699.66335  2458699.66539  2019-08-04.1633503  coadd_bH103078 1.42 -1.84 18.752     >18.752  99.990         -30.43        19.23   -0.060       0.038       
2458700.66096  2458700.66291  2019-08-05.1609687  coadd_bF103657 1.59 -1.80 18.414     >18.414  99.990          58.81        27.30   0.112        0.052       
2458700.66097  2458700.66294  2019-08-05.1609690  coadd_bH103499 1.53 -1.84 18.735     >18.735  99.990         -72.70        19.55   -0.144       0.039       
2458701.46813  2458701.47002  2019-08-05.9681378  coadd_bj244516 1.59 -1.76 18.037     >18.037  99.990          61.07        40.04   0.113        0.074       
2458701.75799  2458701.75986  2019-08-06.2579972  coadd_br177504 1.36 -1.60 18.542     >18.542  99.990          41.00        29.32   0.065        0.046       
2458702.75671  2458702.75850  2019-08-07.2567091  coadd_br177855 1.40 -1.60 18.511     >18.511  99.990          51.87        30.17   0.082        0.048       
2458704.56057  2458704.56225  2019-08-09.0605725  coadd_bH104902 1.42 -1.84 18.126     >18.126  99.990         -39.20        34.24   -0.078       0.068       
2458704.56057  2458704.56222  2019-08-09.0605776  coadd_bF105073 1.55 -1.80 17.941     >17.941  99.990         -79.98        42.21   -0.153       0.081       
2458709.36160  2458709.36286  2019-08-13.8616098  coadd_bn157065 1.48 -1.72 17.327     >17.327  99.990        -149.90        80.30   -0.265       0.142       
2458710.72071  2458710.72185  2019-08-15.2207164  coadd_br179677 1.48 -1.60 17.078     >17.078  99.990         -11.29       112.85   -0.018       0.178       
2458714.62342  2458714.62425  2019-08-19.1234229  coadd_bF109062 1.48 -1.80 16.189     >16.189  99.990         268.55       211.85   0.513        0.405       
2458714.62342  2458714.62434  2019-08-19.1234218  coadd_bH108889 1.60 -1.84 16.430     >16.430  99.990         322.70       163.27   0.641        0.324       
2458715.35714  2458715.35791  2019-08-19.8571394  coadd_bn159096 1.48 -1.72 17.548     >17.548  99.990        -186.75        65.50   -0.330       0.116       
2458716.35204  2458716.35272  2019-08-20.8520356  coadd_bn159515 1.50 -1.72 18.437     >18.437  99.990          -6.67        28.87   -0.012       0.051       
2458717.34911  2458717.34971  2019-08-21.8491092  coadd_bn159934 1.48 -1.72 18.478     >18.478  99.990          53.36        27.81   0.094        0.049       
2458718.34566  2458718.34618  2019-08-22.8456680  coadd_bn160217 1.46 -1.72 18.203     >18.203  99.990          47.33        35.83   0.084        0.063       
2458719.61019  2458719.61071  2019-08-24.1101909  coadd_bH110990 1.46 -1.84 17.976     >17.976  99.990          76.95        39.31   0.153        0.078       
2458719.61019  2458719.61061  2019-08-24.1101913  coadd_bF111173 1.52 -1.80 18.368     >18.368  99.990         -71.22        28.49   -0.136       0.054       
2458720.58851  2458720.58884  2019-08-25.0885054  coadd_bF111486 1.52 -1.80 18.106     >18.106  99.990          48.51        36.27   0.093        0.069       
2458720.58851  2458720.58895  2019-08-25.0885048  coadd_bH111302 1.49 -1.84 18.582     >18.582  99.990         -35.11        22.50   -0.070       0.045       
2458721.60345  2458721.60369  2019-08-26.1034570  coadd_bF111770 1.61 -1.80 18.329     >18.329  99.990         -18.69        29.53   -0.036       0.056       
2458721.60345  2458721.60382  2019-08-26.1034559  coadd_bH111586 1.44 -1.84 18.580     >18.580  99.990          27.65        22.54   0.055        0.045       
2458722.59838  2458722.59867  2019-08-27.0983850  coadd_bH112004 1.40 -1.84 18.446     >18.446  99.990         -51.30        25.50   -0.102       0.051       
2458722.59838  2458722.59855  2019-08-27.0983847  coadd_bF112188 1.64 -1.80 18.303     >18.303  99.990         -84.39        30.24   -0.161       0.058       
2458726.22228  2458726.22214  2019-08-30.7222837  coadd_bn162280 1.56 -1.72 18.337     >18.337  99.990         -75.61        31.68   -0.134       0.056       
2458727.22213  2458727.22191  2019-08-31.7221317  coadd_bn162362 1.48 -1.72 18.327     >18.327  99.990          16.71        31.97   0.030        0.057       
2458728.66794  2458728.66760  2019-09-02.1679429  coadd_br184622 1.39 -1.60 17.925     >17.925  99.990         148.37        51.76   0.235        0.082       
2458731.57567  2458731.57509  2019-09-05.0756715  coadd_bF115771 1.56 -1.80 17.867     >17.867  99.990         102.07        45.18   0.195        0.086       
2458731.57567  2458731.57524  2019-09-05.0756724  coadd_bH115590 1.46 -1.84 17.970     >17.970  99.990          71.28        39.54   0.142        0.079       
2458732.23559  2458732.23495  2019-09-05.7355887  coadd_bn164117 1.58 -1.72 17.989     >17.989  99.990          -2.29        43.63   -0.004       0.077       
2458738.53762  2458738.53646  2019-09-12.0376137  coadd_bj258557 1.59 -1.76 17.634     >17.634  99.990         -36.14        58.00   -0.067       0.107       
2458739.55228  2458739.55104  2019-09-13.0522762  coadd_bF117443 1.65 -1.80 16.174     >16.174  99.990        -160.04       214.79   -0.306       0.410       
2458740.54949  2458740.54817  2019-09-14.0494947  coadd_bj259406 1.63 -1.76 16.907     >16.907  99.990         -97.53       113.32   -0.180       0.209       
2458742.22586  2458742.22440  2019-09-15.7258621  coadd_bn166220 2.31 -1.72 17.394     >17.394  99.990         -58.53        75.48   -0.103       0.133       
2458743.24351  2458743.24198  2019-09-16.7435175  coadd_bn166642 1.68 -1.72 18.550     >18.550  99.990         -32.99        26.03   -0.058       0.046       
2458744.25854  2458744.25693  2019-09-17.75855  coadd_bn167066 1.46 -1.72 18.611     >18.611  99.990          12.73        24.61   0.022        0.043       
2458744.49892  2458744.49748  2019-09-17.9989200  coadd_bH119095 1.66 -1.84 18.485     >18.485  99.990         -26.58        24.61   -0.053       0.049       
2458744.49892  2458744.49728  2019-09-17.9989201  coadd_bF119270 1.98 -1.80 18.555     >18.555  99.990         -43.56        23.97   -0.083       0.046       
2458745.51339  2458745.51167  2019-09-19.0133928  coadd_bj261335 1.67 -1.76 18.608     >18.608  99.990           0.66        23.65   0.001        0.044       
2458750.24304  2458750.24095  2019-09-23.7430364  coadd_bn168444 1.56 -1.72 18.287      18.225  0.345          105.36        33.18   0.186        0.059       
2458750.59937  2458750.59726  2019-09-24.0993685  coadd_br186687 1.40 -1.60 18.491     >18.491  99.990          37.01        30.73   0.059        0.049       
2458751.24222  2458751.24007  2019-09-24.7422225  coadd_bn168849 2.16 -1.72 18.498     >18.498  99.990          -3.03        27.30   -0.005       0.048       
2458752.25662  2458752.25439  2019-09-25.7566283  coadd_bn168922 1.69 -1.72 18.535      18.295  0.292           98.79        26.38   0.175        0.047       
2458752.59749  2458752.59523  2019-09-26.0974949  coadd_br187354 1.42 -1.60 18.611     >18.611  99.990          39.50        27.50   0.062        0.043       
2458753.23322  2458753.23092  2019-09-26.7332270  coadd_bn169291 1.56 -1.72 18.204     >18.204  99.990          66.64        35.79   0.118        0.063       
2458753.59294  2458753.59061  2019-09-27.0929366  coadd_br187755 1.46 -1.60 18.699     >18.699  99.990         -51.40        25.36   -0.081       0.040       
2458754.27918  2458754.27680  2019-09-27.7791777  coadd_bn169711 1.57 -1.72 17.858     >17.858  99.990          19.46        49.23   0.034        0.087       
2458754.49140  2458754.48901  2019-09-27.9914042  coadd_bF123075 1.63 -1.80 18.365     >18.365  99.990         -13.42        28.55   -0.026       0.055       
2458754.49140  2458754.48924  2019-09-27.9914039  coadd_bH122885 1.58 -1.84 18.327      18.119  0.301          103.39        28.46   0.205        0.057       
2458755.49876  2458755.49629  2019-09-28.9987682  coadd_bj265284 1.54 -1.76 18.328     >18.328  99.990         -52.61        30.61   -0.097       0.056       
2458756.48460  2458756.48206  2019-09-29.9845998  coadd_bF123810 1.98 -1.80 18.366     >18.366  99.990          52.65        28.52   0.101        0.054       
2458756.48460  2458756.48229  2019-09-29.9845990  coadd_bH123628 1.63 -1.84 18.263     >18.263  99.990          46.49        30.19   0.092        0.060       
2458757.58581  2458757.58319  2019-10-01.0858237  coadd_br189120 1.43 -1.60 17.757     >17.757  99.990        -117.66        60.41   -0.186       0.096       
2458758.57626  2458758.57358  2019-10-02.0762648  coadd_br189318 2.21 -1.60 16.981     >16.981  99.990         249.57       123.44   0.395        0.195       
2458761.58470  2458761.58180  2019-10-05.0847085  coadd_br189801 1.42 -1.60 17.601     >17.601  99.990         128.91        69.71   0.204        0.110       
2458762.57034  2458762.56738  2019-10-06.0703447  coadd_br190085 1.47 -1.60 17.942     >17.942  99.990         -76.83        50.95   -0.122       0.081       
2458763.56950  2458763.56647  2019-10-07.0695062  coadd_br190487 1.46 -1.60 17.896     >17.896  99.990         121.22        53.14   0.192        0.084       
2458764.56499  2458764.56190  2019-10-08.0649989  coadd_br190631 2.12 -1.60 17.703     >17.703  99.990         -73.33        63.49   -0.116       0.100       
2458772.59605  2458772.59246  2019-10-16.0960465  coadd_br193231 1.50 -1.60 17.508     >17.508  99.990        -301.08        75.96   -0.476       0.120       
2458856.03869  2458856.03505  2020-01-07.5386886  coadd_br222616 1.44 -1.60 17.294     >17.294  99.990         229.87        92.56   0.364        0.146       
2458859.03647  2458859.03301  2020-01-10.5364810  coadd_br223852 1.60 -1.60 17.204     >17.204  99.990         213.06       100.54   0.337        0.159       
2458861.02503  2458861.02168  2020-01-12.5250245  coadd_br224467 2.32 -1.60 15.922     >15.922  99.990         105.52       327.22   0.167        0.517       
2458867.02834  2458867.02538  2020-01-18.5283349  coadd_br226062 1.50 -1.60 18.441     >18.441  99.990          48.69        32.18   0.077        0.051       
2458868.04014  2458868.03726  2020-01-19.5401439  coadd_br226527 1.47 -1.60 17.437     >17.437  99.990         211.00        81.14   0.334        0.128       
2458870.03378  2458870.03103  2020-01-21.5337811  coadd_br226839 1.50 -1.60 17.983     >17.983  99.990         -61.65        49.07   -0.097       0.078       
2458880.97241  2458880.97048  2020-02-01.4724086  coadd_br230153 1.57 -1.60 18.730     >18.730  99.990          21.68        24.64   0.034        0.039       
2458881.96816  2458881.96631  2020-02-02.4681615  coadd_br230593 1.51 -1.60 18.084      17.515  0.216          226.45        44.69   0.358        0.071       
2458882.96791  2458882.96614  2020-02-03.4679153  coadd_br231015 1.49 -1.60 18.231     >18.231  99.990         -10.50        39.04   -0.017       0.062       
2458886.95583  2458886.95438  2020-02-07.4558288  coadd_br231297 1.57 -1.60 16.721     >16.721  99.990         237.40       156.79   0.375        0.248       
2458887.95267  2458887.95130  2020-02-08.4526798  coadd_br231719 1.47 -1.60 17.732     >17.732  99.990         111.62        61.80   0.177        0.098       
2458898.59518  2458898.59471  2020-02-19.0951834  coadd_bn202305 1.48 -1.72 17.960     >17.960  99.990         -78.11        44.83   -0.138       0.079       
2458901.88975  2458901.88956  2020-02-22.3897471  coadd_bj310420 1.55 -1.76 18.044     >18.044  99.990          59.92        39.78   0.110        0.073       
2458902.85532  2458902.85521  2020-02-23.3553160  coadd_bj310629 1.53 -1.76 18.243     >18.243  99.990          99.11        33.10   0.183        0.061       
2458904.89918  2458904.89924  2020-02-25.3991885  coadd_br234786 1.52 -1.60 18.891     >18.891  99.990          31.82        21.26   0.050        0.034       
2458905.85530  2458905.85532  2020-02-26.3553042  coadd_bH166763 1.38 -1.84 18.372      18.263  0.330           90.56        27.30   0.180        0.054       
2458905.85530  2458905.85545  2020-02-26.3553052  coadd_bF166618 1.49 -1.80 18.493     >18.493  99.990          73.56        25.39   0.141        0.049       
2458906.91652  2458906.91676  2020-02-27.4165237  coadd_br235448 1.44 -1.60 18.779      18.337  0.243          106.15        23.56   0.168        0.037       
2458907.99865  2458907.99898  2020-02-28.4986505  coadd_br235910 1.54 -1.60 17.344     >17.344  99.990          87.62        88.34   0.139        0.140       
2458909.88206  2458909.88255  2020-03-01.3820601  coadd_bj313224 1.49 -1.76 18.408     >18.408  99.990         -21.62        28.44   -0.040       0.052       
2458910.83618  2458910.83675  2020-03-02.3361814  coadd_bj313570 1.59 -1.76 18.289     >18.289  99.990           7.54        31.72   0.014        0.058       
2458911.82678  2458911.82743  2020-03-03.3267784  coadd_bj313926 1.53 -1.76 18.419     >18.419  99.990         -50.15        28.14   -0.092       0.052       
2458912.57706  2458912.57778  2020-03-04.0770636  coadd_bn205501 1.52 -1.72 18.261     >18.261  99.990         -26.57        33.96   -0.047       0.060       
2458914.88052  2458914.88143  2020-03-06.3805199  coadd_br236843 1.45 -1.60 16.837     >16.837  99.990        -118.74       141.00   -0.188       0.223       
2458916.81543  2458916.81650  2020-03-08.3154296  coadd_bj315745 1.55 -1.76 17.311     >17.311  99.990         179.94        78.14   0.332        0.144       
2458919.87203  2458919.87336  2020-03-11.3720328  coadd_br237834 1.41 -1.60 17.670     >17.670  99.990         -91.25        65.43   -0.144       0.103       
2458920.84015  2458920.84155  2020-03-12.3401456  coadd_bj317251 1.54 -1.76 17.109     >17.109  99.990         164.49        94.09   0.303        0.173       
2458923.79525  2458923.79670  2020-03-15.2952519  coadd_bH173032 1.50 -1.84 17.649     >17.649  99.990         -62.60        53.14   -0.124       0.106       
2458923.79653  2458923.79818  2020-03-15.2965362  coadd_bF172918 1.53 -1.80 17.348     >17.348  99.990         106.93        72.85   0.204        0.139       
2458924.82321  2458924.82494  2020-03-16.3232164  coadd_bj318664 1.53 -1.76 17.893     >17.893  99.990        -208.66        45.70   -0.385       0.084       
2458925.79004  2458925.79185  2020-03-17.2900430  coadd_bj319015 1.53 -1.76 18.043     >18.043  99.990         -60.01        39.81   -0.111       0.073       
2458926.55319  2458926.55506  2020-03-18.0531927  coadd_bn207402 1.65 -1.72 18.404     >18.404  99.990          45.58        29.78   0.081        0.053       
2458927.58732  2458927.58927  2020-03-19.0873222  coadd_bn207814 1.61 -1.72 17.979     >17.979  99.990         -12.25        44.04   -0.022       0.078       
2458928.95712  2458928.95918  2020-03-20.4571190  coadd_br238917 1.44 -1.60 18.981     >18.981  99.990          33.28        19.57   0.053        0.031       
2458930.52350  2458930.52568  2020-03-22.0235003  coadd_bn208857 1.64 -1.72 18.501      18.022  0.235          127.04        27.23   0.225        0.048       
2458959.91569  2458959.91975  2020-04-20.4156868  coadd_br242136 1.50 -1.60 18.966     >18.966  99.990         -18.86        19.83   -0.030       0.031       
2458963.85707  2458963.86131  2020-04-24.3570711  coadd_br243175 1.49 -1.60 18.814     >18.814  99.990         -43.29        22.81   -0.068       0.036       
2458965.91141  2458965.91574  2020-04-26.4114077  coadd_br243882 1.41 -1.60 18.937     >18.937  99.990         -45.20        20.36   -0.071       0.032       
2458967.86846  2458967.87287  2020-04-28.3684560  coadd_br244553 1.45 -1.60 18.691     >18.691  99.990         -49.79        25.55   -0.079       0.040       
2458973.76954  2458973.77417  2020-05-04.2695427  coadd_br245171 1.50 -1.60 17.549     >17.549  99.990         202.23        73.13   0.320        0.116       
2458978.95097  2458978.95573  2020-05-09.4509663  coadd_br246856 1.47 -1.60 16.837     >16.837  99.990         317.02       140.91   0.501        0.223       
2458983.90941  2458983.91428  2020-05-14.4094114  coadd_br247994 1.50 -1.60 18.792     >18.792  99.990           0.66        23.28   0.001        0.037       
2458989.94576  2458989.95071  2020-05-20.4457613  coadd_br249297 1.52 -1.60 18.497     >18.497  99.990          84.17        30.54   0.133        0.048       
2458990.83770  2458990.84266  2020-05-21.3377195  coadd_br249434 1.46 -1.60 19.016     >19.016  99.990         -28.20        18.94   -0.045       0.030       
2458992.85462  2458992.85959  2020-05-23.3546214  coadd_br249886 1.45 -1.60 18.672     >18.672  99.990         -11.59        26.01   -0.018       0.041       
2458993.76304  2458993.76802  2020-05-24.2630488  coadd_br250135 1.42 -1.60 18.753     >18.753  99.990          41.04        24.14   0.065        0.038       
2459000.36579  2459000.37076  2020-05-30.8657942  coadd_bn217249 1.50 -1.72 17.852     >17.852  99.990          27.96        49.50   0.049        0.087       
2459002.68537  2459002.69033  2020-06-02.1853768  coadd_br252600 1.42 -1.60 17.827     >17.827  99.990          -4.30        56.64   -0.007       0.090       
2459008.50849  2459008.51337  2020-06-08.0084878  coadd_bn220407 1.65 -1.72 15.974     >15.974  99.990         -19.86       279.07   -0.035       0.493       
2459020.75904  2459020.76361  2020-06-20.2590497  coadd_br257110 1.45 -1.60 18.088     >18.088  99.990       -1000.10        44.54   -1.582       0.071       
2459035.75956  2459035.76349  2020-07-05.2595609  coadd_br259870 1.47 -1.60 17.330     >17.330  99.990         -31.01        89.49   -0.049       0.142       
2459044.72264  2459044.72607  2020-07-14.2226437  coadd_br262131 1.43 -1.60 18.839     >18.839  99.990          -5.36        22.30   -0.008       0.035       
2459046.81525  2459046.81855  2020-07-16.3152513  coadd_br262670 1.43 -1.60 18.849     >18.849  99.990           4.87        22.10   0.008        0.035       
2459053.37435  2459053.37722  2020-07-22.8743513  coadd_bn231518 1.51 -1.72 18.278     >18.278  99.990         -15.23        33.45   -0.027       0.059       
2459055.43635  2459055.43907  2020-07-24.9363505  coadd_bn232404 1.67 -1.72 17.915     >17.915  99.990         -93.83        46.71   -0.166       0.083       
2459056.32138  2459056.32404  2020-07-25.8213847  coadd_bn232666 1.56 -1.72 18.210     >18.210  99.990          54.38        35.59   0.096        0.063       
2459058.77340  2459058.77588  2020-07-28.2733967  coadd_br264661 1.49 -1.60 18.333     >18.333  99.990         -49.05        35.52   -0.078       0.056       
2459063.21801  2459063.22017  2020-08-01.7180100  coadd_bn235117 1.49 -1.72 17.207     >17.207  99.990           6.30        89.72   0.011        0.159       
2459066.22038  2459066.22231  2020-08-04.7203815  coadd_bn235742 1.57 -1.72 17.852     >17.852  99.990        -108.07        49.53   -0.191       0.088       
2459066.71732  2459066.71921  2020-08-05.2173240  coadd_br267059 1.47 -1.60 17.528     >17.528  99.990         142.76        74.57   0.226        0.118       
2459070.74227  2459070.74384  2020-08-09.2422703  coadd_br268358 1.39 -1.60 18.260     >18.260  99.990          13.31        37.99   0.021        0.060       
2459079.72711  2459079.72796  2020-08-18.2271098  coadd_br270490 1.47 -1.60 17.799     >17.799  99.990          -3.02        58.10   -0.005       0.092       
2459080.69793  2459080.69869  2020-08-19.1979339  coadd_br270823 1.41 -1.60 18.675     >18.675  99.990           2.87        25.94   0.005        0.041       
2459081.71578  2459081.71645  2020-08-20.2157762  coadd_br271194 1.42 -1.60 18.310     >18.310  99.990          91.80        36.30   0.145        0.057       
2459087.69577  2459087.69595  2020-08-26.1957730  coadd_br273169 1.38 -1.60 18.024     >18.024  99.990         -65.95        47.24   -0.104       0.075       
2459091.66631  2459091.66616  2020-08-30.1663121  coadd_br274609 1.46 -1.60 17.362     >17.362  99.990        -138.78        86.89   -0.219       0.137       
2459097.63838  2459097.63773  2020-09-05.1383825  coadd_br276163 1.53 -1.60 18.164     >18.164  99.990           9.05        41.53   0.014        0.066       
2459125.58702  2459125.58420  2020-10-03.0870230  coadd_br277051 1.37 -1.60 17.711     >17.711  99.990         -25.87        63.01   -0.041       0.100       
2459127.58174  2459127.57879  2020-10-05.0817393  coadd_br277493 1.47 -1.60 18.612     >18.612  99.990          36.39        27.47   0.058        0.043       
2459129.57644  2459129.57336  2020-10-07.0764407  coadd_br278306 1.49 -1.60 18.534     >18.534  99.990         -12.51        29.54   -0.020       0.047       
2459132.56647  2459132.56320  2020-10-10.0664743  coadd_br279359 1.55 -1.60 18.373     >18.373  99.990         -13.52        34.26   -0.021       0.054       
2459218.02248  2459218.01866  2021-01-03.5224748  coadd_br308689 1.63 -1.60 17.620     >17.620  99.990         131.75        68.54   0.208        0.108       
2459219.02318  2459219.01941  2021-01-04.5231787  coadd_br309105 1.54 -1.60 17.998     >17.998  99.990          10.56        48.37   0.017        0.076       
2459221.01647  2459221.01282  2021-01-06.5164737  coadd_br309950 1.47 -1.60 18.118     >18.118  99.990         -11.65        43.30   -0.018       0.068       
2459231.98810  2459231.98513  2021-01-17.4881042  coadd_br313514 1.65 -1.60 19.099      18.915  0.308           62.33        17.55   0.099        0.028       
2459232.99484  2459232.99194  2021-01-18.4948435  coadd_br313972 1.58 -1.60 18.868     >18.868  99.990          23.64        21.70   0.037        0.034       
2459238.97603  2459238.97355  2021-01-24.4760325  coadd_br315567 1.50 -1.60 19.154     >19.154  99.990          15.92        16.69   0.025        0.026       
2459239.98685  2459239.98445  2021-01-25.4868554  coadd_br315821 1.46 -1.60 18.842     >18.842  99.990          18.79        22.23   0.030        0.035       
2459241.98251  2459241.98026  2021-01-27.4825130  coadd_br316434 1.73 -1.60 17.668     >17.668  99.990          34.50        65.57   0.055        0.104       
2459245.95897  2459245.95703  2021-01-31.4589846  coadd_br317517 1.47 -1.60 17.578     >17.578  99.990          32.89        71.25   0.052        0.113       
2459246.94883  2459246.94696  2021-02-01.4488325  coadd_br317937 1.50 -1.60 18.270     >18.270  99.990           2.44        37.66   0.004        0.060       
2459251.02155  2459251.02001  2021-02-05.5215593  coadd_br319497 1.46 -1.60 18.536     >18.536  99.990         -80.91        29.48   -0.128       0.047       
2459252.87411  2459252.87272  2021-02-07.3741179  coadd_bF202689 1.44 -1.80 18.062     >18.062  99.990          52.61        37.76   0.101        0.072       
2459252.87412  2459252.87268  2021-02-07.3741177  coadd_bH203062 1.42 -1.84 18.297     >18.297  99.990          16.95        29.25   0.034        0.058       
2459252.94616  2459252.94478  2021-02-07.4461710  coadd_br320244 1.71 -1.60 18.848      18.207  0.202          119.68        22.12   0.189        0.035       
2459253.62146  2459253.62013  2021-02-08.1214605  coadd_bn276793 1.64 -1.72 17.739     >17.739  99.990         -37.48        54.93   -0.066       0.097       
2459253.87350  2459253.87218  2021-02-08.3734993  coadd_bF203017 1.46 -1.80 18.041     >18.041  99.990          29.62        38.51   0.057        0.074       
2459253.87350  2459253.87213  2021-02-08.3734991  coadd_bH203390 1.45 -1.84 18.203     >18.203  99.990         -76.29        31.89   -0.152       0.063       
2459253.95805  2459253.95675  2021-02-08.4580534  coadd_br320681 1.50 -1.60 18.814     >18.814  99.990          17.92        22.81   0.028        0.036       
2459255.93941  2459255.93827  2021-02-10.4394192  coadd_br321513 1.66 -1.60 17.269     >17.269  99.990         164.41        94.69   0.260        0.150       
2459259.85719  2459259.85638  2021-02-14.3571968  coadd_bj354438 1.53 -1.76 18.102     >18.102  99.990         -27.46        37.72   -0.051       0.070       
2459260.85284  2459260.85212  2021-02-15.3528480  coadd_bF205323 1.55 -1.80 18.130     >18.130  99.990          81.16        35.45   0.155        0.068       
2459260.85285  2459260.85204  2021-02-15.3528494  coadd_bH205696 1.40 -1.84 18.533     >18.533  99.990         -17.45        23.54   -0.035       0.047       
2459262.85650  2459262.85595  2021-02-17.3565087  coadd_bj355496 1.57 -1.76 17.580     >17.580  99.990           7.78        60.97   0.014        0.112       
2459263.85645  2459263.85598  2021-02-18.3564541  coadd_bF206316 1.51 -1.80 18.163     >18.163  99.990         -44.67        34.39   -0.085       0.066       
2459263.85645  2459263.85588  2021-02-18.3564540  coadd_bH206689 1.41 -1.84 18.124     >18.124  99.990         -21.80        34.30   -0.043       0.068       
2459267.60120  2459267.60104  2021-02-22.1012047  coadd_bn280533 1.58 -1.72 17.955     >17.955  99.990         -28.80        45.05   -0.051       0.080       
2459267.85087  2459267.85062  2021-02-22.3508747  coadd_bH208081 1.46 -1.84 18.392     >18.392  99.990         -40.57        26.79   -0.081       0.053       
2459270.60616  2459270.60626  2021-02-25.1061549  coadd_bn281563 1.58 -1.72 18.074     >18.074  99.990          17.65        40.34   0.031        0.071       
2459272.88246  2459272.88275  2021-02-27.3824564  coadd_bF208347 1.63 -1.80 17.471     >17.471  99.990        -135.55        65.05   -0.259       0.124       
2459272.88246  2459272.88262  2021-02-27.3824560  coadd_bH209784 1.52 -1.84 17.283     >17.283  99.990        -224.66        74.42   -0.446       0.148       
2459273.89409  2459273.89433  2021-02-28.3940989  coadd_bH210150 1.49 -1.84 17.510     >17.510  99.990         -41.38        60.40   -0.082       0.120       
2459273.89410  2459273.89448  2021-02-28.3940986  coadd_bF208713 1.54 -1.80 17.350     >17.350  99.990         201.56        72.76   0.385        0.139       
2459274.83039  2459274.83085  2021-03-01.3303942  coadd_bF209024 1.48 -1.80 17.075     >17.075  99.990         252.21        93.70   0.482        0.179       
2459274.83039  2459274.83071  2021-03-01.3303930  coadd_bH210461 1.50 -1.84 17.117     >17.117  99.990        -124.78        86.71   -0.248       0.172       
2459275.82944  2459275.82999  2021-03-02.3294471  coadd_bj360192 1.56 -1.76 17.117     >17.117  99.990         166.30        93.42   0.307        0.172       
2459276.84118  2459276.84181  2021-03-03.3411850  coadd_bj360550 1.56 -1.76 17.375     >17.375  99.990          30.41        73.64   0.056        0.136       
2459277.81265  2459277.81337  2021-03-04.3126550  coadd_bj360874 1.59 -1.76 17.435     >17.435  99.990        -143.40        69.71   -0.264       0.129       
2459278.81181  2459278.81261  2021-03-05.3118101  coadd_bj361194 1.50 -1.76 17.624     >17.624  99.990          46.62        58.56   0.086        0.108       
2459280.85372  2459280.85470  2021-03-07.3537215  coadd_br326100 1.49 -1.60 19.020     >19.020  99.990         -41.55        18.88   -0.066       0.030       
2459280.90099  2459280.90196  2021-03-07.4009913  coadd_bj361924 1.54 -1.76 17.721     >17.721  99.990          20.83        53.57   0.038        0.099       
2459281.80834  2459281.80922  2021-03-08.3083425  coadd_bH212805 1.40 -1.84 18.712     >18.712  99.990          10.95        19.96   0.022        0.040       
2459281.80834  2459281.80939  2021-03-08.3083424  coadd_bF211368 1.54 -1.80 18.452     >18.452  99.990        -116.93        26.37   -0.223       0.050       
2459281.83552  2459281.83657  2021-03-08.3355280  coadd_bj362258 1.51 -1.76 18.024     >18.024  99.990          90.72        40.51   0.167        0.075       
2459281.92737  2459281.92843  2021-03-08.4273668  coadd_br326537 1.42 -1.60 18.043     >18.043  99.990         -21.74        46.41   -0.034       0.073       
2459286.85284  2459286.85431  2021-03-13.3528440  coadd_br327621 1.48 -1.60 18.350     >18.350  99.990         -16.66        34.98   -0.026       0.055       
2459291.53507  2459291.53692  2021-03-18.0350687  coadd_bn286217 1.52 -1.72 18.163     >18.163  99.990          58.18        37.16   0.103        0.066       
2459292.90158  2459292.90353  2021-03-19.4015842  coadd_br329031 1.37 -1.60 18.868     >18.868  99.990         -48.34        21.71   -0.076       0.034       
2459294.86155  2459294.86365  2021-03-21.3615547  coadd_bj366339 1.59 -1.76 18.298     >18.298  99.990        -109.79        31.48   -0.202       0.058       
2459294.90856  2459294.91066  2021-03-21.4085562  coadd_br329799 1.43 -1.60 18.877     >18.877  99.990          46.35        21.53   0.073        0.034       
2459295.50231  2459295.50447  2021-03-22.0023077  coadd_bn287326 1.51 -1.72 18.656     >18.656  99.990           9.05        23.62   0.016        0.042       
2459295.77715  2459295.77912  2021-03-22.2771589  coadd_bH217287 1.55 -1.84 18.463     >18.463  99.990        -132.89        25.11   -0.264       0.050       
2459295.77716  2459295.77934  2021-03-22.2771593  coadd_bF215614 1.48 -1.80 18.329     >18.329  99.990         -56.39        29.51   -0.108       0.056       
2459295.79123  2459295.79341  2021-03-22.2912336  coadd_bj366664 1.59 -1.76 18.638     >18.638  99.990          16.85        23.00   0.031        0.042       
2459298.78873  2459298.79090  2021-03-25.2887326  coadd_bH218412 1.41 -1.84 18.108     >18.108  99.990        -120.78        34.80   -0.240       0.069       
2459298.78873  2459298.79114  2021-03-25.2887326  coadd_bF216739 1.58 -1.80 18.164     >18.164  99.990          -6.34        34.36   -0.012       0.066       
2459300.98137  2459300.98394  2021-03-27.4813755  coadd_br331280 1.42 -1.60 18.027     >18.027  99.990         -55.06        47.10   -0.087       0.074       
2459301.85180  2459301.85420  2021-03-28.3518040  coadd_bH219501 1.48 -1.84 17.552     >17.552  99.990         103.41        58.07   0.205        0.115       
2459301.85180  2459301.85443  2021-03-28.3518041  coadd_bF217828 1.44 -1.80 17.172     >17.172  99.990         129.78        85.71   0.248        0.164       
2459301.88527  2459301.88790  2021-03-28.3852715  coadd_br331475 1.66 -1.60 17.146     >17.146  99.990        -202.38       106.04   -0.320       0.168       
2459302.86290  2459302.86537  2021-03-29.3629035  coadd_bH219647 1.53 -1.84 17.331     >17.331  99.990          33.24        71.23   0.066        0.141       
2459302.86290  2459302.86560  2021-03-29.3629033  coadd_bF217974 1.56 -1.80 16.951     >16.951  99.990        -205.31       105.01   -0.392       0.201       
2459302.87936  2459302.88206  2021-03-29.3793694  coadd_br331812 1.44 -1.60 17.488     >17.488  99.990         -78.77        77.41   -0.125       0.122       
2459302.89763  2459302.90034  2021-03-29.3976359  coadd_bj369206 1.67 -1.76 17.034     >17.034  99.990         264.98       100.82   0.489        0.186       
2459304.74877  2459304.75161  2021-03-31.2487814  coadd_bj369893 1.55 -1.76 17.058     >17.058  99.990          91.39        98.64   0.169        0.182       
2459305.75057  2459305.75323  2021-04-01.2505689  coadd_bH220689 1.56 -1.84 17.133     >17.133  99.990          50.11        85.47   0.100        0.170       
2459305.75057  2459305.75348  2021-04-01.2505689  coadd_bF219016 1.58 -1.80 17.210     >17.210  99.990        -267.59        82.78   -0.511       0.158       
2459306.80643  2459306.80941  2021-04-02.3064390  coadd_bj370729 1.52 -1.76 17.474     >17.474  99.990          88.60        67.24   0.163        0.124       
2459308.83821  2459308.84107  2021-04-04.3382100  coadd_bH221832 1.40 -1.84 17.739     >17.739  99.990          81.71        48.92   0.162        0.097       
2459308.83821  2459308.84132  2021-04-04.3382103  coadd_bF220159 1.49 -1.80 17.575     >17.575  99.990          13.48        59.11   0.026        0.113       
2459308.86515  2459308.86827  2021-04-04.3651538  coadd_br333481 1.55 -1.60 18.717     >18.717  99.990         -10.05        24.95   -0.016       0.039       
2459309.47154  2459309.47470  2021-04-04.9715530  coadd_bn291114 1.51 -1.72 18.702     >18.702  99.990         -11.90        22.62   -0.021       0.040       
2459309.72120  2459309.72437  2021-04-05.2212021  coadd_bj371795 1.61 -1.76 18.298     >18.298  99.990         -40.89        31.48   -0.075       0.058       
2459309.78290  2459309.78607  2021-04-05.2828947  coadd_br333779 1.44 -1.60 19.199     >19.199  99.990           5.45        16.00   0.009        0.025       
2459311.51880  2459311.52209  2021-04-07.0188034  coadd_bn291739 1.58 -1.72 18.253     >18.253  99.990          75.67        34.22   0.134        0.060       
2459312.78490  2459312.78827  2021-04-08.2848966  coadd_bj373063 1.53 -1.76 18.144     >18.144  99.990         -40.12        36.29   -0.074       0.067       
2459313.77202  2459313.77545  2021-04-09.2720261  coadd_br335118 1.49 -1.60 18.733     >18.733  99.990          15.00        24.59   0.024        0.039       
2459313.90776  2459313.91120  2021-04-09.4077629  coadd_bj373572 1.59 -1.76 17.854     >17.854  99.990         -68.43        47.37   -0.126       0.087       
2459315.84202  2459315.84557  2021-04-11.3420178  coadd_br335810 1.48 -1.60 18.621     >18.621  99.990          70.62        27.26   0.112        0.043       
2459316.45949  2459316.46308  2021-04-11.9594958  coadd_bn293687 1.49 -1.72 18.264     >18.264  99.990        -174.21        33.88   -0.308       0.060       
2459316.71443  2459316.71777  2021-04-12.2144307  coadd_bH224868 1.40 -1.84 18.281     >18.281  99.990          71.30        29.69   0.142        0.059       
2459316.71443  2459316.71803  2021-04-12.2144303  coadd_bF222867 1.53 -1.80 18.187     >18.187  99.990           3.87        33.65   0.007        0.064       
2459316.72216  2459316.72577  2021-04-12.2221662  coadd_bj374666 1.58 -1.76 18.630     >18.630  99.990          16.64        23.19   0.031        0.043       
2459316.84341  2459316.84703  2021-04-12.3434216  coadd_br336186 1.38 -1.60 18.439     >18.439  99.990         -39.38        32.23   -0.062       0.051       
2459321.50368  2459321.50755  2021-04-17.0036821  coadd_bn295536 1.96 -1.72 18.453     >18.453  99.990          17.06        28.46   0.030        0.050       
2459322.87249  2459322.87644  2021-04-18.3725035  coadd_bj377290 1.57 -1.76 18.175     >18.175  99.990         -18.42        35.24   -0.034       0.065       
2459323.53322  2459323.53720  2021-04-19.0332167  coadd_bn295960 1.51 -1.72 18.736     >18.736  99.990         -86.56        21.93   -0.153       0.039       
2459323.69171  2459323.69570  2021-04-19.1917087  coadd_bj377573 1.60 -1.76 18.530     >18.530  99.990           5.39        25.42   0.010        0.047       
2459323.72862  2459323.73261  2021-04-19.2286219  coadd_bF225642 1.67 -1.80 18.371     >18.371  99.990         -55.32        28.40   -0.106       0.054       
2459323.72862  2459323.73234  2021-04-19.2286222  coadd_bH227643 1.74 -1.84 18.287     >18.287  99.990         -46.35        29.53   -0.092       0.059       
2459325.52889  2459325.53297  2021-04-21.0288927  coadd_bn296383 1.50 -1.72 18.122     >18.122  99.990         -65.78        38.62   -0.116       0.068       
2459326.77130  2459326.77544  2021-04-22.2713155  coadd_bj378644 1.56 -1.76 17.718     >17.718  99.990        -242.68        53.73   -0.447       0.099       
2459328.93877  2459328.94300  2021-04-24.4387741  coadd_br338754 1.44 -1.60 18.553     >18.553  99.990         -38.96        29.01   -0.062       0.046       
2459330.66417  2459330.66849  2021-04-26.1641773  coadd_bj380157 1.54 -1.76 17.256     >17.256  99.990         -57.16        82.19   -0.105       0.152       
2459330.83967  2459330.84372  2021-04-26.3396695  coadd_bH230247 1.92 -1.84 17.506      17.424  0.339          196.13        60.63   0.389        0.120       
2459330.83967  2459330.84399  2021-04-26.3396700  coadd_bF228226 1.61 -1.80 17.031     >17.031  99.990        -204.56        97.58   -0.391       0.186       
2459332.80970  2459332.81410  2021-04-28.3096994  coadd_bj381104 1.53 -1.76 17.256     >17.256  99.990        -287.00        82.21   -0.529       0.152       
2459336.67780  2459336.68235  2021-05-02.1778025  coadd_bF229768 1.57 -1.80 17.646     >17.646  99.990        -117.92        55.40   -0.225       0.106       
2459336.67780  2459336.68208  2021-05-02.1778028  coadd_bH231789 1.43 -1.84 17.566     >17.566  99.990         -10.64        57.34   -0.021       0.114       
2459337.39119  2459337.39576  2021-05-02.8911935  coadd_bn299026 1.54 -1.72 18.710     >18.710  99.990         -35.46        22.46   -0.063       0.040       
2459337.64985  2459337.65416  2021-05-03.1498564  coadd_bH232172 1.43 -1.84 18.751     >18.751  99.990          45.21        19.25   0.090        0.038       
2459337.64985  2459337.65443  2021-05-03.1498571  coadd_bF230151 1.59 -1.80 18.587     >18.587  99.990          11.47        23.29   0.022        0.044       
2459337.67529  2459337.67987  2021-05-03.1752875  coadd_bj382301 1.58 -1.76 18.103     >18.103  99.990         -22.46        37.66   -0.041       0.069       
2459339.54876  2459339.55339  2021-05-05.0487618  coadd_bn299567 1.47 -1.72 17.553     >17.553  99.990          69.42        65.21   0.123        0.115       
2459340.90961  2459340.91429  2021-05-06.4096182  coadd_br340957 1.39 -1.60 18.931     >18.931  99.990         -76.18        20.49   -0.120       0.032       
2459343.54730  2459343.55206  2021-05-09.0473047  coadd_bn300315 1.73 -1.72 18.276      17.882  0.254          144.58        33.50   0.256        0.059       
2459344.44247  2459344.44725  2021-05-09.9424843  coadd_bn300606 1.45 -1.72 19.187     >19.187  99.990          20.40        14.48   0.036        0.026       
2459344.68558  2459344.69036  2021-05-10.1855804  coadd_br341726 1.48 -1.60 19.325     >19.325  99.990        -117.08        14.25   -0.185       0.023       
2459346.53318  2459346.53801  2021-05-12.0331892  coadd_bn301408 1.61 -1.72 18.108     >18.108  99.990          18.41        39.11   0.033        0.069       
2459350.86121  2459350.86611  2021-05-16.3612122  coadd_bj386536 1.62 -1.76 17.765     >17.765  99.990          27.90        51.43   0.051        0.095       
2459351.34853  2459351.35344  2021-05-16.8485348  coadd_bn302377 1.51 -1.72 18.811     >18.811  99.990          53.99        20.47   0.095        0.036       
2459351.61599  2459351.62090  2021-05-17.1159864  coadd_bj386771 1.57 -1.76 18.805     >18.805  99.990         -24.69        19.73   -0.046       0.036       
2459351.65970  2459351.66461  2021-05-17.1597101  coadd_br342787 1.44 -1.60 19.226     >19.226  99.990         -38.14        15.62   -0.060       0.025       
2459351.73269  2459351.73734  2021-05-17.2326937  coadd_bH236564 1.43 -1.84 18.795      17.697  0.132          152.44        18.49   0.303        0.037       
2459351.73269  2459351.73760  2021-05-17.2326929  coadd_bF234543 1.64 -1.80 18.902     >18.902  99.990          31.83        17.42   0.061        0.033       
2459352.74522  2459352.75015  2021-05-18.2452239  coadd_bj387305 1.56 -1.76 17.881     >17.881  99.990         -99.74        46.19   -0.184       0.085       
2459353.77314  2459353.77808  2021-05-19.2731431  coadd_br343522 1.39 -1.60 18.890     >18.890  99.990          -5.45        21.28   -0.009       0.034       
2459357.34918  2459357.35415  2021-05-22.8491817  coadd_bn303351 1.60 -1.72 17.793     >17.793  99.990         -23.13        52.28   -0.041       0.092       
2459357.85124  2459357.85621  2021-05-23.3512409  coadd_bj388436 1.65 -1.76 18.069     >18.069  99.990         -15.86        38.87   -0.029       0.072       
2459358.35115  2459358.35613  2021-05-23.8511543  coadd_bn303775 1.62 -1.72 17.814     >17.814  99.990         111.31        51.26   0.197        0.091       
2459358.58466  2459358.58939  2021-05-24.0846618  coadd_bH238545 1.50 -1.84 18.098     >18.098  99.990          30.02        35.15   0.060        0.070       
2459358.58466  2459358.58964  2021-05-24.0846621  coadd_bF236524 1.54 -1.80 17.767     >17.767  99.990         -29.06        49.53   -0.056       0.095       
2459358.69698  2459358.70195  2021-05-24.1969766  coadd_bj388746 1.58 -1.76 17.814     >17.814  99.990         -97.28        49.16   -0.179       0.091       
2459362.43947  2459362.44445  2021-05-27.9394706  coadd_bn304836 2.05 -1.72 16.976     >16.976  99.990         160.01       110.94   0.283        0.196       
2459365.31447  2459365.31944  2021-05-30.8144755  coadd_bn305204 1.46 -1.72 18.408     >18.408  99.990          -0.71        29.68   -0.001       0.052       
2459365.57404  2459365.57901  2021-05-31.0740453  coadd_bF239019 1.57 -1.80 18.420     >18.420  99.990         -89.46        27.14   -0.171       0.052       
2459365.57532  2459365.58005  2021-05-31.0753171  coadd_bH241038 1.71 -1.84 18.369     >18.369  99.990          26.69        27.37   0.053        0.054       
2459365.62826  2459365.63323  2021-05-31.1282587  coadd_bj391311 1.55 -1.76 18.473     >18.473  99.990          66.17        26.79   0.122        0.049       
2459366.71139  2459366.71636  2021-06-01.2113950  coadd_bj391815 1.53 -1.76 18.043     >18.043  99.990         -20.20        39.80   -0.037       0.073       
2459369.56029  2459369.56501  2021-06-04.0602966  coadd_bH242729 1.40 -1.84 18.290     >18.290  99.990          31.11        29.45   0.062        0.058       
2459369.56029  2459369.56523  2021-06-04.0602966  coadd_bF240713 1.65 -1.80 18.150     >18.150  99.990        -101.74        34.80   -0.194       0.066       
2459372.29869  2459372.30360  2021-06-06.7986916  coadd_bn307110 1.60 -1.72 18.665     >18.665  99.990         -21.29        23.42   -0.038       0.041       
2459372.55105  2459372.55595  2021-06-07.0510508  coadd_bF241899 1.50 -1.80 18.969     >18.969  99.990          30.83        16.38   0.059        0.031       
2459372.55105  2459372.55573  2021-06-07.0510503  coadd_bH243917 1.37 -1.84 18.934     >18.934  99.990         -49.90        16.27   -0.099       0.032       
2459372.57812  2459372.58301  2021-06-07.0781224  coadd_bj394280 1.55 -1.76 18.960     >18.960  99.990          26.26        17.11   0.048        0.032       
2459374.50591  2459374.51078  2021-06-09.0059112  coadd_bn307365 1.51 -1.72 18.116     >18.116  99.990          39.89        38.81   0.071        0.069       
2459375.36921  2459375.37406  2021-06-09.8692159  coadd_bn307574 1.55 -1.72 18.739     >18.739  99.990         -38.00        21.87   -0.067       0.039       
2459377.29596  2459377.30077  2021-06-11.7959640  coadd_bn308339 1.52 -1.72 18.311     >18.311  99.990          59.52        32.45   0.105        0.057       
2459378.46076  2459378.46554  2021-06-12.9607555  coadd_bn308682 1.79 -1.72 17.538     >17.538  99.990        -113.41        66.11   -0.200       0.117       
2459378.82343  2459378.82820  2021-06-13.3234405  coadd_br349149 1.41 -1.60 18.758     >18.758  99.990         -33.49        24.03   -0.053       0.038       
2459379.28133  2459379.28610  2021-06-13.7813310  coadd_bn308904 1.55 -1.72 19.023      18.615  0.250           73.60        16.83   0.130        0.030       
2459379.52886  2459379.53342  2021-06-14.0288596  coadd_bH246839 1.43 -1.84 19.214     >19.214  99.990           8.97        12.58   0.018        0.025       
2459379.52886  2459379.53362  2021-06-14.0288593  coadd_bF244817 1.53 -1.80 19.173     >19.173  99.990         -61.22        13.56   -0.117       0.026       
2459379.55151  2459379.55627  2021-06-14.0515105  coadd_bj397331 1.52 -1.76 18.496     >18.496  99.990        -106.77        26.23   -0.197       0.048       
2459379.69046  2459379.69521  2021-06-14.1904638  coadd_br349349 1.41 -1.60 19.175     >19.175  99.990           8.29        16.36   0.013        0.026       
2459386.25500  2459386.25956  2021-06-20.7550016  coadd_bn310190 1.58 -1.72 17.445     >17.445  99.990         100.97        72.02   0.178        0.127       
2459386.51452  2459386.51891  2021-06-21.0145296  coadd_bH249053 1.43 -1.84 18.031     >18.031  99.990          57.84        37.37   0.115        0.074       
2459386.51453  2459386.51908  2021-06-21.0145287  coadd_bF247029 1.59 -1.80 18.000     >18.000  99.990         -43.74        39.97   -0.084       0.076       
2459386.54645  2459386.55100  2021-06-21.0464532  coadd_bj399615 1.60 -1.76 17.441     >17.441  99.990         123.38        69.33   0.227        0.128       
2459386.68534  2459386.68988  2021-06-21.1853372  coadd_br351265 1.44 -1.60 17.707     >17.707  99.990         185.98        63.25   0.294        0.100       
2459393.49547  2459393.49975  2021-06-27.9954677  coadd_bF249255 1.51 -1.80 18.648     >18.648  99.990          30.29        22.00   0.058        0.042       
2459393.49547  2459393.49961  2021-06-27.9954687  coadd_bH251279 1.46 -1.84 18.699      18.145  0.219          100.88        20.21   0.200        0.040       
2459393.70631  2459393.71058  2021-06-28.2063061  coadd_bj402077 1.57 -1.76 17.432     >17.432  99.990         -49.53        69.89   -0.091       0.129       
2459394.60855  2459394.61264  2021-06-29.1085475  coadd_bH251782 1.40 -1.84 18.018     >18.018  99.990         -36.63        37.81   -0.073       0.075       
2459394.60855  2459394.61278  2021-06-29.1085469  coadd_bF249758 1.53 -1.80 18.044     >18.044  99.990         113.88        38.40   0.218        0.073       
2459396.66944  2459396.67358  2021-07-01.1694373  coadd_bF250627 1.51 -1.80 18.458     >18.458  99.990          71.78        26.21   0.137        0.050       
2459396.66944  2459396.67345  2021-07-01.1694369  coadd_bH252652 1.51 -1.84 18.439     >18.439  99.990          11.99        25.65   0.024        0.051       
2459400.49759  2459400.50155  2021-07-04.9975976  coadd_bF252156 1.57 -1.80 18.627     >18.627  99.990          -0.65        22.43   -0.001       0.043       
2459400.49760  2459400.50143  2021-07-04.9975974  coadd_bH254196 1.41 -1.84 18.811     >18.811  99.990         -44.27        18.22   -0.088       0.036       
2459400.58898  2459400.59293  2021-07-05.0889787  coadd_bj405023 1.56 -1.76 17.604     >17.604  99.990          29.97        59.63   0.055        0.110       
2459400.73266  2459400.73660  2021-07-05.2326633  coadd_br353229 1.51 -1.60 18.779     >18.779  99.990          38.80        23.56   0.061        0.037       
2459401.64759  2459401.65148  2021-07-06.1475877  coadd_bj405493 1.63 -1.76 18.320     >18.320  99.990         -46.13        30.84   -0.085       0.057       
2459403.47868  2459403.48237  2021-07-07.9786832  coadd_bH255385 1.54 -1.84 18.372     >18.372  99.990         -88.87        27.30   -0.176       0.054       
2459403.47868  2459403.48248  2021-07-07.9786835  coadd_bF253332 1.45 -1.80 18.310     >18.310  99.990          43.55        30.03   0.083        0.057       
2459404.83810  2459404.84182  2021-07-09.3380956  coadd_br354016 1.36 -1.60 18.593     >18.593  99.990          31.55        27.97   0.050        0.044       
2459405.81734  2459405.82100  2021-07-10.3173350  coadd_br354302 1.44 -1.60 18.822     >18.822  99.990         -41.09        22.65   -0.065       0.036       
2459407.22452  2459407.22811  2021-07-11.7245174  coadd_bn313256 1.73 -1.72 18.342     >18.342  99.990         -13.87        31.52   -0.025       0.056       
2459407.47862  2459407.48219  2021-07-11.9786228  coadd_bj407712 1.51 -1.76 18.249     >18.249  99.990         -38.16        32.93   -0.070       0.061       
2459407.55223  2459407.55580  2021-07-12.0522295  coadd_bF254815 1.53 -1.80 18.510     >18.510  99.990        -144.10        24.98   -0.275       0.048       
2459407.55223  2459407.55571  2021-07-12.0522295  coadd_bH256868 1.68 -1.84 18.861      18.083  0.178          106.82        17.40   0.212        0.035       
2459408.64992  2459408.65342  2021-07-13.1499204  coadd_bF255280 1.54 -1.80 18.350     >18.350  99.990         -16.05        28.97   -0.031       0.055       
2459408.64992  2459408.65334  2021-07-13.1499199  coadd_bH257333 1.39 -1.84 18.561     >18.561  99.990         -33.39        22.93   -0.066       0.046       
2459410.66574  2459410.66913  2021-07-15.1657430  coadd_bj409137 1.63 -1.76 17.752     >17.752  99.990         -96.38        52.03   -0.178       0.096       
2459412.80256  2459412.80581  2021-07-17.3025556  coadd_br355623 1.45 -1.60 18.700     >18.700  99.990         -59.47        25.33   -0.094       0.040       
2459413.70695  2459413.71014  2021-07-18.2069524  coadd_bj410456 1.59 -1.76 17.334     >17.334  99.990         142.79        76.52   0.263        0.141       
2459414.21269  2459414.21585  2021-07-18.7126885  coadd_bn314942 1.72 -1.72 17.858     >17.858  99.990         -54.38        49.23   -0.096       0.087       
2459414.45448  2459414.45762  2021-07-18.9544788  coadd_bj410690 2.20 -1.76 17.359     >17.359  99.990        -208.47        74.78   -0.384       0.138       
2459414.52945  2459414.53253  2021-07-19.0294533  coadd_bH259722 1.44 -1.84 18.018      17.551  0.237          174.49        37.81   0.347        0.075       
2459414.52945  2459414.53259  2021-07-19.0294533  coadd_bF257669 1.48 -1.80 17.937     >17.937  99.990          64.26        42.36   0.123        0.081       
2459416.59566  2459416.59866  2021-07-21.0956596  coadd_bj411651 1.61 -1.76 17.362     >17.362  99.990         -29.30        74.53   -0.054       0.137       
2459418.60395  2459418.60682  2021-07-23.1039542  coadd_bj412515 1.99 -1.76 17.105     >17.105  99.990        -143.09        94.49   -0.264       0.174       
2459419.51764  2459419.52041  2021-07-24.0176410  coadd_bH261776 2.22 -1.84 17.168     >17.168  99.990          23.29        82.73   0.046        0.164       
2459421.48846  2459421.49110  2021-07-25.9884592  coadd_bH262566 1.57 -1.84 18.599      18.106  0.232          104.61        22.15   0.208        0.044       
2459421.48846  2459421.49112  2021-07-25.9884592  coadd_bF260513 2.05 -1.80 18.686     >18.686  99.990          29.55        21.25   0.056        0.041       
2459423.61709  2459423.61961  2021-07-28.1170917  coadd_bj414634 2.16 -1.76 17.667     >17.667  99.990         105.27        56.29   0.194        0.104       
2459424.64585  2459424.64829  2021-07-29.1458497  coadd_bj415075 1.64 -1.76 17.947     >17.947  99.990         -30.68        43.50   -0.057       0.080       
2459425.56917  2459425.57154  2021-07-30.0691818  coadd_bF262200 1.49 -1.80 18.369      18.225  0.320           97.49        28.45   0.186        0.054       
2459425.56918  2459425.57155  2021-07-30.0691815  coadd_bH264254 1.40 -1.84 18.350     >18.350  99.990         -82.88        27.86   -0.165       0.055       
2459426.41830  2459426.42061  2021-07-30.9183091  coadd_bn317449 1.50 -1.72 18.816      18.549  0.286           78.17        20.38   0.138        0.036       
2459427.40605  2459427.40829  2021-07-31.9060572  coadd_bn317688 1.65 -1.72 18.330     >18.330  99.990          32.57        31.88   0.058        0.056       
2459428.48978  2459428.49194  2021-08-01.9897908  coadd_bj416640 1.69 -1.76 18.645     >18.645  99.990         -60.76        22.86   -0.112       0.042       
2459428.52642  2459428.52857  2021-08-02.0264212  coadd_bF263393 1.49 -1.80 18.765     >18.765  99.990          16.00        19.75   0.031        0.038       
2459428.52642  2459428.52858  2021-08-02.0264210  coadd_bH265447 1.40 -1.84 18.886     >18.886  99.990         -16.10        17.01   -0.032       0.034       
2459432.69069  2459432.69252  2021-08-06.1906901  coadd_br359590 1.40 -1.60 18.768     >18.768  99.990         -68.43        23.81   -0.108       0.038       
2459434.68974  2459434.69142  2021-08-08.1897380  coadd_br360237 1.37 -1.60 18.682     >18.682  99.990          -9.65        25.76   -0.015       0.041       
2459435.47364  2459435.47526  2021-08-08.9736510  coadd_bF265934 1.53 -1.80 18.198     >18.198  99.990          -4.08        33.30   -0.008       0.064       
2459435.47365  2459435.47530  2021-08-08.9736504  coadd_bH267988 1.40 -1.84 18.544     >18.544  99.990         -74.28        23.29   -0.148       0.046       
2459435.53023  2459435.53184  2021-08-09.0302324  coadd_bj419332 1.57 -1.76 18.797     >18.797  99.990           3.49        19.89   0.006        0.037       
2459435.68555  2459435.68714  2021-08-09.1855431  coadd_br360568 1.37 -1.60 18.610      18.031  0.214          140.78        27.54   0.223        0.044       
2459436.58766  2459436.58919  2021-08-10.0876711  coadd_bF266420 1.49 -1.80 18.342     >18.342  99.990         -56.58        29.17   -0.108       0.056       
2459436.58767  2459436.58924  2021-08-10.0876709  coadd_bH268474 1.41 -1.84 18.386     >18.386  99.990         -32.83        26.94   -0.065       0.054       
2459439.59682  2459439.59810  2021-08-13.0968285  coadd_bj421007 1.59 -1.76 18.353     >18.353  99.990          18.63        29.93   0.034        0.055       
2459442.33384  2459442.33490  2021-08-15.8338428  coadd_bn320388 1.46 -1.72 17.789     >17.789  99.990          50.46        52.48   0.089        0.093       
2459444.48754  2459444.48842  2021-08-17.9875452  coadd_bj422447 1.54 -1.76 17.453     >17.453  99.990          -2.16        68.57   -0.004       0.126       
2459448.33264  2459448.33320  2021-08-21.8326388  coadd_bn320939 1.54 -1.72 17.002     >17.002  99.990         177.30       108.28   0.313        0.191       
2459449.27922  2459449.27971  2021-08-22.7792297  coadd_bn321135 1.52 -1.72 16.982     >16.982  99.990         195.04       110.38   0.345        0.195       
2459449.46764  2459449.46811  2021-08-22.9676459  coadd_bF270091 2.00 -1.80 17.425     >17.425  99.990         -62.10        67.87   -0.119       0.130       
2459449.46764  2459449.46822  2021-08-22.9676461  coadd_bH272145 1.65 -1.84 17.617     >17.617  99.990        -103.82        54.74   -0.206       0.109       
2459449.54011  2459449.54057  2021-08-23.0401098  coadd_bj423823 1.57 -1.76 17.349     >17.349  99.990         142.11        75.41   0.262        0.139       
2459449.67011  2459449.67057  2021-08-23.1701237  coadd_br361690 1.38 -1.60 17.459     >17.459  99.990           1.65        79.49   0.003        0.126       
2459452.65755  2459452.65775  2021-08-26.1575505  coadd_br362672 1.38 -1.60 18.565     >18.565  99.990          15.35        28.70   0.024        0.045       
2459453.60075  2459453.60087  2021-08-27.1007537  coadd_bj424667 1.58 -1.76 17.827     >17.827  99.990         -18.68        48.57   -0.034       0.090       
2459456.26958  2459456.26948  2021-08-29.7695875  coadd_bn322556 1.54 -1.72 18.275      18.090  0.308          119.34        33.54   0.211        0.059       
2459456.47644  2459456.47646  2021-08-29.9764435  coadd_bH274065 1.44 -1.84 18.661     >18.661  99.990          -4.96        20.91   -0.010       0.042       
2459456.47644  2459456.47633  2021-08-29.9764440  coadd_bF272011 1.56 -1.80 18.637     >18.637  99.990           8.30        22.23   0.016        0.042       
2459456.51097  2459456.51086  2021-08-30.0109784  coadd_bj425806 1.72 -1.76 18.205     >18.205  99.990          79.82        34.30   0.147        0.063       
2459460.56785  2459460.56754  2021-09-03.0678598  coadd_bH275395 1.44 -1.84 18.172     >18.172  99.990         -81.72        32.83   -0.162       0.065       
2459460.56786  2459460.56740  2021-09-03.0678596  coadd_bF273341 1.54 -1.80 18.094     >18.094  99.990         -57.59        36.64   -0.110       0.070       
2459461.64800  2459461.64746  2021-09-04.1480068  coadd_br364162 1.47 -1.60 18.609     >18.609  99.990          -5.03        27.56   -0.008       0.044       
2459462.56053  2459462.55991  2021-09-05.0605383  coadd_bF274057 1.52 -1.80 17.836     >17.836  99.990         134.24        46.49   0.256        0.089       
2459462.56053  2459462.56006  2021-09-05.0605384  coadd_bH276111 1.38 -1.84 18.381     >18.381  99.990         -50.08        27.07   -0.099       0.054       
2459463.22567  2459463.22499  2021-09-05.7256711  coadd_bn324446 1.69 -1.72 17.825     >17.825  99.990         -69.30        50.76   -0.122       0.090       
2459463.52860  2459463.52790  2021-09-06.0286092  coadd_bj428476 1.55 -1.76 18.627     >18.627  99.990         -41.15        23.25   -0.076       0.043       
2459463.65777  2459463.65705  2021-09-06.1577723  coadd_br364932 1.42 -1.60 18.620     >18.620  99.990          21.62        27.27   0.034        0.043       
2459465.49620  2459465.49550  2021-09-07.9962115  coadd_bH277084 1.53 -1.84 18.497     >18.497  99.990          11.67        24.33   0.023        0.048       
2459465.49621  2459465.49534  2021-09-07.9962114  coadd_bF275030 1.65 -1.80 18.160     >18.160  99.990         -12.60        34.49   -0.024       0.066       
2459470.47417  2459470.47289  2021-09-12.9741722  coadd_bF276600 1.56 -1.80 18.117     >18.117  99.990          63.60        35.88   0.122        0.069       
2459470.47417  2459470.47307  2021-09-12.9741723  coadd_bH278654 1.51 -1.84 17.936     >17.936  99.990         -64.83        40.78   -0.129       0.081       
2459470.60938  2459470.60810  2021-09-13.1093930  coadd_br366924 1.43 -1.60 18.375     >18.375  99.990         -44.16        34.18   -0.070       0.054       
2459472.63441  2459472.63297  2021-09-15.1344248  coadd_br367673 1.40 -1.60 17.589     >17.589  99.990         -89.24        70.50   -0.141       0.111       
2459474.49145  2459474.48986  2021-09-16.9914618  coadd_bF278125 2.00 -1.80 17.891     >17.891  99.990         -65.41        44.19   -0.125       0.084       
2459474.49145  2459474.49006  2021-09-16.9914623  coadd_bH280179 1.52 -1.84 17.678     >17.678  99.990         -41.96        51.75   -0.083       0.103       
2459477.26512  2459477.26331  2021-09-19.7651275  coadd_bn327191 1.61 -1.72 16.822     >16.822  99.990          44.87       127.85   0.079        0.226       
2459477.52805  2459477.52643  2021-09-20.0280594  coadd_bH281193 1.53 -1.84 17.377     >17.377  99.990          39.02        68.25   0.077        0.136       
2459477.52806  2459477.52623  2021-09-20.0280593  coadd_bF279139 1.62 -1.80 16.933     >16.933  99.990          25.25       106.80   0.048        0.204       
2459484.24893  2459484.24659  2021-09-26.7489392  coadd_bn329349 1.49 -1.72 18.052     >18.052  99.990         -85.99        41.19   -0.152       0.073       
2459484.50330  2459484.50094  2021-09-27.0033052  coadd_bF281499 1.53 -1.80 18.263     >18.263  99.990          -2.03        31.38   -0.004       0.060       
2459484.50330  2459484.50117  2021-09-27.0033045  coadd_bH283553 1.47 -1.84 18.117     >18.117  99.990          49.51        34.53   0.098        0.069       
2459484.62542  2459484.62305  2021-09-27.1254240  coadd_br370801 1.44 -1.60 18.333     >18.333  99.990         -62.76        35.54   -0.099       0.056       
2459485.24883  2459485.24641  2021-09-27.7488402  coadd_bn329566 2.07 -1.72 18.161     >18.161  99.990         -57.21        37.24   -0.101       0.066       
2459486.59529  2459486.59278  2021-09-29.0952984  coadd_br371277 1.44 -1.60 18.449      17.967  0.234          149.31        31.94   0.236        0.051       
2459489.22998  2459489.22728  2021-10-01.7299770  coadd_bn330147 1.97 -1.72 16.069     >16.069  99.990         260.01       255.83   0.460        0.452       
2459490.48621  2459490.48366  2021-10-02.9862123  coadd_bH285407 1.67 -1.84 17.399     >17.399  99.990         -58.43        66.88   -0.116       0.133       
2459490.48750  2459490.48472  2021-10-02.9875060  coadd_bF283354 1.99 -1.80 17.535     >17.535  99.990         -62.09        61.34   -0.119       0.117       
2459491.48271  2459491.47985  2021-10-03.9827144  coadd_bF283704 2.04 -1.80 16.823     >16.823  99.990          87.28       118.23   0.167        0.226       
2459491.48271  2459491.48009  2021-10-03.9827146  coadd_bH285758 1.64 -1.84 17.074     >17.074  99.990          17.26        90.27   0.034        0.179       
