###  JD        HJD            UT_date             IMAGE          FWHM  Diff Limit      mag   mag_err       counts     count_err  flux (mJy)    flux_err
2455938.03503  2455938.03952  2012-01-11.5350343  coadd_ba002761 4.06 -1.65 17.753     >17.753  99.990        -297.83        57.87   -0.521       0.101       
2455972.03364  2455972.03844  2012-02-14.5336501  coadd_ba007301 2.10 -1.65 18.372     >18.372  99.990         -61.65        32.71   -0.108       0.057       
2456229.10890  2456229.10822  2012-10-28.6089039  coadd_ba028253 2.44 -1.65 17.890     >17.890  99.990          31.34        51.00   0.055        0.089       
2456233.13955  2456233.13921  2012-11-01.6395575  coadd_ba027094 2.58 -1.65 18.000     >18.000  99.990          52.26        46.10   0.091        0.081       
2456237.09750  2456237.09750  2012-11-05.5975026  coadd_ba025853 2.43 -1.65 18.582     >18.582  99.990         -50.81        26.96   -0.089       0.047       
2456244.11211  2456244.11271  2012-11-12.6121120  coadd_ba024092 2.03 -1.65 18.926     >18.926  99.990          34.70        19.64   0.061        0.034       
2456318.90493  2456318.90977  2013-01-26.4049304  coadd_ba037505 2.10 -1.65 17.516     >17.516  99.990          82.32        72.01   0.144        0.126       
2456325.93245  2456325.93733  2013-02-02.4324519  coadd_ba038717 2.35 -1.65 18.591     >18.591  99.990         -25.63        26.74   -0.045       0.047       
2456329.86751  2456329.87238  2013-02-06.3675107  coadd_ba039612 2.24 -1.65 18.900     >18.900  99.990          11.94        20.12   0.021        0.035       
2456342.82525  2456342.82993  2013-02-19.3252553  coadd_ba040916 2.15 -1.65 18.511     >18.511  99.990         -35.95        28.79   -0.063       0.050       
2456353.87238  2456353.87670  2013-03-02.3723840  coadd_ba042537 2.17 -1.65 18.894     >18.894  99.990          30.37        20.23   0.053        0.035       
2456356.89257  2456356.89677  2013-03-05.3925746  coadd_ba043429 1.91 -1.65 18.445     >18.445  99.990         -42.19        30.61   -0.074       0.054       
2456380.85949  2456380.86231  2013-03-29.3594928  coadd_ba046274 2.70 -1.65 17.566     >17.566  99.990           0.55        68.74   0.001        0.120       
2456388.79746  2456388.79970  2013-04-06.2974563  coadd_ba047532 2.32 -1.65 18.303     >18.303  99.990          -9.63        34.87   -0.017       0.061       
2456389.79781  2456389.79998  2013-04-07.2978075  coadd_ba047816 2.24 -1.65 18.713     >18.713  99.990         -23.64        23.91   -0.041       0.042       
2456395.74789  2456395.74960  2013-04-13.2478959  coadd_ba049105 3.00 -1.65 18.593     >18.593  99.990          14.61        26.70   0.026        0.047       
2456409.79562  2456409.79618  2013-04-27.295625  coadd_ba052531 2.27 -1.65 17.629     >17.629  99.990          18.35        64.85   0.032        0.114       
2456416.79007  2456416.79003  2013-05-04.2900895  coadd_ba054047 2.50 -1.65 18.666     >18.666  99.990         -38.59        24.96   -0.068       0.044       
2456560.13195  2456560.12863  2013-09-24.6319528  coadd_ba084650 2.16 -1.65 17.431     >17.431  99.990         123.44        77.87   0.216        0.136       
2456568.12126  2456568.11848  2013-10-02.6212604  coadd_ba086153 2.12 -1.65 18.391     >18.391  99.990         -99.95        32.17   -0.175       0.056       
2456590.10384  2456590.10294  2013-10-24.6038458  coadd_bd000342 2.03 -2.23 17.877     >17.877  99.990          13.47        30.34   0.040        0.090       
2456593.09584  2456593.09519  2013-10-27.5958407  coadd_bd001150 2.01 -2.23 17.906     >17.906  99.990          41.36        29.52   0.123        0.088       
2456614.98948  2456614.99066  2013-11-18.4894802  coadd_bd005175 1.68 -2.23 17.400     >17.400  99.990          48.35        47.07   0.144        0.140       
2456616.00122  2456616.00249  2013-11-19.5012252  coadd_bd005612 1.67 -2.23 17.756     >17.756  99.990          73.65        33.91   0.219        0.101       
2456624.97391  2456624.97589  2013-11-28.4739162  coadd_bd007644 1.82 -2.23 18.581     >18.581  99.990          12.60        15.86   0.038        0.047       
2456631.95336  2456631.95586  2013-12-05.4533622  coadd_bd008821 1.45 -2.23 18.352     >18.352  99.990          26.94        19.58   0.080        0.058       
2456637.94185  2456637.94477  2013-12-11.4418548  coadd_bd010225 2.83 -2.23 17.748     >17.748  99.990         -89.00        34.16   -0.265       0.102       
2456640.03010  2456640.03316  2013-12-13.5301023  coadd_bd010978 2.92 -2.23 16.701      16.674  0.357          275.48        89.59   0.821        0.267       
2456648.95571  2456648.95931  2013-12-22.4557109  coadd_bd013071 1.73 -2.23 17.516     >17.516  99.990          98.95        42.29   0.295        0.126       
2456652.01406  2456652.01783  2013-12-25.5140641  coadd_bd013725 1.49 -2.23 18.432     >18.432  99.990         -50.48        18.19   -0.150       0.054       
2456656.88407  2456656.88807  2013-12-30.3840721  coadd_bd014776 1.58 -2.23 18.838     >18.838  99.990          -6.76        12.51   -0.020       0.037       
2456674.96565  2456674.97031  2014-01-17.4656473  coadd_bd016768 1.53 -2.23 17.475     >17.475  99.990          95.40        43.91   0.284        0.131       
2456676.93896  2456676.94367  2014-01-19.4389565  coadd_bd017539 1.83 -2.23 18.165     >18.165  99.990         -18.73        23.25   -0.056       0.069       
2456677.98090  2456677.98563  2014-01-20.4809032  coadd_bd017924 2.32 -2.23 18.090     >18.090  99.990         -61.99        24.91   -0.185       0.074       
2456678.97283  2456678.97758  2014-01-21.4728297  coadd_bd018211 2.55 -2.23 18.176     >18.176  99.990         -18.06        23.02   -0.054       0.069       
2456700.92120  2456700.92601  2014-02-12.4211998  coadd_bd020161 1.47 -2.23 17.905     >17.905  99.990          -8.27        29.54   -0.025       0.088       
2456733.77786  2456733.78148  2014-03-17.2774553  coadd_bd021408 1.58 -2.23 17.078     >17.078  99.990          62.06        63.31   0.185        0.189       
2456736.85943  2456736.86287  2014-03-20.3590283  coadd_bd022413 1.47 -2.23 18.283     >18.283  99.990         -35.68        20.86   -0.106       0.062       
2456752.72479  2456752.72716  2014-04-05.2243870  coadd_bd024407 4.03 -2.23 17.110     >17.110  99.990        -290.25        61.44   -0.865       0.183       
2456757.82541  2456757.82739  2014-04-10.3250060  coadd_bd025433 1.46 -2.23 17.845     >17.845  99.990         -38.32        31.22   -0.114       0.093       
2456770.81659  2456770.81752  2014-04-23.3161873  coadd_bd027254 1.54 -2.23 18.656     >18.656  99.990           4.80        14.80   0.014        0.044       
2456787.78769  2456787.78720  2014-05-10.2872835  coadd_bd029764 1.68 -2.23 18.084     >18.084  99.990         -12.04        25.07   -0.036       0.075       
2456788.78211  2456788.78153  2014-05-11.2817025  coadd_bd030097 1.48 -2.23 17.956     >17.956  99.990          30.38        28.20   0.091        0.084       
2456795.77348  2456795.77233  2014-05-18.2730755  coadd_bd030942 1.61 -2.23 18.650     >18.650  99.990          -0.97        14.87   -0.003       0.044       
2456796.77403  2456796.77280  2014-05-19.2736340  coadd_bd031254 1.70 -2.23 18.391     >18.391  99.990         -17.54        18.89   -0.052       0.056       
2456798.76403  2456798.76263  2014-05-21.2636261  coadd_bd031905 2.22 -2.23 18.394     >18.394  99.990           1.59        18.84   0.005        0.056       
2456799.76898  2456799.76750  2014-05-22.2685732  coadd_bd032272 1.87 -2.23 18.526     >18.526  99.990         -11.55        16.67   -0.034       0.050       
2456802.76262  2456802.76090  2014-05-25.2622122  coadd_bd033189 1.63 -2.23 18.479     >18.479  99.990          26.80        17.41   0.080        0.052       
2456807.77429  2456807.77218  2014-05-30.2738898  coadd_bd034535 2.07 -2.23 18.350     >18.350  99.990         -63.10        19.62   -0.188       0.058       
2456811.74974  2456811.74733  2014-06-03.2493351  coadd_bd035780 1.56 -2.23 17.904     >17.904  99.990         -76.11        29.57   -0.227       0.088       
2456815.75221  2456815.74951  2014-06-07.2518090  coadd_bd036983 1.59 -2.23 17.987     >17.987  99.990          52.44        27.39   0.156        0.082       
2456816.78093  2456816.77815  2014-06-08.2805262  coadd_bd037357 1.50 -2.23 17.695     >17.695  99.990        -130.93        35.86   -0.390       0.107       
2456819.74655  2456819.74358  2014-06-11.2461489  coadd_bd038269 2.07 -2.23 17.313     >17.313  99.990          44.05        50.99   0.131        0.152       
2456935.14961  2456935.14694  2014-10-04.6491998  coadd_bd060625 1.73 -2.23 16.587     >16.587  99.990        -113.79        99.51   -0.339       0.297       
2456939.12109  2456939.11872  2014-10-08.6206947  coadd_bd061600 1.73 -2.23 16.900     >16.900  99.990        -103.73        74.60   -0.309       0.222       
2456940.11775  2456940.11546  2014-10-09.6173482  coadd_bd061900 1.66 -2.23 17.621      17.509  0.329          127.68        38.38   0.380        0.114       
2456961.09503  2456961.09444  2014-10-30.5946268  coadd_bd062975 2.08 -2.23 18.196     >18.196  99.990          18.18        22.60   0.054        0.067       
2456962.09668  2456962.09618  2014-10-31.5962802  coadd_bd063190 1.85 -2.23 18.317     >18.317  99.990         -17.55        20.22   -0.052       0.060       
2456967.08350  2456967.08343  2014-11-05.5830899  coadd_bd063617 1.53 -2.23 17.711     >17.711  99.990          71.45        35.34   0.213        0.105       
2456968.08258  2456968.08259  2014-11-06.5821694  coadd_bd063994 1.67 -2.23 17.533     >17.533  99.990         -10.63        41.63   -0.032       0.124       
2456971.04081  2456971.04107  2014-11-09.5404054  coadd_bd064943 1.86 -2.23 17.585     >17.585  99.990          70.98        39.69   0.212        0.118       
2456972.03837  2456972.03872  2014-11-10.5379611  coadd_bd065328 1.75 -2.23 18.007     >18.007  99.990         -12.05        26.91   -0.036       0.080       
2456997.96099  2456997.96345  2014-12-06.4605898  coadd_bd071884 1.75 -2.23 17.194     >17.194  99.990        -130.58        56.87   -0.389       0.169       
2457000.02331  2457000.02592  2014-12-08.5229045  coadd_bd072691 1.50 -2.23 17.689     >17.689  99.990         -50.47        36.06   -0.150       0.107       
2457003.03259  2457003.03542  2014-12-11.5321906  coadd_bd073872 1.52 -2.23 18.181     >18.181  99.990          12.81        22.92   0.038        0.068       
2457005.04268  2457005.04564  2014-12-13.5422759  coadd_bd074687 1.69 -2.23 18.258     >18.258  99.990         -64.54        21.34   -0.192       0.064       
2457009.06284  2457009.06608  2014-12-17.5624393  coadd_bd075983 1.52 -2.23 18.394     >18.394  99.990          -6.95        18.84   -0.021       0.056       
2457010.09991  2457010.10321  2014-12-18.5995028  coadd_bd076414 1.47 -2.23 18.141     >18.141  99.990          65.62        23.79   0.196        0.071       
2457012.14584  2457012.14927  2014-12-20.6454388  coadd_bd077257 1.52 -2.23 18.293      18.003  0.280           80.96        20.68   0.241        0.062       
2457017.91655  2457017.92031  2014-12-26.4161427  coadd_bd078225 1.58 -2.23 18.538     >18.538  99.990         -16.66        16.50   -0.050       0.049       
2457020.91675  2457020.92067  2014-12-29.4163440  coadd_bd078936 1.51 -2.23 18.129     >18.129  99.990          27.35        24.05   0.082        0.072       
2457021.91469  2457021.91866  2014-12-30.4142847  coadd_bd079343 1.53 -2.23 18.545      18.509  0.353           50.82        16.40   0.151        0.049       
2457030.99189  2457030.99626  2015-01-08.4914853  coadd_bd080387 1.49 -2.23 17.728     >17.728  99.990          28.24        34.79   0.084        0.104       
2457032.98304  2457032.98748  2015-01-10.4826373  coadd_bd081223 1.86 -2.23 17.968     >17.968  99.990          44.17        27.88   0.132        0.083       
2457034.98028  2457034.98480  2015-01-12.4798792  coadd_bd081570 1.51 -2.23 18.225     >18.225  99.990          42.79        22.01   0.128        0.066       
2457035.98430  2457035.98885  2015-01-13.4838984  coadd_bd081931 1.57 -2.23 18.415     >18.415  99.990          26.66        18.48   0.079        0.055       
2457037.00174  2457037.00631  2015-01-14.5013347  coadd_bd082362 1.46 -2.23 18.384     >18.384  99.990          28.82        19.01   0.086        0.057       
2457038.09325  2457038.09786  2015-01-15.5928478  coadd_bd083304 1.45 -2.23 18.488     >18.488  99.990         -39.21        17.27   -0.117       0.051       
2457039.96963  2457039.97429  2015-01-17.4692262  coadd_bd084050 1.49 -2.23 18.740     >18.740  99.990          -4.09        13.70   -0.012       0.041       
2457041.97572  2457041.98043  2015-01-19.4753208  coadd_bd084774 1.47 -2.23 18.347     >18.347  99.990         -88.24        19.67   -0.263       0.059       
2457043.96371  2457043.96846  2015-01-21.4633074  coadd_bd085596 1.46 -2.23 18.737     >18.737  99.990          11.04        13.73   0.033        0.041       
2457045.96261  2457045.96739  2015-01-23.4622017  coadd_bd086420 1.48 -2.23 18.550     >18.550  99.990         -17.76        16.31   -0.053       0.049       
2457050.03691  2457050.04175  2015-01-27.5365099  coadd_bd088061 1.48 -2.23 18.330     >18.330  99.990          21.46        19.98   0.064        0.060       
2457051.95837  2457051.96323  2015-01-29.4579672  coadd_bd088648 1.60 -2.23 18.359     >18.359  99.990         -40.99        19.46   -0.122       0.058       
2457054.95388  2457054.95875  2015-02-01.4534740  coadd_bd089702 1.65 -2.23 17.675     >17.675  99.990          70.81        36.53   0.211        0.109       
2457061.98143  2457061.98629  2015-02-08.4810295  coadd_bd090921 2.27 -2.23 18.198     >18.198  99.990           3.86        22.56   0.012        0.067       
2457064.95737  2457064.96220  2015-02-11.4569615  coadd_bd091358 1.60 -2.23 18.416     >18.416  99.990          49.31        18.45   0.147        0.055       
2457069.96418  2457069.96893  2015-02-16.4637700  coadd_bd092479 1.51 -2.23 18.484     >18.484  99.990          35.49        17.34   0.106        0.052       
2457072.86835  2457072.87304  2015-02-19.3679417  coadd_bd093521 1.48 -2.23 18.380     >18.380  99.990          26.31        19.08   0.078        0.057       
2457076.93426  2457076.93885  2015-02-23.4338444  coadd_bd094198 1.45 -2.23 18.398     >18.398  99.990          47.42        18.76   0.141        0.056       
2457078.00191  2457078.00646  2015-02-24.5014890  coadd_bd094590 1.72 -2.23 18.394     >18.394  99.990          12.08        18.83   0.036        0.056       
2457078.90213  2457078.90665  2015-02-25.4017056  coadd_bd094912 1.44 -2.23 18.314     >18.314  99.990         -46.51        20.28   -0.139       0.060       
2457079.79322  2457079.79772  2015-02-26.2928188  coadd_bd095231 1.57 -2.23 16.988     >16.988  99.990         176.86        68.76   0.527        0.205       
2457083.90529  2457083.90964  2015-03-02.4048901  coadd_bd095939 1.50 -2.23 17.551     >17.551  99.990           8.45        40.96   0.025        0.122       
2457095.96855  2457095.97234  2015-03-14.4681489  coadd_bd097607 1.53 -2.23 18.653     >18.653  99.990          -4.85        14.83   -0.014       0.044       
2457097.94859  2457097.95228  2015-03-16.4481924  coadd_bd098271 1.47 -2.23 18.399     >18.399  99.990          -7.30        18.75   -0.022       0.056       
2457100.94239  2457100.94590  2015-03-19.4424035  coadd_bd099215 1.44 -2.23 18.474     >18.474  99.990         -17.37        17.50   -0.052       0.052       
2457103.91178  2457103.91511  2015-03-22.4117964  coadd_bd100047 1.49 -2.23 18.497     >18.497  99.990          35.12        17.13   0.105        0.051       
2457106.90627  2457106.90941  2015-03-25.4062871  coadd_bd101030 1.48 -2.23 18.233     >18.233  99.990         -31.05        21.85   -0.093       0.065       
2457110.74641  2457110.74930  2015-03-29.2464300  coadd_bd102031 1.87 -2.23 18.254     >18.254  99.990         -20.01        21.44   -0.060       0.064       
2457113.73350  2457113.73618  2015-04-01.2335137  coadd_bd103026 1.72 -2.23 17.651     >17.651  99.990         -48.00        37.34   -0.143       0.111       
2457114.89817  2457114.90077  2015-04-02.3981776  coadd_bd103477 1.52 -2.23 17.634     >17.634  99.990         -73.09        37.94   -0.218       0.113       
2457116.88895  2457116.89140  2015-04-04.3889657  coadd_bd103978 1.50 -2.23 16.524     >16.524  99.990           4.94       105.47   0.015        0.314       
2457121.83870  2457121.84078  2015-04-09.3387178  coadd_bd105112 1.51 -2.23 18.506     >18.506  99.990          27.93        16.99   0.083        0.051       
2457122.84919  2457122.85119  2015-04-10.3492015  coadd_bd105450 1.44 -2.23 18.618     >18.618  99.990          -8.26        15.32   -0.025       0.046       
2457127.90242  2457127.90402  2015-04-15.4024283  coadd_bd106559 1.75 -2.23 18.029     >18.029  99.990          -8.15        26.37   -0.024       0.079       
2457130.84923  2457130.85059  2015-04-18.3492410  coadd_bd107100 1.48 -2.23 18.721     >18.721  99.990         -26.40        13.94   -0.079       0.042       
2457132.82569  2457132.82689  2015-04-20.3256981  coadd_bd107759 1.55 -2.23 18.472     >18.472  99.990         -18.26        17.53   -0.054       0.052       
2457136.77819  2457136.77907  2015-04-24.2782065  coadd_bd108709 1.59 -2.23 18.315     >18.315  99.990          34.81        20.25   0.104        0.060       
2457144.82617  2457144.82637  2015-05-02.3261725  coadd_bd110004 1.64 -2.23 17.657     >17.657  99.990          55.98        37.13   0.167        0.111       
2457147.86639  2457147.86634  2015-05-05.3663885  coadd_bd110300 2.62 -2.23 17.426     >17.426  99.990        -132.58        45.92   -0.395       0.137       
2457148.78793  2457148.78780  2015-05-06.2879342  coadd_bd110483 1.52 -2.23 17.879     >17.879  99.990          57.12        30.26   0.170        0.090       
2457151.81243  2457151.81204  2015-05-09.3124335  coadd_bd111397 1.53 -2.23 18.476     >18.476  99.990          -9.24        17.46   -0.028       0.052       
2457157.82256  2457157.82167  2015-05-15.3225885  coadd_bd112758 1.97 -2.23 18.614     >18.614  99.990         -12.59        15.38   -0.038       0.046       
2457161.77469  2457161.77347  2015-05-19.2746942  coadd_bd113487 1.52 -2.23 17.740     >17.740  99.990          17.54        34.41   0.052        0.103       
2457163.77329  2457163.77191  2015-05-21.2733042  coadd_bd114081 1.61 -2.23 18.321     >18.321  99.990          -4.74        20.15   -0.014       0.060       
2457167.75978  2457167.75809  2015-05-25.2598034  coadd_bd114993 1.54 -2.23 18.169     >18.169  99.990         -11.92        23.17   -0.036       0.069       
2457172.74487  2457172.74279  2015-05-30.2448793  coadd_bd115984 2.00 -2.23 17.365     >17.365  99.990         113.75        48.61   0.339        0.145       
2457298.14616  2457298.14334  2015-10-02.6461667  coadd_bd142844 1.72 -2.23 17.168     >17.168  99.990         -95.79        58.26   -0.285       0.174       
2457299.14555  2457299.14280  2015-10-03.6455590  coadd_bd143133 1.58 -2.23 17.252     >17.252  99.990         -41.71        53.94   -0.124       0.161       
2457302.14384  2457302.14130  2015-10-06.6438436  coadd_bd143347 1.53 -2.23 17.700     >17.700  99.990         -55.28        35.68   -0.165       0.106       
2457305.13040  2457305.12808  2015-10-09.6303998  coadd_bd144517 1.45 -2.23 18.412     >18.412  99.990          21.83        18.53   0.065        0.055       
2457308.15150  2457308.14942  2015-10-12.6515068  coadd_bd145326 1.53 -2.23 16.259     >16.259  99.990        -246.85       134.54   -0.736       0.401       
2457309.12445  2457309.12244  2015-10-13.6244466  coadd_bd145720 1.61 -2.23 18.669     >18.669  99.990          32.64        14.62   0.097        0.044       
2457318.10672  2457318.10544  2015-10-22.6067208  coadd_bd148623 1.54 -2.23 18.349     >18.349  99.990         -22.43        19.63   -0.067       0.059       
2457322.09648  2457322.09553  2015-10-26.5964797  coadd_bd150267 1.57 -2.23 17.801     >17.801  99.990         -93.70        32.53   -0.279       0.097       
2457325.11789  2457325.11720  2015-10-29.6178886  coadd_bd151401 1.53 -2.23 17.989     >17.989  99.990         -70.28        27.34   -0.209       0.081       
2457333.10185  2457333.10184  2015-11-06.6018496  coadd_bd153434 1.52 -2.23 18.513     >18.513  99.990          -1.34        16.88   -0.004       0.050       
2457343.03814  2457343.03898  2015-11-16.5381467  coadd_bd155050 1.61 -2.23 18.360     >18.360  99.990          38.97        19.43   0.116        0.058       
2457350.04244  2457350.04387  2015-11-23.5424434  coadd_bd155988 1.56 -2.23 17.990     >17.990  99.990           6.14        27.32   0.018        0.081       
2457356.10991  2457356.11182  2015-11-29.6099087  coadd_bd157086 1.67 -2.23 17.932     >17.932  99.990          81.40        28.84   0.243        0.086       
2457359.09233  2457359.09447  2015-12-02.5923274  coadd_bd158326 1.49 -2.23 18.471     >18.471  99.990          -8.98        17.55   -0.027       0.052       
2457360.99781  2457361.00011  2015-12-04.4978123  coadd_bd159123 1.47 -2.23 18.646     >18.646  99.990         -30.17        14.93   -0.090       0.044       
2457363.08131  2457363.08377  2015-12-06.5813144  coadd_bd160052 1.51 -2.23 18.632     >18.632  99.990          -8.20        15.13   -0.024       0.045       
2457365.98370  2457365.98636  2015-12-09.4837001  coadd_bd161285 1.60 -2.23 18.534     >18.534  99.990          -5.52        16.56   -0.016       0.049       
2457366.99509  2457366.99782  2015-12-10.4950898  coadd_bd161730 2.12 -2.23 18.521     >18.521  99.990         -12.48        16.76   -0.037       0.050       
2457369.96549  2457369.96844  2015-12-13.4654947  coadd_bd162663 1.50 -2.23 18.552     >18.552  99.990          -7.09        16.29   -0.021       0.049       
2457379.93845  2457379.94203  2015-12-23.4384518  coadd_bd164512 1.48 -2.23 17.838     >17.838  99.990          14.39        31.44   0.043        0.094       
2457384.95550  2457384.95936  2015-12-28.4555039  coadd_bd165829 1.63 -2.23 17.229     >17.229  99.990          -0.26        55.09   -0.001       0.164       
2457386.94881  2457386.95277  2015-12-30.4488087  coadd_bd166492 1.62 -2.23 18.145     >18.145  99.990         -40.18        23.69   -0.120       0.071       
2457389.12012  2457389.12419  2016-01-01.6201248  coadd_bd167499 2.04 -2.23 18.554     >18.554  99.990          -4.95        16.25   -0.015       0.048       
2457389.93850  2457389.94261  2016-01-02.4385083  coadd_bd167726 1.47 -2.23 18.712     >18.712  99.990         -28.87        14.05   -0.086       0.042       
2457395.08449  2457395.08881  2016-01-07.5844884  coadd_bd169442 1.52 -2.23 18.323     >18.323  99.990           5.20        20.10   0.016        0.060       
2457396.94905  2457396.95345  2016-01-09.4490498  coadd_bd170210 1.51 -2.23 18.647     >18.647  99.990          14.53        14.92   0.043        0.044       
2457399.03701  2457399.04149  2016-01-11.5370170  coadd_bd171124 1.47 -2.23 18.674     >18.674  99.990          41.24        14.56   0.123        0.043       
2457401.95883  2457401.96340  2016-01-14.4588337  coadd_bd171937 1.47 -2.23 18.946     >18.946  99.990          21.05        11.32   0.063        0.034       
2457403.87524  2457403.87986  2016-01-16.3752412  coadd_bd172718 1.72 -2.23 18.566     >18.566  99.990         -20.99        16.08   -0.063       0.048       
2457404.98265  2457404.98730  2016-01-17.4826533  coadd_bd173235 1.57 -2.23 18.728     >18.728  99.990         -52.46        13.85   -0.156       0.041       
2457405.86572  2457405.87039  2016-01-18.3657193  coadd_bd173578 1.44 -2.23 18.206      18.153  0.348           70.56        22.41   0.210        0.067       
2457407.07815  2457407.08285  2016-01-19.5781517  coadd_bd174173 1.44 -2.23 18.850     >18.850  99.990          -4.21        12.37   -0.013       0.037       
2457407.85812  2457407.86284  2016-01-20.3581187  coadd_bd174436 1.48 -2.23 17.912     >17.912  99.990         -40.40        29.37   -0.120       0.088       
2457409.92499  2457409.92975  2016-01-22.4249961  coadd_bd175324 1.56 -2.23 17.738     >17.738  99.990          81.40        34.47   0.243        0.103       
2457411.87968  2457411.88447  2016-01-24.3796789  coadd_bd176152 1.52 -2.23 17.348     >17.348  99.990          46.52        49.36   0.139        0.147       
2457413.97481  2457413.97964  2016-01-26.4748140  coadd_bd177091 1.49 -2.23 17.774     >17.774  99.990         -54.24        33.34   -0.162       0.099       
2457416.07446  2457416.07931  2016-01-28.5744657  coadd_bd178032 1.51 -2.23 18.036     >18.036  99.990          25.43        26.20   0.076        0.078       
2457417.98790  2457417.99277  2016-01-30.4879062  coadd_bd178796 1.53 -2.23 18.319     >18.319  99.990          52.60        20.17   0.157        0.060       
2457418.84259  2457418.84746  2016-01-31.3425938  coadd_bd179112 1.52 -2.23 19.175     >19.175  99.990          -0.03         9.17   -0.000       0.027       
2457420.93082  2457420.93570  2016-02-02.4308280  coadd_bd180035 1.50 -2.23 18.294      18.261  0.354           63.85        20.65   0.190        0.062       
2457421.94381  2457421.94869  2016-02-03.4438129  coadd_bd180447 1.52 -2.23 18.830     >18.830  99.990          28.35        12.60   0.084        0.038       
2457423.94915  2457423.95403  2016-02-05.4491539  coadd_bd181376 1.50 -2.23 18.316     >18.316  99.990          28.63        20.24   0.085        0.060       
2457427.97994  2457427.98479  2016-02-09.4799416  coadd_bd182549 1.47 -2.23 18.839     >18.839  99.990           1.84        12.50   0.005        0.037       
2457433.97809  2457433.98287  2016-02-15.4780929  coadd_bd184943 1.59 -2.23 18.899     >18.899  99.990          -1.31        11.83   -0.004       0.035       
2457435.01871  2457435.02346  2016-02-16.5187069  coadd_bd185324 1.78 -2.23 18.269     >18.269  99.990         -57.67        21.14   -0.172       0.063       
2457436.84851  2457436.85323  2016-02-18.3485148  coadd_bd185658 1.58 -2.23 18.116     >18.116  99.990          32.73        24.33   0.098        0.073       
2457438.82257  2457438.82725  2016-02-20.3225766  coadd_bd186468 1.49 -2.23 17.798     >17.798  99.990          63.58        32.60   0.189        0.097       
2457440.94609  2457440.95071  2016-02-22.4460885  coadd_bd187400 1.54 -2.23 17.421     >17.421  99.990         -24.50        46.16   -0.073       0.138       
2457442.83507  2457442.83963  2016-02-24.3350695  coadd_bd188123 1.60 -2.23 18.012     >18.012  99.990          68.31        26.77   0.204        0.080       
2457444.92826  2457444.93276  2016-02-26.4282627  coadd_bd188958 1.49 -2.23 18.343     >18.343  99.990           9.43        19.74   0.028        0.059       
2457446.90985  2457446.91429  2016-02-28.4098578  coadd_bd189714 1.47 -2.23 18.278     >18.278  99.990          53.57        20.95   0.160        0.062       
2457447.83226  2457447.83666  2016-02-29.3322640  coadd_bd190016 1.47 -2.23 18.752     >18.752  99.990         -18.11        13.55   -0.054       0.040       
2457450.94478  2457450.94906  2016-03-03.4447856  coadd_bd191304 1.49 -2.23 18.832     >18.832  99.990         -32.62        12.58   -0.097       0.038       
2457453.97615  2457453.98029  2016-03-06.4761476  coadd_bd192565 1.50 -2.23 18.556     >18.556  99.990         -18.47        16.22   -0.055       0.048       
2457455.89317  2457455.89723  2016-03-08.3931709  coadd_bd193314 1.44 -2.23 18.391     >18.391  99.990         -24.34        18.89   -0.073       0.056       
2457458.89386  2457458.89778  2016-03-11.3938658  coadd_bd194156 1.58 -2.23 18.445     >18.445  99.990         -58.02        17.97   -0.173       0.054       
2457461.86281  2457461.86656  2016-03-14.3628099  coadd_bd195222 1.46 -2.23 18.913     >18.913  99.990           0.14        11.68   0.000        0.035       
2457464.84207  2457464.84565  2016-03-17.3420684  coadd_bd196190 1.46 -2.23 18.223     >18.223  99.990         -15.70        22.06   -0.047       0.066       
2457466.77500  2457466.77847  2016-03-19.2749975  coadd_bd196827 1.52 -2.23 17.676      17.637  0.353          113.41        36.47   0.338        0.109       
2457469.73445  2457469.73774  2016-03-22.2344494  coadd_bd197756 2.06 -2.23 17.820     >17.820  99.990          49.42        31.96   0.147        0.095       
2457472.86643  2457472.86952  2016-03-25.3664322  coadd_bd198842 1.43 -2.23 17.859     >17.859  99.990          35.22        30.82   0.105        0.092       
2457476.86594  2457476.86877  2016-03-29.3659460  coadd_bd199589 1.60 -2.23 18.741     >18.741  99.990           3.61        13.68   0.011        0.041       
2457479.86419  2457479.86680  2016-04-01.3641923  coadd_bd200628 1.80 -2.23 18.691     >18.691  99.990          -6.82        14.33   -0.020       0.043       
2457481.83950  2457481.84197  2016-04-03.3395067  coadd_bd201319 1.62 -2.23 18.774     >18.774  99.990         -17.40        13.27   -0.052       0.040       
2457487.83587  2457487.83789  2016-04-09.3358745  coadd_bd202617 1.43 -2.23 18.753     >18.753  99.990           0.51        13.54   0.002        0.040       
2457490.85051  2457490.85229  2016-04-12.3505084  coadd_bd203776 1.57 -2.23 18.712     >18.712  99.990           9.15        14.06   0.027        0.042       
2457493.86296  2457493.86451  2016-04-15.3629619  coadd_bd204844 1.69 -2.23 17.976     >17.976  99.990          60.80        27.67   0.181        0.082       
2457498.85250  2457498.85364  2016-04-20.3524972  coadd_bd206064 1.57 -2.23 17.541     >17.541  99.990          51.53        41.33   0.154        0.123       
2457501.85348  2457501.85437  2016-04-23.3534818  coadd_bd207201 1.50 -2.23 17.895     >17.895  99.990         -71.85        29.84   -0.214       0.089       
2457503.84631  2457503.84704  2016-04-25.3463119  coadd_bd207797 1.49 -2.23 18.131     >18.131  99.990          64.11        23.99   0.191        0.072       
2457505.83944  2457505.83999  2016-04-27.3394396  coadd_bd208533 1.78 -2.23 18.653     >18.653  99.990           1.69        14.84   0.005        0.044       
2457508.83310  2457508.83341  2016-04-30.3331019  coadd_bd209567 1.57 -2.23 18.613     >18.613  99.990          -3.57        15.40   -0.011       0.046       
2457511.82236  2457511.82242  2016-05-03.3223615  coadd_bd210460 1.53 -2.23 18.604     >18.604  99.990          20.70        15.53   0.062        0.046       
2457512.81475  2457512.81472  2016-05-04.3147505  coadd_bd210824 1.66 -2.23 18.879     >18.879  99.990          22.99        12.05   0.069        0.036       
2457523.75004  2457523.74910  2016-05-15.2500423  coadd_bd212851 1.85 -2.23 18.138     >18.138  99.990         -47.43        23.85   -0.141       0.071       
2457528.76699  2457528.76564  2016-05-20.2669989  coadd_bd214121 2.01 -2.23 17.613     >17.613  99.990          40.86        38.67   0.122        0.115       
2457536.74682  2457536.74482  2016-05-28.2468204  coadd_bd216099 1.99 -2.23 18.219     >18.219  99.990           1.82        22.13   0.005        0.066       
2457670.12694  2457670.12460  2016-10-08.6269405  coadd_bd247606 1.48 -2.23 18.585     >18.585  99.990          14.76        15.79   0.044        0.047       
2457689.09344  2457689.09264  2016-10-27.5934435  coadd_bd253932 1.52 -2.23 18.553     >18.553  99.990          19.71        16.26   0.059        0.048       
2457694.11095  2457694.11058  2016-11-01.6109521  coadd_bd255472 1.51 -2.23 18.710     >18.710  99.990          -7.07        14.07   -0.021       0.042       
2457698.08678  2457698.08675  2016-11-05.5867850  coadd_bd257106 1.53 -2.23 18.880     >18.880  99.990         -11.29        12.04   -0.034       0.036       
2457704.04770  2457704.04818  2016-11-11.5477017  coadd_bd259463 1.60 -2.23 18.485     >18.485  99.990         -33.24        17.32   -0.099       0.052       
2457706.04338  2457706.04403  2016-11-13.5433797  coadd_bd260298 1.82 -2.23 17.540     >17.540  99.990         -40.11        41.38   -0.120       0.123       
2457709.07694  2457709.07785  2016-11-16.5769466  coadd_bd261567 2.05 -2.23 17.832     >17.832  99.990         -32.52        31.61   -0.097       0.094       
2457713.09958  2457713.10083  2016-11-20.5995846  coadd_bd262998 1.75 -2.23 18.489     >18.489  99.990          45.63        17.26   0.136        0.051       
2457720.06588  2457720.06769  2016-11-27.5658810  coadd_bd264901 1.47 -2.23 18.835     >18.835  99.990           7.37        12.55   0.022        0.037       
2457736.95839  2457736.96145  2016-12-14.4583879  coadd_bd266964 1.53 -2.23 17.504     >17.504  99.990          58.45        42.77   0.174        0.127       
2457745.15533  2457745.15890  2016-12-22.6553292  coadd_bd267982 1.49 -2.23 18.623     >18.623  99.990          40.53        15.25   0.121        0.045       
2457747.17339  2457747.17708  2016-12-24.6733920  coadd_bd268827 1.63 -2.23 16.833     >16.833  99.990        -107.65        79.32   -0.321       0.236       
2457748.08721  2457748.09095  2016-12-25.5872116  coadd_bd269164 2.30 -2.23 18.720     >18.720  99.990          20.30        13.95   0.061        0.042       
2457752.09628  2457752.10023  2016-12-29.5962825  coadd_bd270191 1.71 -2.23 18.835     >18.835  99.990          25.32        12.55   0.075        0.037       
2457757.03816  2457757.04235  2017-01-03.5381621  coadd_bd271249 1.42 -2.23 18.920     >18.920  99.990         -12.96        11.61   -0.039       0.035       
2457759.89525  2457759.89956  2017-01-06.3952518  coadd_bd272214 1.84 -2.23 18.534     >18.534  99.990          -2.43        16.56   -0.007       0.049       
2457762.08893  2457762.09332  2017-01-08.5889302  coadd_bd272892 1.48 -2.23 18.886     >18.886  99.990           5.96        11.98   0.018        0.036       
2457762.88865  2457762.89308  2017-01-09.3886553  coadd_bd273156 1.49 -2.23 17.822     >17.822  99.990         -75.65        31.91   -0.225       0.095       
2457766.95513  2457766.95969  2017-01-13.4551380  coadd_bd274958 1.56 -2.23 17.864     >17.864  99.990         -29.71        30.70   -0.089       0.091       
2457769.86845  2457769.87309  2017-01-16.3684480  coadd_bd275884 1.71 -2.23 18.107     >18.107  99.990           3.66        24.55   0.011        0.073       
2457773.08290  2457773.08762  2017-01-19.5828965  coadd_bd277152 1.70 -2.23 18.531     >18.531  99.990         -23.01        16.60   -0.069       0.049       
2457774.99232  2457774.99708  2017-01-21.4923259  coadd_bd277934 1.46 -2.23 18.963     >18.963  99.990          -0.97        11.15   -0.003       0.033       
2457778.96377  2457778.96859  2017-01-25.4637725  coadd_bd279101 1.73 -2.23 18.574     >18.574  99.990         -26.35        15.96   -0.079       0.048       
2457782.04108  2457782.04594  2017-01-28.5410863  coadd_bd280417 1.45 -2.23 19.054     >19.054  99.990           1.33        10.26   0.004        0.031       
2457784.98889  2457784.99376  2017-01-31.4888937  coadd_bd281393 1.63 -2.23 18.769     >18.769  99.990           6.14        13.34   0.018        0.040       
2457788.81187  2457788.81675  2017-02-04.311875  coadd_bd282742 1.53 -2.23 18.382     >18.382  99.990          41.23        19.04   0.123        0.057       
2457789.96829  2457789.97316  2017-02-05.4682884  coadd_bd283279 1.50 -2.23 18.631      18.479  0.317           52.24        15.15   0.156        0.045       
2457798.92568  2457798.93047  2017-02-14.4256865  coadd_bd285543 1.62 -2.23 17.859     >17.859  99.990          19.82        30.84   0.059        0.092       
2457800.87322  2457800.87797  2017-02-16.3732241  coadd_bd286247 1.56 -2.23 18.794     >18.794  99.990         -21.53        13.03   -0.064       0.039       
2457803.92338  2457803.92806  2017-02-19.4233837  coadd_bd287461 1.52 -2.23 18.876     >18.876  99.990           4.49        12.08   0.013        0.036       
2457806.75918  2457806.76379  2017-02-22.2591837  coadd_bd288239 1.45 -2.23 18.971     >18.971  99.990          -4.79        11.08   -0.014       0.033       
2457811.85667  2457811.86111  2017-02-27.3566722  coadd_bd289619 1.49 -2.23 18.711     >18.711  99.990          10.01        14.06   0.030        0.042       
2457823.87126  2457823.87518  2017-03-11.3712578  coadd_bd291702 1.52 -2.23 17.264     >17.264  99.990         114.11        53.34   0.340        0.159       
2457825.91713  2457825.92095  2017-03-13.4171359  coadd_bd292208 1.45 -2.23 17.773     >17.773  99.990          75.21        33.37   0.224        0.099       
2457828.96339  2457828.96704  2017-03-16.4633943  coadd_bd293396 1.50 -2.23 17.745      17.629  0.328          114.32        34.23   0.341        0.102       
2457829.91798  2457829.92158  2017-03-17.4179799  coadd_bd293737 1.49 -2.23 18.241     >18.241  99.990           2.15        21.69   0.006        0.065       
2457831.85913  2457831.86261  2017-03-19.3591318  coadd_bd294389 1.62 -2.23 18.625     >18.625  99.990          20.99        15.22   0.063        0.045       
2457832.89268  2457832.89611  2017-03-20.3926877  coadd_bd294806 1.57 -2.23 18.712     >18.712  99.990         -40.55        14.06   -0.121       0.042       
2457835.89309  2457835.89633  2017-03-23.3930944  coadd_bd295946 1.56 -2.23 18.998     >18.998  99.990          15.25        10.80   0.045        0.032       
2457838.93563  2457838.93867  2017-03-26.4356315  coadd_bd296966 1.63 -2.23 18.585     >18.585  99.990         -21.28        15.79   -0.063       0.047       
2457843.91718  2457843.91988  2017-03-31.4171868  coadd_bd298522 1.49 -2.23 18.984     >18.984  99.990          -1.79        10.94   -0.005       0.033       
2457847.80365  2457847.80607  2017-04-04.3036524  coadd_bd299706 1.65 -2.23 18.512     >18.512  99.990         -33.45        16.89   -0.100       0.050       
2457850.90436  2457850.90655  2017-04-07.4043662  coadd_bd300896 1.89 -2.23 17.667     >17.667  99.990           3.25        36.78   0.010        0.110       
2457853.81112  2457853.81308  2017-04-10.3111174  coadd_bd301898 1.64 -2.23 17.122     >17.122  99.990         -83.17        60.78   -0.248       0.181       
2457854.87810  2457854.87999  2017-04-11.3781055  coadd_bd302269 1.51 -2.23 17.290     >17.290  99.990          80.08        52.07   0.239        0.155       
2457855.82591  2457855.82772  2017-04-12.3259123  coadd_bd302557 1.55 -2.23 16.610     >16.610  99.990          76.99        97.40   0.229        0.290       
2457856.88471  2457856.88643  2017-04-13.3847099  coadd_bd302806 1.59 -2.23 18.017     >18.017  99.990         -55.78        26.64   -0.166       0.079       
2457859.80226  2457859.80375  2017-04-16.3022641  coadd_bd303396 1.46 -2.23 18.684      18.520  0.314           50.30        14.42   0.150        0.043       
2457868.85511  2457868.85586  2017-04-25.3551105  coadd_bd304878 1.57 -2.23 18.696     >18.696  99.990         -49.78        14.26   -0.148       0.043       
2457870.81323  2457870.81381  2017-04-27.3132357  coadd_bd305560 1.72 -2.23 18.843     >18.843  99.990         -19.51        12.46   -0.058       0.037       
2457878.78892  2457878.78883  2017-05-05.2889206  coadd_bd306863 1.52 -2.23 18.211     >18.211  99.990          14.76        22.29   0.044        0.066       
2457879.77382  2457879.77365  2017-05-06.2738221  coadd_bd307213 1.66 -2.23 18.052     >18.052  99.990          -1.42        25.80   -0.004       0.077       
2457883.80240  2457883.80189  2017-05-10.3024059  coadd_bd308459 1.44 -2.23 17.962     >17.962  99.990          23.84        28.04   0.071        0.084       
2457889.78513  2457889.78412  2017-05-16.2851304  coadd_bd309666 1.46 -2.23 18.754     >18.754  99.990         -10.78        13.52   -0.032       0.040       
2457893.75564  2457893.75431  2017-05-20.2556479  coadd_bd310898 2.02 -2.23 18.605     >18.605  99.990         -13.46        15.51   -0.040       0.046       
2457895.76233  2457895.76083  2017-05-22.2623320  coadd_bd311604 1.61 -2.23 18.478     >18.478  99.990          -9.89        17.43   -0.029       0.052       
2457898.74945  2457898.74772  2017-05-25.2494521  coadd_bd312488 1.60 -2.23 18.619     >18.619  99.990          10.25        15.30   0.031        0.046       
2457899.75033  2457899.74851  2017-05-26.2503303  coadd_bd312822 1.54 -2.23 18.473     >18.473  99.990         -37.09        17.51   -0.111       0.052       
2458033.14375  2458033.14125  2017-10-06.6437535  coadd_bd347534 1.70 -2.23 17.566     >17.566  99.990          -2.20        40.39   -0.007       0.120       
2458034.13162  2458034.12919  2017-10-07.6316237  coadd_bd347897 1.65 -2.23 17.824     >17.824  99.990          19.24        31.84   0.057        0.095       
2458046.12115  2458046.11966  2017-10-19.6211568  coadd_bd349894 2.16 -2.23 18.402     >18.402  99.990         -49.99        18.69   -0.149       0.056       
2458054.09363  2458054.09281  2017-10-27.5936322  coadd_bd350871 1.58 -2.23 18.671     >18.671  99.990         -53.43        14.59   -0.159       0.043       
2458055.08943  2458055.08870  2017-10-28.5894378  coadd_bd351276 1.52 -2.23 18.508     >18.508  99.990          32.34        16.97   0.096        0.051       
2458056.08910  2458056.08845  2017-10-29.5891055  coadd_bd351682 1.50 -2.23 18.794     >18.794  99.990           9.40        13.03   0.028        0.039       
2458057.08493  2458057.08436  2017-10-30.5849413  coadd_bd352076 1.63 -2.23 18.662     >18.662  99.990          25.93        14.71   0.077        0.044       
2458058.11951  2458058.11903  2017-10-31.6195082  coadd_bd352223 1.49 -2.23 18.303     >18.303  99.990         -62.08        20.49   -0.185       0.061       
2458060.08004  2458060.07973  2017-11-02.5800449  coadd_bd352663 1.71 -2.23 17.920     >17.920  99.990          85.04        29.14   0.253        0.087       
2458061.09123  2458061.09101  2017-11-03.5912390  coadd_bd353091 1.56 -2.23 17.676     >17.676  99.990          65.02        36.48   0.194        0.109       
2458064.06416  2458064.06419  2017-11-06.5641648  coadd_bd354525 1.56 -2.23 17.893     >17.893  99.990         -51.32        29.87   -0.153       0.089       
2458065.08250  2458065.08262  2017-11-07.5825057  coadd_bd354801 1.50 -2.23 17.830     >17.830  99.990         -38.71        31.67   -0.115       0.094       
2458066.08997  2458066.09018  2017-11-08.5899818  coadd_bd355159 1.46 -2.23 17.632     >17.632  99.990          85.63        38.00   0.255        0.113       
2458067.11289  2458067.11318  2017-11-09.6128877  coadd_bd355589 1.45 -2.23 18.263     >18.263  99.990         -51.37        21.25   -0.153       0.063       
2458068.12353  2458068.12391  2017-11-10.6235293  coadd_bd356016 1.49 -2.23 18.304     >18.304  99.990          14.46        20.46   0.043        0.061       
2458070.14702  2458070.14757  2017-11-12.6470355  coadd_bd356271 1.52 -2.23 18.441     >18.441  99.990         -42.13        18.04   -0.126       0.054       
2458071.15783  2458071.15847  2017-11-13.6578325  coadd_bd356703 1.64 -2.23 17.198     >17.198  99.990        -154.87        56.70   -0.462       0.169       
2458112.08714  2458112.09081  2017-12-24.5871416  coadd_bd364158 1.46 -2.23 18.978     >18.978  99.990           7.75        10.99   0.023        0.033       
2458114.02678  2458114.03056  2017-12-26.5267774  coadd_bd364701 1.50 -2.23 18.878     >18.878  99.990           2.37        12.06   0.007        0.036       
2458116.91842  2458116.92235  2017-12-29.4184231  coadd_bd365241 1.53 -2.23 18.353     >18.353  99.990          26.98        19.56   0.080        0.058       
2458118.15454  2458118.15854  2017-12-30.6545451  coadd_bd365759 1.46 -2.23 18.905     >18.905  99.990          18.89        11.76   0.056        0.035       
2458118.91876  2458118.92279  2017-12-31.4187606  coadd_bd365962 1.49 -2.23 17.412     >17.412  99.990         -62.60        46.55   -0.187       0.139       
2458120.96983  2458120.97396  2018-01-02.4698326  coadd_bd366735 1.52 -2.23 17.250     >17.250  99.990         -58.72        54.04   -0.175       0.161       
2458154.04075  2458154.04563  2018-02-04.5407579  coadd_bd376440 1.52 -2.23 17.564      17.402  0.315          140.81        40.45   0.420        0.121       
2458162.00834  2458162.01316  2018-02-12.50835  coadd_bd377923 1.48 -2.23 18.899     >18.899  99.990           7.89        11.83   0.024        0.035       
2458169.80291  2458169.80758  2018-02-20.3029247  coadd_bd378748 1.41 -2.23 18.744     >18.744  99.990          21.32        13.64   0.064        0.041       
2458183.90772  2458183.91190  2018-03-06.4077319  coadd_bd379943 2.43 -2.23 18.529     >18.529  99.990         -28.74        16.64   -0.086       0.050       
2458185.98372  2458185.98780  2018-03-08.4837218  coadd_bd380766 1.55 -2.23 18.270     >18.270  99.990          50.65        21.11   0.151        0.063       
2458187.88146  2458187.88544  2018-03-10.3814567  coadd_bd381329 1.45 -2.23 18.621     >18.621  99.990         -10.88        15.28   -0.032       0.046       
2458220.79826  2458220.80009  2018-04-12.2982652  coadd_bd385202 1.43 -2.23 18.455     >18.455  99.990          21.70        17.81   0.065        0.053       
2458221.84788  2458221.84962  2018-04-13.3478802  coadd_bd385570 1.58 -2.23 18.922      18.863  0.346           36.68        11.59   0.109        0.035       
2458225.82647  2458225.82790  2018-04-17.3264775  coadd_bd386278 1.47 -2.23 17.640     >17.640  99.990         -16.39        37.72   -0.049       0.112       
2458229.76998  2458229.77108  2018-04-21.2699788  coadd_bd387243 1.55 -2.23 17.703     >17.703  99.990         -25.32        35.58   -0.075       0.106       
2458232.77835  2458232.77921  2018-04-24.2783635  coadd_bd388321 1.54 -2.23 18.181     >18.181  99.990          22.79        22.92   0.068        0.068       
2458235.76659  2458235.76720  2018-04-27.2665921  coadd_bd389148 1.47 -2.23 17.410     >17.410  99.990          13.63        46.63   0.041        0.139       
2458252.74699  2458252.74617  2018-05-14.2469940  coadd_bd391631 1.43 -2.23 18.020     >18.020  99.990         -48.82        26.59   -0.145       0.079       
2458254.79693  2458254.79594  2018-05-16.2969365  coadd_bd392201 1.50 -2.23 18.130     >18.130  99.990          57.39        24.01   0.171        0.072       
2458257.73970  2458257.73847  2018-05-19.2396993  coadd_bd392696 1.51 -2.23 17.912     >17.912  99.990          -1.70        29.36   -0.005       0.087       
2458260.74719  2458260.74571  2018-05-22.2471880  coadd_bd393652 1.50 -2.23 17.011     >17.011  99.990          64.35        67.33   0.192        0.201       
2458261.74497  2458261.74341  2018-05-23.2449798  coadd_bd394000 1.58 -2.23 17.893     >17.893  99.990          28.27        29.89   0.084        0.089       
2458394.14659  2458394.14378  2018-10-02.6465922  coadd_bd425990 1.47 -2.23 16.732     >16.732  99.990        -186.25        87.08   -0.555       0.259       
2458397.14030  2458397.13770  2018-10-05.6403002  coadd_bd426743 1.61 -2.23 17.257     >17.257  99.990        -178.86        53.68   -0.533       0.160       
2458401.14740  2458401.14511  2018-10-09.6474035  coadd_bd427059 1.79 -2.23 16.964     >16.964  99.990          46.71        70.29   0.139        0.209       
2458402.12998  2458402.12776  2018-10-10.6299854  coadd_bd427435 1.45 -2.23 18.603     >18.603  99.990          -7.80        15.54   -0.023       0.046       
2458417.10561  2458417.10460  2018-10-25.6056091  coadd_bd430768 1.52 -2.23 17.862     >17.862  99.990          31.87        30.75   0.095        0.092       
2458436.09091  2458436.09153  2018-11-13.5909167  coadd_bd435353 1.50 -2.23 18.757     >18.757  99.990           2.73        13.48   0.008        0.040       
2458446.04176  2458446.04321  2018-11-23.5417642  coadd_bd437700 1.46 -2.23 17.607     >17.607  99.990          23.31        38.87   0.069        0.116       
2458449.05152  2458449.05321  2018-11-26.5515307  coadd_bd439000 1.41 -2.23 17.891     >17.891  99.990         -89.64        29.94   -0.267       0.089       
2458452.13715  2458452.13908  2018-11-29.6371506  coadd_bd440362 1.45 -2.23 18.605     >18.605  99.990         -10.25        15.50   -0.031       0.046       
