###  JD        HJD            UT_date             IMAGE          FWHM  Diff Limit      mag   mag_err       counts     count_err  flux (mJy)    flux_err
2458043.91596  2458043.92039  2017-10-17.4159667  coadd_bs008077 2.25 -1.49 19.243     >19.243  99.990          18.36        16.91   0.026        0.024       
2458048.88561  2458048.89028  2017-10-22.3856122  coadd_bs005206 2.09 -1.49 19.335     >19.335  99.990         -23.15        15.54   -0.033       0.022       
2458050.79747  2458050.80224  2017-10-24.2974815  coadd_bs005610 1.74 -1.49 19.412     >19.412  99.990         -23.56        14.49   -0.034       0.021       
2458051.78122  2458051.78603  2017-10-25.2812313  coadd_bs005938 1.54 -1.49 19.115     >19.115  99.990          43.56        19.04   0.063        0.027       
2458052.78120  2458052.78605  2017-10-26.2812093  coadd_bs006393 1.92 -1.49 18.995     >18.995  99.990         -72.51        21.26   -0.104       0.031       
2458053.79779  2458053.80269  2017-10-27.2977998  coadd_bs008574 1.80 -1.49 19.177     >19.177  99.990         -22.06        17.98   -0.032       0.026       
2458054.80400  2458054.80893  2017-10-28.3040052  coadd_bs009003 1.82 -1.49 18.951     >18.951  99.990         -57.93        22.14   -0.083       0.032       
2458055.68249  2458055.68746  2017-10-29.1824884  coadd_bs009363 1.54 -1.49 18.548     >18.548  99.990         -89.26        32.08   -0.128       0.046       
2458056.67150  2458056.67650  2017-10-30.1715030  coadd_bs009813 1.61 -1.49 18.432     >18.432  99.990          11.57        35.71   0.017        0.051       
2458058.73341  2458058.73848  2017-11-01.2334178  coadd_bs010490 1.51 -1.49 17.838     >17.838  99.990         -48.35        61.69   -0.069       0.089       
2458059.76221  2458059.76732  2017-11-02.2622123  coadd_bs010952 1.58 -1.49 18.046     >18.046  99.990         -50.29        50.96   -0.072       0.073       
2458066.90630  2458066.91160  2017-11-09.4063136  coadd_bs013206 2.38 -1.49 18.351     >18.351  99.990           8.94        38.48   0.013        0.055       
2458067.92920  2458067.93451  2017-11-10.4291993  coadd_bs013562 1.53 -1.49 18.614     >18.614  99.990         -93.14        30.20   -0.134       0.043       
2458068.93991  2458068.94524  2017-11-11.4399187  coadd_bs014031 1.52 -1.49 18.524     >18.524  99.990          48.62        32.81   0.070        0.047       
2458069.92850  2458069.93384  2017-11-12.4285019  coadd_bs014491 1.48 -1.49 18.639     >18.639  99.990           8.67        29.52   0.012        0.042       
2458074.81293  2458074.81833  2017-11-17.3129343  coadd_bs015984 1.57 -1.49 19.175     >19.175  99.990           1.44        18.01   0.002        0.026       
2458075.79801  2458075.80341  2017-11-18.2980074  coadd_bs016447 1.55 -1.49 19.199     >19.199  99.990         -13.67        17.62   -0.020       0.025       
2458077.80498  2458077.81040  2017-11-20.3049864  coadd_bs017346 2.11 -1.49 19.026     >19.026  99.990         -27.79        20.66   -0.040       0.030       
2458079.78801  2458079.79343  2017-11-22.2880164  coadd_bs017909 1.80 -1.49 18.924     >18.924  99.990         -45.53        22.69   -0.065       0.033       
2458080.74283  2458080.74824  2017-11-23.2428293  coadd_bs018350 1.74 -1.49 19.337     >19.337  99.990         -44.46        15.52   -0.064       0.022       
2458081.73964  2458081.74504  2017-11-24.2396383  coadd_bs018825 1.52 -1.49 19.006     >19.006  99.990         -10.87        21.05   -0.016       0.030       
2458082.74328  2458082.74868  2017-11-25.2432806  coadd_bs019189 1.62 -1.49 18.434     >18.434  99.990          31.95        35.65   0.046        0.051       
2458083.62486  2458083.63026  2017-11-26.1248626  coadd_bs019542 1.52 -1.49 18.657     >18.657  99.990         -99.09        29.02   -0.142       0.042       
2458084.60688  2458084.61226  2017-11-27.1068777  coadd_bs019985 1.57 -1.49 18.671     >18.671  99.990         -61.15        28.65   -0.088       0.041       
2458085.64805  2458085.65343  2017-11-28.1480545  coadd_bs020496 1.69 -1.49 18.734     >18.734  99.990         -28.53        27.05   -0.041       0.039       
2458112.68311  2458112.68761  2017-12-25.1831146  coadd_bs028655 1.72 -1.49 18.727     >18.727  99.990           8.44        27.21   0.012        0.039       
2458124.68081  2458124.68458  2018-01-06.1808127  coadd_bs033178 1.44 -1.49 19.070     >19.070  99.990          17.26        19.84   0.025        0.029       
2458125.70555  2458125.70925  2018-01-07.2055512  coadd_bs033676 1.69 -1.49 18.394     >18.394  99.990         -53.88        36.98   -0.077       0.053       
2458126.73948  2458126.74311  2018-01-08.2394856  coadd_bs034073 1.64 -1.49 18.780     >18.780  99.990         -53.25        25.93   -0.077       0.037       
2458127.69167  2458127.69523  2018-01-09.1916853  coadd_bs034513 1.48 -1.49 18.208     >18.208  99.990         -35.21        43.88   -0.051       0.063       
2458128.69585  2458128.69934  2018-01-10.1958537  coadd_bs034994 1.47 -1.49 19.125     >19.125  99.990         -27.89        18.86   -0.040       0.027       
2458129.70727  2458129.71068  2018-01-11.2072766  coadd_bs035411 2.42 -1.49 18.559     >18.559  99.990          24.75        31.77   0.036        0.046       
2458130.65815  2458130.66149  2018-01-12.1581561  coadd_bs035561 1.47 -1.49 18.911     >18.911  99.990          33.85        22.98   0.049        0.033       
2458132.64679  2458132.64997  2018-01-14.1467939  coadd_bs036015 1.50 -1.49 19.052     >19.052  99.990          14.83        20.17   0.021        0.029       
2458133.67697  2458133.68008  2018-01-15.1769768  coadd_bs036513 1.40 -1.49 18.897     >18.897  99.990         -17.03        23.26   -0.024       0.033       
2458137.60206  2458137.60485  2018-01-19.1020600  coadd_bs037126 1.58 -1.49 19.211     >19.211  99.990         -50.79        17.42   -0.073       0.025       
2458138.62594  2458138.62865  2018-01-20.1259400  coadd_bs037605 1.46 -1.49 19.048     >19.048  99.990          -0.91        20.24   -0.001       0.029       
2458139.60691  2458139.60954  2018-01-21.1069142  coadd_bs038061 1.59 -1.49 18.996     >18.996  99.990           6.21        21.25   0.009        0.031       
2458141.65227  2458141.65473  2018-01-23.1522765  coadd_bs038697 1.60 -1.49 18.437     >18.437  99.990         -17.38        35.55   -0.025       0.051       
2458142.70961  2458142.71198  2018-01-24.2096104  coadd_bs039213 1.69 -1.49 18.663     >18.663  99.990          52.30        28.86   0.075        0.041       
2458143.68771  2458143.68999  2018-01-25.1877126  coadd_bs039665 1.49 -1.49 18.691     >18.691  99.990         -16.99        28.12   -0.024       0.040       
2458146.72475  2458146.72677  2018-01-28.2247593  coadd_bs041102 1.69 -1.49 17.797     >17.797  99.990         128.43        64.09   0.184        0.092       
2458153.64504  2458153.64643  2018-02-04.1450413  coadd_bs043046 1.62 -1.49 19.113     >19.113  99.990         -29.17        19.07   -0.042       0.027       
2458154.62264  2458154.62394  2018-02-05.1226430  coadd_bs043442 1.58 -1.49 19.217     >19.217  99.990          27.80        17.33   0.040        0.025       
2458155.59983  2458155.60104  2018-02-06.0998318  coadd_bs043883 1.57 -1.49 19.176     >19.176  99.990          20.02        18.00   0.029        0.026       
2458156.59207  2458156.59319  2018-02-07.0920724  coadd_bs044317 1.57 -1.49 18.841      18.410  0.245          109.35        24.50   0.157        0.035       
2458157.61233  2458157.61335  2018-02-08.1123351  coadd_bs044600 1.72 -1.49 18.849     >18.849  99.990         -32.12        24.31   -0.046       0.035       
2458173.65493  2458173.65442  2018-02-24.1549305  coadd_bs050043 1.51 -1.49 18.296     >18.296  99.990         -68.40        40.46   -0.098       0.058       
2458184.66418  2458184.66265  2018-03-07.1641831  coadd_bs053844 1.50 -1.49 18.883     >18.883  99.990         -41.36        23.57   -0.059       0.034       
2458191.58142  2458191.57926  2018-03-14.0814171  coadd_bs055552 1.79 -1.49 18.229      17.956  0.284          166.13        43.04   0.239        0.062       
2458193.60128  2458193.59895  2018-03-16.1012800  coadd_bs055781 1.70 -1.49 18.763     >18.763  99.990          -6.08        26.32   -0.009       0.038       
2458194.63912  2458194.63670  2018-03-17.1391211  coadd_bs056171 1.61 -1.49 18.231     >18.231  99.990          66.33        42.98   0.095        0.062       
2458196.60079  2458196.59820  2018-03-19.1007923  coadd_bs056432 1.56 -1.49 18.037     >18.037  99.990          92.92        51.36   0.133        0.074       
2458197.60430  2458197.60162  2018-03-20.1042996  coadd_bs056755 2.08 -1.49 18.208     >18.208  99.990         -69.41        43.90   -0.100       0.063       
2458202.58281  2458202.57974  2018-03-25.0828141  coadd_bs058534 1.68 -1.49 17.686     >17.686  99.990        -134.91        71.02   -0.194       0.102       
2458320.94319  2458320.94028  2018-07-21.4431927  coadd_bs086555 1.63 -1.49 18.939     >18.939  99.990         -12.79        22.39   -0.018       0.032       
2458325.94914  2458325.94664  2018-07-26.4491476  coadd_bs088097 1.50 -1.49 17.135     >17.135  99.990          43.72       117.91   0.063        0.169       
2458335.95299  2458335.95120  2018-08-05.4529929  coadd_br090517 1.49 -1.65 18.327     >18.327  99.990         -46.46        34.02   -0.077       0.057       
2458337.95527  2458337.95365  2018-08-07.4552712  coadd_br091226 1.42 -1.65 18.515     >18.515  99.990         -46.96        28.61   -0.078       0.048       
2458359.95480  2458359.95537  2018-08-29.4548041  coadd_bs095262 1.60 -1.49 18.001     >18.001  99.990        -133.08        53.13   -0.191       0.076       
2458362.91049  2458362.91111  2018-09-01.4104857  coadd_br096474 1.49 -1.65 17.988     >17.988  99.990           4.67        46.47   0.008        0.077       
2458371.90968  2458371.91112  2018-09-10.4096925  coadd_br097459 1.44 -1.65 18.707     >18.707  99.990        -102.76        23.97   -0.171       0.040       
2458384.79422  2458384.79674  2018-09-23.2942204  coadd_br099406 1.48 -1.65 18.030     >18.030  99.990          69.48        44.74   0.115        0.074       
2458385.83352  2458385.83636  2018-09-24.3335244  coadd_bs099631 1.62 -1.49 17.992     >17.992  99.990        -149.72        53.57   -0.215       0.077       
2458385.98615  2458385.98877  2018-09-24.4861599  coadd_br099968 1.46 -1.65 18.276     >18.276  99.990        -116.05        35.64   -0.193       0.059       
2458386.85865  2458386.86157  2018-09-25.3586504  coadd_bs100061 1.50 -1.49 17.791      17.781  0.362          195.14        64.42   0.280        0.093       
2458391.88046  2458391.88353  2018-09-30.3804583  coadd_br101607 1.47 -1.65 18.333     >18.333  99.990          -3.62        33.84   -0.006       0.056       
2458393.92036  2458393.92381  2018-10-02.4203694  coadd_bs101772 1.50 -1.49 18.572     >18.572  99.990         -25.90        31.39   -0.037       0.045       
2458401.93704  2458401.94104  2018-10-10.4370434  coadd_bs103426 1.48 -1.49 18.970     >18.970  99.990         -25.48        21.76   -0.037       0.031       
2458402.72173  2458402.72578  2018-10-11.2217418  coadd_bs103646 1.41 -1.49 18.883     >18.883  99.990          -0.79        23.56   -0.001       0.034       
2458402.79605  2458402.79988  2018-10-11.2960570  coadd_br103922 1.43 -1.65 19.082     >19.082  99.990          10.76        16.97   0.018        0.028       
2458416.69344  2458416.69824  2018-10-25.1934443  coadd_bs104995 1.56 -1.49 17.481     >17.481  99.990         132.33        85.71   0.190        0.123       
2458418.91292  2458418.91760  2018-10-27.4129297  coadd_br106225 1.48 -1.65 17.855     >17.855  99.990        -128.15        52.54   -0.213       0.087       
2458419.94897  2458419.95370  2018-10-28.4489739  coadd_br106693 1.42 -1.65 18.023     >18.023  99.990          99.19        44.99   0.165        0.075       
2458420.89429  2458420.89906  2018-10-29.3943024  coadd_br107092 1.41 -1.65 18.504     >18.504  99.990          -2.45        28.91   -0.004       0.048       
2458425.85987  2458425.86501  2018-11-03.3598804  coadd_bs108242 2.37 -1.49 19.258     >19.258  99.990          -3.70        16.69   -0.005       0.024       
2458427.84591  2458427.85110  2018-11-05.3459153  coadd_bs109044 1.62 -1.49 18.275     >18.275  99.990           8.22        41.25   0.012        0.059       
2458429.80702  2458429.81226  2018-11-07.3070244  coadd_bs109894 1.50 -1.49 18.828     >18.828  99.990         -15.88        24.79   -0.023       0.036       
2458433.83688  2458433.84221  2018-11-11.3368854  coadd_bs110850 1.41 -1.49 18.896     >18.896  99.990          14.64        23.29   0.021        0.033       
2458433.86411  2458433.86927  2018-11-11.3641208  coadd_br111087 1.45 -1.65 19.151     >19.151  99.990         -47.05        15.93   -0.078       0.026       
2458444.68707  2458444.69235  2018-11-22.1870728  coadd_br114833 1.58 -1.65 17.411     >17.411  99.990         160.33        79.11   0.266        0.131       
2458448.79194  2458448.79722  2018-11-26.2919386  coadd_br115763 1.56 -1.65 18.040     >18.040  99.990          -1.17        44.30   -0.002       0.074       
2458449.82993  2458449.83521  2018-11-27.3299376  coadd_br116142 1.50 -1.65 18.292     >18.292  99.990         -33.47        35.14   -0.056       0.058       
2458450.84526  2458450.85053  2018-11-28.3452675  coadd_br116577 1.51 -1.65 18.091     >18.091  99.990         -43.74        42.26   -0.073       0.070       
2458452.69485  2458452.70021  2018-11-30.1948599  coadd_bs117114 1.44 -1.49 18.913     >18.913  99.990         -40.31        22.94   -0.058       0.033       
2458452.91599  2458452.92124  2018-11-30.4159864  coadd_bB000184 2.12 -1.04 19.025     >19.025  99.990          56.72        31.35   0.054        0.030       
2458453.92096  2458453.92620  2018-12-01.4209663  coadd_bB000406 2.05 -1.04 18.902     >18.902  99.990          -9.32        35.13   -0.009       0.033       
2458454.83302  2458454.83834  2018-12-02.3330195  coadd_bs117819 1.43 -1.49 19.047     >19.047  99.990          20.96        20.27   0.030        0.029       
2458455.84531  2458455.85062  2018-12-03.3453187  coadd_bs118290 1.48 -1.49 18.346     >18.346  99.990          13.66        38.65   0.020        0.056       
2458455.89717  2458455.90239  2018-12-03.3971730  coadd_bB000702 2.09 -1.04 18.998     >18.998  99.990          29.51        32.14   0.028        0.030       
2458456.82401  2458456.82929  2018-12-04.3240091  coadd_bC001016 1.44 -1.55 18.863     >18.863  99.990         -31.80        22.72   -0.048       0.034       
2458456.93642  2458456.94162  2018-12-04.436425  coadd_bB001103 2.09 -1.04 19.223     >19.223  99.990         -11.83        26.11   -0.011       0.025       
2458457.84285  2458457.84811  2018-12-05.3428503  coadd_bC001362 1.44 -1.55 18.858     >18.858  99.990         -43.22        22.81   -0.066       0.035       
2458457.95105  2458457.95624  2018-12-05.4510579  coadd_bB001446 2.15 -1.04 18.873     >18.873  99.990         -76.56        36.06   -0.073       0.034       
2458458.92463  2458458.92987  2018-12-06.4246396  coadd_bC001818 1.39 -1.55 18.717     >18.717  99.990          -8.07        25.98   -0.012       0.039       
2458458.95944  2458458.96460  2018-12-06.4594406  coadd_bB001845 2.04 -1.04 19.131     >19.131  99.990          23.00        28.43   0.022        0.027       
2458459.93263  2458459.93784  2018-12-07.4326350  coadd_bC002256 1.42 -1.55 19.037     >19.037  99.990         -37.60        19.35   -0.057       0.029       
2458459.93647  2458459.94161  2018-12-07.4364775  coadd_bB002259 2.22 -1.04 19.192     >19.192  99.990        -122.68        26.88   -0.116       0.026       
2458460.89401  2458460.89920  2018-12-08.3940153  coadd_bC002678 1.49 -1.55 18.807     >18.807  99.990         -21.64        23.91   -0.033       0.036       
2458460.95200  2458460.95712  2018-12-08.4520031  coadd_bB002723 2.17 -1.04 19.077     >19.077  99.990         -89.93        29.88   -0.085       0.028       
2458462.89096  2458462.89609  2018-12-10.3909657  coadd_bC003251 1.67 -1.55 18.810     >18.810  99.990         -29.24        23.84   -0.044       0.036       
2458462.92960  2458462.93467  2018-12-10.4296084  coadd_bB003281 2.25 -1.04 19.149     >19.149  99.990         -28.01        27.97   -0.027       0.027       
2458464.93360  2458464.93866  2018-12-12.4336105  coadd_bC003796 1.62 -1.55 18.888     >18.888  99.990         -40.12        22.19   -0.061       0.034       
2458464.95683  2458464.96184  2018-12-12.4568340  coadd_bB003814 2.30 -1.04 18.958     >18.958  99.990         -47.44        33.34   -0.045       0.032       
2458465.90691  2458465.91194  2018-12-13.4069089  coadd_bC004227 1.49 -1.55 19.031     >19.031  99.990          -2.96        19.46   -0.004       0.030       
2458465.95348  2458465.95846  2018-12-13.4534807  coadd_bB004263 2.15 -1.04 18.896     >18.896  99.990          -2.98        35.29   -0.003       0.033       
2458466.75665  2458466.76166  2018-12-14.2566574  coadd_bC004541 1.60 -1.55 19.076     >19.076  99.990          26.10        18.67   0.040        0.028       
2458467.76448  2458467.76940  2018-12-15.2644947  coadd_bB004985 2.44 -1.04 18.711     >18.711  99.990        -157.74        41.88   -0.149       0.040       
2458470.83627  2458470.84111  2018-12-18.3362652  coadd_bC005964 1.50 -1.55 18.097     >18.097  99.990         -64.43        45.99   -0.098       0.070       
2458472.86362  2458472.86835  2018-12-20.3636236  coadd_bB006497 2.36 -1.04 17.781     >17.781  99.990        -142.18        98.58   -0.135       0.093       
2458474.77939  2458474.78406  2018-12-22.2794010  coadd_bC007335 1.59 -1.55 17.260     >17.260  99.990         105.07        99.38   0.160        0.151       
2458475.87499  2458475.87960  2018-12-23.3749931  coadd_bC007821 2.30 -1.55 17.835     >17.835  99.990        -183.54        58.53   -0.279       0.089       
2458476.84140  2458476.84596  2018-12-24.3414006  coadd_bs122272 1.52 -1.49 17.709     >17.709  99.990         -70.42        69.50   -0.101       0.100       
2458485.88644  2458485.89048  2019-01-02.3864418  coadd_bC009835 1.67 -1.55 19.093     >19.093  99.990          -0.02        18.38   -0.000       0.028       
2458485.89024  2458485.89430  2019-01-02.3902402  coadd_bB009838 2.17 -1.04 18.974     >18.974  99.990         -51.19        32.85   -0.049       0.031       
2458486.90032  2458486.90433  2019-01-03.4003181  coadd_bB010303 2.19 -1.04 19.117     >19.117  99.990        -102.44        28.81   -0.097       0.027       
2458487.72868  2458487.73264  2019-01-04.2286885  coadd_br125315 1.58 -1.65 18.920     >18.920  99.990         -24.43        19.71   -0.041       0.033       
2458487.80485  2458487.80877  2019-01-04.3048549  coadd_bs125160 1.51 -1.49 19.162     >19.162  99.990         -46.17        18.24   -0.066       0.026       
2458488.71290  2458488.71679  2019-01-05.2128982  coadd_br125746 1.47 -1.65 18.900     >18.900  99.990          19.29        20.07   0.032        0.033       
2458488.81378  2458488.81762  2019-01-05.3137778  coadd_bs125612 1.58 -1.49 18.951     >18.951  99.990          14.81        22.15   0.021        0.032       
2458489.75659  2458489.76037  2019-01-06.2565934  coadd_bC010927 1.58 -1.55 19.084     >19.084  99.990          25.47        18.53   0.039        0.028       
2458490.77924  2458490.78294  2019-01-07.2792341  coadd_bC011357 1.54 -1.55 19.170     >19.170  99.990         -49.99        17.12   -0.076       0.026       
2458491.70930  2458491.71295  2019-01-08.2093019  coadd_bs126251 1.51 -1.49 18.983     >18.983  99.990         -82.07        21.51   -0.118       0.031       
2458492.88095  2458492.88457  2019-01-09.3809564  coadd_bB012094 2.07 -1.04 19.160     >19.160  99.990         -93.32        27.69   -0.088       0.026       
2458493.87056  2458493.87405  2019-01-10.3705650  coadd_bC012537 1.61 -1.55 18.904     >18.904  99.990          56.53        21.87   0.086        0.033       
2458494.87001  2458494.87350  2019-01-11.3700083  coadd_bB012986 2.10 -1.04 19.076     >19.076  99.990         -39.62        29.92   -0.038       0.028       
2458495.79305  2458495.79640  2019-01-12.2930568  coadd_bs126902 1.55 -1.49 22.692     >22.692  99.990           0.50         0.71   0.001        0.001       
2458497.76413  2458497.76741  2019-01-14.2641364  coadd_bB014255 2.08 -1.04 18.929     >18.929  99.990         -60.13        34.26   -0.057       0.032       
2458497.85351  2458497.85671  2019-01-14.3535121  coadd_bC014325 1.59 -1.55 18.668     >18.668  99.990           4.08        27.18   0.006        0.041       
2458503.76710  2458503.76982  2019-01-20.2671021  coadd_bs129137 1.45 -1.49 17.535     >17.535  99.990         124.16        81.62   0.178        0.117       
2458504.83281  2458504.83544  2019-01-21.3328077  coadd_bC016640 1.66 -1.55 17.556     >17.556  99.990          68.56        75.72   0.104        0.115       
2458505.83704  2458505.83958  2019-01-22.3370398  coadd_bC017093 1.47 -1.55 17.982     >17.982  99.990          28.01        51.12   0.043        0.078       
2458506.83337  2458506.83583  2019-01-23.3333725  coadd_bC017542 1.43 -1.55 18.087     >18.087  99.990         -61.25        46.43   -0.093       0.071       
2458507.84563  2458507.84801  2019-01-24.3456287  coadd_bC017976 1.43 -1.55 18.331     >18.331  99.990          14.75        37.06   0.022        0.056       
2458507.84947  2458507.85196  2019-01-24.3494730  coadd_bB017978 2.41 -1.04 17.941     >17.941  99.990         -96.99        85.05   -0.092       0.081       
2458508.70105  2458508.70335  2019-01-25.2010488  coadd_bs131037 1.47 -1.49 18.607      18.200  0.251          132.74        30.40   0.191        0.044       
2458508.82683  2458508.82925  2019-01-25.3268381  coadd_bB018409 2.15 -1.04 18.937     >18.937  99.990         -54.20        34.01   -0.051       0.032       
2458519.74984  2458519.75116  2019-02-05.2498464  coadd_bC019670 1.49 -1.55 18.877     >18.877  99.990         -20.19        22.43   -0.031       0.034       
2458529.69785  2458529.69823  2019-02-15.1978592  coadd_bs135883 1.46 -1.49 17.877     >17.877  99.990          55.33        59.53   0.079        0.086       
2458530.69065  2458530.69093  2019-02-16.1906516  coadd_bs136275 1.56 -1.49 16.887     >16.887  99.990         408.16       148.13   0.586        0.213       
2458534.68933  2458534.68923  2019-02-20.1893432  coadd_bs137258 1.52 -1.49 17.589     >17.589  99.990        -103.48        77.61   -0.149       0.111       
2458536.68647  2458536.68638  2019-02-22.1864675  coadd_br137869 1.44 -1.65 18.150     >18.150  99.990         -10.50        40.06   -0.017       0.067       
2458539.65497  2458539.65440  2019-02-25.1549704  coadd_bs138124 1.43 -1.49 18.308     >18.308  99.990          84.43        40.03   0.121        0.057       
2458546.65337  2458546.65213  2019-03-04.1533776  coadd_bs140662 1.49 -1.49 18.865     >18.865  99.990         -37.16        23.97   -0.053       0.034       
2458549.63719  2458549.63568  2019-03-07.1371944  coadd_bs141085 1.41 -1.49 18.649     >18.649  99.990          55.11        29.24   0.079        0.042       
2458549.67427  2458549.67298  2019-03-07.1742778  coadd_br141330 1.41 -1.65 18.685     >18.685  99.990         -22.92        24.47   -0.038       0.041       
2458557.61124  2458557.60901  2019-03-15.1112362  coadd_bs142486 1.49 -1.49 18.164     >18.164  99.990         -56.05        45.69   -0.081       0.066       
2458558.60429  2458558.60199  2019-03-16.1043010  coadd_bs142891 1.59 -1.49 18.102     >18.102  99.990          17.58        48.39   0.025        0.070       
2458558.64517  2458558.64308  2019-03-16.1451760  coadd_br143139 1.50 -1.65 18.201     >18.201  99.990        -107.05        38.20   -0.178       0.063       
2458559.60852  2458559.60613  2019-03-17.1085217  coadd_bs143262 1.53 -1.49 17.924     >17.924  99.990         -22.18        57.04   -0.032       0.082       
2458561.60208  2458561.59952  2019-03-19.1020856  coadd_bs143662 1.54 -1.49 17.701     >17.701  99.990         -82.62        70.04   -0.119       0.101       
2458561.63165  2458561.62932  2019-03-19.1316604  coadd_br143901 1.46 -1.65 17.406     >17.406  99.990         101.10        79.44   0.168        0.132       
2458562.61294  2458562.61029  2019-03-20.1129449  coadd_bs144060 1.68 -1.49 17.531     >17.531  99.990         -25.65        81.87   -0.037       0.118       
2458562.64005  2458562.63763  2019-03-20.1400592  coadd_br144297 1.53 -1.65 16.792     >16.792  99.990        -102.41       139.88   -0.170       0.232       
2458564.59234  2458564.58953  2019-03-22.0923461  coadd_bs144431 2.34 -1.49 18.019     >18.019  99.990        -175.74        52.22   -0.252       0.075       
2458566.61948  2458566.61673  2019-03-24.1194862  coadd_br145116 1.46 -1.65 18.905     >18.905  99.990          -2.78        19.97   -0.005       0.033       
2458567.58636  2458567.58331  2019-03-25.0863690  coadd_bs145274 2.40 -1.49 17.930     >17.930  99.990           7.23        56.70   0.010        0.081       
2458571.58674  2458571.58338  2019-03-29.0867424  coadd_bs146351 1.69 -1.49 17.792     >17.792  99.990         -52.10        64.41   -0.075       0.093       
2458571.59060  2458571.58747  2019-03-29.0906079  coadd_br146569 1.47 -1.65 18.067      17.800  0.286          165.78        43.21   0.275        0.072       
2458572.60439  2458572.60119  2019-03-30.1044016  coadd_br146975 1.46 -1.65 18.553     >18.553  99.990          39.16        27.62   0.065        0.046       
2458577.59868  2458577.59511  2019-04-04.0986814  coadd_br148515 1.59 -1.65 17.530     >17.530  99.990         -20.02        70.90   -0.033       0.118       
2458578.59420  2458578.59056  2019-04-05.0941964  coadd_br148898 2.40 -1.65 17.844     >17.844  99.990        -186.06        53.10   -0.309       0.088       
2458668.11308  2458668.10889  2019-07-03.6130864  coadd_bC050493 1.46 -1.55 18.069     >18.069  99.990         -36.81        47.17   -0.056       0.072       
2458670.11630  2458670.11223  2019-07-05.6163005  coadd_bC051140 1.44 -1.55 17.952     >17.952  99.990         -94.90        52.55   -0.144       0.080       
2458679.08731  2458679.08386  2019-07-14.5873175  coadd_bC053457 1.41 -1.55 18.537     >18.537  99.990          53.60        30.67   0.081        0.047       
2458679.10282  2458679.09929  2019-07-14.6028228  coadd_bB053462 2.10 -1.04 19.087     >19.087  99.990         -56.46        29.61   -0.054       0.028       
2458680.12012  2458680.11674  2019-07-15.6201222  coadd_bC053853 1.48 -1.55 18.043     >18.043  99.990         -83.40        48.33   -0.127       0.073       
2458681.10450  2458681.10119  2019-07-16.6044998  coadd_bC054211 1.55 -1.55 17.748     >17.748  99.990           6.06        63.41   0.009        0.096       
2458682.10425  2458682.10102  2019-07-17.6042497  coadd_bC054419 1.48 -1.55 17.677     >17.677  99.990         -28.50        67.69   -0.043       0.103       
2458695.05747  2458695.05529  2019-07-30.5574759  coadd_bC057920 1.42 -1.55 19.180     >19.180  99.990           5.43        16.96   0.008        0.026       
2458697.93911  2458697.93704  2019-08-02.4391136  coadd_br176514 1.46 -1.65 18.528     >18.528  99.990          63.26        28.26   0.105        0.047       
2458700.96310  2458700.96129  2019-08-05.4631079  coadd_br177319 1.41 -1.65 18.119     >18.119  99.990         -78.42        41.20   -0.130       0.068       
2458703.97201  2458703.97062  2019-08-08.4720192  coadd_bs177968 1.40 -1.49 17.660     >17.660  99.990          -2.56        72.68   -0.004       0.104       
2458704.07811  2458704.07656  2019-08-08.5781091  coadd_bB059605 2.04 -1.04 19.163     >19.163  99.990         -46.27        27.60   -0.044       0.026       
2458704.94939  2458704.94808  2019-08-09.4493865  coadd_bs178146 1.41 -1.49 18.666     >18.666  99.990         -43.03        28.80   -0.062       0.041       
2458705.06192  2458705.06046  2019-08-09.5619252  coadd_bB059824 2.04 -1.04 18.997     >18.997  99.990         -23.16        32.16   -0.022       0.030       
2458705.89588  2458705.89466  2019-08-10.3958857  coadd_bs178361 1.41 -1.49 18.583     >18.583  99.990          25.47        31.08   0.037        0.045       
2458706.06163  2458706.06026  2019-08-10.5616247  coadd_bB060363 2.06 -1.04 19.146     >19.146  99.990         -60.01        28.04   -0.057       0.027       
2458706.95166  2458706.95053  2019-08-11.4516574  coadd_bs178640 1.44 -1.49 18.877     >18.877  99.990         -14.21        23.70   -0.020       0.034       
2458707.05348  2458707.05220  2019-08-11.5534811  coadd_bB060698 2.08 -1.04 18.692     >18.692  99.990          60.23        42.59   0.057        0.040       
2458708.03086  2458708.02983  2019-08-12.5308651  coadd_bC061053 1.38 -1.55 17.922     >17.922  99.990          -3.36        54.04   -0.005       0.082       
2458709.03019  2458709.02926  2019-08-13.5301943  coadd_bC061437 1.47 -1.55 17.846     >17.846  99.990         -94.99        57.93   -0.144       0.088       
2458710.08181  2458710.08097  2019-08-14.5818090  coadd_bC061863 1.46 -1.55 18.023     >18.023  99.990        -120.04        49.22   -0.182       0.075       
2458714.08997  2458714.08932  2019-08-18.5899699  coadd_bB063306 2.11 -1.04 17.610     >17.610  99.990        -408.62       115.35   -0.387       0.109       
2458723.12617  2458723.12654  2019-08-27.6261701  coadd_bC065850 1.42 -1.55 18.455     >18.455  99.990           9.12        33.08   0.014        0.050       
2458724.04221  2458724.04246  2019-08-28.5422096  coadd_bB066170 2.03 -1.04 18.630     >18.630  99.990         -22.00        45.11   -0.021       0.043       
2458724.93198  2458724.93231  2019-08-29.4319861  coadd_br183305 1.48 -1.65 18.100     >18.100  99.990         103.51        41.92   0.172        0.070       
2458725.04153  2458725.04208  2019-08-29.5415346  coadd_bC066595 1.44 -1.55 19.157     >19.157  99.990         -21.81        17.32   -0.033       0.026       
2458727.07058  2458727.07111  2019-08-31.5705872  coadd_bB067338 2.10 -1.04 19.120      18.925  0.305          103.09        28.73   0.098        0.027       
2458727.08329  2458727.08403  2019-08-31.5832879  coadd_bC067354 1.39 -1.55 19.211     >19.211  99.990          -4.39        16.49   -0.007       0.025       
2458730.81718  2458730.81827  2019-09-04.3171938  coadd_bs185293 1.41 -1.49 18.228     >18.228  99.990          52.73        43.08   0.076        0.062       
2458731.88891  2458731.89010  2019-09-05.3889193  coadd_bs185735 1.41 -1.49 18.744     >18.744  99.990           4.23        26.79   0.006        0.038       
2458733.03629  2458733.03758  2019-09-06.5362940  coadd_bC068685 1.44 -1.55 18.313     >18.313  99.990          -3.09        37.70   -0.005       0.057       
2458735.03497  2458735.03644  2019-09-08.5349819  coadd_bC069280 1.42 -1.55 18.230     >18.230  99.990         -13.28        40.68   -0.020       0.062       
2458737.03896  2458737.04060  2019-09-10.5389589  coadd_bC069727 1.55 -1.55 18.221     >18.221  99.990           8.27        41.03   0.013        0.062       
2458738.07223  2458738.07397  2019-09-11.5722393  coadd_bC070114 1.41 -1.55 18.153     >18.153  99.990          47.14        43.68   0.072        0.066       
2458741.01406  2458741.01606  2019-09-14.5140619  coadd_bC071110 1.62 -1.55 17.960     >17.960  99.990          19.72        52.17   0.030        0.079       
2458751.04907  2458751.05191  2019-09-24.5490724  coadd_bC073669 1.37 -1.55 18.856     >18.856  99.990          17.76        22.86   0.027        0.035       
2458752.04850  2458752.05141  2019-09-25.5485020  coadd_bC074078 1.43 -1.55 18.914     >18.914  99.990          32.60        21.66   0.050        0.033       
2458753.02824  2458753.03123  2019-09-26.5282501  coadd_bC074471 1.39 -1.55 19.006     >19.006  99.990         -15.31        19.90   -0.023       0.030       
2458753.96292  2458753.96598  2019-09-27.4629258  coadd_bs187824 1.42 -1.49 18.475     >18.475  99.990          22.25        34.33   0.032        0.049       
2458754.02358  2458754.02665  2019-09-27.5235891  coadd_bC074810 1.40 -1.55 18.780     >18.780  99.990          38.28        24.51   0.058        0.037       
2458754.82260  2458754.82572  2019-09-28.3226033  coadd_bs188116 1.40 -1.49 18.977     >18.977  99.990           3.85        21.61   0.006        0.031       
2458755.90866  2458755.91164  2019-09-29.4086649  coadd_bB075264 2.15 -1.04 18.978     >18.978  99.990         -18.29        32.72   -0.017       0.031       
2458755.92439  2458755.92761  2019-09-29.4243960  coadd_bC075284 1.39 -1.55 18.742     >18.742  99.990        -117.78        25.40   -0.179       0.039       
2458761.12595  2458761.12931  2019-10-04.6259542  coadd_bB076195 2.25 -1.04 19.187     >19.187  99.990          74.47        27.01   0.071        0.026       
2458761.99261  2458761.99603  2019-10-05.4926202  coadd_bB076488 2.04 -1.04 19.096     >19.096  99.990          42.59        29.38   0.040        0.028       
2458762.95634  2458762.96006  2019-10-06.4563487  coadd_bs190165 1.51 -1.49 18.903     >18.903  99.990          -0.75        23.13   -0.001       0.033       
2458762.98425  2458762.98774  2019-10-06.4842446  coadd_bB076895 2.16 -1.04 19.328     >19.328  99.990          29.30        23.71   0.028        0.022       
2458764.00326  2458764.00682  2019-10-07.5032577  coadd_bB077208 2.04 -1.04 18.939     >18.939  99.990         -53.63        33.94   -0.051       0.032       
2458764.96488  2458764.96873  2019-10-08.4648778  coadd_bC077603 1.45 -1.55 18.554     >18.554  99.990         -39.21        30.19   -0.060       0.046       
2458765.88992  2458765.89361  2019-10-09.3899196  coadd_bB077953 2.08 -1.04 18.743     >18.743  99.990        -154.67        40.66   -0.147       0.039       
2458765.98634  2458765.99026  2019-10-09.4863381  coadd_bC078033 1.37 -1.55 18.345     >18.345  99.990         -44.39        36.59   -0.067       0.056       
2458767.82131  2458767.82535  2019-10-11.3213197  coadd_bs191745 1.65 -1.49 17.701     >17.701  99.990        -259.82        70.01   -0.373       0.101       
2458768.73109  2458768.73518  2019-10-12.2310931  coadd_bs191923 1.48 -1.49 17.641     >17.641  99.990          17.60        74.03   0.025        0.106       
2458769.01844  2458769.02255  2019-10-12.5184402  coadd_bC078554 1.56 -1.55 17.032     >17.032  99.990          10.32       122.66   0.016        0.186       
2458769.87484  2458769.87878  2019-10-13.3748486  coadd_br192542 1.51 -1.65 17.513      17.201  0.274          287.99        72.01   0.478        0.120       
2458771.81707  2458771.82113  2019-10-15.3170777  coadd_br193117 1.43 -1.65 17.177     >17.177  99.990         163.71        98.07   0.272        0.163       
2458771.89191  2458771.89619  2019-10-15.3919076  coadd_bC079716 1.62 -1.55 18.052      17.795  0.288          182.36        47.95   0.277        0.073       
2458775.00873  2458775.01318  2019-10-18.5087306  coadd_bC080603 1.40 -1.55 17.768     >17.768  99.990          76.69        62.28   0.116        0.095       
2458775.85449  2458775.85899  2019-10-19.3544953  coadd_bs194177 1.44 -1.49 18.322     >18.322  99.990        -152.63        39.53   -0.219       0.057       
2458776.10599  2458776.11029  2019-10-19.6059945  coadd_bB081061 2.10 -1.04 18.012     >18.012  99.990          99.31        79.72   0.094        0.076       
2458778.00987  2458778.01448  2019-10-21.5098712  coadd_bC081461 1.68 -1.55 18.471     >18.471  99.990        -132.68        32.60   -0.201       0.050       
2458778.07490  2458778.07930  2019-10-21.5749033  coadd_bB081501 2.27 -1.04 18.555     >18.555  99.990          69.33        48.33   0.066        0.046       
2458779.90743  2458779.91213  2019-10-23.4074340  coadd_bC082116 1.41 -1.55 18.673      18.362  0.274          108.18        27.05   0.164        0.041       
2458779.91925  2458779.92374  2019-10-23.4192489  coadd_bB082117 2.08 -1.04 18.651     >18.651  99.990        -123.60        44.24   -0.117       0.042       
2458780.90315  2458780.90790  2019-10-24.4031560  coadd_bC082514 1.38 -1.55 18.926     >18.926  99.990          22.75        21.43   0.035        0.033       
2458780.91103  2458780.91557  2019-10-24.4110292  coadd_bB082512 2.04 -1.04 19.081     >19.081  99.990          12.04        29.78   0.011        0.028       
2458781.95621  2458781.96100  2019-10-25.4562063  coadd_bC082978 1.48 -1.55 18.857     >18.857  99.990          32.38        22.85   0.049        0.035       
2458782.98949  2458782.99433  2019-10-26.4894964  coadd_bC083427 1.42 -1.55 18.822     >18.822  99.990         -18.73        23.58   -0.028       0.036       
2458783.77817  2458783.78284  2019-10-27.2781817  coadd_br196965 1.52 -1.65 18.788     >18.788  99.990          25.83        22.24   0.043        0.037       
2458783.78185  2458783.78672  2019-10-27.2818546  coadd_bs196750 1.49 -1.49 18.949     >18.949  99.990         -50.57        22.18   -0.073       0.032       
2458784.76173  2458784.76664  2019-10-28.2617369  coadd_bs197175 1.47 -1.49 18.987     >18.987  99.990         -17.91        21.41   -0.026       0.031       
2458785.81054  2458785.81549  2019-10-29.3105420  coadd_bs197629 1.44 -1.49 18.782     >18.782  99.990         -45.56        25.87   -0.065       0.037       
2458785.86392  2458785.86868  2019-10-29.3639288  coadd_br197889 1.42 -1.65 18.733     >18.733  99.990          36.68        23.41   0.061        0.039       
2458786.88570  2458786.89049  2019-10-30.3857002  coadd_br198346 1.45 -1.65 19.097     >19.097  99.990         -11.97        16.74   -0.020       0.028       
2458787.97581  2458787.98084  2019-10-31.4758130  coadd_bC083910 1.45 -1.55 18.568     >18.568  99.990         -40.35        29.81   -0.061       0.045       
2458789.89144  2458789.89654  2019-11-02.3914530  coadd_bs199178 1.60 -1.49 19.098     >19.098  99.990         -58.29        19.35   -0.084       0.028       
2458790.78149  2458790.78661  2019-11-03.2814900  coadd_bC084728 1.40 -1.55 18.437     >18.437  99.990         -53.50        33.62   -0.081       0.051       
2458790.80485  2458790.80979  2019-11-03.3048505  coadd_bB084738 2.09 -1.04 18.295     >18.295  99.990         169.21        61.43   0.160        0.058       
2458791.83579  2458791.84094  2019-11-04.3357859  coadd_bC085204 1.46 -1.55 18.765     >18.765  99.990         -15.44        24.85   -0.023       0.038       
2458791.88692  2458791.89189  2019-11-04.3869291  coadd_bB085235 2.06 -1.04 19.073     >19.073  99.990         -71.41        29.99   -0.068       0.028       
2458792.79980  2458792.80498  2019-11-05.2998098  coadd_bC085611 1.42 -1.55 18.518     >18.518  99.990         -53.56        31.22   -0.081       0.047       
2458793.88704  2458793.89207  2019-11-06.3870437  coadd_br201138 1.44 -1.65 17.634     >17.634  99.990         -76.49        64.43   -0.127       0.107       
2458794.79534  2458794.80058  2019-11-07.2953530  coadd_bC086101 1.49 -1.55 18.795     >18.795  99.990         -23.74        24.19   -0.036       0.037       
2458794.81113  2458794.81619  2019-11-07.3111311  coadd_bB086105 2.06 -1.04 18.846     >18.846  99.990         -69.69        36.97   -0.066       0.035       
2458795.95577  2458795.96086  2019-11-08.4557760  coadd_bB086546 2.35 -1.04 17.896     >17.896  99.990         208.38        88.64   0.197        0.084       
2458795.98148  2458795.98674  2019-11-08.4814803  coadd_bC086573 1.47 -1.55 17.182      16.717  0.238          492.24       106.85   0.747        0.162       
2458796.81461  2458796.81989  2019-11-09.3146081  coadd_bC086862 1.44 -1.55 17.968     >17.968  99.990         -42.19        51.81   -0.064       0.079       
2458797.87668  2458797.88181  2019-11-10.3766756  coadd_bB087249 2.08 -1.04 18.377     >18.377  99.990         -45.77        56.93   -0.043       0.054       
2458802.63967  2458802.64489  2019-11-15.1396828  coadd_br203221 1.58 -1.65 17.993      17.320  0.196          258.07        46.27   0.429        0.077       
2458802.73131  2458802.73668  2019-11-15.2313084  coadd_bs203076 1.44 -1.49 17.899      17.894  0.364          175.90        58.37   0.253        0.084       
2458803.78309  2458803.78848  2019-11-16.2830968  coadd_bs203562 1.59 -1.49 17.670     >17.670  99.990        -126.32        72.04   -0.181       0.103       
2458803.81447  2458803.81970  2019-11-16.3144680  coadd_br203805 1.52 -1.65 17.900     >17.900  99.990          29.80        50.43   0.049        0.084       
2458804.76077  2458804.76616  2019-11-17.2607689  coadd_bs203989 1.50 -1.49 18.247     >18.247  99.990        -132.80        42.33   -0.191       0.061       
2458805.83616  2458805.84156  2019-11-18.3361592  coadd_bs204496 1.46 -1.49 18.585     >18.585  99.990         -48.05        31.03   -0.069       0.045       
2458805.91951  2458805.92477  2019-11-18.4195034  coadd_br204780 1.44 -1.65 18.231     >18.231  99.990          37.98        37.17   0.063        0.062       
2458806.87026  2458806.87553  2019-11-19.3702652  coadd_br205188 1.51 -1.65 18.627     >18.627  99.990          41.51        25.81   0.069        0.043       
2458808.00950  2458808.01491  2019-11-20.5095076  coadd_bC090405 1.47 -1.55 18.860     >18.860  99.990         -53.07        22.78   -0.081       0.035       
2458810.72591  2458810.73120  2019-11-23.2259106  coadd_br206214 1.48 -1.65 18.866     >18.866  99.990          33.43        20.71   0.056        0.034       
2458811.82386  2458811.82927  2019-11-24.3238622  coadd_bs206525 1.46 -1.49 19.001      18.699  0.276           83.81        21.15   0.120        0.030       
2458811.85051  2458811.85580  2019-11-24.3505164  coadd_br206764 1.43 -1.65 18.868     >18.868  99.990         -40.85        20.67   -0.068       0.034       
2458812.57475  2458812.58015  2019-11-25.0747478  coadd_bs206784 1.53 -1.49 19.304     >19.304  99.990          30.23        15.99   0.043        0.023       
2458812.58954  2458812.59482  2019-11-25.0895434  coadd_br207014 1.70 -1.65 19.248     >19.248  99.990          18.19        14.57   0.030        0.024       
2458813.95343  2458813.95871  2019-11-26.4534353  coadd_bB091944 2.18 -1.04 19.142     >19.142  99.990          32.65        28.13   0.031        0.027       
2458813.95729  2458813.96269  2019-11-26.4572896  coadd_bC091955 1.41 -1.55 18.606     >18.606  99.990          55.46        28.78   0.084        0.044       
2458814.62027  2458814.62555  2019-11-27.1202743  coadd_br207725 1.48 -1.65 18.348     >18.348  99.990        -114.41        33.36   -0.190       0.055       
2458814.99894  2458815.00433  2019-11-27.4989454  coadd_bC092434 1.44 -1.55 17.483     >17.483  99.990          90.99        80.99   0.138        0.123       
2458817.88083  2458817.88618  2019-11-30.3808255  coadd_bC093496 1.48 -1.55 18.360     >18.360  99.990         -25.54        36.11   -0.039       0.055       
2458818.87620  2458818.88154  2019-12-01.3762005  coadd_bs208316 1.55 -1.49 18.176     >18.176  99.990          40.19        45.21   0.058        0.065       
2458820.80163  2458820.80685  2019-12-03.3016392  coadd_bB093866 2.21 -1.04 18.940     >18.940  99.990         -22.01        33.89   -0.021       0.032       
2458820.85874  2458820.86405  2019-12-03.3587379  coadd_bC093918 1.50 -1.55 19.055     >19.055  99.990          -2.35        19.03   -0.004       0.029       
2458821.78699  2458821.79220  2019-12-04.2869932  coadd_bB094266 2.09 -1.04 18.791     >18.791  99.990          -5.49        38.90   -0.005       0.037       
2458824.81393  2458824.81908  2019-12-07.3139283  coadd_bB094838 2.13 -1.04 18.372     >18.372  99.990         114.40        57.21   0.108        0.054       
2458824.86734  2458824.87256  2019-12-07.3673465  coadd_bC094886 1.46 -1.55 18.184     >18.184  99.990          64.22        42.46   0.098        0.064       
2458825.81022  2458825.81535  2019-12-08.3102244  coadd_bB095281 2.13 -1.04 18.164     >18.164  99.990         -92.70        69.30   -0.088       0.066       
2458825.93510  2458825.94029  2019-12-08.4350973  coadd_bC095385 1.45 -1.55 18.422     >18.422  99.990         -66.66        34.08   -0.101       0.052       
2458826.90534  2458826.91044  2019-12-09.4053444  coadd_bB095802 2.25 -1.04 17.704     >17.704  99.990         297.06       105.87   0.282        0.100       
2458830.87326  2458830.87830  2019-12-13.3732589  coadd_bs212444 1.62 -1.49 17.285     >17.285  99.990          20.55       102.69   0.030        0.148       
2458831.83995  2458831.84496  2019-12-14.3399483  coadd_bs212877 1.47 -1.49 17.772     >17.772  99.990         121.30        65.57   0.174        0.094       
2458831.85472  2458831.85968  2019-12-14.3547333  coadd_br213107 1.50 -1.65 17.851     >17.851  99.990         -56.95        52.73   -0.095       0.088       
2458832.83295  2458832.83792  2019-12-15.3329568  coadd_bs213332 1.56 -1.49 18.081     >18.081  99.990          37.53        49.35   0.054        0.071       
2458833.72203  2458833.72693  2019-12-16.2220400  coadd_br213920 1.54 -1.65 18.747     >18.747  99.990           9.45        23.10   0.016        0.038       
2458833.83689  2458833.84182  2019-12-16.3368964  coadd_bs213793 1.50 -1.49 17.804      17.390  0.249          279.81        63.68   0.402        0.091       
2458836.86776  2458836.87257  2019-12-19.3677630  coadd_bs214957 1.50 -1.49 18.724     >18.724  99.990          14.51        27.30   0.021        0.039       
2458836.87896  2458836.88374  2019-12-19.3789696  coadd_br215184 1.48 -1.65 18.462     >18.462  99.990          37.31        30.05   0.062        0.050       
2458836.96285  2458836.96763  2019-12-19.4628491  coadd_bB098680 2.11 -1.04 18.341     >18.341  99.990         -13.42        58.88   -0.013       0.056       
2458837.80945  2458837.81419  2019-12-20.3094531  coadd_bB099011 2.06 -1.04 19.045     >19.045  99.990          53.92        30.79   0.051        0.029       
2458837.93833  2458837.94309  2019-12-20.4383387  coadd_bC099118 1.40 -1.55 17.802     >17.802  99.990         126.87        60.37   0.193        0.092       
2458841.83944  2458841.84400  2019-12-24.3394440  coadd_bB099805 2.09 -1.04 18.448     >18.448  99.990          33.11        53.35   0.031        0.051       
2458841.93058  2458841.93515  2019-12-24.4305849  coadd_bC099883 1.50 -1.55 17.783     >17.783  99.990          23.94        61.43   0.036        0.093       
2458842.78289  2458842.78741  2019-12-25.2828964  coadd_br217679 1.45 -1.65 18.970     >18.970  99.990         -60.10        18.82   -0.100       0.031       
2458844.76866  2458844.77308  2019-12-27.2686653  coadd_br218457 1.50 -1.65 18.962     >18.962  99.990          42.87        18.96   0.071        0.032       
2458845.74954  2458845.75390  2019-12-28.2495422  coadd_bC100501 1.42 -1.55 19.183     >19.183  99.990         -26.86        16.91   -0.041       0.026       
2458846.91948  2458846.92377  2019-12-29.4194822  coadd_bC100890 1.55 -1.55 18.792     >18.792  99.990          41.63        24.24   0.063        0.037       
2458847.91711  2458847.92134  2019-12-30.4171112  coadd_bC101286 2.07 -1.55 18.472      18.319  0.317          112.48        32.55   0.171        0.049       
2458848.79927  2458848.80347  2019-12-31.2992664  coadd_bB101570 2.38 -1.04 19.094     >19.094  99.990          41.40        29.43   0.039        0.028       
2458849.85952  2458849.86363  2020-01-01.3595168  coadd_bC102072 1.64 -1.55 18.620     >18.620  99.990           3.93        28.41   0.006        0.043       
2458850.85211  2458850.85617  2020-01-02.3521138  coadd_bC102463 1.44 -1.55 18.753     >18.753  99.990         -12.00        25.13   -0.018       0.038       
2458852.82515  2458852.82908  2020-01-04.3251503  coadd_bs220862 1.47 -1.49 18.774     >18.774  99.990         -74.33        26.06   -0.107       0.037       
2458853.75942  2458853.76329  2020-01-05.2594280  coadd_bs221266 1.54 -1.49 18.105     >18.105  99.990          88.79        48.25   0.128        0.069       
2458853.83354  2458853.83745  2020-01-05.3335474  coadd_br221542 1.65 -1.65 18.257     >18.257  99.990         -24.18        36.29   -0.040       0.060       
2458854.73158  2458854.73543  2020-01-06.2315818  coadd_br221918 1.45 -1.65 18.187     >18.187  99.990          39.71        38.69   0.066        0.064       
2458855.75103  2458855.75480  2020-01-07.2510284  coadd_br222390 1.47 -1.65 18.162     >18.162  99.990         103.34        39.60   0.172        0.066       
2458856.83460  2458856.83831  2020-01-08.3346059  coadd_br222909 1.53 -1.65 17.039     >17.039  99.990        -528.43       111.38   -0.878       0.185       
2458860.79895  2458860.80232  2020-01-12.2989599  coadd_bs224070 2.04 -1.49 16.992     >16.992  99.990        -206.55       134.54   -0.297       0.193       
2458861.79849  2458861.80178  2020-01-13.2984915  coadd_bs224524 1.51 -1.49 17.565     >17.565  99.990         -58.80        79.36   -0.084       0.114       
2458862.80007  2458862.80329  2020-01-14.3000708  coadd_bs224980 1.43 -1.49 17.745     >17.745  99.990         195.22        67.22   0.280        0.097       
2458866.81636  2458866.81926  2020-01-18.3163575  coadd_bC103941 1.75 -1.55 18.858     >18.858  99.990         -18.82        22.82   -0.029       0.035       
2458867.79362  2458867.79644  2020-01-19.2936282  coadd_bC104374 1.38 -1.55 18.511     >18.511  99.990           8.25        31.41   0.013        0.048       
2458867.79594  2458867.79885  2020-01-19.2959373  coadd_br226332 1.50 -1.65 18.963     >18.963  99.990          -9.12        18.94   -0.015       0.031       
2458868.80552  2458868.80826  2020-01-20.3055259  coadd_bC104834 1.43 -1.55 19.036     >19.036  99.990         -20.92        19.37   -0.032       0.029       
2458869.79449  2458869.79715  2020-01-21.2945008  coadd_bC105273 1.41 -1.55 18.916     >18.916  99.990          32.52        21.64   0.049        0.033       
2458870.80327  2458870.80584  2020-01-22.3032690  coadd_bC105685 1.43 -1.55 18.915     >18.915  99.990          63.54        21.64   0.096        0.033       
2458871.77507  2458871.77767  2020-01-23.2750723  coadd_br227079 1.42 -1.65 17.598     >17.598  99.990         138.49        66.55   0.230        0.111       
2458871.78356  2458871.78605  2020-01-23.2835658  coadd_bC106120 1.45 -1.55 18.764     >18.764  99.990          50.93        24.88   0.077        0.038       
2458872.73211  2458872.73463  2020-01-24.2321069  coadd_br227495 1.46 -1.65 19.134     >19.134  99.990          40.17        16.18   0.067        0.027       
2458872.79956  2458872.80196  2020-01-24.2995642  coadd_bC106584 1.41 -1.55 18.957     >18.957  99.990          30.31        20.82   0.046        0.032       
2458873.73244  2458873.73488  2020-01-25.2324393  coadd_br227946 1.48 -1.65 18.428     >18.428  99.990         -48.71        31.01   -0.081       0.052       
2458873.79218  2458873.79449  2020-01-25.2921763  coadd_bC107023 1.51 -1.55 18.824     >18.824  99.990          23.31        23.54   0.035        0.036       
2458874.72508  2458874.72744  2020-01-26.2250842  coadd_br228218 1.42 -1.65 19.023     >19.023  99.990          26.05        17.93   0.043        0.030       
2458874.78871  2458874.79094  2020-01-26.2887090  coadd_bC107470 1.43 -1.55 18.833     >18.833  99.990          25.12        23.35   0.038        0.035       
2458875.77360  2458875.77574  2020-01-27.2736008  coadd_bC107908 1.43 -1.55 18.523     >18.523  99.990          48.14        31.06   0.073        0.047       
2458876.77016  2458876.77221  2020-01-28.2701605  coadd_bC108355 1.43 -1.55 18.791     >18.791  99.990          18.05        24.27   0.027        0.037       
2458877.71535  2458877.71745  2020-01-29.2153480  coadd_br228936 1.43 -1.65 19.190     >19.190  99.990         -21.32        15.36   -0.035       0.026       
2458877.76671  2458877.76868  2020-01-29.2667175  coadd_bC108782 1.57 -1.55 18.695     >18.695  99.990           4.13        26.51   0.006        0.040       
2458878.76317  2458878.76505  2020-01-30.2631725  coadd_bC109228 1.46 -1.55 18.903     >18.903  99.990          -0.97        21.89   -0.001       0.033       
2458879.64218  2458879.64412  2020-01-31.1421837  coadd_br229545 1.48 -1.65 18.792     >18.792  99.990          -4.77        22.17   -0.008       0.037       
2458879.74217  2458879.74396  2020-01-31.2421699  coadd_bs229819 1.48 -1.49 18.930     >18.930  99.990           4.13        22.56   0.006        0.032       
2458880.61689  2458880.61874  2020-02-01.1168902  coadd_br229867 1.47 -1.65 18.457     >18.457  99.990          23.07        30.17   0.038        0.050       
2458880.74007  2458880.74177  2020-02-01.2400743  coadd_bs230160 1.50 -1.49 18.636     >18.636  99.990          65.71        29.60   0.094        0.043       
2458881.60958  2458881.61135  2020-02-02.1095828  coadd_br230307 1.52 -1.65 17.930     >17.930  99.990          82.80        49.02   0.138        0.081       
2458882.59143  2458882.59311  2020-02-03.0914259  coadd_br230728 1.69 -1.65 18.418     >18.418  99.990          23.94        31.28   0.040        0.052       
2458887.68012  2458887.68134  2020-02-08.1801261  coadd_br231500 1.49 -1.65 17.748     >17.748  99.990         164.31        57.99   0.273        0.096       
2458888.78070  2458888.78166  2020-02-09.2807096  coadd_bC111843 1.52 -1.55 17.714     >17.714  99.990         -83.24        65.46   -0.126       0.099       
2458889.75286  2458889.75373  2020-02-10.2528633  coadd_bC112258 1.49 -1.55 17.724     >17.724  99.990        -149.41        64.84   -0.227       0.098       
2458903.73994  2458903.73948  2020-02-24.2399379  coadd_bC112355 1.43 -1.55 18.707     >18.707  99.990         -50.80        26.23   -0.077       0.040       
2458905.75459  2458905.75414  2020-02-26.2546052  coadd_bB112747 2.21 -1.04 19.010     >19.010  99.990          66.14        31.78   0.063        0.030       
2458906.74493  2458906.74419  2020-02-27.2449335  coadd_bC113216 1.69 -1.55 19.086     >19.086  99.990          47.51        18.50   0.072        0.028       
2458912.72897  2458912.72767  2020-03-04.2289837  coadd_bC113815 2.31 -1.55 18.192     >18.192  99.990          20.76        42.14   0.032        0.064       
2458914.73113  2458914.72986  2020-03-06.2311280  coadd_bB113743 2.26 -1.04 18.148     >18.148  99.990           9.07        70.30   0.009        0.067       
2458918.63916  2458918.63731  2020-03-10.1391620  coadd_bs237454 1.49 -1.49 17.324     >17.324  99.990          48.50        99.11   0.070        0.142       
2458923.65819  2458923.65613  2020-03-15.1581869  coadd_br238248 1.47 -1.65 18.765     >18.765  99.990         -59.14        22.73   -0.098       0.038       
2458925.61671  2458925.61425  2020-03-17.1167146  coadd_bs238593 1.39 -1.49 17.977     >17.977  99.990        -126.02        54.31   -0.181       0.078       
2458930.60033  2458930.59746  2020-03-22.1003430  coadd_bs239255 1.55 -1.49 18.856     >18.856  99.990           0.76        24.16   0.001        0.035       
2458932.61225  2458932.60944  2020-03-24.1122478  coadd_br239714 1.45 -1.65 17.707     >17.707  99.990          73.32        60.22   0.122        0.100       
2458933.59791  2458933.59480  2020-03-25.0979085  coadd_bs240221 2.04 -1.49 18.659     >18.659  99.990          52.77        28.99   0.076        0.042       
2458933.62401  2458933.62113  2020-03-25.1240232  coadd_br240048 1.64 -1.65 18.565     >18.565  99.990         -86.64        27.33   -0.144       0.045       
2459032.11537  2459032.11111  2020-07-01.6153710  coadd_bC143741 1.57 -1.55 17.509     >17.509  99.990          36.53        79.01   0.055        0.120       
2459037.10350  2459037.09955  2020-07-06.6035046  coadd_bC145236 1.52 -1.55 17.648      17.340  0.275          277.14        69.52   0.421        0.106       
2459038.95717  2459038.95334  2020-07-08.4571755  coadd_bs260814 1.45 -1.49 16.931     >16.931  99.990          59.13       142.25   0.085        0.204       
2459039.11515  2459039.11127  2020-07-08.6151484  coadd_bB145739 2.11 -1.04 17.398     >17.398  99.990        -241.89       140.25   -0.229       0.133       
2459041.09099  2459041.08731  2020-07-10.5910011  coadd_bC146590 1.46 -1.55 18.201     >18.201  99.990           0.99        41.77   0.002        0.063       
2459042.10679  2459042.10311  2020-07-11.6067958  coadd_bB146752 2.06 -1.04 18.227     >18.227  99.990          41.69        65.39   0.040        0.062       
2459043.09872  2459043.09518  2020-07-12.5987299  coadd_bC147291 1.52 -1.55 18.208     >18.208  99.990        -102.87        41.54   -0.156       0.063       
2459048.08589  2459048.08263  2020-07-17.5858945  coadd_bB148403 2.03 -1.04 18.518     >18.518  99.990         107.77        49.99   0.102        0.047       
2459049.08566  2459049.08256  2020-07-18.5856597  coadd_bC148948 1.39 -1.55 18.718      18.599  0.327           86.95        25.96   0.132        0.039       
2459054.06898  2459054.06628  2020-07-23.5689879  coadd_bC150456 1.42 -1.55 18.747     >18.747  99.990          17.59        25.28   0.027        0.038       
2459054.08848  2459054.08567  2020-07-23.5884818  coadd_bB150274 2.16 -1.04 18.710     >18.710  99.990          23.79        41.91   0.023        0.040       
2459059.05522  2459059.05293  2020-07-28.5552230  coadd_bC151354 1.50 -1.55 18.704     >18.704  99.990          13.90        26.30   0.021        0.040       
2459059.07079  2459059.06838  2020-07-28.5707924  coadd_bB151169 2.15 -1.04 19.074     >19.074  99.990         -35.48        29.97   -0.034       0.028       
2459061.04413  2459061.04202  2020-07-30.5441355  coadd_bC152057 1.49 -1.55 18.709     >18.709  99.990         -20.41        26.17   -0.031       0.040       
2459061.05974  2459061.05749  2020-07-30.5597429  coadd_bB151872 2.08 -1.04 18.925     >18.925  99.990           1.27        34.36   0.001        0.033       
2459062.90470  2459062.90275  2020-08-01.4047018  coadd_bs266250 1.42 -1.49 18.319     >18.319  99.990        -133.19        39.64   -0.191       0.057       
2459063.06072  2459063.05864  2020-08-01.5607278  coadd_bB152596 2.48 -1.04 17.890     >17.890  99.990         178.51        89.13   0.169        0.084       
2459065.03741  2459065.03564  2020-08-03.5374168  coadd_bC153500 1.50 -1.55 16.453     >16.453  99.990        -247.30       209.13   -0.376       0.318       
2459067.03284  2459067.03125  2020-08-05.5328484  coadd_bC153841 1.50 -1.55 17.867     >17.867  99.990         -70.73        56.84   -0.107       0.086       
2459070.03039  2459070.02907  2020-08-08.5303935  coadd_bC154613 1.44 -1.55 18.034     >18.034  99.990          -8.00        48.76   -0.012       0.074       
2459070.04939  2459070.04791  2020-08-08.5493887  coadd_bB154435 2.05 -1.04 18.172     >18.172  99.990          40.79        68.74   0.039        0.065       
2459071.90133  2459071.90001  2020-08-10.4013304  coadd_br268619 1.58 -1.65 18.022     >18.022  99.990         -15.28        45.03   -0.025       0.075       
2459071.90500  2459071.90385  2020-08-10.4050009  coadd_bs268815 1.43 -1.49 17.909     >17.909  99.990         142.68        57.82   0.205        0.083       
2459073.90044  2459073.89930  2020-08-12.4004410  coadd_br269301 1.57 -1.65 17.913     >17.913  99.990          52.70        49.82   0.088        0.083       
2459076.01897  2459076.01820  2020-08-14.5189718  coadd_bC156711 1.50 -1.55 18.677     >18.677  99.990          -8.72        26.97   -0.013       0.041       
2459078.11141  2459078.11065  2020-08-16.6114076  coadd_bB156937 2.25 -1.04 19.139     >19.139  99.990         -11.81        28.23   -0.011       0.027       
2459080.98155  2459080.98124  2020-08-19.4815465  coadd_bC158184 1.43 -1.55 18.850     >18.850  99.990           8.24        22.98   0.013        0.035       
2459080.99686  2459080.99636  2020-08-19.4968701  coadd_bB158003 2.07 -1.04 19.002     >19.002  99.990         -11.38        32.03   -0.011       0.030       
2459083.97221  2459083.97218  2020-08-22.4722119  coadd_bC158958 1.47 -1.55 18.824     >18.824  99.990          -2.20        23.55   -0.003       0.036       
2459083.99503  2459083.99480  2020-08-22.4950322  coadd_bB158783 2.08 -1.04 18.639     >18.639  99.990          67.08        44.72   0.064        0.042       
2459086.10665  2459086.10682  2020-08-24.6066614  coadd_bC159727 1.60 -1.55 18.882     >18.882  99.990          -3.32        22.32   -0.005       0.034       
2459086.11042  2459086.11039  2020-08-24.610425  coadd_bB159537 2.11 -1.04 18.707     >18.707  99.990          84.87        42.01   0.080        0.040       
2459087.96521  2459087.96555  2020-08-26.4652112  coadd_bC160413 1.71 -1.55 18.619     >18.619  99.990          55.47        28.45   0.084        0.043       
2459087.98802  2459087.98816  2020-08-26.4880236  coadd_bB160238 2.12 -1.04 19.004      18.845  0.316          110.96        31.95   0.105        0.030       
2459089.96861  2459089.96913  2020-08-28.4686089  coadd_bC161137 1.44 -1.55 18.120     >18.120  99.990           1.64        45.03   0.002        0.068       
2459089.99141  2459089.99173  2020-08-28.4914091  coadd_bB160962 2.07 -1.04 18.533     >18.533  99.990          94.20        49.34   0.089        0.047       
2459091.95828  2459091.95899  2020-08-30.4582795  coadd_bC161854 1.50 -1.55 17.507     >17.507  99.990         157.49        79.19   0.239        0.120       
2459091.97340  2459091.97390  2020-08-30.4733975  coadd_bB161673 2.19 -1.04 17.858      17.399  0.239          420.50        91.84   0.399        0.087       
2459093.03387  2459093.03468  2020-08-31.5338758  coadd_bC162212 1.52 -1.55 18.017     >18.017  99.990          14.68        49.52   0.022        0.075       
2459093.04893  2459093.04952  2020-08-31.5489254  coadd_bB162066 2.07 -1.04 17.942     >17.942  99.990          92.46        85.02   0.088        0.081       
2459095.84565  2459095.84650  2020-09-03.3456591  coadd_br275597 1.42 -1.65 17.807     >17.807  99.990         -16.38        54.92   -0.027       0.091       
2459095.94525  2459095.94633  2020-09-03.4452525  coadd_bC163406 1.49 -1.55 17.604     >17.604  99.990         101.17        72.40   0.154        0.110       
2459096.82644  2459096.82738  2020-09-04.3264432  coadd_br275947 1.53 -1.65 17.724     >17.724  99.990         -81.93        59.28   -0.136       0.098       
2459096.90354  2459096.90470  2020-09-04.4035358  coadd_bs276201 1.53 -1.49 17.789     >17.789  99.990          96.85        64.57   0.139        0.093       
2459097.82845  2459097.82948  2020-09-05.3284496  coadd_br276316 1.51 -1.65 17.910     >17.910  99.990         123.95        49.95   0.206        0.083       
2459098.95452  2459098.95587  2020-09-06.4545210  coadd_bC164616 1.48 -1.55 17.571     >17.571  99.990         181.21        74.64   0.275        0.113       
2459103.05760  2459103.05932  2020-09-10.5576097  coadd_bC165982 1.39 -1.55 18.523     >18.523  99.990         -26.25        31.05   -0.040       0.047       
2459103.93851  2459103.94008  2020-09-11.4385149  coadd_bB166136 2.08 -1.04 19.051     >19.051  99.990          16.25        30.62   0.015        0.029       
2459106.01017  2459106.01191  2020-09-13.5101687  coadd_bB166940 2.06 -1.04 19.019      18.857  0.315          109.74        31.53   0.104        0.030       
2459106.91479  2459106.91684  2020-09-14.4147851  coadd_bC167377 1.41 -1.55 18.708     >18.708  99.990          15.96        26.21   0.024        0.040       
2459109.03546  2459109.03746  2020-09-16.5354615  coadd_bB168013 2.07 -1.04 18.956     >18.956  99.990          17.20        33.40   0.016        0.032       
2459110.93213  2459110.93453  2020-09-18.4321378  coadd_bC168760 1.40 -1.55 18.753     >18.753  99.990          -4.81        25.13   -0.007       0.038       
2459113.01894  2459113.02128  2020-09-20.5189430  coadd_bB169371 2.03 -1.04 19.000     >19.000  99.990         -27.37        32.08   -0.026       0.030       
2459114.11880  2459114.12146  2020-09-21.6188  coadd_bC169791 1.54 -1.55 18.465     >18.465  99.990         -64.56        32.77   -0.098       0.050       
2459117.88519  2459117.88815  2020-09-25.3851986  coadd_bC170637 1.56 -1.55 18.070     >18.070  99.990         -86.76        47.13   -0.132       0.072       
2459117.90053  2459117.90325  2020-09-25.4005278  coadd_bB170726 2.21 -1.04 18.338     >18.338  99.990          37.54        59.03   0.036        0.056       
2459120.93419  2459120.93739  2020-09-28.4341983  coadd_bC171674 1.53 -1.55 17.793     >17.793  99.990        -116.43        60.85   -0.177       0.092       
2459120.94532  2459120.94829  2020-09-28.4453248  coadd_bB171799 2.14 -1.04 18.154     >18.154  99.990         145.85        69.89   0.138        0.066       
2459122.75373  2459122.75683  2020-09-30.2537337  coadd_br276621 1.59 -1.65 17.624     >17.624  99.990         -62.01        65.00   -0.103       0.108       
2459123.92264  2459123.92606  2020-10-01.4226380  coadd_bC172506 1.48 -1.55 17.469     >17.469  99.990          86.97        82.01   0.132        0.125       
2459124.88133  2459124.88458  2020-10-02.3813325  coadd_br276884 2.08 -1.65 17.760     >17.760  99.990         -14.35        57.37   -0.024       0.095       
2459126.72222  2459126.72584  2020-10-04.2222260  coadd_bs278336 1.48 -1.49 17.248     >17.248  99.990          19.12       106.23   0.027        0.153       
2459127.97994  2459127.98341  2020-10-05.4799394  coadd_br277804 1.51 -1.65 17.524     >17.524  99.990         -32.31        71.28   -0.054       0.118       
2459131.01124  2459131.01492  2020-10-08.5112424  coadd_bB174782 2.08 -1.04 18.189     >18.189  99.990         -16.64        67.69   -0.016       0.064       
2459133.01374  2459133.01777  2020-10-10.5137362  coadd_bC175297 1.41 -1.55 18.484     >18.484  99.990         -31.70        32.22   -0.048       0.049       
2459133.03656  2459133.04036  2020-10-10.5365548  coadd_bB175582 2.18 -1.04 18.828     >18.828  99.990           9.32        37.57   0.009        0.036       
2459135.03160  2459135.03553  2020-10-12.5316006  coadd_bB176103 2.17 -1.04 19.146     >19.146  99.990         -50.78        28.04   -0.048       0.027       
2459135.07333  2459135.07748  2020-10-12.5733255  coadd_bC175869 1.44 -1.55 18.767     >18.767  99.990         -19.21        24.81   -0.029       0.038       
2459136.84135  2459136.84562  2020-10-14.3413519  coadd_bs281963 1.43 -1.49 18.735     >18.735  99.990          -3.41        27.02   -0.005       0.039       
2459138.04178  2459138.04589  2020-10-15.5417780  coadd_bB177124 2.09 -1.04 19.173     >19.173  99.990           9.28        27.35   0.009        0.026       
2459139.02579  2459139.03017  2020-10-16.5257861  coadd_bC177148 1.51 -1.55 18.273     >18.273  99.990         -89.38        39.11   -0.136       0.059       
2459142.03582  2459142.04015  2020-10-19.5358188  coadd_bB178405 2.03 -1.04 19.468     >19.468  99.990         -24.93        20.84   -0.024       0.020       
2459142.85601  2459142.86060  2020-10-20.3560057  coadd_bC178309 1.44 -1.55 19.044     >19.044  99.990         -17.11        19.22   -0.026       0.029       
2459144.82849  2459144.83317  2020-10-22.3284869  coadd_bs284731 1.53 -1.49 18.810     >18.810  99.990         -41.20        25.20   -0.059       0.036       
2459144.93492  2459144.93940  2020-10-22.4349310  coadd_br283754 1.46 -1.65 18.680     >18.680  99.990         -68.26        24.57   -0.113       0.041       
2459145.78272  2459145.78745  2020-10-23.2827287  coadd_bs285098 1.50 -1.49 18.864     >18.864  99.990         -55.94        23.99   -0.080       0.034       
2459147.71023  2459147.71504  2020-10-25.2102366  coadd_bs285716 1.46 -1.49 18.141     >18.141  99.990          59.16        46.68   0.085        0.067       
2459148.80729  2459148.81195  2020-10-26.3072974  coadd_bB180781 2.24 -1.04 18.182     >18.182  99.990        -262.17        68.14   -0.248       0.065       
2459153.98084  2459153.98589  2020-10-31.4808428  coadd_bC180832 1.39 -1.55 17.065     >17.065  99.990         121.42       118.96   0.184        0.181       
2459155.71466  2459155.71958  2020-11-02.2146572  coadd_br285572 1.46 -1.65 17.480     >17.480  99.990         -10.55        74.19   -0.018       0.123       
2459157.96130  2459157.96648  2020-11-04.4613032  coadd_bs288273 1.43 -1.49 17.638     >17.638  99.990        -137.57        74.22   -0.198       0.107       
2459159.01469  2459159.01990  2020-11-05.5146934  coadd_bC182734 1.43 -1.55 17.029     >17.029  99.990          61.31       123.01   0.093        0.187       
2459159.02221  2459159.02724  2020-11-05.5222146  coadd_bB183344 2.11 -1.04 18.055     >18.055  99.990        -312.05        76.62   -0.296       0.073       
2459160.92993  2459160.93501  2020-11-07.4299369  coadd_br287796 1.56 -1.65 18.416     >18.416  99.990         -83.34        31.33   -0.138       0.052       
2459161.77686  2459161.78196  2020-11-08.2768593  coadd_bB183652 2.06 -1.04 18.986     >18.986  99.990          34.60        32.50   0.033        0.031       
2459161.94066  2459161.94594  2020-11-08.4406690  coadd_bs289447 1.59 -1.49 18.363     >18.363  99.990          19.80        38.07   0.028        0.055       
2459161.99565  2459162.00076  2020-11-08.4956619  coadd_br288186 1.57 -1.65 18.102     >18.102  99.990          12.28        41.86   0.020        0.070       
2459163.88500  2459163.89015  2020-11-10.3850004  coadd_br288737 1.57 -1.65 19.137     >19.137  99.990          46.34        16.14   0.077        0.027       
2459163.93350  2459163.93882  2020-11-10.4335046  coadd_bC183667 1.51 -1.55 18.743     >18.743  99.990          -3.18        25.37   -0.005       0.039       
2459164.89038  2459164.89571  2020-11-11.3903805  coadd_bs290451 1.44 -1.49 18.884     >18.884  99.990          19.54        23.55   0.028        0.034       
2459166.88167  2459166.88703  2020-11-13.3816738  coadd_bs291271 1.47 -1.49 18.966     >18.966  99.990         -15.92        21.83   -0.023       0.031       
2459167.76656  2459167.77178  2020-11-14.2665601  coadd_bB185200 2.14 -1.04 18.715     >18.715  99.990        -108.49        41.70   -0.103       0.040       
2459169.60180  2459169.60705  2020-11-16.1018126  coadd_br291013 1.56 -1.65 18.612     >18.612  99.990          13.53        26.17   0.022        0.043       
2459169.92105  2459169.92630  2020-11-16.4210548  coadd_bB185769 2.06 -1.04 19.102     >19.102  99.990         -49.45        29.21   -0.047       0.028       
2459170.80721  2459170.81261  2020-11-17.3072177  coadd_bC185427 1.46 -1.55 19.061     >19.061  99.990          47.62        18.93   0.072        0.029       
2459171.66284  2459171.66810  2020-11-18.1628388  coadd_br291927 1.44 -1.65 18.840     >18.840  99.990         -49.00        21.22   -0.081       0.035       
2459171.86887  2459171.87428  2020-11-18.3688679  coadd_bs293380 1.54 -1.49 19.307     >19.307  99.990           2.12        15.95   0.003        0.023       
2459173.86777  2459173.87305  2020-11-20.3677723  coadd_bB186862 2.07 -1.04 19.556     >19.556  99.990         -21.95        19.23   -0.021       0.018       
2459179.84147  2459179.84686  2020-11-26.3414706  coadd_bC187108 1.52 -1.55 17.603     >17.603  99.990         -51.37        72.52   -0.078       0.110       
2459181.66885  2459181.67412  2020-11-28.1688526  coadd_br295599 1.52 -1.65 17.309     >17.309  99.990        -136.02        86.92   -0.226       0.144       
2459185.84725  2459185.85256  2020-12-02.3472443  coadd_bC188979 1.43 -1.55 17.870     >17.870  99.990         -90.16        56.70   -0.137       0.086       
2459185.87385  2459185.87907  2020-12-02.3738443  coadd_bB189590 2.13 -1.04 18.067     >18.067  99.990        -145.16        75.73   -0.138       0.072       
2459186.87550  2459186.88079  2020-12-03.3754960  coadd_bs298560 1.72 -1.49 17.759     >17.759  99.990         197.60        66.36   0.284        0.095       
2459188.91271  2459188.91796  2020-12-05.4127090  coadd_bC190366 1.48 -1.55 18.640     >18.640  99.990         -34.43        27.89   -0.052       0.042       
2459188.95002  2459188.95519  2020-12-05.4500196  coadd_bB190983 2.37 -1.04 18.565     >18.565  99.990        -106.11        47.90   -0.101       0.045       
2459189.98056  2459189.98571  2020-12-06.4805674  coadd_bB191454 2.07 -1.04 18.515     >18.515  99.990         -62.22        50.17   -0.059       0.048       
2459190.70422  2459190.70935  2020-12-07.2042204  coadd_br298322 1.45 -1.65 18.870     >18.870  99.990         -16.88        20.63   -0.028       0.034       
2459192.86930  2459192.87438  2020-12-09.3692962  coadd_bB192603 2.44 -1.04 19.793     >19.793  99.990         -13.70        15.46   -0.013       0.015       
2459192.88819  2459192.89334  2020-12-09.3881938  coadd_bC192043 1.45 -1.55 18.519     >18.519  99.990         -54.73        31.18   -0.083       0.047       
2459194.86473  2459194.86982  2020-12-11.3647333  coadd_bC192910 1.42 -1.55 19.181     >19.181  99.990          19.45        16.94   0.030        0.026       
2459195.79241  2459195.79741  2020-12-12.2924148  coadd_bB193872 2.27 -1.04 18.988     >18.988  99.990         -45.83        32.44   -0.043       0.031       
2459198.78585  2459198.79080  2020-12-15.2858554  coadd_bC193843 1.44 -1.55 18.975     >18.975  99.990          11.93        20.48   0.018        0.031       
2459199.79329  2459199.79820  2020-12-16.2932908  coadd_bs303194 1.48 -1.49 19.286     >19.286  99.990           7.31        16.27   0.010        0.023       
2459200.80917  2459200.81400  2020-12-17.3091662  coadd_bB195025 2.05 -1.04 19.755     >19.755  99.990          19.99        16.00   0.019        0.015       
2459202.74056  2459202.74531  2020-12-19.2405585  coadd_br303142 1.41 -1.65 19.005     >19.005  99.990          -3.99        18.22   -0.007       0.030       
2459204.53996  2459204.54464  2020-12-21.0399637  coadd_br303861 2.30 -1.65 18.625     >18.625  99.990         -64.68        25.84   -0.107       0.043       
2459204.79661  2459204.80129  2020-12-21.2966091  coadd_bs305352 1.44 -1.49 19.141     >19.141  99.990         -16.38        18.59   -0.024       0.027       
2459206.64421  2459206.64881  2020-12-23.1442125  coadd_bs306093 2.13 -1.49 18.537     >18.537  99.990          12.58        32.43   0.018        0.047       
2459206.78494  2459206.78952  2020-12-23.2849505  coadd_bB196049 2.08 -1.04 18.926     >18.926  99.990         -39.69        34.34   -0.038       0.033       
2459208.70018  2459208.70467  2020-12-25.2001785  coadd_br305378 1.44 -1.65 18.508     >18.508  99.990         -42.22        28.80   -0.070       0.048       
2459208.78555  2459208.79003  2020-12-25.2855486  coadd_bC196358 1.42 -1.55 18.302     >18.302  99.990          56.11        38.07   0.085        0.058       
2459209.80904  2459209.81347  2020-12-26.3090474  coadd_br305738 2.06 -1.65 17.728     >17.728  99.990        -127.90        59.06   -0.212       0.098       
2459212.81341  2459212.81767  2020-12-29.3134137  coadd_bC197581 1.44 -1.55 17.660     >17.660  99.990          21.26        68.77   0.032        0.104       
2459215.72607  2459215.73015  2021-01-01.2260744  coadd_bs309021 1.52 -1.49 17.893     >17.893  99.990         170.04        58.68   0.244        0.084       
2459215.87232  2459215.87642  2021-01-01.3723266  coadd_bB199240 2.39 -1.04 17.442     >17.442  99.990          19.37       134.74   0.018        0.128       
2459216.82616  2459216.83021  2021-01-02.3261710  coadd_bB199423 2.23 -1.04 18.454     >18.454  99.990        -213.30        53.02   -0.202       0.050       
2459217.79915  2459217.80313  2021-01-03.2991503  coadd_br308581 2.15 -1.65 18.052     >18.052  99.990          62.83        43.81   0.104        0.073       
2459217.84984  2459217.85378  2021-01-03.3498363  coadd_bC199304 1.45 -1.55 18.591     >18.591  99.990           0.69        29.18   0.001        0.044       
2459218.72866  2459218.73259  2021-01-04.2286648  coadd_br308914 1.50 -1.65 18.356     >18.356  99.990          28.33        33.11   0.047        0.055       
2459219.81453  2459219.81839  2021-01-05.3145336  coadd_br309393 1.47 -1.65 18.362     >18.362  99.990         -50.14        32.95   -0.083       0.055       
2459219.83560  2459219.83941  2021-01-05.3355988  coadd_bC200161 1.41 -1.55 18.775     >18.775  99.990         -12.73        24.62   -0.019       0.037       
2459220.74030  2459220.74410  2021-01-06.2403126  coadd_br309764 1.58 -1.65 18.735     >18.735  99.990           0.45        23.36   0.001        0.039       
2459220.75910  2459220.76284  2021-01-06.2590943  coadd_bs311061 1.51 -1.49 18.744     >18.744  99.990          55.02        26.80   0.079        0.039       
2459221.69817  2459221.70186  2021-01-07.1981769  coadd_bs311442 1.45 -1.49 18.846     >18.846  99.990          10.88        24.38   0.016        0.035       
2459222.80374  2459222.80740  2021-01-08.3037400  coadd_bB201987 2.09 -1.04 19.601     >19.601  99.990          54.61        18.44   0.052        0.017       
2459223.78601  2459223.78955  2021-01-09.2860116  coadd_bC201836 1.48 -1.55 18.840     >18.840  99.990          -1.89        23.19   -0.003       0.035       
2459223.81578  2459223.81938  2021-01-09.3157863  coadd_br311111 1.48 -1.65 18.636     >18.636  99.990          66.70        25.59   0.111        0.043       
2459226.82038  2459226.82369  2021-01-12.3203809  coadd_bC202729 2.12 -1.55 19.317     >19.317  99.990         -22.96        14.95   -0.035       0.023       
2459226.86088  2459226.86426  2021-01-12.3608853  coadd_bB203334 2.20 -1.04 19.406     >19.406  99.990         -40.93        22.08   -0.039       0.021       
2459228.77391  2459228.77707  2021-01-14.2739109  coadd_bs313388 1.57 -1.49 19.057     >19.057  99.990         -44.75        20.07   -0.064       0.029       
2459229.76028  2459229.76344  2021-01-15.2602754  coadd_bB204411 2.30 -1.04 19.171     >19.171  99.990         -60.50        27.42   -0.057       0.026       
2459230.75641  2459230.75951  2021-01-16.2564135  coadd_br312965 1.42 -1.65 18.741     >18.741  99.990          43.21        23.23   0.072        0.039       
2459231.74208  2459231.74501  2021-01-17.2420842  coadd_bC204684 1.42 -1.55 18.714     >18.714  99.990          11.62        26.06   0.018        0.040       
2459232.60969  2459232.61265  2021-01-18.1096986  coadd_br313666 1.44 -1.65 18.769      18.696  0.341           72.61        22.64   0.121        0.038       
2459233.72609  2459233.72895  2021-01-19.2260924  coadd_br314194 1.46 -1.65 19.314     >19.314  99.990           6.81        13.70   0.011        0.023       
2459233.78605  2459233.78881  2021-01-19.2860583  coadd_bs315530 1.51 -1.49 18.775     >18.775  99.990         -27.90        26.04   -0.040       0.037       
2459243.83745  2459243.83934  2021-01-29.3374458  coadd_bC207115 2.22 -1.55 17.638     >17.638  99.990         -39.01        70.20   -0.059       0.107       
2459244.81213  2459244.81408  2021-01-30.3121373  coadd_bB208030 2.13 -1.04 18.083     >18.083  99.990         193.53        74.67   0.183        0.071       
2459245.71458  2459245.71644  2021-01-31.2145809  coadd_br317330 1.58 -1.65 17.993     >17.993  99.990          72.16        46.25   0.120        0.077       
2459251.76836  2459251.76969  2021-02-06.2683611  coadd_bB209252 2.11 -1.04 19.125     >19.125  99.990          65.04        28.58   0.062        0.027       
2459251.79898  2459251.80015  2021-02-06.2989827  coadd_bC208700 1.44 -1.55 18.994      18.547  0.242           91.24        20.14   0.139        0.031       
2459252.69230  2459252.69339  2021-02-07.1922991  coadd_bs321337 1.52 -1.49 18.844     >18.844  99.990         -15.47        24.42   -0.022       0.035       
2459252.75579  2459252.75703  2021-02-07.2557951  coadd_br320097 1.63 -1.65 18.687     >18.687  99.990          -7.78        24.41   -0.013       0.041       
2459254.71670  2459254.71759  2021-02-09.2167020  coadd_bs322202 1.52 -1.49 18.750     >18.750  99.990          -9.52        26.65   -0.014       0.038       
2459255.72315  2459255.72412  2021-02-10.2231559  coadd_bB210265 2.10 -1.04 18.903     >18.903  99.990         -10.18        35.07   -0.010       0.033       
2459256.71044  2459256.71114  2021-02-11.2104341  coadd_bs323040 1.48 -1.49 18.874     >18.874  99.990          14.75        23.76   0.021        0.034       
2459256.72559  2459256.72647  2021-02-11.2255898  coadd_br321764 1.41 -1.65 18.866     >18.866  99.990          19.86        20.70   0.033        0.034       
2459258.77242  2459258.77294  2021-02-13.2724351  coadd_bC210971 1.61 -1.55 18.776     >18.776  99.990          31.51        24.61   0.048        0.037       
2459258.78401  2459258.78470  2021-02-13.2840163  coadd_bB211556 2.12 -1.04 18.989     >18.989  99.990          60.12        32.41   0.057        0.031       
2459262.76509  2459262.76522  2021-02-17.2650918  coadd_bC211924 1.40 -1.55 18.717     >18.717  99.990          21.98        25.97   0.033        0.039       
2459267.75730  2459267.75716  2021-02-22.2573145  coadd_bB213509 2.22 -1.04 18.032     >18.032  99.990         105.19        78.22   0.100        0.074       
2459268.73195  2459268.73151  2021-02-23.2319618  coadd_bC213348 1.51 -1.55 18.460     >18.460  99.990         -19.80        32.91   -0.030       0.050       
2459269.64080  2459269.64048  2021-02-24.1408019  coadd_br322476 1.48 -1.65 18.048     >18.048  99.990        -100.99        43.98   -0.168       0.073       
2459271.64001  2459271.63951  2021-02-26.1400131  coadd_br323207 2.03 -1.65 18.071     >18.071  99.990         -78.85        43.08   -0.131       0.072       
2459271.72559  2459271.72486  2021-02-26.2255908  coadd_bC214194 2.35 -1.55 17.850     >17.850  99.990          66.03        57.75   0.100        0.088       
2459277.72241  2459277.72113  2021-03-04.2224135  coadd_bC214466 1.53 -1.55 18.389     >18.389  99.990          -0.02        35.16   -0.000       0.053       
2459277.74135  2459277.74028  2021-03-04.2413491  coadd_bB215057 2.07 -1.04 19.070     >19.070  99.990          29.63        30.07   0.028        0.028       
2459279.64230  2459279.64084  2021-03-06.1423100  coadd_bs327059 1.48 -1.49 18.713      18.348  0.261          115.72        27.57   0.166        0.040       
2459282.62793  2459282.62642  2021-03-09.1279305  coadd_br326652 1.54 -1.65 18.566     >18.566  99.990          -8.07        27.29   -0.013       0.045       
2459291.60424  2459291.60195  2021-03-18.1042439  coadd_br328572 2.18 -1.65 18.650     >18.650  99.990          28.20        25.26   0.047        0.042       
2459294.59476  2459294.59198  2021-03-21.0947628  coadd_bs330826 2.03 -1.49 17.886     >17.886  99.990          94.80        59.05   0.136        0.085       
2459294.61084  2459294.60830  2021-03-21.1108395  coadd_br329552 1.55 -1.65 17.965     >17.965  99.990         -36.59        47.49   -0.061       0.079       
2459297.62417  2459297.62138  2021-03-24.1241729  coadd_br330270 1.47 -1.65 17.545      17.408  0.322          237.99        69.91   0.395        0.116       
2459299.62505  2459299.62211  2021-03-26.1250613  coadd_br330647 1.46 -1.65 17.606     >17.606  99.990        -224.32        66.10   -0.373       0.110       
2459301.62600  2459301.62290  2021-03-28.1259974  coadd_br331385 1.51 -1.65 16.866     >16.866  99.990        -239.19       130.62   -0.397       0.217       
2459303.62072  2459303.61748  2021-03-30.1207237  coadd_br331939 1.50 -1.65 17.128     >17.128  99.990         178.80       102.64   0.297        0.171       
2459305.60888  2459305.60549  2021-04-01.1088841  coadd_br332594 1.47 -1.65 18.719     >18.719  99.990         -47.57        23.70   -0.079       0.039       
2459395.11806  2459395.11366  2021-06-29.6180583  coadd_bC247760 1.49 -1.55 16.956     >16.956  99.990         339.17       131.57   0.515        0.200       
2459397.10687  2459397.10258  2021-07-01.6068658  coadd_bC248422 2.41 -1.55 17.794     >17.794  99.990         109.80        60.78   0.167        0.092       
2459399.11817  2459399.11397  2021-07-03.6181709  coadd_bB249545 2.29 -1.04 17.206     >17.206  99.990       -1181.50       167.42   -1.120       0.159       
2459401.11784  2459401.11377  2021-07-05.6178409  coadd_bB250250 2.08 -1.04 17.063     >17.063  99.990        -697.76       190.93   -0.661       0.181       
2459404.09100  2459404.08716  2021-07-08.5910010  coadd_bC250717 1.56 -1.55 18.528     >18.528  99.990          77.72        30.93   0.118        0.047       
2459404.10260  2459404.09870  2021-07-08.6025950  coadd_bB251289 2.12 -1.04 18.827     >18.827  99.990         -35.74        37.62   -0.034       0.036       
2459406.95699  2459406.95328  2021-07-11.4569855  coadd_br354607 1.45 -1.65 17.407     >17.407  99.990          81.57        79.37   0.136        0.132       
2459409.10183  2459409.09834  2021-07-13.6018335  coadd_bC252334 1.39 -1.55 18.616     >18.616  99.990          54.11        28.52   0.082        0.043       
2459411.08235  2459411.07892  2021-07-15.5823456  coadd_bB253536 2.07 -1.04 18.778     >18.778  99.990         -26.39        39.37   -0.025       0.037       
2459415.08148  2459415.07844  2021-07-19.5814843  coadd_bC254344 1.62 -1.55 18.827     >18.827  99.990          28.88        23.48   0.044        0.036       
2459418.05640  2459418.05360  2021-07-22.5564118  coadd_bC255392 1.62 -1.55 16.397     >16.397  99.990         -12.62       220.19   -0.019       0.334       
2459421.07457  2459421.07190  2021-07-25.5745704  coadd_bB256644 2.31 -1.04 17.864     >17.864  99.990        -127.04        91.30   -0.120       0.087       
2459421.91533  2459421.91284  2021-07-26.4153285  coadd_bs358598 2.14 -1.49 16.925     >16.925  99.990         365.69       143.13   0.525        0.206       
2459422.07410  2459422.07150  2021-07-26.5740972  coadd_bB256942 2.24 -1.04 17.871     >17.871  99.990         104.27        90.73   0.099        0.086       
2459422.90318  2459422.90078  2021-07-27.4031850  coadd_bs358906 1.53 -1.49 17.630     >17.630  99.990         -98.89        74.74   -0.142       0.107       
2459422.91827  2459422.91574  2021-07-27.4182807  coadd_br357630 1.71 -1.65 17.935     >17.935  99.990          41.18        48.82   0.068        0.081       
2459423.90323  2459423.90091  2021-07-28.4032302  coadd_bs359221 2.49 -1.49 16.927     >16.927  99.990         -11.59       142.88   -0.017       0.205       
2459426.03534  2459426.03320  2021-07-30.5353408  coadd_bC257377 1.42 -1.55 18.133     >18.133  99.990          46.93        44.50   0.071        0.068       
2459426.06233  2459426.06007  2021-07-30.5623418  coadd_bB257961 2.06 -1.04 18.514     >18.514  99.990         -78.34        50.18   -0.074       0.048       
2459427.08833  2459427.08628  2021-07-31.5883259  coadd_bC257783 1.45 -1.55 18.341     >18.341  99.990          88.42        36.73   0.134        0.056       
2459427.92285  2459427.92074  2021-08-01.4228515  coadd_br358760 1.65 -1.65 18.338     >18.338  99.990          26.03        33.68   0.043        0.056       
2459430.89381  2459430.89209  2021-08-04.3938140  coadd_bs360430 1.43 -1.49 18.032     >18.032  99.990          52.61        51.64   0.076        0.074       
2459430.89755  2459430.89569  2021-08-04.3975604  coadd_br359145 1.55 -1.65 18.521     >18.521  99.990         -55.28        28.44   -0.092       0.047       
2459431.88650  2459431.88488  2021-08-05.3865108  coadd_bs360706 1.43 -1.49 18.542     >18.542  99.990         -27.55        32.27   -0.040       0.046       
2459431.90173  2459431.89996  2021-08-05.4017327  coadd_br359430 1.49 -1.65 18.618     >18.618  99.990          -1.89        26.03   -0.003       0.043       
2459432.88031  2459432.87877  2021-08-06.3803165  coadd_bs361028 1.43 -1.49 18.552     >18.552  99.990          19.18        31.97   0.028        0.046       
2459432.89922  2459432.89753  2021-08-06.3992245  coadd_br359755 1.45 -1.65 18.489     >18.489  99.990         -57.05        29.30   -0.095       0.049       
2459433.86927  2459433.86782  2021-08-07.3692697  coadd_bs361351 1.52 -1.49 17.908     >17.908  99.990         -97.37        57.85   -0.140       0.083       
2459433.88846  2459433.88685  2021-08-07.3884552  coadd_br360078 1.44 -1.65 18.347     >18.347  99.990         -15.35        33.40   -0.025       0.055       
2459434.89954  2459434.89802  2021-08-08.3995398  coadd_br360401 1.53 -1.65 17.920     >17.920  99.990          15.03        49.47   0.025        0.082       
2459435.89151  2459435.89009  2021-08-09.3915166  coadd_br360730 1.38 -1.65 17.994     >17.994  99.990         106.38        46.21   0.177        0.077       
2459436.87563  2459436.87445  2021-08-10.3756328  coadd_bs362321 1.41 -1.49 18.625     >18.625  99.990         -96.39        29.89   -0.138       0.043       
2459436.89069  2459436.88935  2021-08-10.3906937  coadd_br361044 1.49 -1.65 18.592     >18.592  99.990         -32.51        26.65   -0.054       0.044       
2459436.99872  2459436.99755  2021-08-10.4987196  coadd_bC261413 1.45 -1.55 18.759     >18.759  99.990          -9.95        25.00   -0.015       0.038       
2459438.09029  2459438.08922  2021-08-11.5902924  coadd_bC261861 1.42 -1.55 18.819     >18.819  99.990          40.77        23.65   0.062        0.036       
2459440.03246  2459440.03157  2021-08-13.5324622  coadd_bC262549 2.00 -1.55 19.054     >19.054  99.990           2.00        19.06   0.003        0.029       
2459440.03633  2459440.03527  2021-08-13.5363417  coadd_bB263115 2.41 -1.04 19.183     >19.183  99.990          36.95        27.09   0.035        0.026       
2459442.00736  2459442.00647  2021-08-15.5073652  coadd_bB263690 2.06 -1.04 18.819     >18.819  99.990           3.08        37.88   0.003        0.036       
2459443.01436  2459443.01356  2021-08-16.5143608  coadd_bB264078 2.03 -1.04 18.903     >18.903  99.990         -32.73        35.09   -0.031       0.033       
2459444.00001  2459443.99949  2021-08-17.5000206  coadd_bC263836 1.40 -1.55 18.842     >18.842  99.990          46.38        23.15   0.070        0.035       
2459445.01400  2459445.01338  2021-08-18.5140068  coadd_bB264749 2.08 -1.04 18.938     >18.938  99.990           9.00        33.96   0.009        0.032       
2459445.97805  2459445.97772  2021-08-19.4780596  coadd_bC264531 1.45 -1.55 17.798     >17.798  99.990          -6.48        60.55   -0.010       0.092       
2459448.06229  2459448.06215  2021-08-21.5622976  coadd_bC265351 1.57 -1.55 17.937     >17.937  99.990         154.53        53.32   0.235        0.081       
2459449.84864  2459449.84846  2021-08-23.3486418  coadd_br361831 1.52 -1.65 17.157     >17.157  99.990        -217.74        99.98   -0.362       0.166       
2459451.93167  2459451.93168  2021-08-25.4316784  coadd_br362563 1.48 -1.65 17.746      17.436  0.275          231.90        58.08   0.385        0.097       
2459452.91580  2459452.91591  2021-08-26.4158042  coadd_br362794 1.50 -1.65 17.712     >17.712  99.990          65.70        59.92   0.109        0.100       
2459452.96881  2459452.96912  2021-08-26.4688164  coadd_bC266551 1.50 -1.55 17.635     >17.635  99.990         124.90        70.36   0.190        0.107       
2459453.83148  2459453.83188  2021-08-27.3314928  coadd_bs364559 1.42 -1.49 17.672     >17.672  99.990         -49.73        71.92   -0.071       0.103       
2459453.84283  2459453.84302  2021-08-27.3428373  coadd_br363090 1.40 -1.65 17.458     >17.458  99.990        -170.94        75.74   -0.284       0.126       
2459454.84052  2459454.84080  2021-08-28.3405324  coadd_br363438 1.44 -1.65 17.543      17.399  0.320          239.87        70.03   0.398        0.116       
2459458.03158  2459458.03215  2021-08-31.5315878  coadd_bB269084 2.15 -1.04 18.534     >18.534  99.990          -2.76        49.26   -0.003       0.047       
2459461.13933  2459461.14040  2021-09-03.6393300  coadd_bC269301 1.55 -1.55 17.817     >17.817  99.990        -194.85        59.52   -0.296       0.090       
2459461.94475  2459461.94589  2021-09-04.4447537  coadd_bC269554 1.46 -1.55 18.899     >18.899  99.990          17.29        21.97   0.026        0.033       
2459465.83425  2459465.83552  2021-09-08.3342523  coadd_br365596 1.40 -1.65 18.637     >18.637  99.990          39.61        25.58   0.066        0.042       
2459466.79719  2459466.79854  2021-09-09.2971914  coadd_br365930 1.40 -1.65 18.418     >18.418  99.990         -21.17        31.28   -0.035       0.052       
2459466.91776  2459466.91935  2021-09-09.4177678  coadd_bC270835 1.44 -1.55 18.703     >18.703  99.990         -18.91        26.32   -0.029       0.040       
2459468.92047  2459468.92223  2021-09-11.4204748  coadd_bC271651 1.44 -1.55 18.645     >18.645  99.990          43.63        27.77   0.066        0.042       
2459471.00116  2459471.00289  2021-09-13.5011657  coadd_bB272804 2.07 -1.04 18.924     >18.924  99.990           9.91        34.40   0.009        0.033       
2459472.93170  2459472.93381  2021-09-15.4317057  coadd_bC272562 1.49 -1.55 18.672      18.466  0.302           98.26        27.09   0.149        0.041       
2459472.95246  2459472.95435  2021-09-15.4524663  coadd_br367904 1.46 -1.65 18.977     >18.977  99.990          24.34        18.70   0.040        0.031       
2459473.91195  2459473.91392  2021-09-16.4119630  coadd_br368195 1.52 -1.65 18.807     >18.807  99.990           8.22        21.87   0.014        0.036       
2459474.77590  2459474.77817  2021-09-17.2758971  coadd_bs369820 1.65 -1.49 17.497     >17.497  99.990         162.85        84.50   0.234        0.121       
2459475.75282  2459475.75518  2021-09-18.2528297  coadd_bs370174 1.47 -1.49 17.493     >17.493  99.990        -151.62        84.78   -0.218       0.122       
2459477.13680  2459477.13904  2021-09-19.6368084  coadd_bB274176 2.18 -1.04 18.666     >18.666  99.990         -55.02        43.62   -0.052       0.041       
2459478.90499  2459478.90760  2021-09-21.4049891  coadd_bC274274 1.52 -1.55 17.994     >17.994  99.990          52.10        50.55   0.079        0.077       
2459480.99659  2459480.99914  2021-09-23.4965950  coadd_bB275722 2.11 -1.04 17.999     >17.999  99.990        -436.29        80.64   -0.413       0.077       
2459481.82513  2459481.82776  2021-09-24.3251430  coadd_br370338 1.45 -1.65 16.860     >16.860  99.990        -892.52       131.37   -1.483       0.219       
2459482.98500  2459482.98771  2021-09-25.4850038  coadd_br370524 1.50 -1.65 17.691     >17.691  99.990         134.48        61.14   0.223        0.102       
2459486.00708  2459486.01026  2021-09-28.5070770  coadd_bC276962 1.46 -1.55 18.484     >18.484  99.990          18.85        32.21   0.029        0.049       
2459488.00362  2459488.00695  2021-09-30.5036258  coadd_bC277746 1.39 -1.55 18.894     >18.894  99.990          38.20        22.08   0.058        0.034       
2459489.87970  2459489.88293  2021-10-02.3797061  coadd_bB278763 2.05 -1.04 19.084     >19.084  99.990          10.80        29.69   0.010        0.028       
2459491.04006  2459491.04338  2021-10-03.5400659  coadd_bB279289 2.23 -1.04 19.125     >19.125  99.990         -34.63        28.59   -0.033       0.027       
2459491.74807  2459491.75144  2021-10-04.2480777  coadd_br372567 1.45 -1.65 18.374     >18.374  99.990         -53.64        32.59   -0.089       0.054       
2459492.07496  2459492.07835  2021-10-04.5749649  coadd_bB279717 2.08 -1.04 19.131     >19.131  99.990         -56.78        28.43   -0.054       0.027       
