###  JD        HJD            UT_date             IMAGE          FWHM  Diff Limit      mag   mag_err       counts     count_err  flux (mJy)    flux_err
2456589.93200  2456589.93735  2013-10-24.4319981  coadd_bd000222 2.27 -2.24 18.241     >18.241  99.990          39.83        21.48   0.120        0.065       
2456600.90331  2456600.90879  2013-11-04.4033127  coadd_bd002849 2.33 -2.24 18.438      16.977  0.095          206.49        17.91   0.621        0.054       
2456615.90679  2456615.91212  2013-11-19.4067896  coadd_bd005546 1.62 -2.24 17.960     >17.960  99.990          77.99        27.82   0.235        0.084       
2456616.90066  2456616.90597  2013-11-20.4006621  coadd_bd005913 4.29 -2.24 17.183      17.062  0.327          190.88        56.92   0.574        0.171       
2456618.88939  2456618.89466  2013-11-22.3893964  coadd_bd006383 2.00 -2.24 17.970      16.520  0.096          314.58        27.56   0.947        0.083       
2456621.89699  2456621.90216  2013-11-25.3969901  coadd_bd007287 2.44 -2.24 18.411      16.960  0.095          209.79        18.36   0.631        0.055       
2456629.89231  2456629.89718  2013-12-03.3923092  coadd_bd008136 1.58 -2.24 18.270      16.687  0.084          269.74        20.90   0.812        0.063       
2456630.84747  2456630.85230  2013-12-04.3474758  coadd_bd008388 2.91 -2.24 18.373      17.379  0.146          142.60        19.02   0.429        0.057       
2456631.84509  2456631.84987  2013-12-05.3450900  coadd_bd008746 1.44 -2.24 18.374      17.661  0.189          109.93        19.00   0.331        0.057       
2456641.78095  2456641.78519  2013-12-15.2809467  coadd_bd011631 2.31 -2.24 17.617      16.842  0.179          233.86        38.16   0.704        0.115       
2456648.82404  2456648.82782  2013-12-22.3240408  coadd_bd012973 1.63 -2.24 18.207      17.160  0.139          174.49        22.16   0.525        0.067       
2456656.73375  2456656.73694  2013-12-30.2337488  coadd_bd014664 1.57 -2.24 18.384      17.685  0.191          107.58        18.83   0.324        0.057       
2456675.77406  2456675.77564  2014-01-18.2740579  coadd_bd017027 2.12 -2.24 18.165      17.682  0.234          107.86        23.03   0.325        0.069       
2456677.77641  2456677.77781  2014-01-20.2764144  coadd_bd017808 2.45 -2.24 18.152      16.553  0.083          305.11        23.32   0.918        0.070       
2456701.73799  2456701.73707  2014-02-13.2379915  coadd_bd020417 1.78 -2.24 17.816     >17.816  99.990          -8.91        31.76   -0.027       0.096       
2456829.11493  2456829.11087  2014-06-20.6145282  coadd_bd041323 1.51 -2.24 17.587      17.133  0.240          178.79        39.23   0.538        0.118       
2456835.11629  2456835.11264  2014-06-26.6158877  coadd_bd042706 1.61 -2.24 17.574      17.528  0.350          124.24        39.69   0.374        0.119       
2456847.09248  2456847.08977  2014-07-08.5920784  coadd_bd043294 1.48 -2.24 18.037      17.641  0.253          112.00        25.91   0.337        0.078       
2456850.08346  2456850.08100  2014-07-11.5830549  coadd_bd044270 1.44 -2.24 17.538      17.520  0.359          125.23        41.04   0.377        0.123       
2456851.09204  2456851.08967  2014-07-12.5916453  coadd_bd044622 1.52 -2.24 17.235     >17.235  99.990        -197.83        54.25   -0.595       0.163       
2456852.11393  2456852.11165  2014-07-13.6135265  coadd_bd044958 1.49 -2.24 17.359     >17.359  99.990         -59.87        48.41   -0.180       0.146       
2456854.08296  2456854.08085  2014-07-15.5825539  coadd_bd045242 1.50 -2.24 17.285      16.730  0.219          259.19        51.80   0.780        0.156       
2456855.07895  2456855.07693  2014-07-16.5785482  coadd_bd045466 1.55 -2.24 18.056      17.077  0.148          188.35        25.47   0.567        0.077       
2456883.03957  2456883.04015  2014-08-13.5391636  coadd_bd046794 1.54 -2.24 17.532      16.696  0.169          267.42        41.27   0.805        0.124       
2456888.01388  2456888.01493  2014-08-18.5134751  coadd_bd048383 1.70 -2.24 18.318      17.425  0.160          136.67        20.01   0.411        0.060       
2456890.11393  2456890.11518  2014-08-20.6135293  coadd_bd048968 1.67 -2.24 18.204      16.809  0.101          240.96        22.23   0.725        0.067       
2456892.02079  2456892.02221  2014-08-22.5203847  coadd_bd049272 1.70 -2.24 18.475      18.020  0.240           78.97        17.32   0.238        0.052       
2456893.02867  2456893.03018  2014-08-23.5282665  coadd_bd049637 1.67 -2.24 18.371      17.557  0.172          120.97        19.06   0.364        0.057       
2456895.01850  2456895.02019  2014-08-25.5180988  coadd_bd050138 1.63 -2.24 18.396      17.753  0.202          100.98        18.63   0.304        0.056       
2456896.02191  2456896.02370  2014-08-26.5215128  coadd_bd050425 1.68 -2.24 18.434      17.104  0.107          183.58        17.99   0.552        0.054       
2456897.02210  2456897.02398  2014-08-27.5217031  coadd_bd050780 1.69 -2.24 18.167      16.788  0.102          245.61        22.99   0.739        0.069       
2456900.01463  2456900.01676  2014-08-30.5142260  coadd_bd051609 1.71 -2.24 18.298      17.694  0.209          106.70        20.37   0.321        0.061       
2456903.01030  2456903.01270  2014-09-02.5098961  coadd_bd052427 1.78 -2.24 18.370      17.177  0.121          171.66        19.08   0.516        0.057       
2456905.01484  2456905.01741  2014-09-04.5144375  coadd_bd052960 1.73 -2.24 18.353      17.794  0.218           97.26        19.37   0.293        0.058       
2456908.99744  2456909.00034  2014-09-08.4970385  coadd_bd053857 1.64 -2.24 16.679     >16.679  99.990         150.21        90.56   0.452        0.272       
2456909.93241  2456909.93539  2014-09-09.4320093  coadd_bd054117 1.65 -2.24 17.570     >17.570  99.990         -26.20        39.83   -0.079       0.120       
2456917.06295  2456917.06647  2014-09-16.5625450  coadd_bd056391 1.64 -2.24 18.254      17.472  0.177          130.89        21.22   0.394        0.064       
2456918.98136  2456918.98502  2014-09-18.4809559  coadd_bd057033 1.53 -2.24 18.301     >18.301  99.990        -176.46        20.32   -0.531       0.061       
2456919.98408  2456919.98781  2014-09-19.4836758  coadd_bd057393 1.76 -2.24 18.436      17.182  0.115          170.98        17.95   0.514        0.054       
2456920.98267  2456920.98647  2014-09-20.4822678  coadd_bd057741 1.64 -2.24 18.536      18.263  0.283           63.17        16.37   0.190        0.049       
2456923.99848  2456924.00249  2014-09-23.4980762  coadd_bd058282 1.62 -2.24 18.659     >18.659  99.990          33.93        14.61   0.102        0.044       
2456928.96877  2456928.97309  2014-09-28.4683658  coadd_bd059145 1.53 -2.24 18.282      17.344  0.154          147.18        20.68   0.443        0.062       
2456932.96292  2456932.96747  2014-10-02.4625204  coadd_bd060160 1.69 -2.24 18.224      17.013  0.119          199.74        21.82   0.601        0.066       
2456938.05528  2456938.06009  2014-10-07.5548799  coadd_bd061219 1.83 -2.24 17.568      16.994  0.215          203.15        39.92   0.611        0.120       
2456938.93943  2456938.94428  2014-10-08.4390225  coadd_bd061536 1.62 -2.24 17.766      16.620  0.127          286.89        33.25   0.863        0.100       
2456943.92698  2456943.93204  2014-10-13.4265811  coadd_bd062598 2.00 -2.24 17.949      16.803  0.127          242.34        28.10   0.729        0.085       
2456965.91675  2456965.92229  2014-11-04.4163429  coadd_bd063492 1.64 -2.24 17.854      16.550  0.110          306.01        30.69   0.921        0.092       
2456969.89083  2456969.89637  2014-11-08.3904244  coadd_bd064516 1.57 -2.24 17.415      17.220  0.305          165.00        45.94   0.496        0.138       
2456971.73557  2456971.74110  2014-11-10.2351625  coadd_bd065133 1.47 -2.24 18.323      18.167  0.316           68.97        19.91   0.208        0.060       
2456973.88690  2456973.89242  2014-11-12.3864997  coadd_bd065856 1.51 -2.24 18.228     >18.228  99.990         -11.71        21.73   -0.035       0.065       
2456978.87096  2456978.87641  2014-11-17.3705559  coadd_bd066387 1.62 -2.24 18.302      16.921  0.102          217.38        20.30   0.654        0.061       
2456979.88581  2456979.89124  2014-11-18.3854047  coadd_bd066780 1.58 -2.24 18.280     >18.280  99.990          52.62        20.72   0.158        0.062       
2456981.89042  2456981.89580  2014-11-20.3900203  coadd_bd067428 1.54 -2.24 18.354     >18.354  99.990        -106.58        19.36   -0.321       0.058       
2456982.87599  2456982.88135  2014-11-21.3755947  coadd_bd067793 1.52 -2.24 18.312     >18.312  99.990           0.68        20.12   0.002        0.061       
2456984.86585  2456984.87116  2014-11-23.3654592  coadd_bd068544 1.58 -2.24 18.293      17.239  0.138          162.14        20.47   0.488        0.062       
2456986.86978  2456986.87503  2014-11-25.3693759  coadd_bd069154 1.63 -2.24 18.280      16.726  0.087          260.13        20.73   0.783        0.062       
2456988.74757  2456988.75275  2014-11-27.2471687  coadd_bd069471 1.44 -2.24 18.417      17.417  0.145          137.60        18.26   0.414        0.055       
2456989.71125  2456989.71640  2014-11-28.2108481  coadd_bd069813 1.51 -2.24 18.350      17.206  0.127          167.23        19.43   0.503        0.058       
2456990.86404  2456990.86914  2014-11-29.3636376  coadd_bd070255 1.46 -2.24 18.256     >18.256  99.990          61.62        21.19   0.185        0.064       
2456991.86225  2456991.86732  2014-11-30.3618494  coadd_bd070577 1.58 -2.24 17.973      17.449  0.225          133.70        27.49   0.402        0.083       
2456997.90663  2456997.91143  2014-12-06.4062240  coadd_bd071850 1.77 -2.24 17.410     >17.410  99.990           2.27        46.19   0.007        0.139       
2456999.90753  2456999.91223  2014-12-08.4071239  coadd_bd072613 1.40 -2.24 18.140     >18.140  99.990          33.30        23.58   0.100        0.071       
2457000.91977  2457000.92442  2014-12-09.4193700  coadd_bd073038 1.46 -2.24 18.153     >18.153  99.990         -49.49        23.29   -0.149       0.070       
2457001.92502  2457001.92961  2014-12-10.4246152  coadd_bd073442 1.48 -2.24 18.288     >18.288  99.990         -68.27        20.58   -0.205       0.062       
2457002.84930  2457002.85385  2014-12-11.3489003  coadd_bd073767 1.60 -2.24 18.323     >18.323  99.990         -15.80        19.91   -0.048       0.060       
2457003.83832  2457003.84281  2014-12-12.3379163  coadd_bd074157 1.44 -2.24 18.517      17.611  0.158          115.14        16.66   0.346        0.050       
2457004.84526  2457004.84970  2014-12-13.3448593  coadd_bd074560 1.53 -2.24 18.377      17.087  0.111          186.62        18.94   0.562        0.057       
2457006.84911  2457006.85343  2014-12-15.3487136  coadd_bd075150 1.83 -2.24 17.973     >17.973  99.990          70.88        27.48   0.213        0.083       
2457007.82365  2457007.82790  2014-12-16.3232428  coadd_bd075449 1.54 -2.24 18.473      18.315  0.315           60.18        17.34   0.181        0.052       
2457012.83874  2457012.84266  2014-12-21.3383386  coadd_bd077452 1.60 -2.24 18.095      16.959  0.128          209.99        24.57   0.632        0.074       
2457013.82160  2457013.82546  2014-12-22.3212023  coadd_bd077703 1.59 -2.24 18.469      17.507  0.150          126.72        17.41   0.381        0.052       
2457017.81502  2457017.81858  2014-12-26.3146164  coadd_bd078180 1.52 -2.24 18.315      18.157  0.315           69.60        20.06   0.209        0.060       
2457018.82905  2457018.83254  2014-12-27.3286479  coadd_bd078537 2.17 -2.24 18.156      17.504  0.200          127.00        23.23   0.382        0.070       
2457024.82712  2457024.83013  2015-01-02.3267157  coadd_bd079931 2.11 -2.24 17.675      16.807  0.164          241.49        36.16   0.727        0.109       
2457030.81008  2457030.81259  2015-01-08.3096743  coadd_bd080259 1.48 -2.24 17.962     >17.962  99.990          19.40        27.77   0.058        0.084       
2457032.82149  2457032.82382  2015-01-10.3210938  coadd_bd081109 1.74 -2.24 18.252      17.426  0.170          136.54        21.27   0.411        0.064       
2457034.79767  2457034.79983  2015-01-12.2972671  coadd_bd081521 1.58 -2.24 18.204      17.003  0.120          201.60        22.22   0.607        0.067       
2457035.79204  2457035.79411  2015-01-13.2916391  coadd_bd081803 1.47 -2.24 18.271      17.632  0.202          112.98        20.89   0.340        0.063       
2457038.77066  2457038.77245  2015-01-16.2702538  coadd_bd083496 1.47 -2.24 18.924     >18.924  99.990          27.26        11.45   0.082        0.034       
2457042.77013  2457042.77155  2015-01-20.2697298  coadd_bd085045 1.50 -2.24 18.332      17.221  0.131          164.88        19.74   0.496        0.059       
2457044.76914  2457044.77037  2015-01-22.2687336  coadd_bd085873 1.44 -2.24 18.496      17.539  0.151          123.07        16.98   0.370        0.051       
2457051.75923  2457051.75979  2015-01-29.2588254  coadd_bd088515 1.47 -2.24 17.766      17.480  0.280          129.94        33.26   0.391        0.100       
2457054.75583  2457054.75609  2015-02-01.2554221  coadd_bd089566 1.60 -2.24 17.882     >17.882  99.990          31.56        29.89   0.095        0.090       
2457055.75756  2457055.75773  2015-02-02.2571535  coadd_bd089966 1.56 -2.24 17.736      17.549  0.307          121.87        34.21   0.367        0.103       
2457061.74447  2457061.74406  2015-02-08.2440709  coadd_bd090779 2.07 -2.24 18.353      17.406  0.152          139.08        19.37   0.418        0.058       
2457065.73188  2457065.73108  2015-02-12.2314748  coadd_bd091590 2.21 -2.24 18.738     >18.738  99.990           9.52        13.59   0.029        0.041       
2457070.72008  2457070.71880  2015-02-17.2196701  coadd_bd092689 1.69 -2.24 18.130     >18.130  99.990          25.62        23.80   0.077        0.072       
2457195.11898  2457195.11496  2015-06-21.6189893  coadd_bd121180 1.62 -2.24 17.271     >17.271  99.990         -51.95        52.47   -0.156       0.158       
2457201.11687  2457201.11328  2015-06-27.6168925  coadd_bd122698 1.59 -2.24 17.585     >17.585  99.990          44.35        39.31   0.133        0.118       
2457202.11696  2457202.11344  2015-06-28.6169834  coadd_bd123004 1.75 -2.24 17.619      17.025  0.211          197.57        38.08   0.594        0.115       
2457206.10444  2457206.10123  2015-07-02.6044472  coadd_bd124103 1.56 -2.24 17.441     >17.441  99.990         104.18        44.89   0.313        0.135       
2457209.09556  2457209.09258  2015-07-05.5955614  coadd_bd124704 1.65 -2.24 17.817      17.118  0.192          181.28        31.75   0.545        0.096       
2457216.07822  2457216.07583  2015-07-12.5782199  coadd_bd126119 1.43 -2.24 18.083      17.242  0.168          161.80        24.84   0.487        0.075       
2457219.11318  2457219.11105  2015-07-15.6131792  coadd_bd126701 1.44 -2.24 18.133     >18.133  99.990          53.59        23.72   0.161        0.071       
2457223.08918  2457223.08740  2015-07-19.5891815  coadd_bd127371 1.68 -2.24 17.976      16.738  0.116          257.20        27.42   0.774        0.083       
2457224.07535  2457224.07366  2015-07-20.5753535  coadd_bd127465 1.44 -2.24 18.170      17.206  0.150          167.21        22.92   0.503        0.069       
2457228.06773  2457228.06640  2015-07-24.5677287  coadd_bd128127 1.53 -2.24 18.127      17.727  0.252          103.51        23.86   0.311        0.072       
2457232.03270  2457232.03175  2015-07-28.5327032  coadd_bd129185 1.71 -2.24 18.157      18.084  0.341           74.47        23.21   0.224        0.070       
2457236.04038  2457236.03980  2015-08-01.5403803  coadd_bd130176 1.52 -2.24 17.696     >17.696  99.990        -237.48        35.48   -0.715       0.107       
2457244.10825  2457244.10843  2015-08-09.6082543  coadd_bd132085 1.54 -2.24 18.265      17.142  0.130          177.28        21.02   0.533        0.063       
2457247.07360  2457247.07406  2015-08-12.5735972  coadd_bd133084 1.52 -2.24 18.292      16.992  0.110          203.57        20.50   0.613        0.062       
2457260.96077  2457260.96252  2015-08-26.4607714  coadd_bd134867 1.47 -2.24 17.943     >17.943  99.990          64.48        28.27   0.194        0.085       
2457263.10857  2457263.11052  2015-08-28.608575  coadd_bd135449 1.56 -2.24 18.240     >18.240  99.990          33.50        21.49   0.101        0.065       
2457264.01958  2457264.02161  2015-08-29.5195822  coadd_bd135784 1.57 -2.24 17.748     >17.748  99.990          42.00        33.82   0.126        0.102       
2457271.09644  2457271.09907  2015-09-05.5964390  coadd_bd137457 1.54 -2.24 18.207      17.532  0.196          123.86        22.15   0.373        0.067       
2457275.06564  2457275.06860  2015-09-09.5656398  coadd_bd138557 1.59 -2.24 18.525      17.913  0.207           87.19        16.54   0.262        0.050       
2457285.01548  2457285.01920  2015-09-19.5154847  coadd_bd140263 1.61 -2.24 18.375     >18.375  99.990           8.60        18.99   0.026        0.057       
2457289.03685  2457289.04084  2015-09-23.5368495  coadd_bd141000 1.63 -2.24 18.478      17.505  0.149          126.91        17.26   0.382        0.052       
2457298.03118  2457298.03572  2015-10-02.5311859  coadd_bd142755 1.69 -2.24 18.063     >18.063  99.990          57.70        25.31   0.174        0.076       
2457299.05312  2457299.05771  2015-10-03.5531261  coadd_bd143062 1.57 -2.24 18.494     >18.494  99.990           1.74        17.02   0.005        0.051       
2457302.97115  2457302.97594  2015-10-07.4711505  coadd_bd143607 2.46 -2.24 18.353      16.813  0.088          240.09        19.38   0.722        0.058       
2457306.03402  2457306.03895  2015-10-10.5340218  coadd_bd144850 1.49 -2.24 18.639     >18.639  99.990          -8.95        14.89   -0.027       0.045       
2457308.92995  2457308.93500  2015-10-13.4299520  coadd_bd145571 1.49 -2.24 18.474      17.136  0.106          178.27        17.33   0.536        0.052       
2457313.86203  2457313.86726  2015-10-18.3620355  coadd_bd146771 1.49 -2.24 18.382      17.708  0.196          105.32        18.86   0.317        0.057       
2457316.80708  2457316.81240  2015-10-21.3070843  coadd_bd147750 1.49 -2.24 18.189      17.118  0.136          181.34        22.53   0.546        0.068       
2457318.00111  2457318.00645  2015-10-22.5011086  coadd_bd148509 1.45 -2.24 18.375     >18.375  99.990          33.00        18.99   0.099        0.057       
2457318.78669  2457318.79206  2015-10-23.2866939  coadd_bd148809 1.47 -2.24 17.907      17.337  0.216          148.19        29.22   0.446        0.088       
2457320.77851  2457320.78392  2015-10-25.2785118  coadd_bd149623 1.51 -2.24 17.511      16.980  0.224          205.91        42.05   0.620        0.127       
2457327.99711  2457328.00263  2015-11-01.4971148  coadd_bd151865 1.47 -2.24 18.099      17.580  0.226          118.48        24.48   0.356        0.074       
2457328.90240  2457328.90793  2015-11-02.4024011  coadd_bd152219 1.44 -2.24 18.072      16.233  0.067          409.49        25.09   1.232        0.076       
2457329.83276  2457329.83830  2015-11-03.3327655  coadd_bd152518 1.73 -2.24 18.479     >18.479  99.990          51.19        17.26   0.154        0.052       
2457334.75871  2457334.76425  2015-11-08.2587097  coadd_bd153880 1.63 -2.24 18.289      18.242  0.350           64.39        20.56   0.194        0.062       
2457342.72438  2457342.72985  2015-11-16.2243822  coadd_bd154745 1.48 -2.24 18.182     >18.182  99.990          60.51        22.68   0.182        0.068       
2457344.84856  2457344.85399  2015-11-18.3485692  coadd_bd155518 1.52 -2.24 18.162      17.561  0.210          120.53        23.10   0.363        0.070       
2457353.91374  2457353.91892  2015-11-27.4137383  coadd_bd156563 1.54 -2.24 17.374     >17.374  99.990         103.51        47.74   0.311        0.144       
2457356.95176  2457356.95684  2015-11-30.4517648  coadd_bd157400 1.52 -2.24 18.404     >18.404  99.990          38.49        18.49   0.116        0.056       
2457358.94096  2457358.94596  2015-12-02.4409641  coadd_bd158210 1.59 -2.24 18.415      17.718  0.192          104.33        18.30   0.314        0.055       
2457359.90708  2457359.91203  2015-12-03.4070803  coadd_bd158618 1.49 -2.24 18.348      17.568  0.178          119.78        19.46   0.360        0.059       
2457361.92592  2457361.93079  2015-12-05.4259271  coadd_bd159506 1.50 -2.24 18.222      16.752  0.094          254.08        21.86   0.764        0.066       
2457362.83404  2457362.83886  2015-12-06.3340458  coadd_bd159861 1.49 -2.24 19.048     >19.048  99.990          11.32        10.21   0.034        0.031       
2457364.88855  2457364.89326  2015-12-08.3885482  coadd_bd160773 1.57 -2.24 18.636      18.334  0.276           59.15        14.93   0.178        0.045       
2457366.80482  2457366.80943  2015-12-10.3048230  coadd_bd161583 1.59 -2.24 18.538      18.090  0.241           74.08        16.34   0.223        0.049       
2457368.90878  2457368.91328  2015-12-12.4087863  coadd_bd162225 1.51 -2.24 18.425     >18.425  99.990          53.84        18.14   0.162        0.055       
2457370.87101  2457370.87540  2015-12-14.3710167  coadd_bd163028 1.51 -2.24 18.880     >18.880  99.990         -34.31        11.93   -0.103       0.036       
2457374.84039  2457374.84453  2015-12-18.3403900  coadd_bd163789 1.76 -2.24 18.227      17.244  0.147          161.49        21.76   0.486        0.065       
2457380.83066  2457380.83439  2015-12-24.3306643  coadd_bd164867 1.53 -2.24 17.817     >17.817  99.990          89.02        31.73   0.268        0.095       
2457383.87930  2457383.88281  2015-12-27.3793052  coadd_bd165474 2.30 -2.24 17.951     >17.951  99.990        -101.51        28.06   -0.305       0.084       
2457385.87076  2457385.87411  2015-12-29.3707622  coadd_bd166013 1.54 -2.24 18.396      18.266  0.324           62.95        18.61   0.189        0.056       
2457386.86035  2457386.86362  2015-12-30.3603496  coadd_bd166424 1.63 -2.24 18.349     >18.349  99.990         -97.00        19.44   -0.292       0.058       
2457387.82454  2457387.82773  2015-12-31.3245402  coadd_bd166834 1.89 -2.24 18.688     >18.688  99.990         -74.62        14.23   -0.225       0.043       
2457389.82127  2457389.82431  2016-01-02.3212783  coadd_bd167636 1.79 -2.24 18.375     >18.375  99.990        -174.53        18.99   -0.525       0.057       
2457391.83134  2457391.83421  2016-01-04.3313391  coadd_bd168361 1.54 -2.24 18.612     >18.612  99.990         -31.54        15.26   -0.095       0.046       
2457394.84351  2457394.84613  2016-01-07.3435160  coadd_bd169256 1.69 -2.24 18.541     >18.541  99.990          -2.34        16.29   -0.007       0.049       
2457396.76511  2457396.76756  2016-01-09.2651121  coadd_bd170067 1.55 -2.24 18.187      16.403  0.070          350.30        22.58   1.054        0.068       
2457399.76222  2457399.76440  2016-01-12.2622245  coadd_bd171347 1.74 -2.24 19.075     >19.075  99.990          10.10         9.97   0.030        0.030       
2457402.78711  2457402.78902  2016-01-15.2871163  coadd_bd172238 1.69 -2.24 18.478     >18.478  99.990         -42.35        17.27   -0.127       0.052       
2457407.80434  2457407.80578  2016-01-20.3043430  coadd_bd174394 1.72 -2.24 18.036     >18.036  99.990         -19.99        25.93   -0.060       0.078       
2457410.78463  2457410.78579  2016-01-23.2846321  coadd_bd175648 1.54 -2.24 18.006     >18.006  99.990          43.22        26.68   0.130        0.080       
2457412.78870  2457412.78967  2016-01-25.2887023  coadd_bd176513 1.50 -2.24 17.891     >17.891  99.990          36.62        29.64   0.110        0.089       
2457414.77235  2457414.77313  2016-01-27.2723487  coadd_bd177366 1.63 -2.24 18.584     >18.584  99.990         -20.89        15.67   -0.063       0.047       
2457417.76577  2457417.76626  2016-01-30.2657723  coadd_bd178623 2.00 -2.24 18.471     >18.471  99.990        -100.93        17.37   -0.304       0.052       
2457419.76273  2457419.76302  2016-02-01.2627347  coadd_bd179478 1.58 -2.24 18.322      17.564  0.181          120.24        19.94   0.362        0.060       
2457420.76313  2457420.76332  2016-02-02.2631353  coadd_bd179907 1.48 -2.24 18.307      17.184  0.129          170.58        20.21   0.513        0.061       
2457422.76006  2457422.76006  2016-02-04.2600672  coadd_bd180730 1.44 -2.24 18.581     >18.581  99.990           0.76        15.71   0.002        0.047       
2457423.75525  2457423.75515  2016-02-05.2552532  coadd_bd181166 1.48 -2.24 18.280     >18.280  99.990          39.79        20.72   0.120        0.062       
2457427.74645  2457427.74596  2016-02-09.2464556  coadd_bd182367 2.05 -2.24 18.577     >18.577  99.990         -78.13        15.77   -0.235       0.047       
2457428.73935  2457428.73877  2016-02-10.2393568  coadd_bd182787 1.62 -2.24 18.721     >18.721  99.990          -8.70        13.80   -0.026       0.042       
2457436.71889  2457436.71754  2016-02-18.2188896  coadd_bd185556 1.64 -2.24 18.006     >18.006  99.990        -117.72        26.66   -0.354       0.080       
2457560.12076  2457560.11673  2016-06-20.6207582  coadd_bd222140 1.77 -2.24 16.196     >16.196  99.990         114.33       141.26   0.344        0.425       
2457561.11714  2457561.11317  2016-06-21.6171393  coadd_bd222442 1.62 -2.24 17.636     >17.636  99.990          71.63        37.49   0.216        0.113       
2457563.11496  2457563.11113  2016-06-23.6149587  coadd_bd223116 1.62 -2.24 17.776     >17.776  99.990           2.34        32.95   0.007        0.099       
2457564.10980  2457564.10605  2016-06-24.6098043  coadd_bd223229 1.51 -2.24 17.895     >17.895  99.990         -48.74        29.54   -0.147       0.089       
2457575.09487  2457575.09196  2016-07-05.5948733  coadd_bd225400 1.47 -2.24 18.408     >18.408  99.990        -153.57        18.41   -0.462       0.055       
2457579.08988  2457579.08730  2016-07-09.5898870  coadd_bd226747 1.52 -2.24 18.286      16.951  0.106          211.52        20.60   0.636        0.062       
2457584.07385  2457584.07169  2016-07-14.5738539  coadd_bd227854 1.58 -2.24 18.438      17.392  0.139          140.88        17.91   0.424        0.054       
2457588.07310  2457588.07130  2016-07-18.5731077  coadd_bd228803 1.60 -2.24 17.757      16.804  0.152          242.04        33.54   0.728        0.101       
2457592.04944  2457592.04800  2016-07-22.5494444  coadd_bd229414 1.45 -2.24 17.626     >17.626  99.990          21.65        37.85   0.065        0.114       
2457599.10373  2457599.10294  2016-07-29.6037318  coadd_bd231097 1.74 -2.24 18.262      17.568  0.192          119.80        21.07   0.360        0.063       
2457603.05281  2457603.05240  2016-08-02.5528138  coadd_bd232195 1.53 -2.24 18.755     >18.755  99.990         -37.68        13.38   -0.113       0.040       
2457607.00560  2457607.00556  2016-08-06.5056049  coadd_bd233409 1.54 -2.24 18.546      18.287  0.287           61.75        16.21   0.186        0.049       
2457609.06547  2457609.06562  2016-08-08.5654662  coadd_bd234140 1.47 -2.24 18.344      17.096  0.115          184.98        19.54   0.557        0.059       
2457613.04422  2457613.04475  2016-08-12.5442222  coadd_bd235446 1.55 -2.24 18.331      17.272  0.137          157.32        19.77   0.473        0.059       
2457616.97778  2457616.97868  2016-08-16.4777793  coadd_bd236409 1.48 -2.24 17.784     >17.784  99.990          18.94        32.71   0.057        0.098       
2457619.06402  2457619.06512  2016-08-18.5640269  coadd_bd237157 1.49 -2.24 17.890     >17.890  99.990          48.74        29.68   0.147        0.089       
2457628.13178  2457628.13370  2016-08-27.6317829  coadd_bd239244 1.68 -2.24 18.219      17.641  0.214          112.03        21.93   0.337        0.066       
2457631.04110  2457631.04328  2016-08-30.5411017  coadd_bd239728 1.46 -2.24 18.629      18.546  0.338           48.65        15.02   0.146        0.045       
2457634.82181  2457634.82432  2016-09-03.3218120  coadd_bh102965 1.43 -2.47 18.746     >18.746  99.990          11.65        10.86   0.044        0.041       
2457635.80814  2457635.81073  2016-09-04.3081438  coadd_bh103354 1.69 -2.47 18.278      16.905  0.103          177.70        16.72   0.664        0.062       
2457636.80870  2457636.81137  2016-09-05.3087033  coadd_bh103652 1.67 -2.47 18.454      17.395  0.137          113.17        14.21   0.423        0.053       
2457637.81646  2457637.81922  2016-09-06.3164618  coadd_bh103913 1.36 -2.47 17.742     >17.742  99.990        -300.72        27.38   -1.124       0.102       
2457639.96717  2457639.97010  2016-09-08.4671714  coadd_bd241432 1.47 -2.24 18.371     >18.371  99.990         -46.60        19.06   -0.140       0.057       
2457643.78728  2457643.79052  2016-09-12.2872822  coadd_bh106209 1.74 -2.47 18.088      17.505  0.213          102.27        19.92   0.382        0.074       
2457647.86190  2457647.86544  2016-09-16.3619053  coadd_bh107539 1.41 -2.47 16.759     >16.759  99.990          43.23        67.71   0.162        0.253       
2457648.79303  2457648.79664  2016-09-17.2930347  coadd_bh107877 1.36 -2.47 17.031     >17.031  99.990         -46.11        52.73   -0.172       0.197       
2457654.11673  2457654.12071  2016-09-22.6167312  coadd_bd244005 1.65 -2.24 18.248     >18.248  99.990         -87.54        21.35   -0.263       0.064       
2457656.84580  2457656.84996  2016-09-25.3458025  coadd_bh110899 1.32 -2.47 18.397      17.488  0.158          103.83        14.98   0.388        0.056       
2457658.99229  2457658.99658  2016-09-27.4922949  coadd_bd245032 1.48 -2.24 18.556     >18.556  99.990         -74.84        16.07   -0.225       0.048       
2457661.74500  2457661.74945  2016-09-30.2449989  coadd_bh112719 1.45 -2.47 18.287     >18.287  99.990         -57.61        16.58   -0.215       0.062       
2457663.73158  2457663.73614  2016-10-02.2315829  coadd_bh113459 1.35 -2.47 18.216      17.457  0.181          106.89        17.70   0.399        0.066       
2457667.72174  2457667.72651  2016-10-06.2217387  coadd_bh114622 1.31 -2.47 18.494     >18.494  99.990         -98.14        13.70   -0.367       0.051       
2457670.82474  2457670.82966  2016-10-09.3247458  coadd_bd247779 1.46 -2.24 18.189      18.149  0.352           70.17        22.53   0.211        0.068       
2457671.91251  2457671.91747  2016-10-10.4125131  coadd_bd248254 1.46 -2.24 18.326      17.207  0.130          167.01        19.85   0.502        0.060       
2457674.81538  2457674.82046  2016-10-13.3153853  coadd_bd249241 1.69 -2.24 17.978      17.867  0.330           90.93        27.36   0.274        0.082       
2457677.05365  2457677.05881  2016-10-15.5536556  coadd_bd250242 1.60 -2.24 16.593     >16.593  99.990        -111.18        98.03   -0.335       0.295       
2457680.99258  2457680.99786  2016-10-19.4925778  coadd_bd251595 1.63 -2.24 17.344     >17.344  99.990          96.85        49.06   0.291        0.148       
2457681.96777  2457681.97308  2016-10-20.4677688  coadd_bd251893 1.68 -2.24 18.280     >18.280  99.990          -4.51        20.72   -0.014       0.062       
2457683.71191  2457683.71727  2016-10-22.2119115  coadd_bh118390 1.50 -2.47 17.502      16.002  0.092          408.04        34.16   1.524        0.128       
2457684.75659  2457684.76197  2016-10-23.2565924  coadd_bh118691 1.73 -2.47 18.315      17.827  0.232           76.01        16.15   0.284        0.060       
2457687.93106  2457687.93651  2016-10-26.4310674  coadd_bd253411 1.51 -2.24 18.527     >18.527  99.990         -28.25        16.50   -0.085       0.050       
2457690.99461  2457691.00011  2016-10-29.4946136  coadd_bd254682 1.63 -2.24 18.346      17.563  0.177          120.30        19.49   0.362        0.059       
2457692.84205  2457692.84757  2016-10-31.3420513  coadd_bd255082 1.68 -2.24 18.309      16.861  0.096          229.72        20.17   0.691        0.061       
2457695.90965  2457695.91519  2016-11-03.4096513  coadd_bd256157 1.53 -2.24 18.278      16.915  0.104          218.51        20.76   0.657        0.062       
2457697.99575  2457698.00129  2016-11-05.4957508  coadd_bd257036 1.59 -2.24 18.709     >18.709  99.990         -18.23        13.95   -0.055       0.042       
2457700.89297  2457700.89851  2016-11-08.3929758  coadd_bd258106 1.50 -2.24 18.245      17.342  0.159          147.47        21.41   0.444        0.064       
2457701.99859  2457702.00412  2016-11-09.4985973  coadd_bd258609 1.64 -2.24 18.536     >18.536  99.990         -27.07        16.37   -0.081       0.049       
2457703.83093  2457703.83645  2016-11-11.3309329  coadd_bd259328 1.53 -2.24 17.992      16.916  0.135          218.43        27.01   0.657        0.081       
2457708.91817  2457708.92362  2016-11-16.4181733  coadd_bd261447 2.31 -2.24 17.702     >17.702  99.990          90.14        35.27   0.271        0.106       
2457710.96714  2457710.97255  2016-11-18.4671379  coadd_bd262301 1.55 -2.24 18.263     >18.263  99.990         -47.03        21.04   -0.142       0.063       
2457716.94824  2457716.95350  2016-11-24.4482472  coadd_bd263858 1.79 -2.24 17.275     >17.275  99.990         -81.00        52.31   -0.244       0.157       
2457718.95934  2457718.96453  2016-11-26.4593395  coadd_bd264500 1.65 -2.24 18.502     >18.502  99.990         -85.65        16.89   -0.258       0.051       
2457719.90490  2457719.91006  2016-11-27.4049042  coadd_bd264798 1.71 -2.24 18.726     >18.726  99.990         -65.57        13.74   -0.197       0.041       
2457721.91769  2457721.92278  2016-11-29.4176971  coadd_bd265640 1.64 -2.24 18.612      18.576  0.353           47.36        15.26   0.142        0.046       
2457727.55232  2457727.55716  2016-12-05.0523182  coadd_bh129319 1.37 -2.47 18.452     >18.452  99.990         -51.15        14.24   -0.191       0.053       
2457730.65651  2457730.66120  2016-12-08.1565137  coadd_bh130345 1.54 -2.47 18.100     >18.100  99.990         -57.65        19.69   -0.215       0.074       
2457736.78629  2457736.79064  2016-12-14.2862915  coadd_bd266831 1.63 -2.24 17.616     >17.616  99.990          73.27        38.19   0.220        0.115       
2457739.87593  2457739.88008  2016-12-17.3759303  coadd_bd267563 1.80 -2.24 18.315     >18.315  99.990         -73.80        20.07   -0.222       0.060       
2457742.63717  2457742.64114  2016-12-20.1371708  coadd_bh132679 1.31 -2.47 18.085     >18.085  99.990        -235.86        19.98   -0.881       0.075       
2457745.82069  2457745.82444  2016-12-23.3206945  coadd_bd268155 1.59 -2.24 18.450     >18.450  99.990        -103.52        17.72   -0.311       0.053       
2457747.87867  2457747.88226  2016-12-25.3786700  coadd_bd269010 1.81 -2.24 18.606     >18.606  99.990         -95.82        15.34   -0.288       0.046       
2457749.77349  2457749.77694  2016-12-27.2734885  coadd_bd269463 2.10 -2.24 18.711     >18.711  99.990         -87.33        13.94   -0.263       0.042       
2457753.85722  2457753.86036  2016-12-31.3572253  coadd_bd270390 1.48 -2.24 17.111     >17.111  99.990         146.96        60.80   0.442        0.183       
2457755.85927  2457755.86224  2017-01-02.3592717  coadd_bd270682 1.50 -2.24 18.338     >18.338  99.990        -216.51        19.65   -0.651       0.059       
2457763.75068  2457763.75298  2017-01-10.2506831  coadd_bd273474 1.49 -2.24 18.084      17.966  0.327           83.02        24.82   0.250        0.075       
2457766.78619  2457766.78821  2017-01-13.2861876  coadd_bd274827 1.51 -2.24 17.899      17.764  0.322          100.03        29.43   0.301        0.089       
2457769.78003  2457769.78178  2017-01-16.2800366  coadd_bd275815 1.67 -2.24 18.659     >18.659  99.990        -104.67        14.62   -0.315       0.044       
2457770.53023  2457770.53191  2017-01-17.0302317  coadd_bh140847 1.42 -2.47 17.426     >17.426  99.990          48.57        36.63   0.181        0.137       
2457771.81503  2457771.81659  2017-01-18.3150303  coadd_bd276578 1.80 -2.24 18.462     >18.462  99.990          12.64        17.52   0.038        0.053       
2457774.80116  2457774.80243  2017-01-21.3011614  coadd_bd277786 1.54 -2.24 18.825     >18.825  99.990          16.36        12.54   0.049        0.038       
2457777.75647  2457777.75747  2017-01-24.2564739  coadd_bd278611 1.42 -2.24 18.347      17.599  0.183          116.36        19.48   0.350        0.059       
2457779.78367  2457779.78447  2017-01-26.2836714  coadd_bd279385 1.72 -2.24 18.920     >18.920  99.990           3.95        11.49   0.012        0.035       
2457781.78186  2457781.78246  2017-01-28.2818587  coadd_bd280219 1.53 -2.24 18.815     >18.815  99.990         -54.01        12.66   -0.163       0.038       
2457783.77503  2457783.77544  2017-01-30.2750310  coadd_bd280892 1.59 -2.24 18.622     >18.622  99.990          24.77        15.13   0.075        0.046       
2457790.71923  2457790.71896  2017-02-06.2192303  coadd_bd283507 1.60 -2.24 18.080     >18.080  99.990          58.82        24.91   0.177        0.075       
2457798.71798  2457798.71694  2017-02-14.2179869  coadd_bd285385 2.07 -2.24 18.487     >18.487  99.990         -29.90        17.12   -0.090       0.052       
2457799.72422  2457799.72309  2017-02-15.2242276  coadd_bd285794 1.51 -2.24 18.463      17.493  0.149          128.32        17.50   0.386        0.053       
2457930.11777  2457930.11406  2017-06-25.6177770  coadd_bd320512 1.48 -2.24 17.414      17.156  0.288          175.10        45.99   0.527        0.138       
2457931.10629  2457931.10266  2017-06-26.6062957  coadd_bd320804 1.52 -2.24 18.419     >18.419  99.990        -162.11        18.23   -0.488       0.055       
2457933.09867  2457933.09518  2017-06-28.5986686  coadd_bd321403 2.01 -2.24 18.538     >18.538  99.990         -11.00        16.34   -0.033       0.049       
2457938.10931  2457938.10621  2017-07-03.6093149  coadd_bd322305 1.60 -2.24 18.287     >18.287  99.990          39.88        20.59   0.120        0.062       
2457943.10475  2457943.10207  2017-07-08.6047581  coadd_bd323982 1.49 -2.24 17.911     >17.911  99.990         -28.36        29.10   -0.085       0.088       
2457946.08590  2457946.08346  2017-07-11.5859135  coadd_bd324969 1.57 -2.24 17.909     >17.909  99.990          54.21        29.16   0.163        0.088       
2457949.93442  2457949.93232  2017-07-15.4344336  coadd_bh196786 2.46 -2.47 17.626     >17.626  99.990          84.20        30.49   0.315        0.114       
2457955.93261  2457955.93105  2017-07-21.4326168  coadd_bh198916 1.54 -2.47 18.543     >18.543  99.990         -42.47        13.09   -0.159       0.049       
2457958.92217  2457958.92088  2017-07-24.4221747  coadd_bh199856 1.40 -2.47 18.311      17.783  0.224           79.10        16.21   0.296        0.061       
2457962.07071  2457962.06971  2017-07-27.5707128  coadd_bd328021 1.46 -2.24 18.043      16.421  0.082          344.60        25.77   1.037        0.078       
2457965.02802  2457965.02730  2017-07-30.5280268  coadd_bd328507 1.48 -2.24 18.532     >18.532  99.990          -6.69        16.43   -0.020       0.049       
2457970.01041  2457970.01016  2017-08-04.5104099  coadd_bd329529 1.50 -2.24 17.880     >17.880  99.990        -278.29        29.96   -0.837       0.090       
2457972.12059  2457972.12054  2017-08-06.6205989  coadd_bd330337 1.50 -2.24 18.289      17.453  0.169          133.20        20.55   0.401        0.062       
2457973.00907  2457973.00910  2017-08-07.5090747  coadd_bd330604 1.47 -2.24 17.346     >17.346  99.990          19.03        48.98   0.057        0.147       
2457974.00172  2457974.00185  2017-08-08.5017268  coadd_bd330951 1.46 -2.24 17.312     >17.312  99.990         -49.79        50.53   -0.150       0.152       
2457975.03123  2457975.03145  2017-08-09.5312368  coadd_bd331335 1.44 -2.24 17.927     >17.927  99.990          -2.05        28.67   -0.006       0.086       
2457982.11552  2457982.11642  2017-08-16.6155267  coadd_bd333729 1.46 -2.24 18.852     >18.852  99.990          13.22        12.23   0.040        0.037       
2457984.03413  2457984.03520  2017-08-18.5341274  coadd_bd334375 1.48 -2.24 18.439      17.337  0.132          148.17        17.90   0.446        0.054       
2457990.04138  2457990.04300  2017-08-24.5413805  coadd_bd335615 1.46 -2.24 18.681     >18.681  99.990         -58.75        14.33   -0.177       0.043       
2457995.93759  2457995.93974  2017-08-30.4375925  coadd_bd336984 1.51 -2.24 18.407     >18.407  99.990          52.89        18.43   0.159        0.055       
2457998.92573  2457998.92814  2017-09-02.4257359  coadd_bd338083 1.54 -2.24 18.122      16.882  0.116          225.36        23.96   0.678        0.072       
2458000.10044  2458000.10296  2017-09-03.60045  coadd_bd338498 1.48 -2.24 18.599     >18.599  99.990         -40.71        15.45   -0.122       0.046       
2458001.92414  2458001.92680  2017-09-05.4241469  coadd_bd338836 1.62 -2.24 17.743      17.402  0.267          139.60        33.99   0.420        0.102       
2458010.13540  2458010.13872  2017-09-13.6354005  coadd_bd340672 1.49 -2.24 18.120     >18.120  99.990        -184.53        24.02   -0.555       0.072       
2458010.97134  2458010.97473  2017-09-14.4713435  coadd_bd340911 1.48 -2.24 18.615     >18.615  99.990        -106.93        15.22   -0.322       0.046       
2458014.01863  2458014.02224  2017-09-17.5186347  coadd_bd341884 1.44 -2.24 18.174     >18.174  99.990        -272.60        22.84   -0.820       0.069       
2458016.06982  2458016.07358  2017-09-19.5698271  coadd_bd342508 1.50 -2.24 18.484      17.575  0.158          118.98        17.18   0.358        0.052       
2458018.82510  2458018.82905  2017-09-22.3251098  coadd_bh217528 1.38 -2.47 18.159     >18.159  99.990        -228.46        18.66   -0.854       0.070       
2458021.04775  2458021.05184  2017-09-24.5477490  coadd_bd344061 1.62 -2.24 18.645     >18.645  99.990          24.40        14.81   0.073        0.045       
2458022.97083  2458022.97505  2017-09-26.4708403  coadd_bd344765 1.58 -2.24 18.360     >18.360  99.990          24.45        19.25   0.074        0.058       
2458024.92037  2458024.92470  2017-09-28.4203752  coadd_bd345265 1.54 -2.24 18.490      18.346  0.319           58.52        17.08   0.176        0.051       
2458028.92851  2458028.93307  2017-10-02.4285194  coadd_bd346599 1.63 -2.24 18.012      16.960  0.138          209.70        26.53   0.631        0.080       
2458031.73265  2458031.73736  2017-10-05.2326581  coadd_bh221380 1.94 -2.47 16.487     >16.487  99.990        -138.08        87.04   -0.516       0.325       
2458038.08668  2458038.09168  2017-10-11.5866837  coadd_bd348983 1.51 -2.24 18.250     >18.250  99.990          63.46        21.29   0.191        0.064       
2458046.02160  2458046.02688  2017-10-19.5216112  coadd_bd349818 1.66 -2.24 18.524     >18.524  99.990         -57.05        16.55   -0.172       0.050       
2458053.78228  2458053.78774  2017-10-27.2822815  coadd_bd350632 1.47 -2.24 18.090     >18.090  99.990        -272.76        24.68   -0.821       0.074       
2458054.76961  2458054.77509  2017-10-28.2696269  coadd_bd351030 1.43 -2.24 17.903     >17.903  99.990        -240.48        29.31   -0.724       0.088       
2458055.77889  2458055.78438  2017-10-29.2789016  coadd_bd351444 1.45 -2.24 18.127     >18.127  99.990          31.74        23.87   0.095        0.072       
2458056.76422  2458056.76972  2017-10-30.2642224  coadd_bd351839 1.47 -2.24 18.196     >18.196  99.990          29.84        22.38   0.090        0.067       
2458064.01932  2458064.02486  2017-11-06.5193306  coadd_bd354491 1.57 -2.24 17.635     >17.635  99.990         -21.76        37.53   -0.065       0.113       
2458065.01462  2458065.02017  2017-11-07.5146348  coadd_bd354750 1.48 -2.24 17.779     >17.779  99.990          48.30        32.88   0.145        0.099       
2458066.00272  2458066.00826  2017-11-08.5027275  coadd_bd355092 1.53 -2.24 18.122     >18.122  99.990         -91.65        23.97   -0.276       0.072       
2458067.00628  2458067.01182  2017-11-09.5062930  coadd_bd355507 1.47 -2.24 18.474     >18.474  99.990          -7.37        17.33   -0.022       0.052       
2458068.00615  2458068.01168  2017-11-10.5061527  coadd_bd355928 1.55 -2.24 18.235      17.756  0.235          100.78        21.61   0.303        0.065       
2458070.99403  2458070.99953  2017-11-13.4940377  coadd_bd356578 1.53 -2.24 18.666     >18.666  99.990          11.74        14.52   0.035        0.044       
2458074.83067  2458074.83611  2017-11-17.3306724  coadd_bd357437 1.64 -2.24 18.413      17.126  0.111          180.03        18.32   0.542        0.055       
2458075.88383  2458075.88925  2017-11-18.3838359  coadd_bd357886 1.57 -2.24 18.690      18.411  0.282           55.10        14.20   0.166        0.043       
2458076.89551  2458076.90091  2017-11-19.3955135  coadd_bd358268 1.60 -2.24 18.618      18.582  0.353           47.06        15.17   0.142        0.046       
2458082.67877  2458082.68402  2017-11-25.1787768  coadd_bh234071 1.45 -2.47 18.113     >18.113  99.990        -226.51        19.47   -0.846       0.073       
2458091.62054  2458091.62544  2017-12-04.1205395  coadd_bh236779 1.53 -2.47 17.072     >17.072  99.990        -127.32        50.77   -0.476       0.190       
2458092.92622  2458092.93106  2017-12-05.4262197  coadd_bd360909 1.52 -2.24 17.414     >17.414  99.990         -25.56        46.01   -0.077       0.138       
2458094.93047  2458094.93520  2017-12-07.4304696  coadd_bd361195 2.03 -2.24 18.093      17.171  0.156          172.61        24.61   0.519        0.074       
2458096.92311  2458096.92775  2017-12-09.4231130  coadd_bd361623 1.47 -2.24 18.426      17.454  0.149          133.08        18.11   0.400        0.054       
2458097.80151  2458097.80610  2017-12-10.3015153  coadd_bd361961 1.54 -2.24 18.690     >18.690  99.990          39.65        14.20   0.119        0.043       
2458101.89077  2458101.89512  2017-12-14.3907743  coadd_bd362988 1.63 -2.24 18.342     >18.342  99.990        -156.89        19.56   -0.472       0.059       
2458110.87418  2458110.87794  2017-12-23.3741788  coadd_bd363737 1.54 -2.24 18.531     >18.531  99.990         -94.29        16.44   -0.284       0.049       
2458111.62268  2458111.62639  2017-12-24.1226843  coadd_bh241545 1.46 -2.47 17.929      17.212  0.188          133.85        23.07   0.500        0.086       
2458118.80208  2458118.80524  2017-12-31.3020809  coadd_bd365888 1.60 -2.24 17.630     >17.630  99.990           9.40        37.69   0.028        0.113       
2458119.87035  2458119.87342  2018-01-01.3703543  coadd_bd366298 1.52 -2.24 17.199     >17.199  99.990          45.99        56.07   0.138        0.169       
2458120.85248  2458120.85547  2018-01-02.3524872  coadd_bd366656 1.50 -2.24 17.396      16.664  0.186          275.30        46.77   0.828        0.141       
2458121.85769  2458121.86060  2018-01-03.3576958  coadd_bd367019 1.49 -2.24 17.879     >17.879  99.990        -224.16        29.98   -0.674       0.090       
2458122.85762  2458122.86044  2018-01-04.3576158  coadd_bd367394 1.61 -2.24 18.009     >18.009  99.990          65.66        26.59   0.198        0.080       
2458123.84911  2458123.85186  2018-01-05.3491150  coadd_bd367768 1.53 -2.24 18.071     >18.071  99.990         -68.54        25.11   -0.206       0.076       
2458124.81494  2458124.81760  2018-01-06.3149430  coadd_bd368158 1.57 -2.24 18.584      18.301  0.281           60.99        15.66   0.183        0.047       
2458125.84223  2458125.84480  2018-01-07.3422295  coadd_bd368592 1.61 -2.24 18.329      17.572  0.181          119.38        19.80   0.359        0.060       
2458126.83876  2458126.84125  2018-01-08.3387730  coadd_bd369014 1.74 -2.24 18.678     >18.678  99.990         -22.79        14.36   -0.069       0.043       
2458128.83207  2458128.83438  2018-01-10.3320681  coadd_bd369844 1.49 -2.24 18.406      18.152  0.289           69.93        18.45   0.210        0.056       
2458130.82843  2458130.83056  2018-01-12.3284370  coadd_bd370593 1.55 -2.24 18.799     >18.799  99.990          13.16        12.85   0.040        0.039       
2458131.82245  2458131.82450  2018-01-13.3224613  coadd_bd370967 1.52 -2.24 18.673     >18.673  99.990         -18.41        14.43   -0.055       0.043       
2458140.53263  2458140.53386  2018-01-22.0326300  coadd_bh248187 1.49 -2.47 17.555      16.298  0.114          310.74        32.54   1.161        0.122       
2458141.53241  2458141.53355  2018-01-23.0324160  coadd_bh248518 1.67 -2.47 17.406      17.056  0.264          154.63        37.31   0.578        0.139       
2458149.76369  2458149.76402  2018-01-31.2636883  coadd_bd375797 1.46 -2.24 17.095     >17.095  99.990        -207.52        61.73   -0.624       0.186       
2458152.75300  2458152.75305  2018-02-03.2530002  coadd_bd376022 1.57 -2.24 18.518     >18.518  99.990          43.65        16.63   0.131        0.050       
2458153.76115  2458153.76110  2018-02-04.2611490  coadd_bd376289 1.54 -2.24 18.518     >18.518  99.990         -48.96        16.65   -0.147       0.050       
2458158.73854  2458158.73801  2018-02-09.2385432  coadd_bd376833 2.48 -2.24 17.955      17.399  0.218          140.00        27.94   0.421        0.084       
2458159.74803  2458159.74740  2018-02-10.2480347  coadd_bd377182 1.69 -2.24 18.332      17.330  0.145          149.20        19.75   0.449        0.059       
2458162.73327  2458162.73235  2018-02-13.2332730  coadd_bd378128 1.82 -2.24 18.708     >18.708  99.990          24.01        13.96   0.072        0.042       
2458297.10747  2458297.10389  2018-06-27.6074731  coadd_bd402279 1.50 -2.24 17.776     >17.776  99.990        -105.79        32.97   -0.318       0.099       
2458310.11811  2458310.11557  2018-07-10.6181119  coadd_bd405277 2.01 -2.24 17.905      17.090  0.172          186.07        29.26   0.560        0.088       
2458311.11630  2458311.11384  2018-07-11.6163069  coadd_bd405637 1.41 -2.24 17.738      16.601  0.128          291.79        34.14   0.878        0.103       
2458312.10991  2458312.10753  2018-07-12.6099082  coadd_bd405943 1.39 -2.24 18.490      18.391  0.333           56.14        17.08   0.169        0.051       
2458319.06075  2458319.05899  2018-07-19.5607493  coadd_bd407613 1.44 -2.24 18.186      16.828  0.104          236.81        22.59   0.713        0.068       
2458327.04151  2458327.04049  2018-07-27.5415172  coadd_bd410224 1.59 -2.24 17.288     >17.288  99.990        -151.74        51.69   -0.457       0.156       
2458329.03669  2458329.03585  2018-07-29.5366965  coadd_bd410907 1.65 -2.24 17.655     >17.655  99.990        -182.21        36.85   -0.548       0.111       
2458338.12662  2458338.12664  2018-08-07.6266228  coadd_bd413508 2.48 -2.24 17.924      17.458  0.238          132.55        28.75   0.399        0.087       
2458343.10088  2458343.10137  2018-08-12.6008787  coadd_bd414580 1.50 -2.24 18.220     >18.220  99.990        -240.29        21.90   -0.723       0.066       
2458344.90877  2458344.90943  2018-08-14.4087736  coadd_bh302091 1.54 -2.47 18.167      17.196  0.149          135.84        18.52   0.508        0.069       
2458347.87973  2458347.88067  2018-08-17.3797307  coadd_bh302963 1.33 -2.47 18.064     >18.064  99.990        -258.04        20.35   -0.964       0.076       
2458353.09880  2458353.10022  2018-08-22.5987986  coadd_bd417238 1.54 -2.24 18.276     >18.276  99.990           2.43        20.79   0.007        0.063       
2458353.85182  2458353.85331  2018-08-23.3518215  coadd_bh304773 1.68 -2.47 16.660     >16.660  99.990          13.50        74.22   0.050        0.277       
2458366.08296  2458366.08553  2018-09-04.5829582  coadd_bd418794 1.45 -2.24 18.658     >18.658  99.990          42.50        14.62   0.128        0.044       
2458370.98599  2458370.98896  2018-09-09.4859918  coadd_bd419914 1.41 -2.24 18.248      16.499  0.072          320.52        21.33   0.964        0.064       
2458371.85035  2458371.85339  2018-09-10.3503489  coadd_bh311422 1.37 -2.47 18.108      17.145  0.150          142.46        19.55   0.532        0.073       
2458372.87306  2458372.87619  2018-09-11.3730629  coadd_bh311820 1.37 -2.47 18.239      17.191  0.138          136.56        17.32   0.510        0.065       
2458373.03884  2458373.04198  2018-09-11.5388408  coadd_bd420726 1.45 -2.24 18.439     >18.439  99.990        -105.49        17.90   -0.317       0.054       
2458377.80704  2458377.81054  2018-09-16.3070383  coadd_bh313388 1.71 -2.47 18.341     >18.341  99.990         -83.65        15.78   -0.313       0.059       
2458380.87943  2458380.88315  2018-09-19.3794288  coadd_bd422528 1.45 -2.24 17.772      16.514  0.114          316.31        33.07   0.952        0.100       
2458391.93661  2458391.94104  2018-09-30.4366143  coadd_bd425177 1.59 -2.24 18.108     >18.108  99.990        -106.55        24.28   -0.321       0.073       
2458394.03045  2458394.03500  2018-10-02.5304511  coadd_bd425901 1.53 -2.24 17.652      17.242  0.250          161.80        36.93   0.487        0.111       
2458396.05931  2458396.06396  2018-10-04.5593159  coadd_bd426281 1.44 -2.24 18.474     >18.474  99.990         -20.81        17.33   -0.063       0.052       
2458408.01865  2458408.02383  2018-10-16.5186515  coadd_bd428297 1.45 -2.24 18.447      18.434  0.361           53.94        17.76   0.162        0.053       
2458413.05777  2458413.06310  2018-10-21.5577783  coadd_bd429588 1.77 -2.24 18.071      16.862  0.120          229.49        25.11   0.690        0.076       
2458414.90223  2458414.90760  2018-10-23.4022292  coadd_bd430132 1.42 -2.24 17.603      16.581  0.142          297.28        38.64   0.894        0.116       
2458418.97968  2458418.98514  2018-10-27.4796849  coadd_bd431291 1.45 -2.24 18.004      17.294  0.190          154.20        26.72   0.464        0.080       
2458427.90668  2458427.91222  2018-11-05.4066755  coadd_bd432383 2.01 -2.24 18.380     >18.380  99.990        -109.34        18.90   -0.329       0.057       
2458431.93689  2458431.94243  2018-11-09.4368988  coadd_bd433636 1.42 -2.24 18.227     >18.227  99.990          20.39        21.76   0.061        0.065       
2458441.81461  2458441.82002  2018-11-19.3146228  coadd_bd436506 1.60 -2.24 16.450      16.135  0.273          448.31       111.79   1.349        0.336       
2458442.77297  2458442.77835  2018-11-20.2729701  coadd_bd436860 1.47 -2.24 17.817     >17.817  99.990          73.60        31.73   0.221        0.095       
2458446.91935  2458446.92463  2018-11-24.4193525  coadd_bd438036 1.65 -2.24 17.716     >17.716  99.990          70.14        34.84   0.211        0.105       
2458447.95817  2458447.96341  2018-11-25.4581699  coadd_bd438496 1.52 -2.24 18.020      17.510  0.228          126.32        26.32   0.380        0.079       
2458449.95462  2458449.95980  2018-11-27.4546245  coadd_bd439357 1.45 -2.24 18.055     >18.055  99.990          43.03        25.48   0.129        0.077       
2458450.87364  2458450.87878  2018-11-28.3736356  coadd_bd439726 1.43 -2.24 18.291      17.813  0.235           95.59        20.51   0.288        0.062       
2458451.78480  2458451.78991  2018-11-29.2848033  coadd_bd440089 1.43 -2.24 18.480      17.193  0.111          169.14        17.23   0.509        0.052       
