###  JD        HJD            UT_date             IMAGE          FWHM  Diff Limit      mag   mag_err       counts     count_err  flux (mJy)    flux_err
2457048.17298  2457048.16842  2015-01-25.6725804  coadd_bc091853 1.75 -2.31 16.994     >16.994  99.990          70.26        63.18   0.227        0.204       
2457049.17055  2457049.16604  2015-01-26.6701630  coadd_bc092221 1.62 -2.31 17.336     >17.336  99.990         -44.93        46.10   -0.145       0.149       
2457061.15271  2457061.14898  2015-02-07.6523078  coadd_bc095085 1.61 -2.31 17.605      17.230  0.258          152.54        35.97   0.492        0.116       
2457062.14441  2457062.14075  2015-02-08.6440194  coadd_bc095458 1.61 -2.31 17.590     >17.590  99.990           3.56        36.47   0.011        0.118       
2457065.14252  2457065.13908  2015-02-11.6421170  coadd_bc095911 1.73 -2.31 17.966     >17.966  99.990         -51.58        25.81   -0.166       0.083       
2457070.13140  2457070.12835  2015-02-16.6309891  coadd_bc097009 1.69 -2.31 18.096     >18.096  99.990         -69.00        22.89   -0.223       0.074       
2457071.12315  2457071.12018  2015-02-17.6227418  coadd_bc097396 1.53 -2.31 18.238     >18.238  99.990         -33.15        20.09   -0.107       0.065       
2457072.12047  2457072.11758  2015-02-18.6200574  coadd_bc097794 1.38 -2.31 18.200     >18.200  99.990         -13.23        20.81   -0.043       0.067       
2457074.11508  2457074.11236  2015-02-20.6146648  coadd_bc098273 1.43 -2.31 18.374     >18.374  99.990         -24.03        17.72   -0.078       0.057       
2457078.11325  2457078.11088  2015-02-24.6128302  coadd_bc099088 1.62 -2.31 18.518     >18.518  99.990         -32.18        15.52   -0.104       0.050       
2457079.11303  2457079.11075  2015-02-25.6126143  coadd_bc099485 1.49 -2.31 18.112     >18.112  99.990          -3.20        22.55   -0.010       0.073       
2457092.08005  2457092.07896  2015-03-10.5796479  coadd_bc101520 1.59 -2.31 17.743     >17.743  99.990         -48.85        31.70   -0.158       0.102       
2457098.12182  2457098.12131  2015-03-16.6214103  coadd_bc102760 1.37 -2.31 18.411     >18.411  99.990         -10.68        17.14   -0.034       0.055       
2457099.10660  2457099.10618  2015-03-17.6061923  coadd_bc103100 1.46 -2.31 18.327     >18.327  99.990           9.38        18.51   0.030        0.060       
2457106.04402  2457106.04428  2015-03-24.5440333  coadd_bc105216 1.46 -2.31 18.404     >18.404  99.990          12.93        17.24   0.042        0.056       
2457107.05686  2457107.05722  2015-03-25.5568751  coadd_bc105572 1.42 -2.31 18.172     >18.172  99.990          -8.50        21.35   -0.027       0.069       
2457112.02897  2457112.02981  2015-03-30.5289851  coadd_bc106971 1.38 -2.31 18.057     >18.057  99.990           5.89        23.73   0.019        0.077       
2457125.07398  2457125.07603  2015-04-12.5739888  coadd_bc110410 1.45 -2.31 18.208     >18.208  99.990         -48.80        20.66   -0.157       0.067       
2457126.01629  2457126.01843  2015-04-13.5163017  coadd_bc110719 1.37 -2.31 17.859     >17.859  99.990          -1.59        28.47   -0.005       0.092       
2457131.09604  2457131.09863  2015-04-18.5960565  coadd_bc111693 1.45 -2.31 18.479     >18.479  99.990         -50.97        16.08   -0.164       0.052       
2457133.04426  2457133.04702  2015-04-20.5442747  coadd_bc112335 1.62 -2.31 17.847     >17.847  99.990          -2.75        28.79   -0.009       0.093       
2457137.00650  2457137.00959  2015-04-24.5065177  coadd_bc113295 1.37 -2.31 18.506     >18.506  99.990          -8.92        15.70   -0.029       0.051       
2457138.02282  2457138.02598  2015-04-25.5228310  coadd_bc113641 1.81 -2.31 18.651     >18.651  99.990          19.60        13.73   0.063        0.044       
2457141.09218  2457141.09559  2015-04-28.5921809  coadd_bc114096 1.72 -2.31 18.443     >18.443  99.990         -24.00        16.63   -0.077       0.054       
2457153.90582  2457153.91013  2015-05-11.4058236  coadd_bc116183 1.36 -2.31 17.678     >17.678  99.990          25.25        33.65   0.081        0.109       
2457155.98396  2457155.98840  2015-05-13.4839557  coadd_bc116788 1.44 -2.31 18.313     >18.313  99.990          47.28        18.74   0.153        0.060       
2457161.93758  2457161.94236  2015-05-19.4375884  coadd_bc118023 1.44 -2.31 18.352     >18.352  99.990          21.65        18.09   0.070        0.058       
2457166.96843  2457166.97345  2015-05-24.4684473  coadd_bc119312 1.53 -2.31 18.439     >18.439  99.990          11.88        16.70   0.038        0.054       
2457172.86157  2457172.86684  2015-05-30.3615767  coadd_bc120502 1.38 -2.31 17.601      17.281  0.272          145.45        36.13   0.469        0.117       
2457180.02494  2457180.03044  2015-06-06.5249495  coadd_bc122131 1.59 -2.31 17.819     >17.819  99.990          62.28        29.54   0.201        0.095       
2457180.92717  2457180.93269  2015-06-07.4271763  coadd_bc122353 1.40 -2.31 18.027      18.005  0.358           74.70        24.39   0.241        0.079       
2457181.88639  2457181.89193  2015-06-08.3863956  coadd_bc122647 1.44 -2.31 18.377     >18.377  99.990           9.14        17.68   0.029        0.057       
2457189.88807  2457189.89374  2015-06-16.3880905  coadd_bc124120 1.40 -2.31 18.397     >18.397  99.990         -61.41        17.34   -0.198       0.056       
2457192.95513  2457192.96083  2015-06-19.4551322  coadd_bc124916 1.44 -2.31 18.206     >18.206  99.990           5.46        20.69   0.018        0.067       
2457193.94326  2457193.94897  2015-06-20.4432707  coadd_bc125216 1.40 -2.31 18.343     >18.343  99.990         -33.86        18.24   -0.109       0.059       
2457196.92637  2457196.93208  2015-06-23.4263854  coadd_bc126090 1.41 -2.31 17.972     >17.972  99.990          44.99        25.66   0.145        0.083       
2457201.77017  2457201.77586  2015-06-28.2702020  coadd_bc127215 1.42 -2.31 17.692     >17.692  99.990        -110.83        33.20   -0.358       0.107       
2457206.95034  2457206.95596  2015-07-03.4503370  coadd_bc128751 1.44 -2.31 17.022     >17.022  99.990        -188.87        61.56   -0.609       0.199       
2457208.94825  2457208.95384  2015-07-05.4482550  coadd_bc129052 1.55 -2.31 17.924     >17.924  99.990          66.12        26.81   0.213        0.086       
2457209.94822  2457209.95379  2015-07-06.4482260  coadd_bc129350 1.67 -2.31 18.083     >18.083  99.990          -8.62        23.17   -0.028       0.075       
2457210.95079  2457210.95633  2015-07-07.4507903  coadd_bc129646 1.48 -2.31 18.064     >18.064  99.990         -24.58        23.57   -0.079       0.076       
2457212.74701  2457212.75250  2015-07-09.2470121  coadd_bc129949 1.59 -2.31 18.252     >18.252  99.990          40.22        19.83   0.130        0.064       
2457217.81239  2457217.81773  2015-07-14.3123886  coadd_bc130842 1.44 -2.31 18.418     >18.418  99.990          31.22        17.02   0.101        0.055       
2457226.77355  2457226.77853  2015-07-23.2735506  coadd_bc132083 1.47 -2.31 18.096     >18.096  99.990          -7.62        22.90   -0.025       0.074       
2457237.87114  2457237.87552  2015-08-03.3711422  coadd_bc134943 1.37 -2.31 17.803     >17.803  99.990          79.28        30.00   0.256        0.097       
2457240.80806  2457240.81225  2015-08-06.3080563  coadd_bc135419 1.50 -2.31 18.468     >18.468  99.990          21.76        16.26   0.070        0.052       
2457243.83132  2457243.83531  2015-08-09.3313158  coadd_bc136366 1.38 -2.31 18.632     >18.632  99.990         -32.81        13.98   -0.106       0.045       
2457244.82033  2457244.82425  2015-08-10.3203314  coadd_bc136698 1.43 -2.31 18.060     >18.060  99.990         -72.26        23.68   -0.233       0.076       
2457246.80447  2457246.80825  2015-08-12.3044682  coadd_bc137371 1.40 -2.31 17.903     >17.903  99.990          34.94        27.36   0.113        0.088       
2457250.81617  2457250.81965  2015-08-16.3161724  coadd_bc138219 1.30 -2.31 17.371     >17.371  99.990           7.49        44.65   0.024        0.144       
2457251.81490  2457251.81831  2015-08-17.3149021  coadd_bc138360 1.45 -2.31 18.542     >18.542  99.990          32.46        15.18   0.105        0.049       
2457263.78242  2457263.78484  2015-08-29.2824208  coadd_bc140075 1.49 -2.31 17.016     >17.016  99.990         -97.69        61.91   -0.315       0.200       
2457264.77818  2457264.78051  2015-08-30.2781819  coadd_bc140476 1.56 -2.31 17.664     >17.664  99.990         -66.95        34.09   -0.216       0.110       
2457268.76208  2457268.76406  2015-09-03.2620780  coadd_bc141223 1.33 -2.31 18.296     >18.296  99.990          14.47        19.05   0.047        0.061       
2457272.76913  2457272.77074  2015-09-07.2691290  coadd_bc142307 1.44 -2.31 18.665     >18.665  99.990         -13.98        13.56   -0.045       0.044       
2457275.74617  2457275.74751  2015-09-10.2461682  coadd_bc143207 1.43 -2.31 18.265     >18.265  99.990          26.51        19.60   0.086        0.063       
2457417.17430  2457417.16996  2016-01-29.6743033  coadd_bc182977 1.60 -2.31 16.760     >16.760  99.990         -40.22        78.39   -0.130       0.253       
2457418.17091  2457418.16663  2016-01-30.6709162  coadd_bc183393 1.44 -2.31 17.372     >17.372  99.990        -191.85        44.58   -0.619       0.144       
2457419.16740  2457419.16318  2016-01-31.6673998  coadd_bc183819 1.62 -2.31 17.829     >17.829  99.990          28.97        29.27   0.093        0.094       
2457427.16182  2457427.15814  2016-02-08.6618189  coadd_bc186701 1.81 -2.31 18.146     >18.146  99.990          41.54        21.86   0.134        0.071       
2457428.16582  2457428.16221  2016-02-09.6658196  coadd_bc187130 1.40 -2.31 17.903     >17.903  99.990          32.18        27.35   0.104        0.088       
2457429.15463  2457429.15110  2016-02-10.6546291  coadd_bc187526 1.39 -2.31 18.581     >18.581  99.990         -10.66        14.65   -0.034       0.047       
2457439.12742  2457439.12469  2016-02-20.6274282  coadd_bc191149 1.79 -2.31 17.926     >17.926  99.990         -21.43        26.79   -0.069       0.086       
2457441.12413  2457441.12156  2016-02-22.6241287  coadd_bc191984 1.51 -2.31 17.510     >17.510  99.990        -109.29        39.26   -0.353       0.127       
2457444.14127  2457444.13897  2016-02-25.6412736  coadd_bc193164 1.55 -2.31 17.887     >17.887  99.990          49.00        27.76   0.158        0.090       
2457453.08928  2457453.08779  2016-03-05.5892800  coadd_bc196686 1.42 -2.31 18.569     >18.569  99.990         -42.55        14.81   -0.137       0.048       
2457454.87051  2457454.86919  2016-03-07.3705085  coadd_bg052430 1.55 -2.59 18.439     >18.439  99.990          18.71        12.88   0.078        0.054       
2457455.82009  2457455.81886  2016-03-08.3200916  coadd_bg052559 1.63 -2.59 18.371     >18.371  99.990          15.02        13.72   0.063        0.057       
2457457.81435  2457457.81330  2016-03-10.3143495  coadd_bg053153 1.56 -2.59 18.472     >18.472  99.990         -11.01        12.50   -0.046       0.052       
2457459.12859  2457459.12767  2016-03-11.6285943  coadd_bc198782 1.42 -2.31 18.550     >18.550  99.990          36.76        15.07   0.119        0.049       
2457465.11471  2457465.11437  2016-03-17.6147107  coadd_bc200839 1.49 -2.31 18.448     >18.448  99.990          36.95        16.56   0.119        0.053       
2457467.10009  2457467.09994  2016-03-19.6000888  coadd_bc201622 1.47 -2.31 18.344     >18.344  99.990          36.00        18.22   0.116        0.059       
2457468.05113  2457468.05107  2016-03-20.5511290  coadd_bc201933 1.47 -2.31 17.968     >17.968  99.990          53.09        25.76   0.171        0.083       
2457468.88051  2457468.88054  2016-03-21.3805167  coadd_bg056883 1.51 -2.59 18.212     >18.212  99.990          23.48        15.88   0.098        0.066       
2457470.04399  2457470.04413  2016-03-22.5439968  coadd_bc202420 1.58 -2.31 17.478     >17.478  99.990         -19.48        40.46   -0.063       0.131       
2457475.88636  2457475.88707  2016-03-28.3863662  coadd_bg058735 1.38 -2.59 17.926     >17.926  99.990         -61.17        20.66   -0.256       0.086       
2457480.87428  2457480.87546  2016-04-02.3742858  coadd_bg060505 1.51 -2.59 18.590     >18.590  99.990          -1.90        11.22   -0.008       0.047       
2457482.82312  2457482.82448  2016-04-04.3231175  coadd_bg060951 1.53 -2.59 17.924     >17.924  99.990          15.01        20.71   0.063        0.087       
2457485.81866  2457485.82030  2016-04-07.3186576  coadd_bg061522 1.51 -2.59 17.745     >17.745  99.990          12.90        24.41   0.054        0.102       
2457486.85141  2457486.85315  2016-04-08.3514137  coadd_bg061927 1.55 -2.59 18.532     >18.532  99.990           1.31        11.83   0.005        0.049       
2457490.99964  2457491.00176  2016-04-12.4996447  coadd_bc207843 1.49 -2.31 18.682     >18.682  99.990          17.26        13.34   0.056        0.043       
2457492.08332  2457492.08553  2016-04-13.5833217  coadd_bc208237 1.65 -2.31 18.747     >18.747  99.990         -37.93        12.57   -0.122       0.041       
2457494.97423  2457494.97670  2016-04-16.4742348  coadd_bc209265 1.43 -2.31 18.082     >18.082  99.990          29.30        23.19   0.095        0.075       
2457496.08040  2457496.08297  2016-04-17.5804024  coadd_bc209663 1.56 -2.31 18.713     >18.713  99.990          -1.65        12.97   -0.005       0.042       
2457499.96046  2457499.96335  2016-04-21.4604591  coadd_bc210487 1.51 -2.31 17.269     >17.269  99.990          52.38        49.02   0.169        0.158       
2457513.99889  2457514.00286  2016-05-05.4988943  coadd_bc215297 1.46 -2.31 18.597     >18.597  99.990          16.27        14.43   0.052        0.047       
2457523.97989  2457523.98449  2016-05-15.4798924  coadd_bc216991 1.42 -2.31 18.511     >18.511  99.990          16.22        15.62   0.052        0.050       
2457528.88209  2457528.88695  2016-05-20.3820942  coadd_bc218173 1.54 -2.31 17.416     >17.416  99.990          38.15        42.84   0.123        0.138       
2457534.83443  2457534.83957  2016-05-26.3344318  coadd_bg064384 1.38 -2.59 17.407     >17.407  99.990          13.92        33.33   0.058        0.139       
2457536.87535  2457536.88058  2016-05-28.3753554  coadd_bg064730 1.44 -2.59 17.154     >17.154  99.990          29.10        42.08   0.122        0.176       
2457538.03416  2457538.03943  2016-05-29.5341665  coadd_bc220478 1.39 -2.31 18.260     >18.260  99.990          -2.61        19.68   -0.008       0.063       
2457541.92909  2457541.93449  2016-06-02.4290901  coadd_bc221331 1.39 -2.31 18.628     >18.628  99.990          -9.70        14.03   -0.031       0.045       
2457550.58225  2457550.58786  2016-06-11.0822523  coadd_bg067057 2.31 -2.59 18.066     >18.066  99.990         -10.14        18.17   -0.042       0.076       
2457554.64672  2457554.65239  2016-06-15.1467230  coadd_bg067640 1.44 -2.59 18.010     >18.010  99.990           2.65        19.12   0.011        0.080       
2457567.89575  2457567.90143  2016-06-28.3957556  coadd_bc228007 1.40 -2.31 18.843     >18.843  99.990          -3.43        11.51   -0.011       0.037       
2457575.65071  2457575.65626  2016-07-06.1507100  coadd_bg073558 1.65 -2.59 18.469     >18.469  99.990          -2.85        12.53   -0.012       0.052       
2457578.84098  2457578.84645  2016-07-09.3409831  coadd_bc230760 1.42 -2.31 18.758     >18.758  99.990          -5.39        12.45   -0.017       0.040       
2457583.79130  2457583.79662  2016-07-14.2913050  coadd_bc231932 1.45 -2.31 17.629     >17.629  99.990         -14.16        35.21   -0.046       0.114       
2457591.63614  2457591.64114  2016-07-22.1361414  coadd_bg077205 1.59 -2.59 18.056     >18.056  99.990          -8.95        18.34   -0.037       0.077       
2457595.68703  2457595.69183  2016-07-26.1870332  coadd_bg078151 1.45 -2.59 18.455     >18.455  99.990          25.52        12.70   0.107        0.053       
2457597.84057  2457597.84526  2016-07-28.3405745  coadd_bc234810 1.61 -2.31 18.810     >18.810  99.990          -1.07        11.87   -0.003       0.038       
2457600.85908  2457600.86360  2016-07-31.3590871  coadd_bc235650 1.46 -2.31 18.654     >18.654  99.990          -6.97        13.70   -0.022       0.044       
2457602.85406  2457602.85845  2016-08-02.3540607  coadd_bc236256 1.41 -2.31 18.805     >18.805  99.990          -4.26        11.91   -0.014       0.038       
2457604.85376  2457604.85803  2016-08-04.3537570  coadd_bc236981 1.66 -2.31 18.807     >18.807  99.990          -8.30        11.89   -0.027       0.038       
2457606.84547  2457606.84962  2016-08-06.3454754  coadd_bc237500 2.07 -2.31 18.554     >18.554  99.990          27.40        15.02   0.088        0.048       
2457608.84188  2457608.84589  2016-08-08.3418814  coadd_bc238172 1.49 -2.31 18.683     >18.683  99.990         -42.88        13.34   -0.138       0.043       
2457611.59913  2457611.60294  2016-08-11.0991288  coadd_bg084226 1.52 -2.59 17.354     >17.354  99.990          -4.77        34.99   -0.020       0.146       
2457616.79935  2457616.80278  2016-08-16.2993549  coadd_bc240491 1.45 -2.31 17.744     >17.744  99.990          17.11        31.66   0.055        0.102       
2457618.79666  2457618.79993  2016-08-18.2966609  coadd_bc241153 1.63 -2.31 17.422     >17.422  99.990          71.68        42.61   0.231        0.137       
2457619.50093  2457619.50415  2016-08-19.0009325  coadd_bg087006 1.48 -2.59 17.769     >17.769  99.990         -65.80        23.89   -0.275       0.100       
2457625.79816  2457625.80086  2016-08-25.2981594  coadd_bc242562 1.76 -2.31 18.538      18.381  0.316           52.80        15.24   0.170        0.049       
2457626.78798  2457626.79059  2016-08-26.2879775  coadd_bc242806 1.64 -2.31 18.824     >18.824  99.990          -7.77        11.70   -0.025       0.038       
2457630.77747  2457630.77974  2016-08-30.2774685  coadd_bc243716 1.36 -2.31 18.645     >18.645  99.990          -5.72        13.80   -0.018       0.045       
2457636.58830  2457636.59004  2016-09-05.0882997  coadd_bg092933 1.61 -2.59 18.701     >18.701  99.990         -10.18        10.13   -0.043       0.042       
2457638.74644  2457638.74799  2016-09-07.2464394  coadd_bc245055 1.47 -2.31 18.522     >18.522  99.990          17.79        15.47   0.057        0.050       
2457644.58802  2457644.58902  2016-09-13.0880226  coadd_bg095905 1.57 -2.59 16.786     >16.786  99.990         -76.91        59.06   -0.321       0.247       
2457647.76483  2457647.76553  2016-09-16.2648388  coadd_bc246502 1.78 -2.31 17.767     >17.767  99.990          66.97        30.98   0.216        0.100       
2457649.52339  2457649.52391  2016-09-18.0233875  coadd_bg097517 1.59 -2.59 17.816     >17.816  99.990          17.18        22.87   0.072        0.096       
2457652.58200  2457652.58224  2016-09-21.0820021  coadd_bg098634 1.54 -2.59 18.411      17.926  0.233           62.00        13.22   0.259        0.055       
2457655.52146  2457655.52141  2016-09-24.0214562  coadd_bg099731 1.39 -2.59 18.407     >18.407  99.990          -4.64        13.27   -0.019       0.055       
2457657.54631  2457657.54607  2016-09-26.0463074  coadd_bg100510 1.47 -2.59 18.396     >18.396  99.990          25.27        13.41   0.106        0.056       
2457660.53559  2457660.53506  2016-09-29.0355890  coadd_bg101638 1.39 -2.59 18.358     >18.358  99.990           7.51        13.88   0.031        0.058       
2457663.52896  2457663.52815  2016-10-02.0289611  coadd_bg102761 1.41 -2.59 18.399     >18.399  99.990         -18.85        13.37   -0.079       0.056       
2457671.52000  2457671.51843  2016-10-10.0200020  coadd_bg105393 1.40 -2.59 17.881     >17.881  99.990         -23.74        21.54   -0.099       0.090       
2457676.50072  2457676.49870  2016-10-15.0007240  coadd_bg106465 1.55 -2.59 17.756     >17.756  99.990         -47.57        24.18   -0.199       0.101       
2457782.17441  2457782.17005  2017-01-28.6744111  coadd_bc284868 1.62 -2.31 16.548     >16.548  99.990          15.98        95.29   0.052        0.307       
2457784.17128  2457784.16704  2017-01-30.6712787  coadd_bc285658 1.68 -2.31 17.566     >17.566  99.990          20.38        37.31   0.066        0.120       
2457790.17615  2457790.17231  2017-02-05.6761487  coadd_bc287939 1.88 -2.31 16.431     >16.431  99.990         136.31       106.10   0.440        0.342       
2457793.15825  2457793.15463  2017-02-08.6582559  coadd_bc288331 1.86 -2.31 18.148     >18.148  99.990          43.27        21.82   0.140        0.070       
2457795.16290  2457795.15942  2017-02-10.6628976  coadd_bc289166 1.50 -2.31 17.501     >17.501  99.990         -91.71        39.59   -0.296       0.128       
2457797.88436  2457797.88109  2017-02-13.3843579  coadd_bg138927 1.43 -2.59 17.381     >17.381  99.990          38.28        34.15   0.160        0.143       
2457800.14886  2457800.14577  2017-02-15.6488561  coadd_bc290554 1.74 -2.31 17.842     >17.842  99.990          48.63        28.93   0.157        0.093       
2457802.88089  2457802.87803  2017-02-18.3808923  coadd_bg140664 1.53 -2.59 17.614     >17.614  99.990         -38.03        27.55   -0.159       0.115       
2457809.11748  2457809.11515  2017-02-24.6174857  coadd_bc293745 1.73 -2.31 18.537     >18.537  99.990         -11.03        15.26   -0.036       0.049       
2457813.84283  2457813.84092  2017-03-01.3428288  coadd_bg143366 1.51 -2.59 18.300     >18.300  99.990         -26.06        14.65   -0.109       0.061       
2457819.87296  2457819.87162  2017-03-07.3729640  coadd_bg144608 1.52 -2.59 17.816     >17.816  99.990          52.35        22.87   0.219        0.096       
2457823.10460  2457823.10356  2017-03-10.6046025  coadd_bc296019 1.38 -2.31 17.781     >17.781  99.990         -23.45        30.59   -0.076       0.099       
2457825.80832  2457825.80754  2017-03-13.3083175  coadd_bg146626 1.51 -2.59 17.326      17.291  0.354          111.25        35.93   0.465        0.150       
2457828.12197  2457828.12141  2017-03-15.6219754  coadd_bc297654 1.44 -2.31 18.027     >18.027  99.990         -51.10        24.40   -0.165       0.079       
2457836.13149  2457836.13171  2017-03-23.6314909  coadd_bc300651 1.43 -2.31 18.457     >18.457  99.990         -47.61        16.41   -0.154       0.053       
2457836.87419  2457836.87448  2017-03-24.3741917  coadd_bg150737 1.48 -2.59 18.418     >18.418  99.990           6.28        13.14   0.026        0.055       
2457838.78328  2457838.78376  2017-03-26.2832870  coadd_bg151968 1.55 -2.59 18.317     >18.317  99.990          32.97        14.41   0.138        0.060       
2457839.77289  2457839.77346  2017-03-27.2728918  coadd_bg152112 1.41 -2.59 18.594     >18.594  99.990          -7.27        11.17   -0.030       0.047       
2457843.76701  2457843.76796  2017-03-31.2670104  coadd_bg152700 1.41 -2.59 18.410     >18.410  99.990         -17.48        13.23   -0.073       0.055       
2457846.05046  2457846.05163  2017-04-02.5504640  coadd_bc303729 1.72 -2.31 18.563     >18.563  99.990         -29.88        14.89   -0.096       0.048       
2457849.00560  2457849.00705  2017-04-05.5055987  coadd_bc304757 1.59 -2.31 18.364      17.967  0.253           77.34        17.88   0.249        0.058       
2457850.12461  2457850.12616  2017-04-06.6246115  coadd_bc305223 1.63 -2.31 18.680     >18.680  99.990           2.63        13.37   0.008        0.043       
2457851.00228  2457851.00391  2017-04-07.5022775  coadd_bc305491 1.52 -2.31 17.918     >17.918  99.990           9.73        26.98   0.031        0.087       
2457854.99035  2457854.99235  2017-04-11.4903516  coadd_bc306877 1.55 -2.31 16.821     >16.821  99.990          33.86        74.08   0.109        0.239       
2457855.72690  2457855.72897  2017-04-12.2269064  coadd_bg157191 1.43 -2.59 17.171      17.165  0.364          124.92        41.44   0.522        0.173       
2457857.77520  2457857.77745  2017-04-14.2752026  coadd_bg157999 1.64 -2.59 16.489     >16.489  99.990        -109.50        77.64   -0.458       0.325       
2457863.11642  2457863.11914  2017-04-19.6164182  coadd_bc308424 1.61 -2.31 18.382     >18.382  99.990         -18.37        17.59   -0.059       0.057       
2457865.84460  2457865.84755  2017-04-22.3446032  coadd_bg159896 1.45 -2.59 18.407      18.357  0.348           41.68        13.26   0.174        0.055       
2457868.82293  2457868.82612  2017-04-25.3229349  coadd_bg160899 1.38 -2.59 17.622     >17.622  99.990         -39.53        27.34   -0.165       0.114       
2457869.85298  2457869.85625  2017-04-26.3529859  coadd_bg161343 1.52 -2.59 18.298     >18.298  99.990         -39.40        14.68   -0.165       0.061       
2457871.72280  2457871.72622  2017-04-28.2228084  coadd_bg162092 1.42 -2.59 18.276     >18.276  99.990          27.58        14.97   0.115        0.063       
2457872.77163  2457872.77513  2017-04-29.2716364  coadd_bg162551 1.41 -2.59 18.418     >18.418  99.990          -5.20        13.14   -0.022       0.055       
2457876.67541  2457876.67920  2017-05-03.1754100  coadd_bg164008 1.41 -2.59 17.870     >17.870  99.990         -29.70        21.77   -0.124       0.091       
2457877.80290  2457877.80677  2017-05-04.3029074  coadd_bg164530 1.42 -2.59 18.367      18.354  0.360           41.78        13.77   0.175        0.058       
2457880.92019  2457880.92427  2017-05-07.4201912  coadd_bc312188 1.77 -2.31 17.953     >17.953  99.990         -21.66        26.11   -0.070       0.084       
2457884.91086  2457884.91520  2017-05-11.4108583  coadd_bc313328 1.50 -2.31 17.529     >17.529  99.990         -94.65        38.58   -0.305       0.124       
2457890.06146  2457890.06611  2017-05-16.5614627  coadd_bc314287 1.52 -2.31 17.987     >17.987  99.990           5.15        25.32   0.017        0.082       
2457893.04541  2457893.05022  2017-05-19.5454115  coadd_bc315285 1.50 -2.31 18.669     >18.669  99.990         -12.91        13.50   -0.042       0.044       
2457894.97823  2457894.98314  2017-05-21.4782370  coadd_bc315937 1.50 -2.31 18.389     >18.389  99.990         -41.86        17.48   -0.135       0.056       
2457896.99141  2457896.99641  2017-05-23.4914096  coadd_bc316626 1.83 -2.31 18.354     >18.354  99.990          48.57        18.04   0.157        0.058       
2457899.95379  2457899.95893  2017-05-26.4537958  coadd_bc317505 1.39 -2.31 18.595     >18.595  99.990           5.91        14.45   0.019        0.047       
2457904.85892  2457904.86424  2017-05-31.358925  coadd_bc318738 1.41 -2.31 17.444     >17.444  99.990         -35.49        41.72   -0.115       0.135       
2457906.84990  2457906.85529  2017-06-02.3499043  coadd_bc319292 1.42 -2.31 17.558     >17.558  99.990         -36.13        37.58   -0.117       0.121       
2457907.85808  2457907.86350  2017-06-03.3580854  coadd_bc319611 1.53 -2.31 17.957     >17.957  99.990          53.81        26.03   0.174        0.084       
2457908.78635  2457908.79180  2017-06-04.2863523  coadd_bg173185 1.42 -2.59 18.338     >18.338  99.990           0.74        14.14   0.003        0.059       
2457917.72547  2457917.73111  2017-06-13.2254728  coadd_bg176609 1.47 -2.59 18.108     >18.108  99.990           1.22        17.47   0.005        0.073       
2457923.93336  2457923.93906  2017-06-19.4333630  coadd_bc323130 1.47 -2.31 17.121     >17.121  99.990          30.96        56.18   0.100        0.181       
2457924.92834  2457924.93405  2017-06-20.4283502  coadd_bc323346 2.00 -2.31 18.087     >18.087  99.990         -47.03        23.08   -0.152       0.074       
2457925.97543  2457925.98114  2017-06-21.4754298  coadd_bc323690 1.58 -2.31 18.644     >18.644  99.990           8.12        13.82   0.026        0.045       
2457929.96868  2457929.97438  2017-06-25.4686774  coadd_bc324925 1.44 -2.31 18.411     >18.411  99.990         -31.25        17.13   -0.101       0.055       
2457931.83992  2457931.84560  2017-06-27.3399173  coadd_bc325463 1.89 -2.31 18.433     >18.433  99.990         -32.36        16.78   -0.104       0.054       
2457934.92518  2457934.93083  2017-06-30.4251760  coadd_bc326163 1.99 -2.31 18.548     >18.548  99.990         -17.26        15.09   -0.056       0.049       
2457937.94237  2457937.94798  2017-07-03.4423697  coadd_bc326814 1.44 -2.31 18.308     >18.308  99.990         -51.89        18.83   -0.167       0.061       
2457939.50799  2457939.51357  2017-07-05.0079964  coadd_bg184189 1.74 -2.59 17.716     >17.716  99.990         -23.94        25.08   -0.100       0.105       
2457944.92271  2457944.92816  2017-07-10.4227181  coadd_bc329035 1.47 -2.31 17.774     >17.774  99.990         -71.78        30.81   -0.232       0.099       
2457948.90849  2457948.91381  2017-07-14.4084895  coadd_bc329970 1.47 -2.31 18.132     >18.132  99.990         -25.23        22.14   -0.081       0.071       
2457949.78810  2457949.79339  2017-07-15.2881046  coadd_bc330217 1.39 -2.31 18.677     >18.677  99.990          27.45        13.41   0.089        0.043       
2457950.76038  2457950.76563  2017-07-16.2603789  coadd_bc330539 1.44 -2.31 18.362     >18.362  99.990          -4.39        17.92   -0.014       0.058       
2457953.89864  2457953.90377  2017-07-19.3986384  coadd_bc330946 1.47 -2.31 18.476     >18.476  99.990         -10.63        16.14   -0.034       0.052       
2457957.64018  2457957.64514  2017-07-23.1401842  coadd_bg190867 1.47 -2.59 18.336     >18.336  99.990          24.78        14.17   0.104        0.059       
2457960.87802  2457960.88283  2017-07-26.3780237  coadd_bc332122 1.53 -2.31 18.581     >18.581  99.990         -25.15        14.65   -0.081       0.047       
2457964.67365  2457964.67825  2017-07-30.1736559  coadd_bg193845 1.44 -2.59 18.422     >18.422  99.990          -3.06        13.09   -0.013       0.055       
2457971.83851  2457971.84267  2017-08-06.3385168  coadd_bc334675 1.47 -2.31 17.528     >17.528  99.990         111.80        38.62   0.361        0.125       
2457973.49999  2457973.50404  2017-08-07.9999909  coadd_bg197362 1.45 -2.59 17.626     >17.626  99.990          20.78        27.25   0.087        0.114       
2457975.83760  2457975.84148  2017-08-10.3376097  coadd_bc336193 1.39 -2.31 18.109     >18.109  99.990         -24.07        22.62   -0.078       0.073       
2457978.80795  2457978.81163  2017-08-13.3079560  coadd_bc336983 1.42 -2.31 18.877     >18.877  99.990          20.33        11.15   0.066        0.036       
2457981.82008  2457981.82353  2017-08-16.3200932  coadd_bc338061 1.41 -2.31 18.773     >18.773  99.990           2.04        12.27   0.007        0.040       
2457984.81064  2457984.81386  2017-08-19.3106527  coadd_bc339120 1.41 -2.31 18.490     >18.490  99.990           4.34        15.93   0.014        0.051       
2457989.79207  2457989.79488  2017-08-24.2920699  coadd_bc339992 1.44 -2.31 18.726     >18.726  99.990         -21.34        12.81   -0.069       0.041       
2457992.78056  2457992.78311  2017-08-27.2805619  coadd_bc340918 1.31 -2.31 18.520     >18.520  99.990          11.46        15.49   0.037        0.050       
2458000.75820  2458000.76004  2017-09-04.2581991  coadd_bc343171 1.51 -2.31 17.194     >17.194  99.990         -78.20        52.54   -0.252       0.169       
2458001.75136  2458001.75311  2017-09-05.2513592  coadd_bc343278 1.55 -2.31 17.894     >17.894  99.990         -41.43        27.57   -0.134       0.089       
2458002.75119  2458002.75286  2017-09-06.2511940  coadd_bc343597 1.63 -2.31 17.743     >17.743  99.990          39.66        31.68   0.128        0.102       
2458003.74819  2458003.74976  2017-09-07.2481925  coadd_bc343916 1.70 -2.31 17.878     >17.878  99.990         -30.66        28.00   -0.099       0.090       
2458008.53015  2458008.53128  2017-09-12.0301627  coadd_bg205566 1.50 -2.59 18.419     >18.419  99.990          32.55        13.13   0.136        0.055       
2458011.72658  2458011.72740  2017-09-15.2265873  coadd_bc345566 1.58 -2.31 18.342     >18.342  99.990         -11.30        18.26   -0.036       0.059       
2458013.53902  2458013.53967  2017-09-17.0390218  coadd_bg207139 1.80 -2.59 18.660     >18.660  99.990          -9.63        10.51   -0.040       0.044       
2458017.71331  2458017.71356  2017-09-21.2133158  coadd_bc347280 1.55 -2.31 17.638     >17.638  99.990          47.98        34.91   0.155        0.113       
2458018.55867  2458018.55884  2017-09-22.0586767  coadd_bg208896 1.41 -2.59 18.516     >18.516  99.990         -30.24        12.01   -0.126       0.050       
2458021.56411  2458021.56399  2017-09-25.0641125  coadd_bg209847 1.42 -2.59 18.370     >18.370  99.990          -8.81        13.72   -0.037       0.057       
2458026.53689  2458026.53629  2017-09-30.0368989  coadd_bg211304 1.50 -2.59 16.346     >16.346  99.990         204.73        88.53   0.856        0.370       
2458028.53831  2458028.53752  2017-10-02.0383173  coadd_bg211681 2.09 -2.59 17.589     >17.589  99.990          33.62        28.20   0.141        0.118       
2458033.52673  2458033.52547  2017-10-07.0267344  coadd_bg213457 1.45 -2.59 17.672     >17.672  99.990          19.14        26.12   0.080        0.109       
2458035.51986  2458035.51841  2017-10-09.0198672  coadd_bg214159 1.41 -2.59 18.007     >18.007  99.990          10.34        19.18   0.043        0.080       
2458038.53548  2458038.53376  2017-10-12.0354839  coadd_bg215245 1.53 -2.59 18.079     >18.079  99.990           6.47        17.96   0.027        0.075       
2458041.49867  2458041.49668  2017-10-14.9986791  coadd_bg216317 1.72 -2.59 18.260     >18.260  99.990         -28.94        15.19   -0.121       0.064       
2458164.15629  2458164.15310  2018-02-14.6562898  coadd_bc380986 2.09 -2.31 17.820     >17.820  99.990          52.07        29.53   0.168        0.095       
2458177.10657  2458177.10449  2018-02-27.6065791  coadd_bc381833 1.77 -2.31 17.897     >17.897  99.990         -28.83        27.51   -0.093       0.089       
2458179.84072  2458179.83889  2018-03-02.3407231  coadd_bg251957 1.50 -2.59 16.902     >16.902  99.990         102.84        53.09   0.430        0.222       
2458181.83525  2458181.83360  2018-03-04.3352519  coadd_bg252691 1.35 -2.59 17.449      17.054  0.254          138.41        32.08   0.579        0.134       
2458182.84217  2458182.84061  2018-03-05.3421724  coadd_bg253068 1.39 -2.59 17.687     >17.687  99.990          -5.15        25.75   -0.022       0.108       
2458185.08635  2458185.08500  2018-03-07.5863568  coadd_bc383110 1.45 -2.31 18.062     >18.062  99.990          -8.51        23.62   -0.027       0.076       
2458193.87732  2458193.87681  2018-03-16.3773253  coadd_bg256862 1.45 -2.59 18.272     >18.272  99.990         -30.12        15.02   -0.126       0.063       
2458195.05987  2458195.05948  2018-03-17.5598802  coadd_bc384995 1.36 -2.31 18.242     >18.242  99.990         -29.23        20.01   -0.094       0.065       
2458198.07368  2458198.07357  2018-03-20.5736781  coadd_bc385655 1.43 -2.31 18.132     >18.132  99.990         -42.49        22.16   -0.137       0.071       
2458203.81175  2458203.81220  2018-03-26.3117513  coadd_bg260559 1.33 -2.59 18.367     >18.367  99.990          -0.45        13.76   -0.002       0.058       
2458205.84785  2458205.84851  2018-03-28.3478579  coadd_bg261198 1.53 -2.59 18.180     >18.180  99.990         -20.89        16.35   -0.087       0.068       
2458206.87047  2458206.87122  2018-03-29.3704769  coadd_bg261525 1.51 -2.59 18.353     >18.353  99.990          24.95        13.95   0.104        0.058       
2458207.03321  2458207.03397  2018-03-29.5332097  coadd_bc386290 1.74 -2.31 17.820     >17.820  99.990         -38.56        29.52   -0.124       0.095       
2458207.86175  2458207.86259  2018-03-30.3617534  coadd_bg261916 1.37 -2.59 17.788     >17.788  99.990         -45.00        23.46   -0.188       0.098       
2458208.03078  2458208.03164  2018-03-30.5307806  coadd_bc386581 1.50 -2.31 17.607     >17.607  99.990          41.57        35.91   0.134        0.116       
2458208.86104  2458208.86198  2018-03-31.3610478  coadd_bg262320 1.48 -2.59 17.608     >17.608  99.990         -19.14        27.69   -0.080       0.116       
2458210.02273  2458210.02378  2018-04-01.5227305  coadd_bc387140 1.43 -2.31 17.437     >17.437  99.990          -4.73        42.01   -0.015       0.136       
2458212.75482  2458212.75613  2018-04-04.2548254  coadd_bg263877 1.52 -2.59 17.297     >17.297  99.990          14.84        36.89   0.062        0.154       
2458218.99815  2458219.00004  2018-04-10.4981599  coadd_bc387619 1.31 -2.31 18.337     >18.337  99.990         -29.13        18.33   -0.094       0.059       
2458231.96411  2458231.96713  2018-04-23.4641143  coadd_bc390726 1.33 -2.31 18.372     >18.372  99.990         -16.09        17.76   -0.052       0.057       
2458233.79457  2458233.79773  2018-04-25.2945674  coadd_bg271843 1.38 -2.59 18.113     >18.113  99.990           1.40        17.39   0.006        0.073       
2458233.96074  2458233.96392  2018-04-25.4607413  coadd_bc391430 1.53 -2.31 17.902      17.739  0.314           95.40        27.37   0.308        0.088       
2458234.96111  2458234.96437  2018-04-26.4611125  coadd_bc391610 1.57 -2.31 18.448     >18.448  99.990         -21.16        16.55   -0.068       0.053       
2458236.68954  2458236.69294  2018-04-28.1895417  coadd_bg272706 1.42 -2.59 17.322     >17.322  99.990          15.17        36.04   0.063        0.151       
2458238.87701  2458238.88057  2018-04-30.3770166  coadd_bg273704 1.51 -2.59 17.247     >17.247  99.990          18.05        38.61   0.075        0.161       
2458244.92467  2458244.92867  2018-05-06.4246760  coadd_bg275759 1.42 -2.59 17.782     >17.782  99.990         -11.01        23.59   -0.046       0.099       
2458245.88892  2458245.89298  2018-05-07.3889201  coadd_bg276123 1.74 -2.59 17.751     >17.751  99.990         -15.14        24.29   -0.063       0.102       
2458257.06085  2458257.06560  2018-05-18.5608569  coadd_bc395206 1.39 -2.31 18.490     >18.490  99.990         -12.38        15.93   -0.040       0.051       
2458261.02338  2458261.02832  2018-05-22.5233820  coadd_bc396477 1.37 -2.31 17.204     >17.204  99.990         117.26        52.07   0.378        0.168       
2458282.97703  2458282.98267  2018-06-13.4770351  coadd_bc401227 1.41 -2.31 18.697     >18.697  99.990         -19.47        13.16   -0.063       0.042       
2458287.86181  2458287.86751  2018-06-18.3618148  coadd_bc402629 1.72 -2.31 18.626     >18.626  99.990          -6.90        14.05   -0.022       0.045       
2458302.82829  2458302.83391  2018-07-03.3282961  coadd_bc406121 1.38 -2.31 18.733     >18.733  99.990         -25.24        12.74   -0.081       0.041       
2458308.88515  2458308.89063  2018-07-09.3851524  coadd_bc407303 1.40 -2.31 18.811     >18.811  99.990         -11.47        11.85   -0.037       0.038       
2458310.91716  2458310.92259  2018-07-11.4171673  coadd_bc408049 1.43 -2.31 18.481     >18.481  99.990         -44.20        16.05   -0.143       0.052       
2458312.91912  2458312.92449  2018-07-13.4191230  coadd_bc408704 1.36 -2.31 18.951     >18.951  99.990           2.85        10.41   0.009        0.034       
2458315.90426  2458315.90952  2018-07-16.4042636  coadd_bc409267 1.41 -2.31 18.674     >18.674  99.990          21.75        13.44   0.070        0.043       
2458318.83480  2458318.83994  2018-07-19.3348038  coadd_bc410005 1.39 -2.31 18.325     >18.325  99.990         -33.67        18.54   -0.109       0.060       
2458328.83835  2458328.84301  2018-07-29.3383527  coadd_bc413317 1.46 -2.31 17.975     >17.975  99.990           6.21        25.60   0.020        0.083       
2458332.53698  2458332.54143  2018-08-02.0369835  coadd_bg288938 1.45 -2.59 18.148     >18.148  99.990          22.70        16.84   0.095        0.070       
2458335.84933  2458335.85356  2018-08-05.3493259  coadd_bc415183 1.39 -2.31 18.493     >18.493  99.990          24.75        15.89   0.080        0.051       
2458336.70540  2458336.70959  2018-08-06.2054023  coadd_bg290756 1.46 -2.59 17.868     >17.868  99.990         -65.48        21.80   -0.274       0.091       
2458337.83702  2458337.84113  2018-08-07.3370179  coadd_bc415876 2.00 -2.31 18.942     >18.942  99.990          -1.43        10.50   -0.005       0.034       
2458342.78383  2458342.78760  2018-08-12.2838321  coadd_bc416897 1.34 -2.31 18.732     >18.732  99.990          29.74        12.75   0.096        0.041       
2458347.81427  2458347.81766  2018-08-17.3142711  coadd_bc418136 1.39 -2.31 18.330     >18.330  99.990           2.53        18.46   0.008        0.060       
2458366.75534  2458366.75712  2018-09-05.2553446  coadd_bc421456 2.01 -2.31 18.254     >18.254  99.990          25.51        19.79   0.082        0.064       
2458368.75021  2458368.75180  2018-09-07.2502068  coadd_bc421998 1.58 -2.31 18.686     >18.686  99.990         -10.93        13.30   -0.035       0.043       
2458372.73972  2458372.74095  2018-09-11.2397210  coadd_bc423087 1.73 -2.31 18.559     >18.559  99.990         -37.26        14.95   -0.120       0.048       
2458383.56268  2458383.56287  2018-09-22.0626759  coadd_bg307514 1.40 -2.59 17.251      16.702  0.220          191.40        38.48   0.800        0.161       
2458415.70912  2458415.70635  2018-10-24.2091243  coadd_bc432972 1.44 -2.31 17.211     >17.211  99.990          54.57        51.72   0.176        0.167       
