###  JD        HJD            UT_date             IMAGE          FWHM  Diff Limit      mag   mag_err       counts     count_err  flux (mJy)    flux_err
2457045.17315  2457045.16851  2015-01-22.6727451  coadd_ba181248 1.78 -1.96 16.319     >16.319  99.990          34.39       163.22   0.080        0.380       
2457046.17216  2457046.16758  2015-01-23.6717629  coadd_ba181660 1.79 -1.96 16.735     >16.735  99.990          64.07       111.26   0.149        0.259       
2457047.16935  2457047.16482  2015-01-24.6689756  coadd_ba182072 1.72 -1.96 17.116     >17.116  99.990          19.61        78.32   0.046        0.182       
2457048.17298  2457048.16842  2015-01-25.6725804  coadd_bc091853 1.75 -2.30 16.676     >16.676  99.990         -34.94        85.36   -0.112       0.273       
2457049.17055  2457049.16604  2015-01-26.6701630  coadd_bc092221 1.62 -2.30 17.024     >17.024  99.990          22.63        61.93   0.072        0.198       
2457054.16416  2457054.16003  2015-01-31.6637633  coadd_ba184535 1.70 -1.96 17.202     >17.202  99.990        -229.12        72.38   -0.533       0.168       
2457055.16196  2457055.15788  2015-02-01.6615520  coadd_ba184942 1.70 -1.96 17.908     >17.908  99.990           1.20        37.76   0.003        0.088       
2457056.16017  2457056.15616  2015-02-02.6597745  coadd_ba185343 1.69 -1.96 17.364     >17.364  99.990        -112.55        62.33   -0.262       0.145       
2457061.15271  2457061.14898  2015-02-07.6523078  coadd_bc095085 1.61 -2.30 17.655     >17.655  99.990          91.13        34.64   0.292        0.111       
2457061.15556  2457061.15189  2015-02-07.6551563  coadd_ba185763 1.70 -1.96 17.401     >17.401  99.990         -18.34        60.26   -0.043       0.140       
2457062.13533  2457062.13172  2015-02-08.6349304  coadd_ba186129 1.88 -1.96 17.619     >17.619  99.990          39.46        49.26   0.092        0.115       
2457062.14441  2457062.14075  2015-02-08.6440194  coadd_bc095458 1.61 -2.30 17.353     >17.353  99.990          95.59        45.74   0.306        0.146       
2457065.14252  2457065.13908  2015-02-11.6421170  coadd_bc095911 1.73 -2.30 17.764     >17.764  99.990          15.75        31.34   0.050        0.100       
2457065.14540  2457065.14201  2015-02-11.6449921  coadd_ba186590 2.10 -1.96 17.726     >17.726  99.990          50.75        44.68   0.118        0.104       
2457070.12494  2457070.12194  2015-02-16.6245334  coadd_ba187683 1.77 -1.96 17.576     >17.576  99.990        -152.76        51.28   -0.355       0.119       
2457070.13140  2457070.12835  2015-02-16.6309891  coadd_bc097009 1.69 -2.30 17.808     >17.808  99.990          62.76        30.08   0.201        0.096       
2457071.12315  2457071.12018  2015-02-17.6227418  coadd_bc097396 1.53 -2.30 18.078     >18.078  99.990         -32.06        23.47   -0.103       0.075       
2457071.12894  2457071.12602  2015-02-17.6285511  coadd_ba188077 1.64 -1.96 18.068     >18.068  99.990         -46.21        32.60   -0.107       0.076       
2457072.12047  2457072.11758  2015-02-18.6200574  coadd_bc097794 1.38 -2.30 17.911     >17.911  99.990         -38.58        27.36   -0.123       0.088       
2457072.12633  2457072.12349  2015-02-18.6259238  coadd_ba188475 1.77 -1.96 18.042     >18.042  99.990         -15.91        33.37   -0.037       0.078       
2457074.11222  2457074.10954  2015-02-20.6118131  coadd_ba188948 1.73 -1.96 18.083     >18.083  99.990          60.14        32.15   0.140        0.075       
2457074.11508  2457074.11236  2015-02-20.6146648  coadd_bc098273 1.43 -2.30 18.268     >18.268  99.990         -20.53        19.69   -0.066       0.063       
2457077.10435  2457077.10192  2015-02-23.6039361  coadd_ba189420 1.65 -1.96 17.690     >17.690  99.990           5.14        46.15   0.012        0.107       
2457078.11325  2457078.11088  2015-02-24.6128302  coadd_bc099088 1.62 -2.30 18.117     >18.117  99.990         -36.61        22.63   -0.117       0.072       
2457079.10729  2457079.10503  2015-02-25.6068728  coadd_ba190158 1.76 -1.96 18.100     >18.100  99.990         -16.40        31.64   -0.038       0.074       
2457079.11303  2457079.11075  2015-02-25.6126143  coadd_bc099485 1.49 -2.30 17.982     >17.982  99.990         -44.66        25.63   -0.143       0.082       
2457092.07341  2457092.07233  2015-03-10.5730070  coadd_ba192193 2.08 -1.96 17.298     >17.298  99.990         117.83        66.22   0.274        0.154       
2457092.08005  2457092.07896  2015-03-10.5796479  coadd_bc101520 1.59 -2.30 17.471     >17.471  99.990         -62.89        41.03   -0.201       0.131       
2457098.12182  2457098.12131  2015-03-16.6214103  coadd_bc102760 1.37 -2.30 18.011     >18.011  99.990          46.40        24.96   0.148        0.080       
2457098.12503  2457098.12452  2015-03-16.6246265  coadd_ba193442 1.66 -1.96 18.151     >18.151  99.990          75.32        30.19   0.175        0.070       
2457099.10660  2457099.10618  2015-03-17.6061923  coadd_bc103100 1.46 -2.30 18.017     >18.017  99.990         -12.98        24.82   -0.042       0.079       
2457102.06517  2457102.06503  2015-03-20.5651840  coadd_ba194766 1.73 -1.96 17.922     >17.922  99.990          84.81        37.29   0.197        0.087       
2457106.04402  2457106.04428  2015-03-24.5440333  coadd_bc105216 1.46 -2.30 17.801     >17.801  99.990         -30.59        30.27   -0.098       0.097       
2457107.05686  2457107.05722  2015-03-25.5568751  coadd_bc105572 1.42 -2.30 18.036     >18.036  99.990          13.26        24.39   0.042        0.078       
2457107.10225  2457107.10259  2015-03-25.6022605  coadd_ba196286 1.66 -1.96 18.145     >18.145  99.990         -13.02        30.36   -0.030       0.071       
2457112.02020  2457112.02100  2015-03-30.5202156  coadd_ba197654 1.66 -1.96 17.581     >17.581  99.990           2.69        51.03   0.006        0.119       
2457112.02897  2457112.02981  2015-03-30.5289851  coadd_bc106971 1.38 -2.30 17.678     >17.678  99.990          27.17        33.93   0.087        0.109       
2457120.99573  2457120.99737  2015-04-08.4957414  coadd_ba200032 1.84 -1.96 17.126     >17.126  99.990          76.96        77.59   0.179        0.180       
2457125.07398  2457125.07603  2015-04-12.5739888  coadd_bc110410 1.45 -2.30 17.987     >17.987  99.990           7.85        25.53   0.025        0.082       
2457125.13482  2457125.13682  2015-04-12.6348280  coadd_ba201147 2.21 -1.96 17.724     >17.724  99.990         114.57        44.76   0.266        0.104       
2457126.01629  2457126.01843  2015-04-13.5163017  coadd_bc110719 1.37 -2.30 17.661     >17.661  99.990           9.35        34.45   0.030        0.110       
2457126.05828  2457126.06037  2015-04-13.5582931  coadd_ba201444 1.68 -1.96 17.712     >17.712  99.990           9.51        45.24   0.022        0.105       
2457130.96943  2457130.97194  2015-04-18.4694394  coadd_ba202327 1.83 -1.96 18.322     >18.322  99.990          29.10        25.78   0.068        0.060       
2457131.09604  2457131.09863  2015-04-18.5960565  coadd_bc111693 1.45 -2.30 18.239     >18.239  99.990           0.49        20.24   0.002        0.065       
2457133.04426  2457133.04702  2015-04-20.5442747  coadd_bc112335 1.62 -2.30 17.702     >17.702  99.990           5.38        33.19   0.017        0.106       
2457135.07115  2457135.07400  2015-04-22.5711579  coadd_ba203440 1.78 -1.96 18.031     >18.031  99.990         -53.65        33.71   -0.125       0.078       
2457137.00650  2457137.00959  2015-04-24.5065177  coadd_bc113295 1.37 -2.30 17.951     >17.951  99.990           6.75        26.37   0.022        0.084       
2457138.02282  2457138.02598  2015-04-25.5228310  coadd_bc113641 1.81 -2.30 18.268     >18.268  99.990           7.21        19.69   0.023        0.063       
2457138.02596  2457138.02905  2015-04-25.5259694  coadd_ba204354 1.67 -1.96 17.939     >17.939  99.990          -0.24        36.70   -0.001       0.085       
2457141.09218  2457141.09559  2015-04-28.5921809  coadd_bc114096 1.72 -2.30 18.405     >18.405  99.990           7.51        17.37   0.024        0.056       
2457153.90582  2457153.91013  2015-05-11.4058236  coadd_bc116183 1.36 -2.30 17.615     >17.615  99.990         -80.78        35.94   -0.259       0.115       
2457153.90890  2457153.91312  2015-05-11.4089062  coadd_ba206898 1.79 -1.96 17.858     >17.858  99.990         -41.77        39.53   -0.097       0.092       
2457155.95807  2457155.96241  2015-05-13.4580677  coadd_ba207495 2.03 -1.96 18.281     >18.281  99.990         -26.02        26.78   -0.060       0.062       
2457155.98396  2457155.98840  2015-05-13.4839557  coadd_bc116788 1.44 -2.30 18.013     >18.013  99.990          10.77        24.92   0.034        0.080       
2457161.93758  2457161.94236  2015-05-19.4375884  coadd_bc118023 1.44 -2.30 18.341     >18.341  99.990         -17.47        18.42   -0.056       0.059       
2457161.96967  2457161.97435  2015-05-19.4696737  coadd_ba208766 1.72 -1.96 17.827     >17.827  99.990          23.81        40.69   0.055        0.095       
2457166.93370  2457166.93862  2015-05-24.4337151  coadd_ba210016 1.72 -1.96 18.394     >18.394  99.990          47.92        24.15   0.111        0.056       
2457166.96843  2457166.97345  2015-05-24.4684473  coadd_bc119312 1.53 -2.30 18.214     >18.214  99.990         -49.15        20.70   -0.157       0.066       
2457172.85517  2457172.86033  2015-05-30.3551795  coadd_ba211223 1.75 -1.96 17.455     >17.455  99.990         119.43        57.30   0.278        0.133       
2457172.86157  2457172.86684  2015-05-30.3615767  coadd_bc120502 1.38 -2.30 17.374     >17.374  99.990           3.70        44.87   0.012        0.144       
2457180.02494  2457180.03044  2015-06-06.5249495  coadd_bc122131 1.59 -2.30 17.736     >17.736  99.990          50.08        32.16   0.160        0.103       
2457180.04614  2457180.05153  2015-06-06.5461491  coadd_ba212879 1.68 -1.96 17.280     >17.280  99.990          12.66        67.36   0.029        0.157       
2457180.92717  2457180.93269  2015-06-07.4271763  coadd_bc122353 1.40 -2.30 17.667     >17.667  99.990         -19.72        34.27   -0.063       0.110       
2457181.88639  2457181.89193  2015-06-08.3863956  coadd_bc122647 1.44 -2.30 18.220     >18.220  99.990         -83.09        20.59   -0.266       0.066       
2457182.03293  2457182.03837  2015-06-08.5329406  coadd_ba213441 1.79 -1.96 18.043     >18.043  99.990         -14.41        33.36   -0.033       0.078       
2457183.99012  2457183.99560  2015-06-10.4901334  coadd_ba213871 1.72 -1.96 18.098      18.042  0.346          100.14        31.69   0.233        0.074       
2457185.94454  2457185.95005  2015-06-12.4445542  coadd_ba214364 2.03 -1.96 18.367     >18.367  99.990          53.16        24.74   0.124        0.058       
2457189.88200  2457189.88756  2015-06-16.3820238  coadd_ba215089 1.73 -1.96 18.100     >18.100  99.990           8.90        31.66   0.021        0.074       
2457189.88807  2457189.89374  2015-06-16.3880905  coadd_bc124120 1.40 -2.30 17.952     >17.952  99.990         -51.41        26.36   -0.165       0.084       
2457190.92999  2457190.93556  2015-06-17.4300184  coadd_ba215427 1.80 -1.96 18.253     >18.253  99.990         -36.12        27.49   -0.084       0.064       
2457192.94280  2457192.94839  2015-06-19.4428084  coadd_ba215882 1.69 -1.96 18.144     >18.144  99.990          17.48        30.39   0.041        0.071       
2457192.95513  2457192.96083  2015-06-19.4551322  coadd_bc124916 1.44 -2.30 17.998     >17.998  99.990         -35.84        25.25   -0.115       0.081       
2457193.94326  2457193.94897  2015-06-20.4432707  coadd_bc125216 1.40 -2.30 18.046     >18.046  99.990          38.36        24.16   0.123        0.077       
2457193.94639  2457193.95198  2015-06-20.4463962  coadd_ba216192 1.69 -1.96 18.020     >18.020  99.990         -87.29        34.08   -0.203       0.079       
2457196.92637  2457196.93208  2015-06-23.4263854  coadd_bc126090 1.41 -2.30 17.636     >17.636  99.990          27.19        35.24   0.087        0.113       
2457196.94329  2457196.94889  2015-06-23.4433024  coadd_ba217075 1.73 -1.96 18.206     >18.206  99.990          -0.77        28.69   -0.002       0.067       
2457201.76382  2457201.76940  2015-06-28.2638491  coadd_ba218185 1.80 -1.96 16.967     >16.967  99.990          98.53        89.81   0.229        0.209       
2457201.77017  2457201.77586  2015-06-28.2702020  coadd_bc127215 1.42 -2.30 17.504     >17.504  99.990         102.82        39.80   0.329        0.127       
2457206.95034  2457206.95596  2015-07-03.4503370  coadd_bc128751 1.44 -2.30 16.880     >16.880  99.990          -8.67        70.76   -0.028       0.226       
2457206.97055  2457206.97606  2015-07-03.47055  coadd_ba219738 1.73 -1.96 16.789     >16.789  99.990           4.61       105.83   0.011        0.246       
2457208.94825  2457208.95384  2015-07-05.4482550  coadd_bc129052 1.55 -2.30 17.924     >17.924  99.990         -24.75        27.03   -0.079       0.087       
2457208.97085  2457208.97632  2015-07-05.4708458  coadd_ba220040 1.75 -1.96 17.458     >17.458  99.990           4.95        57.18   0.012        0.133       
2457209.94822  2457209.95379  2015-07-06.4482260  coadd_bc129350 1.67 -2.30 17.725     >17.725  99.990          43.69        32.48   0.140        0.104       
2457210.95079  2457210.95633  2015-07-07.4507903  coadd_bc129646 1.48 -2.30 17.661     >17.661  99.990          77.96        34.44   0.249        0.110       
2457210.97335  2457210.97879  2015-07-07.4733503  coadd_ba220634 1.63 -1.96 17.944     >17.944  99.990        -103.72        36.52   -0.241       0.085       
2457212.74701  2457212.75250  2015-07-09.2470121  coadd_bc129949 1.59 -2.30 18.530     >18.530  99.990           1.58        15.48   0.005        0.050       
2457212.95715  2457212.96254  2015-07-09.4571511  coadd_ba221046 1.68 -1.96 18.280     >18.280  99.990         -46.57        26.81   -0.108       0.062       
2457217.81239  2457217.81773  2015-07-14.3123886  coadd_bc130842 1.44 -2.30 18.309     >18.309  99.990          20.85        18.97   0.067        0.061       
2457217.82160  2457217.82685  2015-07-14.3216  coadd_ba221822 1.71 -1.96 18.259     >18.259  99.990         -94.37        27.32   -0.219       0.064       
2457226.76104  2457226.76593  2015-07-23.2610396  coadd_ba223051 1.63 -1.96 17.819     >17.819  99.990        -121.11        41.01   -0.282       0.095       
2457226.77355  2457226.77853  2015-07-23.2735506  coadd_bc132083 1.47 -2.30 17.935     >17.935  99.990          -8.21        26.76   -0.026       0.086       
2457235.91860  2457235.92302  2015-08-01.4185997  coadd_ba225539 1.67 -1.96 17.160     >17.160  99.990         -82.83        75.24   -0.193       0.175       
2457237.87114  2457237.87552  2015-08-03.3711422  coadd_bc134943 1.37 -2.30 17.719     >17.719  99.990          33.82        32.67   0.108        0.105       
2457237.88808  2457237.89238  2015-08-03.3880787  coadd_ba225930 1.65 -1.96 17.518     >17.518  99.990         126.17        54.09   0.293        0.126       
2457240.80806  2457240.81225  2015-08-06.3080563  coadd_bc135419 1.50 -2.30 18.301     >18.301  99.990         -21.70        19.11   -0.069       0.061       
2457240.85762  2457240.86174  2015-08-06.3576199  coadd_ba226429 1.68 -1.96 18.350     >18.350  99.990         -26.63        25.13   -0.062       0.058       
2457243.79054  2457243.79447  2015-08-09.2905413  coadd_ba227314 1.74 -1.96 18.117     >18.117  99.990          49.24        31.16   0.115        0.072       
2457243.83132  2457243.83531  2015-08-09.3313158  coadd_bc136366 1.38 -2.30 18.341     >18.341  99.990         -22.48        18.41   -0.072       0.059       
2457244.82033  2457244.82425  2015-08-10.3203314  coadd_bc136698 1.43 -2.30 17.786     >17.786  99.990         -29.26        30.70   -0.094       0.098       
2457246.80447  2457246.80825  2015-08-12.3044682  coadd_bc137371 1.40 -2.30 17.742     >17.742  99.990          20.58        31.98   0.066        0.102       
2457246.85321  2457246.85693  2015-08-12.3532145  coadd_ba228380 1.65 -1.96 18.130     >18.130  99.990          36.85        30.78   0.086        0.072       
2457250.81617  2457250.81965  2015-08-16.3161724  coadd_bc138219 1.30 -2.30 17.026      16.649  0.258          262.53        61.83   0.840        0.198       
2457251.81490  2457251.81831  2015-08-17.3149021  coadd_bc138360 1.45 -2.30 18.314     >18.314  99.990         -39.58        18.89   -0.127       0.060       
2457251.84992  2457251.85327  2015-08-17.3499181  coadd_ba229360 1.61 -1.96 18.291     >18.291  99.990         -34.45        26.54   -0.080       0.062       
2457263.78242  2457263.78484  2015-08-29.2824208  coadd_bc140075 1.49 -2.30 16.827     >16.827  99.990         167.14        74.26   0.535        0.238       
2457263.80924  2457263.81163  2015-08-29.3092386  coadd_ba231072 1.84 -1.96 17.200     >17.200  99.990         -46.17        72.53   -0.107       0.169       
2457264.77818  2457264.78051  2015-08-30.2781819  coadd_bc140476 1.56 -2.30 17.596     >17.596  99.990          76.36        36.58   0.244        0.117       
2457268.76208  2457268.76406  2015-09-03.2620780  coadd_bc141223 1.33 -2.30 17.999     >17.999  99.990          39.41        25.23   0.126        0.081       
2457270.79127  2457270.79305  2015-09-05.2912724  coadd_ba232584 1.65 -1.96 18.184     >18.184  99.990          64.06        29.28   0.149        0.068       
2457272.76913  2457272.77074  2015-09-07.2691290  coadd_bc142307 1.44 -2.30 18.481     >18.481  99.990         -34.65        16.19   -0.111       0.052       
2457275.74617  2457275.74751  2015-09-10.2461682  coadd_bc143207 1.43 -2.30 18.069     >18.069  99.990         -10.32        23.67   -0.033       0.076       
2457275.77692  2457275.77825  2015-09-10.2769202  coadd_ba234216 1.65 -1.96 18.218     >18.218  99.990         -29.09        28.38   -0.068       0.066       
2457417.17430  2457417.16996  2016-01-29.6743033  coadd_bc182977 1.60 -2.30 16.724     >16.724  99.990        -178.98        81.68   -0.573       0.261       
2457418.17091  2457418.16663  2016-01-30.6709162  coadd_bc183393 1.44 -2.30 17.049     >17.049  99.990          75.02        60.54   0.240        0.194       
2457419.16740  2457419.16318  2016-01-31.6673998  coadd_bc183819 1.62 -2.30 17.509     >17.509  99.990         -44.97        39.62   -0.144       0.127       
2457427.15802  2457427.15440  2016-02-08.6580240  coadd_ba277770 2.18 -1.96 18.023     >18.023  99.990         -67.04        33.97   -0.156       0.079       
2457427.16182  2457427.15814  2016-02-08.6618189  coadd_bc186701 1.81 -2.30 18.223     >18.223  99.990          38.36        20.53   0.123        0.066       
2457428.16582  2457428.16221  2016-02-09.6658196  coadd_bc187130 1.40 -2.30 17.695     >17.695  99.990         -82.82        33.40   -0.265       0.107       
2457429.15463  2457429.15110  2016-02-10.6546291  coadd_bc187526 1.39 -2.30 18.239     >18.239  99.990         -48.15        20.22   -0.154       0.065       
2457430.14729  2457430.14389  2016-02-11.6472909  coadd_ba279015 1.67 -1.96 18.320     >18.320  99.990          17.22        25.85   0.040        0.060       
2457439.12742  2457439.12469  2016-02-20.6274282  coadd_bc191149 1.79 -2.30 17.636     >17.636  99.990          -8.36        35.25   -0.027       0.113       
2457440.12008  2457440.11746  2016-02-21.6200853  coadd_ba282635 1.79 -1.96 17.470     >17.470  99.990         -87.77        56.54   -0.204       0.131       
2457441.12413  2457441.12156  2016-02-22.6241287  coadd_bc191984 1.51 -2.30 17.345     >17.345  99.990        -114.09        46.08   -0.365       0.147       
2457444.10973  2457444.10745  2016-02-25.6097281  coadd_ba284212 2.15 -1.96 17.371     >17.371  99.990          49.44        61.93   0.115        0.144       
2457444.14127  2457444.13897  2016-02-25.6412736  coadd_bc193164 1.55 -2.30 17.848     >17.848  99.990         -17.07        29.01   -0.055       0.093       
2457453.08550  2457453.08402  2016-03-05.5855001  coadd_ba287756 1.64 -1.96 18.292     >18.292  99.990           5.14        26.51   0.012        0.062       
2457453.08928  2457453.08779  2016-03-05.5892800  coadd_bc196686 1.42 -2.30 18.860     >18.860  99.990           0.97        11.42   0.003        0.037       
2457454.87051  2457454.86919  2016-03-07.3705085  coadd_bg052430 1.55 -2.57 18.095     >18.095  99.990          39.64        18.05   0.162        0.074       
2457455.11244  2457455.11115  2016-03-07.6124422  coadd_ba288599 2.26 -1.96 17.591     >17.591  99.990          74.35        50.55   0.173        0.118       
2457455.82009  2457455.81886  2016-03-08.3200916  coadd_bg052559 1.63 -2.57 18.286     >18.286  99.990         -25.48        15.14   -0.104       0.062       
2457455.87770  2457455.87649  2016-03-08.3777069  coadd_be192025 1.48 -2.24 18.101     >18.101  99.990          58.74        24.26   0.178        0.074       
2457456.85303  2457456.85190  2016-03-09.3530297  coadd_be192226 1.40 -2.24 18.091     >18.091  99.990         -61.41        24.48   -0.186       0.074       
2457457.81435  2457457.81330  2016-03-10.3143495  coadd_bg053153 1.56 -2.57 17.975     >17.975  99.990          46.95        20.15   0.192        0.083       
2457459.12859  2457459.12767  2016-03-11.6285943  coadd_bc198782 1.42 -2.30 17.936      16.899  0.140          208.59        26.75   0.668        0.086       
2457463.05777  2457463.05722  2016-03-15.5577664  coadd_ba291217 1.71 -1.96 18.391     >18.391  99.990          39.79        24.22   0.093        0.056       
2457465.11471  2457465.11437  2016-03-17.6147107  coadd_bc200839 1.49 -2.30 18.328     >18.328  99.990          15.03        18.64   0.048        0.060       
2457467.10009  2457467.09994  2016-03-19.6000888  coadd_bc201622 1.47 -2.30 17.887      17.858  0.355           86.22        27.97   0.276        0.090       
2457468.05113  2457468.05107  2016-03-20.5511290  coadd_bc201933 1.47 -2.30 17.752      17.373  0.257          134.81        31.67   0.431        0.101       
2457468.05870  2457468.05863  2016-03-20.5587028  coadd_ba293013 2.00 -1.96 17.891     >17.891  99.990        -154.69        38.37   -0.360       0.089       
2457468.88051  2457468.88054  2016-03-21.3805167  coadd_bg056883 1.51 -2.57 17.964     >17.964  99.990         -39.17        20.36   -0.160       0.083       
2457468.89658  2457468.89659  2016-03-21.3965864  coadd_be196327 1.50 -2.24 17.587     >17.587  99.990         -29.51        38.95   -0.089       0.118       
2457470.04399  2457470.04413  2016-03-22.5439968  coadd_bc202420 1.58 -2.30 17.650     >17.650  99.990          60.66        34.80   0.194        0.111       
2457475.88636  2457475.88707  2016-03-28.3863662  coadd_bg058735 1.38 -2.57 17.818     >17.818  99.990           9.79        23.31   0.040        0.095       
2457480.86477  2457480.86591  2016-04-02.3647657  coadd_be199939 1.41 -2.24 17.506     >17.506  99.990         -71.27        41.96   -0.216       0.127       
2457480.87428  2457480.87546  2016-04-02.3742858  coadd_bg060505 1.51 -2.57 18.218     >18.218  99.990         -11.05        16.12   -0.045       0.066       
2457481.86557  2457481.86680  2016-04-03.3655718  coadd_be200336 1.40 -2.24 17.972     >17.972  99.990         -69.74        27.32   -0.211       0.083       
2457482.82312  2457482.82448  2016-04-04.3231175  coadd_bg060951 1.53 -2.57 17.123     >17.123  99.990         102.18        44.20   0.418        0.181       
2457485.81866  2457485.82030  2016-04-07.3186576  coadd_bg061522 1.51 -2.57 17.562     >17.562  99.990         -46.81        29.49   -0.192       0.121       
2457486.85141  2457486.85315  2016-04-08.3514137  coadd_bg061927 1.55 -2.57 18.052     >18.052  99.990         -22.89        18.78   -0.094       0.077       
2457490.99964  2457491.00176  2016-04-12.4996447  coadd_bc207843 1.49 -2.30 18.382     >18.382  99.990          25.51        17.73   0.082        0.057       
2457491.97732  2457491.97947  2016-04-13.4773209  coadd_ba299783 2.16 -1.96 17.722     >17.722  99.990         -49.47        44.84   -0.115       0.104       
2457492.08332  2457492.08553  2016-04-13.5833217  coadd_bc208237 1.65 -2.30 18.557     >18.557  99.990         -20.82        15.09   -0.067       0.048       
2457492.98912  2457492.99136  2016-04-14.4891270  coadd_ba300090 1.64 -1.96 18.105     >18.105  99.990         -56.45        31.50   -0.131       0.073       
2457494.02729  2457494.02962  2016-04-15.5272923  coadd_ba300502 1.78 -1.96 18.280     >18.280  99.990          19.30        26.81   0.045        0.062       
2457494.97423  2457494.97670  2016-04-16.4742348  coadd_bc209265 1.43 -2.30 17.770     >17.770  99.990          23.20        31.17   0.074        0.100       
2457495.96684  2457495.96934  2016-04-17.4668453  coadd_ba301155 2.11 -1.96 17.627     >17.627  99.990        -101.77        48.91   -0.237       0.114       
2457496.08040  2457496.08297  2016-04-17.5804024  coadd_bc209663 1.56 -2.30 18.506      18.455  0.348           49.74        15.81   0.159        0.051       
2457498.11638  2457498.11905  2016-04-19.6163785  coadd_ba301428 1.74 -1.96 18.667     >18.667  99.990          13.34        18.78   0.031        0.044       
2457498.95630  2457498.95905  2016-04-20.4563071  coadd_ba301685 1.71 -1.96 17.338     >17.338  99.990         -51.50        63.87   -0.120       0.149       
2457499.96046  2457499.96335  2016-04-21.4604591  coadd_bc210487 1.51 -2.30 17.308      17.298  0.362          144.40        47.70   0.462        0.153       
2457513.97259  2457513.97647  2016-05-05.4725898  coadd_ba306857 1.68 -1.96 18.195     >18.195  99.990         -15.52        29.00   -0.036       0.067       
2457513.99889  2457514.00286  2016-05-05.4988943  coadd_bc215297 1.46 -2.30 18.263     >18.263  99.990         -23.37        19.79   -0.075       0.063       
2457523.97989  2457523.98449  2016-05-15.4798924  coadd_bc216991 1.42 -2.30 18.180     >18.180  99.990         -51.03        21.35   -0.163       0.068       
2457523.98367  2457523.98818  2016-05-15.4836766  coadd_ba308574 1.69 -1.96 18.182     >18.182  99.990          48.35        29.34   0.112        0.068       
2457528.87053  2457528.87529  2016-05-20.3705288  coadd_ba309744 1.83 -1.96 17.160     >17.160  99.990         185.85        75.23   0.432        0.175       
2457528.88209  2457528.88695  2016-05-20.3820942  coadd_bc218173 1.54 -2.30 17.288     >17.288  99.990        -113.07        48.58   -0.362       0.155       
2457534.81056  2457534.81560  2016-05-26.3105675  coadd_be203818 1.51 -2.24 17.594      17.361  0.295          143.89        38.71   0.436        0.117       
2457534.83443  2457534.83957  2016-05-26.3344318  coadd_bg064384 1.38 -2.57 16.644     >16.644  99.990         -83.79        68.66   -0.343       0.281       
2457536.87535  2457536.88058  2016-05-28.3753554  coadd_bg064730 1.44 -2.57 17.023     >17.023  99.990          88.75        48.45   0.363        0.198       
2457537.93923  2457537.94438  2016-05-29.4392290  coadd_ba311985 1.58 -1.96 18.188     >18.188  99.990           8.88        29.17   0.021        0.068       
2457538.03416  2457538.03943  2016-05-29.5341665  coadd_bc220478 1.39 -2.30 17.965     >17.965  99.990         -54.75        26.04   -0.175       0.083       
2457541.92909  2457541.93449  2016-06-02.4290901  coadd_bc221331 1.39 -2.30 18.496     >18.496  99.990          11.96        15.97   0.038        0.051       
2457543.94895  2457543.95430  2016-06-04.4489554  coadd_ba313620 1.61 -1.96 18.334     >18.334  99.990         -37.18        25.51   -0.086       0.059       
2457550.58225  2457550.58786  2016-06-11.0822523  coadd_bg067057 2.31 -2.57 17.553     >17.553  99.990          35.39        29.73   0.145        0.122       
2457550.60289  2457550.60839  2016-06-11.1028951  coadd_be206520 2.20 -2.24 17.702     >17.702  99.990           2.78        35.04   0.008        0.106       
2457554.64672  2457554.65239  2016-06-15.1467230  coadd_bg067640 1.44 -2.57 17.598     >17.598  99.990          -3.96        28.53   -0.016       0.117       
2457557.72641  2457557.73200  2016-06-18.2264172  coadd_be208055 1.54 -2.24 17.399     >17.399  99.990         -70.69        46.30   -0.214       0.140       
2457562.74663  2457562.75223  2016-06-23.2466309  coadd_be210263 1.77 -2.24 15.786     >15.786  99.990         328.42       204.46   0.995        0.620       
2457565.99138  2457565.99697  2016-06-26.4913824  coadd_ba319047 1.72 -1.96 18.057     >18.057  99.990          -0.36        32.92   -0.001       0.077       
2457567.75801  2457567.76358  2016-06-28.2580094  coadd_be211379 1.66 -2.24 18.030     >18.030  99.990          42.49        25.89   0.129        0.078       
2457567.89575  2457567.90143  2016-06-28.3957556  coadd_bc228007 1.40 -2.30 18.531     >18.531  99.990         -28.87        15.47   -0.092       0.049       
2457569.74809  2457569.75364  2016-06-30.2480936  coadd_be212239 1.66 -2.24 17.635     >17.635  99.990         -14.44        37.27   -0.044       0.113       
2457573.67215  2457573.67764  2016-07-04.1721546  coadd_be212662 1.70 -2.24 18.106     >18.106  99.990          15.74        24.15   0.048        0.073       
2457575.65071  2457575.65626  2016-07-06.1507100  coadd_bg073558 1.65 -2.57 18.100     >18.100  99.990          20.37        17.96   0.083        0.074       
2457578.84098  2457578.84645  2016-07-09.3409831  coadd_bc230760 1.42 -2.30 18.336     >18.336  99.990         -34.03        18.51   -0.109       0.059       
2457578.95341  2457578.95878  2016-07-09.4534086  coadd_ba322458 1.72 -1.96 18.463     >18.463  99.990         -30.15        22.66   -0.070       0.053       
2457583.79130  2457583.79662  2016-07-14.2913050  coadd_bc231932 1.45 -2.30 17.368     >17.368  99.990         -28.65        45.12   -0.092       0.144       
2457590.71299  2457590.71794  2016-07-21.2129902  coadd_be216302 1.60 -2.24 15.346     >15.346  99.990         625.20       306.86   1.895        0.930       
2457591.63614  2457591.64114  2016-07-22.1361414  coadd_bg077205 1.59 -2.57 17.599     >17.599  99.990          23.98        28.50   0.098        0.117       
2457591.68569  2457591.69060  2016-07-22.1856898  coadd_be216696 1.46 -2.24 17.263     >17.263  99.990          41.69        52.47   0.126        0.159       
2457595.68703  2457595.69183  2016-07-26.1870332  coadd_bg078151 1.45 -2.57 18.107      18.051  0.346           56.41        17.85   0.231        0.073       
2457595.69093  2457595.69565  2016-07-26.1909329  coadd_be217619 1.85 -2.24 17.976     >17.976  99.990          -8.56        27.22   -0.026       0.082       
2457597.81747  2457597.82208  2016-07-28.3174706  coadd_ba326402 1.71 -1.96 18.538     >18.538  99.990          21.57        21.13   0.050        0.049       
2457597.84057  2457597.84526  2016-07-28.3405745  coadd_bc234810 1.61 -2.30 18.671     >18.671  99.990           4.99        13.59   0.016        0.043       
2457600.85908  2457600.86360  2016-07-31.3590871  coadd_bc235650 1.46 -2.30 18.374     >18.374  99.990         -60.36        17.87   -0.193       0.057       
2457600.88199  2457600.88642  2016-07-31.3819868  coadd_ba327279 1.67 -1.96 18.475     >18.475  99.990         -38.30        22.41   -0.089       0.052       
2457602.80841  2457602.81274  2016-08-02.3084138  coadd_ba327831 1.65 -1.96 18.524     >18.524  99.990         -47.87        21.41   -0.111       0.050       
2457602.85406  2457602.85845  2016-08-02.3540607  coadd_bc236256 1.41 -2.30 18.474     >18.474  99.990          11.20        16.29   0.036        0.052       
2457604.85376  2457604.85803  2016-08-04.3537570  coadd_bc236981 1.66 -2.30 18.532     >18.532  99.990         -36.29        15.45   -0.116       0.049       
2457605.57450  2457605.57866  2016-08-05.0745063  coadd_be221248 1.50 -2.24 18.057     >18.057  99.990          27.82        25.25   0.084        0.077       
2457606.84547  2457606.84962  2016-08-06.3454754  coadd_bc237500 2.07 -2.30 18.280     >18.280  99.990          40.07        19.48   0.128        0.062       
2457607.87123  2457607.87524  2016-08-07.3712351  coadd_ba329496 1.61 -1.96 18.548     >18.548  99.990         -37.10        20.94   -0.086       0.049       
2457608.84188  2457608.84589  2016-08-08.3418814  coadd_bc238172 1.49 -2.30 18.521     >18.521  99.990           3.95        15.60   0.013        0.050       
2457609.85243  2457609.85630  2016-08-09.3524333  coadd_ba330175 1.72 -1.96 18.103     >18.103  99.990          58.79        31.57   0.137        0.073       
2457611.59913  2457611.60294  2016-08-11.0991288  coadd_bg084226 1.52 -2.57 17.281     >17.281  99.990         -50.38        38.21   -0.206       0.156       
2457612.64360  2457612.64728  2016-08-12.1436048  coadd_be224090 1.71 -2.24 17.699     >17.699  99.990         -12.68        35.11   -0.038       0.106       
2457616.63865  2457616.64204  2016-08-16.1386502  coadd_be225335 1.52 -2.24 17.359     >17.359  99.990          45.90        48.04   0.139        0.146       
2457616.79935  2457616.80278  2016-08-16.2993549  coadd_bc240491 1.45 -2.30 17.578     >17.578  99.990         -87.77        37.20   -0.281       0.119       
2457618.79666  2457618.79993  2016-08-18.2966609  coadd_bc241153 1.63 -2.30 17.303     >17.303  99.990           3.44        47.92   0.011        0.153       
2457618.84250  2457618.84572  2016-08-18.3424981  coadd_ba332821 1.70 -1.96 17.191     >17.191  99.990        -280.47        73.13   -0.652       0.170       
2457619.50093  2457619.50415  2016-08-19.0009325  coadd_bg087006 1.48 -2.57 17.630     >17.630  99.990           8.54        27.70   0.035        0.113       
2457619.53226  2457619.53543  2016-08-19.0322668  coadd_be226498 1.44 -2.24 17.332     >17.332  99.990          42.18        49.23   0.128        0.149       
2457621.57184  2457621.57484  2016-08-21.0718392  coadd_be227333 1.39 -2.24 17.642     >17.642  99.990         -50.82        37.03   -0.154       0.112       
2457623.54619  2457623.54904  2016-08-23.0461946  coadd_be228137 2.20 -2.24 18.261     >18.261  99.990         -57.80        20.93   -0.175       0.063       
2457625.79816  2457625.80086  2016-08-25.2981594  coadd_bc242562 1.76 -2.30 18.704     >18.704  99.990         -13.33        13.18   -0.043       0.042       
2457626.78798  2457626.79059  2016-08-26.2879775  coadd_bc242806 1.64 -2.30 18.592     >18.592  99.990         -20.16        14.62   -0.064       0.047       
2457627.77750  2457627.78000  2016-08-27.2775004  coadd_ba334806 1.69 -1.96 18.543     >18.543  99.990          -8.26        21.04   -0.019       0.049       
2457630.77747  2457630.77974  2016-08-30.2774685  coadd_bc243716 1.36 -2.30 18.322     >18.322  99.990         -66.91        18.74   -0.214       0.060       
2457631.80959  2457631.81174  2016-08-31.3095896  coadd_ba335726 2.11 -1.96 18.439     >18.439  99.990          14.72        23.17   0.034        0.054       
2457635.54451  2457635.54633  2016-09-04.0445086  coadd_be232084 1.46 -2.24 17.815     >17.815  99.990        -114.85        31.56   -0.348       0.096       
2457636.58830  2457636.59004  2016-09-05.0882997  coadd_bg092933 1.61 -2.57 18.194     >18.194  99.990          17.42        16.48   0.071        0.067       
2457638.74644  2457638.74799  2016-09-07.2464394  coadd_bc245055 1.47 -2.30 18.225     >18.225  99.990          -6.50        20.49   -0.021       0.066       
2457638.78492  2457638.78645  2016-09-07.2849215  coadd_ba336739 1.70 -1.96 18.293     >18.293  99.990         -92.02        26.50   -0.214       0.062       
2457644.58802  2457644.58902  2016-09-13.0880226  coadd_bg095905 1.57 -2.57 16.764     >16.764  99.990         135.25        61.50   0.554        0.252       
2457644.59590  2457644.59689  2016-09-13.0958982  coadd_be235394 1.70 -2.24 16.065     >16.065  99.990         -56.28       158.26   -0.171       0.480       
2457647.76483  2457647.76553  2016-09-16.2648388  coadd_bc246502 1.78 -2.30 17.448     >17.448  99.990          32.10        41.91   0.103        0.134       
2457649.52339  2457649.52391  2016-09-18.0233875  coadd_bg097517 1.59 -2.57 17.498     >17.498  99.990          32.71        31.28   0.134        0.128       
2457650.74526  2457650.74568  2016-09-19.2452645  coadd_ba338512 1.71 -1.96 18.286     >18.286  99.990         -28.81        26.67   -0.067       0.062       
2457652.58200  2457652.58224  2016-09-21.0820021  coadd_bg098634 1.54 -2.57 18.447     >18.447  99.990          28.61        13.05   0.117        0.053       
2457653.48969  2457653.48985  2016-09-21.9896899  coadd_be238428 1.88 -2.24 17.665     >17.665  99.990          30.83        36.24   0.093        0.110       
2457655.52146  2457655.52141  2016-09-24.0214562  coadd_bg099731 1.39 -2.57 18.138     >18.138  99.990         -35.43        17.35   -0.145       0.071       
2457657.54631  2457657.54607  2016-09-26.0463074  coadd_bg100510 1.47 -2.57 18.325     >18.325  99.990           3.44        14.61   0.014        0.060       
2457657.72512  2457657.72488  2016-09-26.2251214  coadd_ba340415 1.71 -1.96 18.364      18.068  0.278           97.84        24.81   0.227        0.058       
2457660.53559  2457660.53506  2016-09-29.0355890  coadd_bg101638 1.39 -2.57 18.088     >18.088  99.990          41.85        18.17   0.171        0.074       
2457660.71947  2457660.71895  2016-09-29.2194671  coadd_ba341161 1.67 -1.96 18.223     >18.223  99.990         -39.20        28.27   -0.091       0.066       
2457663.52896  2457663.52815  2016-10-02.0289611  coadd_bg102761 1.41 -2.57 18.088     >18.088  99.990         -27.10        18.17   -0.111       0.074       
2457663.53283  2457663.53204  2016-10-02.0328275  coadd_be242247 1.66 -2.24 17.948     >17.948  99.990          39.41        27.92   0.119        0.085       
2457671.50834  2457671.50682  2016-10-10.0083415  coadd_be244868 1.44 -2.24 17.467     >17.467  99.990         -13.49        43.50   -0.041       0.132       
2457671.52000  2457671.51843  2016-10-10.0200020  coadd_bg105393 1.40 -2.57 17.728     >17.728  99.990         -37.48        25.32   -0.154       0.104       
2457676.49683  2457676.49486  2016-10-14.9968313  coadd_be245946 1.55 -2.24 17.285     >17.285  99.990         -84.51        51.44   -0.256       0.156       
2457676.50072  2457676.49870  2016-10-15.0007240  coadd_bg106465 1.55 -2.57 17.492     >17.492  99.990           8.37        31.45   0.034        0.129       
2457781.17015  2457781.16581  2017-01-27.6701525  coadd_ba376157 1.70 -1.96 17.092     >17.092  99.990         -43.31        80.07   -0.101       0.186       
2457782.17441  2457782.17005  2017-01-28.6744111  coadd_bc284868 1.62 -2.30 16.685     >16.685  99.990         -45.17        84.62   -0.145       0.271       
2457784.17128  2457784.16704  2017-01-30.6712787  coadd_bc285658 1.68 -2.30 17.211     >17.211  99.990          76.31        52.13   0.244        0.167       
2457788.17666  2457788.17275  2017-02-03.6766637  coadd_ba378836 2.06 -1.96 15.992     >15.992  99.990         157.76       220.51   0.367        0.513       
2457789.16758  2457789.16373  2017-02-04.6675803  coadd_ba379239 1.71 -1.96 16.797     >16.797  99.990         -34.11       105.10   -0.079       0.244       
2457790.16116  2457790.15738  2017-02-05.6611655  coadd_ba379652 1.67 -1.96 17.771     >17.771  99.990          10.35        42.87   0.024        0.100       
2457790.17615  2457790.17231  2017-02-05.6761487  coadd_bc287939 1.88 -2.30 16.359     >16.359  99.990          74.38       114.31   0.238        0.366       
2457793.15825  2457793.15463  2017-02-08.6582559  coadd_bc288331 1.86 -2.30 17.912     >17.912  99.990           0.32        27.35   0.001        0.088       
2457795.15121  2457795.14778  2017-02-10.6512061  coadd_ba380882 1.73 -1.96 16.549      16.066  0.234          618.31       132.08   1.438        0.307       
2457795.16290  2457795.15942  2017-02-10.6628976  coadd_bc289166 1.50 -2.30 17.593     >17.593  99.990          73.45        36.69   0.235        0.117       
2457797.14797  2457797.14470  2017-02-12.6479732  coadd_ba381127 1.80 -1.96 17.359     >17.359  99.990         171.16        62.60   0.398        0.146       
2457797.88436  2457797.88109  2017-02-13.3843579  coadd_bg138927 1.43 -2.57 17.362     >17.362  99.990          66.73        35.44   0.273        0.145       
2457800.13840  2457800.13536  2017-02-15.6384053  coadd_ba382271 1.78 -1.96 17.713     >17.713  99.990          78.97        45.21   0.184        0.105       
2457800.14886  2457800.14577  2017-02-15.6488561  coadd_bc290554 1.74 -2.30 17.896     >17.896  99.990         -52.73        27.75   -0.169       0.089       
2457802.88089  2457802.87803  2017-02-18.3808923  coadd_bg140664 1.53 -2.57 17.565     >17.565  99.990         -41.76        29.42   -0.171       0.120       
2457808.14895  2457808.14657  2017-02-23.6489480  coadd_ba385146 1.69 -1.96 18.157     >18.157  99.990          22.26        30.02   0.052        0.070       
2457809.11748  2457809.11515  2017-02-24.6174857  coadd_bc293745 1.73 -2.30 18.185     >18.185  99.990          52.95        21.26   0.169        0.068       
2457813.84283  2457813.84092  2017-03-01.3428288  coadd_bg143366 1.51 -2.57 17.871     >17.871  99.990         -51.31        22.19   -0.210       0.091       
2457813.86403  2457813.86215  2017-03-01.3640288  coadd_be283231 1.55 -2.24 17.964     >17.964  99.990         -55.60        27.51   -0.169       0.083       
2457819.87296  2457819.87162  2017-03-07.3729640  coadd_bg144608 1.52 -2.57 17.483      17.182  0.277          125.54        31.72   0.514        0.130       
2457823.10076  2457823.09973  2017-03-10.6007607  coadd_ba387742 1.63 -1.96 17.505     >17.505  99.990          90.66        54.72   0.211        0.127       
2457823.10460  2457823.10356  2017-03-10.6046025  coadd_bc296019 1.38 -2.30 17.507     >17.507  99.990         -65.27        39.72   -0.209       0.127       
2457825.80832  2457825.80754  2017-03-13.3083175  coadd_bg146626 1.51 -2.57 17.219     >17.219  99.990        -132.67        40.44   -0.543       0.166       
2457825.82831  2457825.82754  2017-03-13.3283145  coadd_be286500 1.42 -2.24 17.158     >17.158  99.990         -15.62        57.83   -0.047       0.175       
2457828.12197  2457828.12141  2017-03-15.6219754  coadd_bc297654 1.44 -2.30 17.661     >17.661  99.990          82.18        34.46   0.263        0.110       
2457828.12985  2457828.12929  2017-03-15.6298472  coadd_ba389386 1.66 -1.96 17.753     >17.753  99.990         -33.02        43.58   -0.077       0.101       
2457835.13523  2457835.13533  2017-03-22.6352275  coadd_ba392010 1.76 -1.96 18.398     >18.398  99.990          36.44        24.04   0.085        0.056       
2457836.13149  2457836.13171  2017-03-23.6314909  coadd_bc300651 1.43 -2.30 17.951     >17.951  99.990          39.77        26.39   0.127        0.084       
2457836.87419  2457836.87448  2017-03-24.3741917  coadd_bg150737 1.48 -2.57 18.148     >18.148  99.990          -6.54        17.20   -0.027       0.070       
2457837.85167  2457837.85203  2017-03-25.3516684  coadd_be290985 1.61 -2.24 17.958     >17.958  99.990          34.18        27.66   0.104        0.084       
2457838.78328  2457838.78376  2017-03-26.2832870  coadd_bg151968 1.55 -2.57 18.044     >18.044  99.990          47.68        18.91   0.195        0.077       
2457839.77289  2457839.77346  2017-03-27.2728918  coadd_bg152112 1.41 -2.57 18.024     >18.024  99.990           2.36        19.28   0.010        0.079       
2457839.85749  2457839.85805  2017-03-27.3574956  coadd_be291724 1.43 -2.24 18.072     >18.072  99.990          19.24        24.92   0.058        0.076       
2457843.76701  2457843.76796  2017-03-31.2670104  coadd_bg152700 1.41 -2.57 17.916     >17.916  99.990         -19.90        21.28   -0.082       0.087       
2457844.85260  2457844.85362  2017-04-01.3526038  coadd_be292707 1.69 -2.24 17.968     >17.968  99.990         -22.86        27.40   -0.069       0.083       
2457846.05046  2457846.05163  2017-04-02.5504640  coadd_bc303729 1.72 -2.30 18.461     >18.461  99.990          11.46        16.48   0.037        0.053       
2457848.03542  2457848.03674  2017-04-04.5354258  coadd_ba396145 1.75 -1.96 18.351     >18.351  99.990           6.87        25.12   0.016        0.058       
2457849.00560  2457849.00705  2017-04-05.5055987  coadd_bc304757 1.59 -2.30 17.719     >17.719  99.990          43.70        32.65   0.140        0.104       
2457850.00189  2457850.00339  2017-04-06.5018946  coadd_ba396867 1.81 -1.96 17.494     >17.494  99.990          -1.80        55.30   -0.004       0.129       
2457850.12461  2457850.12616  2017-04-06.6246115  coadd_bc305223 1.63 -2.30 18.358     >18.358  99.990         -39.69        18.13   -0.127       0.058       
2457851.00228  2457851.00391  2017-04-07.5022775  coadd_bc305491 1.52 -2.30 17.762     >17.762  99.990           5.31        31.40   0.017        0.100       
2457851.11561  2457851.11721  2017-04-07.6156059  coadd_ba397316 1.78 -1.96 18.310      17.855  0.240          118.99        26.07   0.277        0.061       
2457854.98497  2457854.98692  2017-04-11.4849695  coadd_ba398611 1.72 -1.96 16.615     >16.615  99.990          17.77       124.31   0.041        0.289       
2457854.99035  2457854.99235  2017-04-11.4903516  coadd_bc306877 1.55 -2.30 16.362     >16.362  99.990         163.39       113.94   0.523        0.365       
2457855.72690  2457855.72897  2017-04-12.2269064  coadd_bg157191 1.43 -2.57 17.112     >17.112  99.990          51.19        44.64   0.210        0.183       
2457856.05292  2457856.05497  2017-04-12.5529223  coadd_ba398962 2.02 -1.96 17.484     >17.484  99.990         102.29        55.80   0.238        0.130       
2457857.77520  2457857.77745  2017-04-14.2752026  coadd_bg157999 1.64 -2.57 16.085     >16.085  99.990        -239.69       114.92   -0.982       0.471       
2457863.06256  2457863.06521  2017-04-19.5625663  coadd_ba400131 1.69 -1.96 18.012     >18.012  99.990        -176.11        34.32   -0.410       0.080       
2457863.11642  2457863.11914  2017-04-19.6164182  coadd_bc308424 1.61 -2.30 18.032     >18.032  99.990          47.04        24.48   0.151        0.078       
2457865.83311  2457865.83599  2017-04-22.3331144  coadd_be299461 1.50 -2.24 17.792     >17.792  99.990          34.40        32.25   0.104        0.098       
2457865.84460  2457865.84755  2017-04-22.3446032  coadd_bg159896 1.45 -2.57 18.124     >18.124  99.990          -8.69        17.57   -0.036       0.072       
2457868.82293  2457868.82612  2017-04-25.3229349  coadd_bg160899 1.38 -2.57 17.295     >17.295  99.990        -144.49        37.71   -0.592       0.154       
2457869.83850  2457869.84170  2017-04-26.3385085  coadd_be300908 1.46 -2.24 17.688     >17.688  99.990         -48.60        35.48   -0.147       0.108       
2457869.85298  2457869.85625  2017-04-26.3529859  coadd_bg161343 1.52 -2.57 18.111     >18.111  99.990          28.20        17.79   0.116        0.073       
2457871.72280  2457871.72622  2017-04-28.2228084  coadd_bg162092 1.42 -2.57 18.005     >18.005  99.990          33.28        19.62   0.136        0.080       
2457871.82935  2457871.83270  2017-04-28.3293543  coadd_be301750 1.74 -2.24 17.817     >17.817  99.990          17.10        31.51   0.052        0.096       
2457872.77163  2457872.77513  2017-04-29.2716364  coadd_bg162551 1.41 -2.57 17.998     >17.998  99.990          -5.70        19.73   -0.023       0.081       
2457874.81605  2457874.81962  2017-05-01.3160516  coadd_be303010 1.44 -2.24 17.984     >17.984  99.990          27.90        27.02   0.085        0.082       
2457876.67541  2457876.67920  2017-05-03.1754100  coadd_bg164008 1.41 -2.57 17.824     >17.824  99.990          58.50        23.16   0.240        0.095       
2457877.80290  2457877.80677  2017-05-04.3029074  coadd_bg164530 1.42 -2.57 18.107     >18.107  99.990          16.19        17.85   0.066        0.073       
2457878.91940  2457878.92326  2017-05-05.4194042  coadd_ba403227 1.72 -1.96 17.740     >17.740  99.990          18.12        44.08   0.042        0.103       
2457880.92019  2457880.92427  2017-05-07.4201912  coadd_bc312188 1.77 -2.30 17.648     >17.648  99.990         -47.00        34.85   -0.150       0.112       
2457883.90649  2457883.91068  2017-05-10.4064938  coadd_ba404805 1.89 -1.96 16.790     >16.790  99.990           9.57       105.74   0.022        0.246       
2457884.91086  2457884.91520  2017-05-11.4108583  coadd_bc313328 1.50 -2.30 17.122     >17.122  99.990         -95.22        56.61   -0.305       0.181       
2457890.06146  2457890.06611  2017-05-16.5614627  coadd_bc314287 1.52 -2.30 17.714     >17.714  99.990        -128.43        32.82   -0.411       0.105       
2457890.06533  2457890.06989  2017-05-16.5653357  coadd_ba406051 1.75 -1.96 17.542     >17.542  99.990          50.94        52.92   0.118        0.123       
2457893.03469  2457893.03940  2017-05-19.5346886  coadd_ba407038 1.67 -1.96 18.257     >18.257  99.990         -30.05        27.40   -0.070       0.064       
2457893.04541  2457893.05022  2017-05-19.5454115  coadd_bc315285 1.50 -2.30 18.383     >18.383  99.990          19.64        17.72   0.063        0.057       
2457894.71275  2457894.71754  2017-05-21.2127511  coadd_be308603 1.39 -2.24 17.800     >17.800  99.990         -34.54        32.00   -0.105       0.097       
2457894.97823  2457894.98314  2017-05-21.4782370  coadd_bc315937 1.50 -2.30 18.010     >18.010  99.990          20.93        24.97   0.067        0.080       
2457896.99141  2457896.99641  2017-05-23.4914096  coadd_bc316626 1.83 -2.30 18.242     >18.242  99.990          11.23        20.18   0.036        0.065       
2457898.95356  2457898.95855  2017-05-25.4535626  coadd_ba408931 1.65 -1.96 18.225     >18.225  99.990          14.48        28.21   0.034        0.066       
2457899.95379  2457899.95893  2017-05-26.4537958  coadd_bc317505 1.39 -2.30 18.279     >18.279  99.990          25.04        19.50   0.080        0.062       
2457902.97073  2457902.97588  2017-05-29.4707303  coadd_ba410074 1.63 -1.96 17.227     >17.227  99.990         -44.55        70.74   -0.104       0.164       
2457904.85892  2457904.86424  2017-05-31.358925  coadd_bc318738 1.41 -2.30 16.920     >16.920  99.990         -82.28        68.19   -0.263       0.218       
2457906.84208  2457906.84735  2017-06-02.3420765  coadd_ba411067 1.70 -1.96 17.317     >17.317  99.990         -41.81        65.09   -0.097       0.151       
2457906.84990  2457906.85529  2017-06-02.3499043  coadd_bc319292 1.42 -2.30 17.128     >17.128  99.990          32.32        56.28   0.103        0.180       
2457907.85808  2457907.86350  2017-06-03.3580854  coadd_bc319611 1.53 -2.30 17.787     >17.787  99.990          39.62        30.68   0.127        0.098       
2457907.86579  2457907.87110  2017-06-03.3657876  coadd_ba411400 1.81 -1.96 17.832     >17.832  99.990           7.06        40.49   0.016        0.094       
2457908.78635  2457908.79180  2017-06-04.2863523  coadd_bg173185 1.42 -2.57 17.942     >17.942  99.990          20.16        20.79   0.083        0.085       
2457909.00921  2457909.01456  2017-06-04.5092158  coadd_ba411832 2.04 -1.96 18.017     >18.017  99.990          69.68        34.15   0.162        0.079       
2457917.70318  2457917.70871  2017-06-13.2031782  coadd_be316202 1.43 -2.24 17.409     >17.409  99.990          35.84        45.89   0.109        0.139       
2457917.72547  2457917.73111  2017-06-13.2254728  coadd_bg176609 1.47 -2.57 17.835     >17.835  99.990          29.60        22.94   0.121        0.094       
2457923.93336  2457923.93906  2017-06-19.4333630  coadd_bc323130 1.47 -2.30 16.597     >16.597  99.990          -2.35        91.81   -0.008       0.294       
2457924.92834  2457924.93405  2017-06-20.4283502  coadd_bc323346 2.00 -2.30 17.677     >17.677  99.990         -16.60        33.95   -0.053       0.109       
2457924.93359  2457924.93919  2017-06-20.4335944  coadd_ba415133 2.04 -1.96 18.400     >18.400  99.990         -11.63        24.01   -0.027       0.056       
2457925.97543  2457925.98114  2017-06-21.4754298  coadd_bc323690 1.58 -2.30 18.358     >18.358  99.990          18.17        18.13   0.058        0.058       
2457927.94551  2457927.95111  2017-06-23.4455230  coadd_ba416093 1.64 -1.96 18.394     >18.394  99.990          46.87        24.13   0.109        0.056       
2457929.96868  2457929.97438  2017-06-25.4686774  coadd_bc324925 1.44 -2.30 18.398     >18.398  99.990          -3.63        17.47   -0.012       0.056       
2457931.80134  2457931.80693  2017-06-27.3013560  coadd_ba417217 2.18 -1.96 18.210     >18.210  99.990          -5.84        28.60   -0.014       0.067       
2457931.83992  2457931.84560  2017-06-27.3399173  coadd_bc325463 1.89 -2.30 18.115     >18.115  99.990         -58.37        22.69   -0.187       0.073       
2457934.92518  2457934.93083  2017-06-30.4251760  coadd_bc326163 1.99 -2.30 18.131     >18.131  99.990         -71.89        22.35   -0.230       0.072       
2457936.83029  2457936.83582  2017-07-02.3302927  coadd_ba418304 2.47 -1.96 17.282     >17.282  99.990          60.48        67.22   0.141        0.156       
2457937.79360  2457937.79911  2017-07-03.2936054  coadd_be323053 1.52 -2.24 17.321     >17.321  99.990          63.14        49.74   0.191        0.151       
2457937.94237  2457937.94798  2017-07-03.4423697  coadd_bc326814 1.44 -2.30 18.019     >18.019  99.990          26.07        24.77   0.083        0.079       
2457938.52310  2457938.52860  2017-07-04.0231159  coadd_be323294 1.50 -2.24 17.370     >17.370  99.990         -55.47        47.54   -0.168       0.144       
2457939.50799  2457939.51357  2017-07-05.0079964  coadd_bg184189 1.74 -2.57 17.424     >17.424  99.990          36.38        33.49   0.149        0.137       
2457944.91889  2457944.92424  2017-07-10.4188995  coadd_ba420818 1.67 -1.96 17.277     >17.277  99.990         -20.58        67.55   -0.048       0.157       
2457944.92271  2457944.92816  2017-07-10.4227181  coadd_bc329035 1.47 -2.30 17.585     >17.585  99.990         -19.59        36.94   -0.063       0.118       
2457946.93775  2457946.94305  2017-07-12.4377546  coadd_ba421415 1.62 -1.96 17.765     >17.765  99.990         -80.91        43.08   -0.188       0.100       
2457947.62998  2457947.63525  2017-07-13.1299944  coadd_be326569 1.61 -2.24 17.089     >17.089  99.990         134.70        61.62   0.408        0.187       
2457948.90849  2457948.91381  2017-07-14.4084895  coadd_bc329970 1.47 -2.30 17.864     >17.864  99.990         -24.94        28.57   -0.080       0.091       
2457949.60745  2457949.61265  2017-07-15.1074576  coadd_be327392 1.59 -2.24 17.171     >17.171  99.990          56.91        57.14   0.172        0.173       
2457949.78810  2457949.79339  2017-07-15.2881046  coadd_bc330217 1.39 -2.30 18.240     >18.240  99.990           8.66        20.22   0.028        0.065       
2457950.76038  2457950.76563  2017-07-16.2603789  coadd_bc330539 1.44 -2.30 18.102     >18.102  99.990          36.81        22.95   0.118        0.073       
2457952.69955  2457952.70464  2017-07-18.1995539  coadd_be328385 1.70 -2.24 17.926     >17.926  99.990          44.72        28.49   0.136        0.086       
2457953.89864  2457953.90377  2017-07-19.3986384  coadd_bc330946 1.47 -2.30 18.307     >18.307  99.990         -13.76        19.01   -0.044       0.061       
2457955.45904  2457955.46402  2017-07-20.9590482  coadd_be329418 2.16 -2.24 16.249     >16.249  99.990         -81.59       133.59   -0.247       0.405       
2457957.64018  2457957.64514  2017-07-23.1401842  coadd_bg190867 1.47 -2.57 18.086     >18.086  99.990          15.56        18.19   0.064        0.075       
2457959.91633  2457959.92110  2017-07-25.4163392  coadd_ba423590 1.67 -1.96 18.381     >18.381  99.990          27.18        24.43   0.063        0.057       
2457960.87802  2457960.88283  2017-07-26.3780237  coadd_bc332122 1.53 -2.30 18.653     >18.653  99.990         -33.48        13.82   -0.107       0.044       
2457964.67365  2457964.67825  2017-07-30.1736559  coadd_bg193845 1.44 -2.57 18.113     >18.113  99.990          26.54        17.76   0.109        0.073       
2457964.80034  2457964.80486  2017-07-30.3003445  coadd_ba424672 2.04 -1.96 18.085     >18.085  99.990         -36.64        32.10   -0.085       0.075       
2457971.83470  2457971.83879  2017-08-06.3347033  coadd_ba426458 1.70 -1.96 17.043     >17.043  99.990         133.29        83.76   0.310        0.195       
2457971.83851  2457971.84267  2017-08-06.3385168  coadd_bc334675 1.47 -2.30 17.249     >17.249  99.990         -31.55        50.34   -0.101       0.161       
2457973.49999  2457973.50404  2017-08-07.9999909  coadd_bg197362 1.45 -2.57 17.297     >17.297  99.990          46.07        37.63   0.189        0.154       
2457974.86885  2457974.87275  2017-08-09.3688565  coadd_ba427552 1.66 -1.96 17.491     >17.491  99.990         163.65        55.47   0.381        0.129       
2457975.83760  2457975.84148  2017-08-10.3376097  coadd_bc336193 1.39 -2.30 17.873     >17.873  99.990          48.01        28.34   0.154        0.091       
2457977.84102  2457977.84471  2017-08-12.3410265  coadd_ba428439 1.77 -1.96 18.029     >18.029  99.990           0.76        33.77   0.002        0.079       
2457978.80795  2457978.81163  2017-08-13.3079560  coadd_bc336983 1.42 -2.30 18.416     >18.416  99.990          26.26        17.19   0.084        0.055       
2457980.85318  2457980.85665  2017-08-15.3531900  coadd_ba429517 1.65 -1.96 18.230      18.074  0.316           97.23        28.07   0.226        0.065       
2457981.82008  2457981.82353  2017-08-16.3200932  coadd_bc338061 1.41 -2.30 18.269     >18.269  99.990          -9.57        19.68   -0.031       0.063       
2457983.84034  2457983.84358  2017-08-18.3403528  coadd_ba430573 1.64 -1.96 18.298     >18.298  99.990         -75.99        26.36   -0.177       0.061       
2457984.81064  2457984.81386  2017-08-19.3106527  coadd_bc339120 1.41 -2.30 18.279     >18.279  99.990         -25.03        19.49   -0.080       0.062       
2457985.81052  2457985.81360  2017-08-20.3105181  coadd_ba431109 1.73 -1.96 18.389     >18.389  99.990           4.87        24.26   0.011        0.056       
2457989.79207  2457989.79488  2017-08-24.2920699  coadd_bc339992 1.44 -2.30 18.318     >18.318  99.990         -42.75        18.82   -0.137       0.060       
2457989.82288  2457989.82565  2017-08-24.3228842  coadd_ba431806 1.65 -1.96 18.232     >18.232  99.990          47.32        28.04   0.110        0.065       
2457992.77666  2457992.77918  2017-08-27.2766635  coadd_ba432705 1.65 -1.96 18.369     >18.369  99.990         -63.44        24.71   -0.148       0.057       
2457992.78056  2457992.78311  2017-08-27.2805619  coadd_bc340918 1.31 -2.30 18.045     >18.045  99.990          71.53        24.19   0.229        0.077       
2457998.75661  2457998.75862  2017-09-02.2566224  coadd_ba434316 1.93 -1.96 17.631     >17.631  99.990          42.73        48.73   0.099        0.113       
2458000.75820  2458000.76004  2017-09-04.2581991  coadd_bc343171 1.51 -2.30 17.076     >17.076  99.990          39.06        59.05   0.125        0.189       
2458001.75136  2458001.75311  2017-09-05.2513592  coadd_bc343278 1.55 -2.30 17.638     >17.638  99.990          15.06        35.19   0.048        0.113       
2458001.78422  2458001.78595  2017-09-05.2842245  coadd_ba435099 1.68 -1.96 17.290     >17.290  99.990         -10.43        66.75   -0.024       0.155       
2458002.75119  2458002.75286  2017-09-06.2511940  coadd_bc343597 1.63 -2.30 17.540     >17.540  99.990         -55.55        38.53   -0.178       0.123       
2458003.74819  2458003.74976  2017-09-07.2481925  coadd_bc343916 1.70 -2.30 17.860     >17.860  99.990        -125.62        28.67   -0.402       0.092       
2458008.53015  2458008.53128  2017-09-12.0301627  coadd_bg205566 1.50 -2.57 18.084     >18.084  99.990         -19.52        18.23   -0.080       0.075       
2458008.77881  2458008.77991  2017-09-12.2788145  coadd_ba436542 1.65 -1.96 18.461     >18.461  99.990          17.22        22.68   0.040        0.053       
2458011.72658  2458011.72740  2017-09-15.2265873  coadd_bc345566 1.58 -2.30 17.938     >17.938  99.990         -10.42        26.70   -0.033       0.085       
2458011.76285  2458011.76367  2017-09-15.2628538  coadd_ba437392 1.70 -1.96 18.176     >18.176  99.990          -5.38        29.51   -0.012       0.069       
2458013.53902  2458013.53967  2017-09-17.0390218  coadd_bg207139 1.80 -2.57 18.075     >18.075  99.990          -0.99        18.39   -0.004       0.075       
2458016.75698  2458016.75733  2017-09-20.2569857  coadd_ba439012 1.65 -1.96 18.242     >18.242  99.990         -51.34        27.78   -0.119       0.065       
2458017.71331  2458017.71356  2017-09-21.2133158  coadd_bc347280 1.55 -2.30 17.759     >17.759  99.990         -30.01        31.48   -0.096       0.101       
2458018.55867  2458018.55884  2017-09-22.0586767  coadd_bg208896 1.41 -2.57 18.119     >18.119  99.990         -34.21        17.65   -0.140       0.072       
2458018.73587  2458018.73604  2017-09-22.2358756  coadd_ba439441 1.65 -1.96 18.190     >18.190  99.990          -6.15        29.12   -0.014       0.068       
2458020.73513  2458020.73510  2017-09-24.2351369  coadd_ba440187 1.66 -1.96 18.045     >18.045  99.990         -54.13        33.28   -0.126       0.077       
2458021.56411  2458021.56399  2017-09-25.0641125  coadd_bg209847 1.42 -2.57 18.143     >18.143  99.990          10.36        17.27   0.042        0.071       
2458026.53689  2458026.53629  2017-09-30.0368989  coadd_bg211304 1.50 -2.57 16.231     >16.231  99.990          58.02       100.49   0.238        0.412       
2458026.71516  2458026.71457  2017-09-30.2151607  coadd_ba442172 1.73 -1.96 17.800     >17.800  99.990         -27.34        41.71   -0.064       0.097       
2458028.53831  2458028.53752  2017-10-02.0383173  coadd_bg211681 2.09 -2.57 17.430     >17.430  99.990          -7.66        33.31   -0.031       0.136       
2458032.52631  2458032.52518  2017-10-06.0263115  coadd_be352451 1.45 -2.24 17.009     >17.009  99.990           4.14        66.30   0.013        0.201       
2458033.52673  2458033.52547  2017-10-07.0267344  coadd_bg213457 1.45 -2.57 17.695     >17.695  99.990          -8.83        26.08   -0.036       0.107       
2458034.50393  2458034.50262  2017-10-08.0039342  coadd_be353158 1.61 -2.24 17.204     >17.204  99.990        -126.05        55.40   -0.382       0.168       
2458035.51986  2458035.51841  2017-10-09.0198672  coadd_bg214159 1.41 -2.57 17.797     >17.797  99.990           2.66        23.75   0.011        0.097       
2458038.53548  2458038.53376  2017-10-12.0354839  coadd_bg215245 1.53 -2.57 18.017     >18.017  99.990          34.35        19.39   0.141        0.079       
2458039.50928  2458039.50751  2017-10-13.0092760  coadd_be354964 2.49 -2.24 17.441     >17.441  99.990          84.36        44.57   0.256        0.135       
2458041.49215  2458041.49021  2017-10-14.9921575  coadd_be355684 1.53 -2.24 17.400     >17.400  99.990          17.25        46.28   0.052        0.140       
2458041.49867  2458041.49668  2017-10-14.9986791  coadd_bg216317 1.72 -2.57 17.799     >17.799  99.990          42.21        23.70   0.173        0.097       
2458042.50351  2458042.50147  2017-10-16.0035114  coadd_be356058 1.49 -2.24 17.481     >17.481  99.990         -50.31        42.93   -0.153       0.130       
2458163.14436  2458163.14114  2018-02-13.6443587  coadd_ba474791 1.64 -1.96 18.123     >18.123  99.990          24.44        30.99   0.057        0.072       
2458164.15629  2458164.15310  2018-02-14.6562898  coadd_bc380986 2.09 -2.30 17.795     >17.795  99.990         -23.34        30.45   -0.075       0.097       
2458174.87097  2458174.86872  2018-02-25.3709768  coadd_be389880 1.48 -2.24 17.363     >17.363  99.990        -106.51        47.86   -0.323       0.145       
2458177.10657  2458177.10449  2018-02-27.6065791  coadd_bc381833 1.77 -2.30 17.595     >17.595  99.990           5.11        36.60   0.016        0.117       
2458179.84072  2458179.83889  2018-03-02.3407231  coadd_bg251957 1.50 -2.57 16.864     >16.864  99.990          -2.98        56.09   -0.012       0.230       
2458179.85932  2458179.85750  2018-03-02.3593178  coadd_be391641 1.48 -2.24 16.583     >16.583  99.990         -27.51        98.14   -0.083       0.297       
2458181.83525  2458181.83360  2018-03-04.3352519  coadd_bg252691 1.35 -2.57 17.278     >17.278  99.990          67.22        38.32   0.275        0.157       
2458181.85362  2458181.85199  2018-03-04.3536230  coadd_be392376 1.39 -2.24 16.866     >16.866  99.990        -157.72        75.65   -0.478       0.229       
2458182.84217  2458182.84061  2018-03-05.3421724  coadd_bg253068 1.39 -2.57 17.206     >17.206  99.990          34.03        40.94   0.139        0.168       
2458183.86361  2458183.86216  2018-03-06.3636128  coadd_be393128 1.41 -2.24 17.327     >17.327  99.990          47.25        49.46   0.143        0.150       
2458185.07864  2458185.07730  2018-03-07.5786457  coadd_ba477021 1.56 -1.96 17.480     >17.480  99.990         -37.82        56.04   -0.088       0.130       
2458185.08635  2458185.08500  2018-03-07.5863568  coadd_bc383110 1.45 -2.30 17.835     >17.835  99.990        -103.19        29.34   -0.330       0.094       
2458190.90619  2458190.90539  2018-03-13.4061901  coadd_be395400 1.37 -2.24 17.361     >17.361  99.990          21.67        47.95   0.066        0.145       
2458193.87732  2458193.87681  2018-03-16.3773253  coadd_bg256862 1.45 -2.57 17.861     >17.861  99.990         -20.82        22.39   -0.085       0.092       
2458193.88117  2458193.88066  2018-03-16.3811739  coadd_be396551 1.36 -2.24 17.567     >17.567  99.990          70.70        39.65   0.214        0.120       
2458195.05604  2458195.05564  2018-03-17.5560560  coadd_ba478911 1.55 -1.96 18.146     >18.146  99.990         -54.42        30.34   -0.127       0.071       
2458195.05987  2458195.05948  2018-03-17.5598802  coadd_bc384995 1.36 -2.30 18.196     >18.196  99.990          29.53        21.04   0.095        0.067       
2458198.06984  2458198.06972  2018-03-20.5698400  coadd_ba479571 1.66 -1.96 18.021     >18.021  99.990          87.38        34.03   0.203        0.079       
2458198.07368  2458198.07357  2018-03-20.5736781  coadd_bc385655 1.43 -2.30 17.671     >17.671  99.990          -0.44        34.13   -0.001       0.109       
2458203.81175  2458203.81220  2018-03-26.3117513  coadd_bg260559 1.33 -2.57 17.891     >17.891  99.990         -17.07        21.77   -0.070       0.089       
2458203.81958  2458203.82001  2018-03-26.3195864  coadd_be400265 1.39 -2.24 17.605     >17.605  99.990          33.29        38.31   0.101        0.116       
2458205.84785  2458205.84851  2018-03-28.3478579  coadd_bg261198 1.53 -2.57 17.934     >17.934  99.990          41.59        20.93   0.170        0.086       
2458206.86269  2458206.86340  2018-03-29.3626912  coadd_be401220 1.39 -2.24 17.563     >17.563  99.990         -73.14        39.80   -0.222       0.121       
2458206.87047  2458206.87122  2018-03-29.3704769  coadd_bg261525 1.51 -2.57 18.215     >18.215  99.990         -13.76        16.16   -0.056       0.066       
2458207.02936  2458207.03009  2018-03-29.5293608  coadd_ba480225 2.36 -1.96 17.335     >17.335  99.990          -0.84        64.02   -0.002       0.149       
2458207.03321  2458207.03397  2018-03-29.5332097  coadd_bc386290 1.74 -2.30 17.511     >17.511  99.990         -18.34        39.55   -0.059       0.127       
2458207.86175  2458207.86259  2018-03-30.3617534  coadd_bg261916 1.37 -2.57 17.516     >17.516  99.990         -98.10        30.77   -0.402       0.126       
2458207.91254  2458207.91335  2018-03-30.4125393  coadd_be401656 1.42 -2.24 17.393     >17.393  99.990          87.12        46.57   0.264        0.141       
2458208.03078  2458208.03164  2018-03-30.5307806  coadd_bc386581 1.50 -2.30 17.507     >17.507  99.990         -13.04        39.69   -0.042       0.127       
2458208.11418  2458208.11502  2018-03-30.6141828  coadd_ba480583 2.21 -1.96 17.401     >17.401  99.990          72.53        60.25   0.169        0.140       
2458208.86104  2458208.86198  2018-03-31.3610478  coadd_bg262320 1.48 -2.57 17.352     >17.352  99.990         -93.34        35.79   -0.382       0.147       
2458210.01496  2458210.01597  2018-04-01.5149609  coadd_ba481072 1.99 -1.96 16.905     >16.905  99.990         183.05        95.12   0.426        0.221       
2458210.02273  2458210.02378  2018-04-01.5227305  coadd_bc387140 1.43 -2.30 17.410     >17.410  99.990         -83.06        43.40   -0.266       0.139       
2458212.75482  2458212.75613  2018-04-04.2548254  coadd_bg263877 1.52 -2.57 17.232     >17.232  99.990          53.61        39.97   0.220        0.164       
2458218.99561  2458218.99744  2018-04-10.4956076  coadd_ba481555 1.68 -1.96 17.088     >17.088  99.990          69.12        80.40   0.161        0.187       
2458218.99815  2458219.00004  2018-04-10.4981599  coadd_bc387619 1.31 -2.30 18.213     >18.213  99.990          11.42        20.73   0.037        0.066       
2458221.13100  2458221.13303  2018-04-12.6310009  coadd_ba482006 1.75 -1.96 17.961     >17.961  99.990        -128.16        35.98   -0.298       0.084       
2458222.10709  2458222.10920  2018-04-13.6070947  coadd_ba482335 2.04 -1.96 18.346      17.913  0.245          112.86        25.22   0.262        0.059       
2458225.09607  2458225.09844  2018-04-16.5960721  coadd_ba482682 1.65 -1.96 17.849      17.371  0.235          185.90        39.89   0.432        0.093       
2458230.80633  2458230.80918  2018-04-22.3063347  coadd_be410386 1.64 -2.24 17.766     >17.766  99.990          57.97        33.04   0.176        0.100       
2458231.95822  2458231.96117  2018-04-23.4582254  coadd_ba484672 1.62 -1.96 17.237     >17.237  99.990        -154.13        70.08   -0.358       0.163       
2458231.96411  2458231.96713  2018-04-23.4641143  coadd_bc390726 1.33 -2.30 17.985     >17.985  99.990         -65.67        25.56   -0.210       0.082       
2458233.79457  2458233.79773  2018-04-25.2945674  coadd_bg271843 1.38 -2.57 17.773     >17.773  99.990         -22.95        24.28   -0.094       0.099       
2458233.96074  2458233.96392  2018-04-25.4607413  coadd_bc391430 1.53 -2.30 17.814     >17.814  99.990          63.56        29.92   0.203        0.096       
2458234.04413  2458234.04724  2018-04-25.5441359  coadd_ba485446 1.76 -1.96 18.158     >18.158  99.990          28.77        30.00   0.067        0.070       
2458234.96111  2458234.96437  2018-04-26.4611125  coadd_bc391610 1.57 -2.30 18.267     >18.267  99.990          -6.84        19.71   -0.022       0.063       
2458235.07924  2458235.08243  2018-04-26.5792418  coadd_ba485629 1.68 -1.96 17.765     >17.765  99.990         -16.87        43.09   -0.039       0.100       
2458236.68954  2458236.69294  2018-04-28.1895417  coadd_bg272706 1.42 -2.57 16.790     >16.790  99.990         -46.99        60.03   -0.192       0.246       
2458238.76755  2458238.77102  2018-04-30.2675533  coadd_be413357 1.45 -2.24 16.806     >16.806  99.990        -169.84        79.91   -0.515       0.242       
2458238.87701  2458238.88057  2018-04-30.3770166  coadd_bg273704 1.51 -2.57 16.830     >16.830  99.990          89.65        57.86   0.367        0.237       
2458244.92467  2458244.92867  2018-05-06.4246760  coadd_bg275759 1.42 -2.57 17.307      17.256  0.348          117.26        37.30   0.480        0.153       
2458245.88892  2458245.89298  2018-05-07.3889201  coadd_bg276123 1.74 -2.57 17.514     >17.514  99.990          12.90        30.83   0.053        0.126       
2458245.90591  2458245.90989  2018-05-07.4059104  coadd_be415874 1.53 -2.24 16.557     >16.557  99.990        -264.93       100.52   -0.803       0.305       
2458252.12522  2458252.12959  2018-05-13.6252195  coadd_ba488140 2.06 -1.96 16.599     >16.599  99.990          50.32       126.10   0.117        0.293       
2458252.99627  2458253.00069  2018-05-14.4962741  coadd_ba488395 2.12 -1.96 17.883     >17.883  99.990          53.15        38.63   0.124        0.090       
2458257.06085  2458257.06560  2018-05-18.5608569  coadd_bc395206 1.39 -2.30 18.366     >18.366  99.990          15.46        18.00   0.049        0.058       
2458260.01914  2458260.02393  2018-05-21.5191357  coadd_ba490073 1.63 -1.96 18.275     >18.275  99.990          27.02        26.93   0.063        0.063       
2458261.02338  2458261.02832  2018-05-22.5233820  coadd_bc396477 1.37 -2.30 16.972     >16.972  99.990         -69.78        64.96   -0.223       0.208       
2458277.98767  2458277.99311  2018-06-08.4876736  coadd_ba493891 1.78 -1.96 18.334     >18.334  99.990         -16.48        25.50   -0.038       0.059       
2458282.97703  2458282.98267  2018-06-13.4770351  coadd_bc401227 1.41 -2.30 18.231     >18.231  99.990          -8.50        20.38   -0.027       0.065       
2458283.90360  2458283.90914  2018-06-14.4036027  coadd_ba495458 1.67 -1.96 18.302     >18.302  99.990         -33.90        26.27   -0.079       0.061       
2458285.01067  2458285.01623  2018-06-15.5106737  coadd_ba495860 1.57 -1.96 18.295     >18.295  99.990          16.87        26.45   0.039        0.062       
2458287.86181  2458287.86751  2018-06-18.3618148  coadd_bc402629 1.72 -2.30 18.374     >18.374  99.990          28.04        17.87   0.090        0.057       
2458287.90645  2458287.91203  2018-06-18.4064518  coadd_ba496625 1.74 -1.96 18.298     >18.298  99.990          66.87        26.38   0.155        0.061       
2458290.88723  2458290.89283  2018-06-21.3872459  coadd_ba497069 1.67 -1.96 17.881      17.463  0.248          170.73        38.72   0.397        0.090       
2458292.81541  2458292.82101  2018-06-23.3154204  coadd_ba497665 2.25 -1.96 17.422     >17.422  99.990         -45.82        59.12   -0.107       0.137       
2458298.98400  2458298.98956  2018-06-29.4839996  coadd_ba499412 1.71 -1.96 17.162     >17.162  99.990          12.23        75.07   0.028        0.175       
2458302.82829  2458302.83391  2018-07-03.3282961  coadd_bc406121 1.38 -2.30 18.408      17.839  0.216           87.72        17.32   0.281        0.055       
2458305.97254  2458305.97799  2018-07-06.4725407  coadd_ba500747 1.67 -1.96 17.998     >17.998  99.990          37.96        34.76   0.088        0.081       
2458306.61352  2458306.61895  2018-07-07.1135187  coadd_be419319 1.51 -2.24 18.476     >18.476  99.990         -21.53        17.17   -0.065       0.052       
2458308.88515  2458308.89063  2018-07-09.3851524  coadd_bc407303 1.40 -2.30 18.463     >18.463  99.990          -2.86        16.46   -0.009       0.053       
2458308.89297  2458308.89836  2018-07-09.3929754  coadd_ba501316 1.58 -1.96 18.175     >18.175  99.990           2.70        29.53   0.006        0.069       
2458310.49078  2458310.49612  2018-07-10.9907811  coadd_be420575 1.63 -2.24 18.180     >18.180  99.990          -6.79        22.55   -0.021       0.068       
2458310.91716  2458310.92259  2018-07-11.4171673  coadd_bc408049 1.43 -2.30 18.405     >18.405  99.990          -3.96        17.36   -0.013       0.056       
2458312.91912  2458312.92449  2018-07-13.4191230  coadd_bc408704 1.36 -2.30 18.455     >18.455  99.990         -22.21        16.57   -0.071       0.053       
2458313.97350  2458313.97873  2018-07-14.4735037  coadd_ba502983 1.77 -1.96 17.269     >17.269  99.990          92.30        68.05   0.215        0.158       
2458315.90426  2458315.90952  2018-07-16.4042636  coadd_bc409267 1.41 -2.30 18.323     >18.323  99.990          10.11        18.72   0.032        0.060       
2458316.48213  2458316.48727  2018-07-16.9821302  coadd_be422992 1.43 -2.24 17.789     >17.789  99.990         -80.66        32.34   -0.244       0.098       
2458316.92795  2458316.93308  2018-07-17.4279502  coadd_ba503644 2.32 -1.96 18.247     >18.247  99.990         -25.19        27.64   -0.059       0.064       
2458318.83480  2458318.83994  2018-07-19.3348038  coadd_bc410005 1.39 -2.30 17.884     >17.884  99.990          38.99        28.05   0.125        0.090       
2458320.87725  2458320.88222  2018-07-21.3772543  coadd_ba504649 1.58 -1.96 17.415     >17.415  99.990         -11.27        59.45   -0.026       0.138       
2458328.83835  2458328.84301  2018-07-29.3383527  coadd_bc413317 1.46 -2.30 17.879     >17.879  99.990          11.83        28.19   0.038        0.090       
2458329.90242  2458329.90694  2018-07-30.4024269  coadd_ba507618 1.67 -1.96 16.490     >16.490  99.990        -281.17       139.48   -0.654       0.324       
2458332.53698  2458332.54143  2018-08-02.0369835  coadd_bg288938 1.45 -2.57 17.842     >17.842  99.990          33.81        22.78   0.138        0.093       
2458332.89712  2458332.90147  2018-08-02.3971239  coadd_ba508482 1.77 -1.96 17.657     >17.657  99.990         -65.11        47.58   -0.151       0.111       
2458335.84933  2458335.85356  2018-08-05.3493259  coadd_bc415183 1.39 -2.30 18.260     >18.260  99.990         -24.29        19.84   -0.078       0.063       
2458336.70540  2458336.70959  2018-08-06.2054023  coadd_bg290756 1.46 -2.57 17.415     >17.415  99.990          15.47        33.78   0.063        0.138       
2458337.83702  2458337.84113  2018-08-07.3370179  coadd_bc415876 2.00 -2.30 18.557     >18.557  99.990          29.61        15.10   0.095        0.048       
2458337.86808  2458337.87212  2018-08-07.3680872  coadd_ba509911 2.42 -1.96 18.348     >18.348  99.990         -59.80        25.18   -0.139       0.059       
2458338.82454  2458338.82852  2018-08-08.3245452  coadd_ba510202 1.71 -1.96 18.359     >18.359  99.990           6.50        24.93   0.015        0.058       
2458341.69938  2458341.70316  2018-08-11.1993862  coadd_be432429 1.41 -2.24 18.144     >18.144  99.990         -30.87        23.30   -0.094       0.071       
2458342.78383  2458342.78760  2018-08-12.2838321  coadd_bc416897 1.34 -2.30 18.524     >18.524  99.990           6.80        15.55   0.022        0.050       
2458347.80654  2458347.80988  2018-08-17.3065460  coadd_ba512145 1.61 -1.96 18.091     >18.091  99.990         -55.97        31.90   -0.130       0.074       
2458347.81427  2458347.81766  2018-08-17.3142711  coadd_bc418136 1.39 -2.30 18.176     >18.176  99.990          -6.14        21.44   -0.020       0.069       
2458362.63453  2458362.63665  2018-09-01.1345333  coadd_be439464 1.57 -2.24 18.242     >18.242  99.990         -30.95        21.31   -0.094       0.065       
2458366.62230  2458366.62408  2018-09-05.1223040  coadd_be441073 1.38 -2.24 18.252     >18.252  99.990          -5.91        21.11   -0.018       0.064       
2458366.75534  2458366.75712  2018-09-05.2553446  coadd_bc421456 2.01 -2.30 18.153     >18.153  99.990          29.75        21.90   0.095        0.070       
2458368.61509  2458368.61669  2018-09-07.1150952  coadd_be441867 1.42 -2.24 18.073     >18.073  99.990         -10.39        24.89   -0.031       0.075       
2458368.75021  2458368.75180  2018-09-07.2502068  coadd_bc421998 1.58 -2.30 18.461     >18.461  99.990         -28.90        16.49   -0.092       0.053       
2458369.61150  2458369.61300  2018-09-08.1115006  coadd_be442268 1.46 -2.24 18.278     >18.278  99.990          -6.39        20.60   -0.019       0.062       
2458372.73972  2458372.74095  2018-09-11.2397210  coadd_bc423087 1.73 -2.30 18.300     >18.300  99.990         -17.67        19.13   -0.057       0.061       
2458375.77711  2458375.77804  2018-09-14.2771145  coadd_ba517546 1.72 -1.96 17.189     >17.189  99.990        -240.21        73.25   -0.559       0.170       
2458376.76040  2458376.76125  2018-09-15.2604048  coadd_ba517631 1.70 -1.96 18.091     >18.091  99.990          18.60        31.90   0.043        0.074       
2458383.56268  2458383.56287  2018-09-22.0626759  coadd_bg307514 1.40 -2.57 17.134     >17.134  99.990        -119.61        43.75   -0.490       0.179       
2458383.74019  2458383.74038  2018-09-22.2401952  coadd_ba519618 1.72 -1.96 17.436     >17.436  99.990          -6.67        58.35   -0.016       0.136       
2458386.73036  2458386.73026  2018-09-25.2303652  coadd_ba520726 1.68 -1.96 17.576     >17.576  99.990           8.00        51.28   0.019        0.119       
2458391.71149  2458391.71093  2018-09-30.2114980  coadd_ba521613 2.03 -1.96 17.826      17.769  0.346          128.83        40.71   0.300        0.095       
2458394.70583  2458394.70499  2018-10-03.2058421  coadd_ba522650 2.39 -1.96 17.726     >17.726  99.990        -169.94        44.66   -0.395       0.104       
2458415.70912  2458415.70635  2018-10-24.2091243  coadd_bc432972 1.44 -2.30 17.011     >17.011  99.990          -2.86        62.68   -0.009       0.201       
