###  JD        HJD            UT_date             IMAGE          FWHM  Diff Limit      mag   mag_err       counts     count_err  flux (mJy)    flux_err
2458223.92040  2458223.91883  2018-04-15.4204031  coadd_bs064132 1.49 -1.64 18.799     >18.799  99.990         -24.76        22.26   -0.041       0.037       
2458224.91717  2458224.91564  2018-04-16.4171706  coadd_bs064505 1.46 -1.64 18.977     >18.977  99.990         -66.83        18.90   -0.110       0.031       
2458231.92096  2458231.91970  2018-04-23.4209627  coadd_bs066071 1.50 -1.64 18.780     >18.780  99.990          21.24        22.65   0.035        0.037       
2458234.89566  2458234.89453  2018-04-26.3956675  coadd_bs066728 2.16 -1.64 18.308     >18.308  99.990         -48.37        34.98   -0.079       0.057       
2458239.91391  2458239.91299  2018-05-01.4139079  coadd_bs068071 1.48 -1.64 17.856     >17.856  99.990          46.59        53.07   0.077        0.087       
2458241.92033  2458241.91949  2018-05-03.4203281  coadd_bs068500 1.99 -1.64 17.983     >17.983  99.990         131.20        47.21   0.216        0.078       
2458244.85309  2458244.85238  2018-05-06.3530846  coadd_bs069198 1.45 -1.64 18.531     >18.531  99.990         -68.86        28.49   -0.113       0.047       
2458246.84652  2458246.84591  2018-05-08.3465228  coadd_bs069898 1.47 -1.64 18.198     >18.198  99.990          27.69        38.72   0.045        0.064       
2458247.85750  2458247.85693  2018-05-09.3575118  coadd_bs070189 1.47 -1.64 18.954     >18.954  99.990         -14.95        19.31   -0.025       0.032       
2458248.87719  2458248.87667  2018-05-10.3771916  coadd_bs070554 1.59 -1.64 18.433     >18.433  99.990         -68.79        31.20   -0.113       0.051       
2458249.84176  2458249.84128  2018-05-11.3417604  coadd_bs070864 1.62 -1.64 19.130     >19.130  99.990          20.54        16.42   0.034        0.027       
2458254.83107  2458254.83082  2018-05-16.3310714  coadd_bs072253 1.68 -1.64 18.938     >18.938  99.990          15.12        19.59   0.025        0.032       
2458257.81227  2458257.81216  2018-05-19.3122798  coadd_bs073032 2.04 -1.64 19.070     >19.070  99.990          22.14        17.34   0.036        0.028       
2458258.81277  2458258.81270  2018-05-20.3127651  coadd_bs073318 2.17 -1.64 19.221     >19.221  99.990           3.83        15.10   0.006        0.025       
2458266.87889  2458266.87918  2018-05-28.3788888  coadd_bs075234 1.50 -1.64 17.985     >17.985  99.990        -154.76        47.13   -0.254       0.077       
2458270.77439  2458270.77486  2018-06-01.2743958  coadd_bs076511 1.51 -1.64 17.784     >17.784  99.990        -171.64        56.71   -0.282       0.093       
2458271.79404  2458271.79457  2018-06-02.2940467  coadd_bs076836 1.45 -1.64 17.754     >17.754  99.990         100.36        58.32   0.165        0.096       
2458276.79233  2458276.79307  2018-06-07.2923289  coadd_bs077692 1.64 -1.64 18.856     >18.856  99.990          -9.79        21.13   -0.016       0.035       
2458281.74127  2458281.74223  2018-06-12.2412774  coadd_bs078309 1.47 -1.64 19.248     >19.248  99.990         -14.38        14.73   -0.024       0.024       
2458282.83812  2458282.83912  2018-06-13.3381210  coadd_bs078716 2.09 -1.64 19.113     >19.113  99.990          10.38        16.67   0.017        0.027       
2458291.75878  2458291.76016  2018-06-22.2587854  coadd_bs081098 1.62 -1.64 18.379     >18.379  99.990         -15.17        32.78   -0.025       0.054       
2458297.79677  2458297.79838  2018-06-28.2967681  coadd_bs083087 1.99 -1.64 17.823     >17.823  99.990         125.59        54.71   0.206        0.090       
2458302.85149  2458302.85328  2018-07-03.3514921  coadd_bs083839 1.67 -1.64 18.272     >18.272  99.990         -26.74        36.17   -0.044       0.059       
2458304.83661  2458304.83847  2018-07-05.3366135  coadd_bs084221 2.13 -1.64 18.440     >18.440  99.990         -40.23        31.00   -0.066       0.051       
2458311.85630  2458311.85838  2018-07-12.3563054  coadd_bs084864 1.48 -1.64 19.089     >19.089  99.990          -2.42        17.05   -0.004       0.028       
2458320.84867  2458320.85100  2018-07-21.3486769  coadd_bs086479 1.57 -1.64 19.158     >19.158  99.990         -21.89        15.99   -0.036       0.026       
2458325.79932  2458325.80176  2018-07-26.2993258  coadd_bs087977 1.53 -1.64 17.563     >17.563  99.990          94.91        69.54   0.156        0.114       
2458327.74291  2458327.74539  2018-07-28.2429158  coadd_bs088423 1.49 -1.64 17.752     >17.752  99.990         -13.73        58.41   -0.023       0.096       
2458329.66043  2458329.66294  2018-07-30.1604305  coadd_bs088772 1.53 -1.64 18.198     >18.198  99.990          76.29        38.72   0.125        0.064       
2458332.87937  2458332.88194  2018-08-02.3793700  coadd_bs089566 1.39 -1.64 17.460     >17.460  99.990        -372.50        76.41   -0.612       0.126       
2458337.81143  2458337.81407  2018-08-07.3114381  coadd_bs090895 2.24 -1.64 19.038     >19.038  99.990         -63.52        17.87   -0.104       0.029       
2458355.88624  2458355.88897  2018-08-25.3862423  coadd_bs094438 1.52 -1.64 17.662     >17.662  99.990         166.63        63.47   0.274        0.104       
2458356.85128  2458356.85401  2018-08-26.3512893  coadd_bs094744 1.58 -1.64 17.562     >17.562  99.990        -110.71        69.58   -0.182       0.114       
2458389.74205  2458389.74429  2018-09-28.2420540  coadd_bs100512 2.37 -1.64 18.137     >18.137  99.990         -28.65        40.97   -0.047       0.067       
2458390.67683  2458390.67904  2018-09-29.1768388  coadd_bs100870 1.63 -1.64 19.104     >19.104  99.990          -4.62        16.82   -0.008       0.028       
2458391.63113  2458391.63331  2018-09-30.1311282  coadd_bs101243 2.18 -1.64 19.033     >19.033  99.990          -8.21        17.95   -0.013       0.029       
2458394.68498  2458394.68707  2018-10-03.1849804  coadd_bs101868 1.44 -1.64 19.219     >19.219  99.990         -10.54        15.12   -0.017       0.025       
2458416.71949  2458416.72079  2018-10-25.2194964  coadd_bs105015 1.51 -1.64 17.890     >17.890  99.990         -27.14        51.45   -0.045       0.085       
2458419.71783  2458419.71901  2018-10-28.2178371  coadd_bs106294 1.55 -1.64 17.362     >17.362  99.990        -152.68        83.61   -0.251       0.137       
2458425.65876  2458425.65968  2018-11-03.1587652  coadd_bs108085 2.41 -1.64 18.859     >18.859  99.990         -52.87        21.06   -0.087       0.035       
2458426.65088  2458426.65176  2018-11-04.1508888  coadd_bs108504 2.05 -1.64 19.159     >19.159  99.990          18.96        15.98   0.031        0.026       
2458437.66106  2458437.66143  2018-11-15.1610663  coadd_bs111502 1.59 -1.64 18.569     >18.569  99.990          -7.09        27.51   -0.012       0.045       
2458438.61292  2458438.61325  2018-11-16.1129322  coadd_bs111915 1.52 -1.64 18.688     >18.688  99.990          26.80        24.66   0.044        0.041       
2458441.64900  2458441.64918  2018-11-19.1490065  coadd_bs113297 1.48 -1.64 18.023     >18.023  99.990        -170.62        45.50   -0.280       0.075       
2458442.63386  2458442.63400  2018-11-20.1338644  coadd_bs113738 1.50 -1.64 16.910     >16.910  99.990        -443.23       126.79   -0.728       0.208       
2458443.59304  2458443.59313  2018-11-21.0930444  coadd_bs114116 1.48 -1.64 18.090     >18.090  99.990           1.12        42.79   0.002        0.070       
2458448.63347  2458448.63333  2018-11-26.1334702  coadd_bs115438 1.53 -1.64 18.308     >18.308  99.990        -114.69        34.99   -0.188       0.057       
2458451.62851  2458451.62823  2018-11-29.1285209  coadd_bs116631 1.42 -1.64 19.081     >19.081  99.990         -29.62        17.17   -0.049       0.028       
2458454.61078  2458454.61036  2018-12-02.1107778  coadd_bs117641 1.48 -1.64 19.022     >19.022  99.990         -34.84        18.13   -0.057       0.030       
2458456.61086  2458456.61035  2018-12-04.1108697  coadd_bs118562 1.49 -1.64 19.058     >19.058  99.990          37.87        17.55   0.062        0.029       
2458463.57426  2458463.57343  2018-12-11.0742658  coadd_bs119586 1.56 -1.64 17.964     >17.964  99.990          78.41        48.03   0.129        0.079       
2458472.55860  2458472.55738  2018-12-20.0586131  coadd_bs120274 1.55 -1.64 18.154     >18.154  99.990        -113.19        40.33   -0.186       0.066       
2458473.55090  2458473.54964  2018-12-21.0509039  coadd_bs120692 1.66 -1.64 18.122     >18.122  99.990          81.55        41.54   0.134        0.068       
2458477.54124  2458477.53982  2018-12-25.0412399  coadd_bs122491 1.64 -1.64 18.329     >18.329  99.990         -92.70        34.32   -0.152       0.056       
2458480.54254  2458480.54100  2018-12-28.0425472  coadd_bs123535 2.01 -1.64 18.205      17.924  0.282          149.57        38.47   0.246        0.063       
2458551.99566  2458551.99311  2019-03-09.4956608  coadd_bs141848 2.00 -1.64 18.854     >18.854  99.990          45.81        21.16   0.075        0.035       
2458571.08180  2458571.07965  2019-03-28.5818096  coadd_bC021157 1.40 -1.62 18.609     >18.609  99.990         -41.06        26.91   -0.066       0.044       
2458572.08745  2458572.08532  2019-03-29.5874568  coadd_bC021574 1.43 -1.62 18.669     >18.669  99.990          54.92        25.48   0.089        0.041       
2458573.08572  2458573.08361  2019-03-30.5857171  coadd_bC021986 1.49 -1.62 17.966     >17.966  99.990         -23.58        48.69   -0.038       0.079       
2458577.07925  2458577.07726  2019-04-03.5792518  coadd_bC022803 1.52 -1.62 18.945     >18.945  99.990         -46.65        19.76   -0.076       0.032       
2458577.95308  2458577.95112  2019-04-04.4530883  coadd_bs148585 1.50 -1.64 19.018      18.636  0.257           77.65        18.19   0.128        0.030       
2458580.06386  2458580.06197  2019-04-06.5638601  coadd_bC024004 1.47 -1.62 18.815     >18.815  99.990           2.72        22.26   0.004        0.036       
2458581.06687  2458581.06502  2019-04-07.5668790  coadd_bC024410 1.46 -1.62 18.957     >18.957  99.990           3.11        19.53   0.005        0.032       
2458581.91980  2458581.91797  2019-04-08.4197998  coadd_bs149803 1.44 -1.64 18.869     >18.869  99.990         -22.61        20.87   -0.037       0.034       
2458582.91331  2458582.91152  2019-04-09.4133098  coadd_bs150178 1.52 -1.64 18.789     >18.789  99.990          19.61        22.48   0.032        0.037       
2458583.91927  2458583.91751  2019-04-10.4192776  coadd_bs150563 1.46 -1.64 18.260     >18.260  99.990          67.60        36.57   0.111        0.060       
2458588.05658  2458588.05497  2019-04-14.5565829  coadd_bC025952 1.48 -1.62 18.899     >18.899  99.990         -78.77        20.60   -0.128       0.033       
2458589.11924  2458589.11767  2019-04-15.6192376  coadd_bC026349 1.46 -1.62 19.272     >19.272  99.990          -5.76        14.62   -0.009       0.024       
2458591.10949  2458591.10800  2019-04-17.6094989  coadd_bC027113 1.39 -1.62 18.073     >18.073  99.990         -19.65        44.10   -0.032       0.071       
2458592.03224  2458592.03078  2019-04-18.5322351  coadd_bC027429 1.47 -1.62 17.110      16.947  0.314          373.12       107.03   0.604        0.173       
2458594.02203  2458594.02065  2019-04-20.5220341  coadd_bC028181 1.52 -1.62 17.792      17.614  0.310          201.90        57.14   0.327        0.093       
2458595.01999  2458595.01864  2019-04-21.5199870  coadd_bC028573 1.47 -1.62 17.792     >17.792  99.990          37.04        57.15   0.060        0.093       
2458597.01151  2458597.01024  2019-04-23.5115093  coadd_bC029347 1.56 -1.62 17.997     >17.997  99.990        -145.18        47.31   -0.235       0.077       
2458599.07763  2458599.07646  2019-04-25.5776343  coadd_bC030180 1.44 -1.62 18.610     >18.610  99.990         -70.24        26.89   -0.114       0.044       
2458600.86127  2458600.86017  2019-04-27.3612787  coadd_bs154334 1.45 -1.64 19.390     >19.390  99.990          15.47        12.92   0.025        0.021       
2458601.01316  2458601.01206  2019-04-27.5131611  coadd_bC030891 1.47 -1.62 18.110     >18.110  99.990          21.39        42.61   0.035        0.069       
2458601.87282  2458601.87176  2019-04-28.3728203  coadd_bs154705 1.43 -1.64 18.900     >18.900  99.990         -11.32        20.29   -0.019       0.033       
2458602.86998  2458602.86896  2019-04-29.3699812  coadd_bs155047 1.61 -1.64 18.273     >18.273  99.990          67.18        36.14   0.110        0.059       
2458604.99291  2458604.99199  2019-05-01.4929151  coadd_bC031384 1.55 -1.62 19.080     >19.080  99.990         -41.24        17.45   -0.067       0.028       
2458605.93031  2458605.92942  2019-05-02.4303119  coadd_bs156102 1.51 -1.64 18.967     >18.967  99.990         -25.28        19.07   -0.042       0.031       
2458607.84605  2458607.84525  2019-05-04.3460523  coadd_bs156492 1.48 -1.64 19.095     >19.095  99.990          25.97        16.95   0.043        0.028       
2458608.87045  2458608.86969  2019-05-05.3704526  coadd_bs156867 1.45 -1.64 18.831     >18.831  99.990           1.90        21.62   0.003        0.036       
2458611.98041  2458611.97979  2019-05-08.4804153  coadd_bC033163 1.42 -1.62 18.795     >18.795  99.990         -14.29        22.69   -0.023       0.037       
2458613.07280  2458613.07223  2019-05-09.5728053  coadd_bC033619 1.46 -1.62 19.071     >19.071  99.990         -12.14        17.59   -0.020       0.028       
2458615.09850  2458615.09802  2019-05-11.5984973  coadd_bC034415 1.41 -1.62 19.104     >19.104  99.990         -14.98        17.06   -0.024       0.028       
2458616.97857  2458616.97818  2019-05-13.4785805  coadd_bC035064 1.43 -1.62 18.515     >18.515  99.990          41.91        29.34   0.068        0.048       
2458618.81843  2458618.81812  2019-05-15.3184326  coadd_bs159116 1.54 -1.64 18.078     >18.078  99.990         -21.44        43.25   -0.035       0.071       
2458618.94659  2458618.94629  2019-05-15.4465921  coadd_bC035590 1.44 -1.62 18.084     >18.084  99.990          25.59        43.67   0.041        0.071       
2458620.95030  2458620.95009  2019-05-17.4502988  coadd_bC035955 1.46 -1.62 18.270     >18.270  99.990           9.77        36.79   0.016        0.060       
2458622.94617  2458622.94605  2019-05-19.4461706  coadd_bC036688 1.56 -1.62 17.908     >17.908  99.990          11.38        51.32   0.018        0.083       
2458623.93894  2458623.93887  2019-05-20.4389472  coadd_bC037063 1.49 -1.62 16.951     >16.951  99.990         -98.36       123.96   -0.159       0.201       
2458624.95897  2458624.95894  2019-05-21.4589754  coadd_bC037388 1.44 -1.62 17.934     >17.934  99.990         -65.36        50.13   -0.106       0.081       
2458625.81214  2458625.81215  2019-05-22.3121385  coadd_bs160719 1.46 -1.64 17.930     >17.930  99.990        -101.61        49.59   -0.167       0.081       
2458627.06005  2458627.06012  2019-05-23.5600519  coadd_bC038474 1.54 -1.62 18.632     >18.632  99.990          31.57        26.35   0.051        0.043       
2458629.06193  2458629.06209  2019-05-25.5619361  coadd_bC039221 2.35 -1.62 18.792     >18.792  99.990          33.35        22.74   0.054        0.037       
2458630.98401  2458630.98425  2019-05-27.4840094  coadd_bC039907 1.49 -1.62 19.113     >19.113  99.990         -21.60        16.92   -0.035       0.027       
2458632.96066  2458632.96100  2019-05-29.4606629  coadd_bC040633 1.45 -1.62 19.124     >19.124  99.990         -13.02        16.75   -0.021       0.027       
2458635.01272  2458635.01315  2019-05-31.5127241  coadd_bC041415 1.42 -1.62 19.115     >19.115  99.990          -2.74        16.89   -0.004       0.027       
2458636.90741  2458636.90793  2019-06-02.4074119  coadd_bC042055 1.47 -1.62 19.119     >19.119  99.990         -34.35        16.83   -0.056       0.027       
2458638.05669  2458638.05726  2019-06-03.5566916  coadd_bC042540 1.39 -1.62 19.100     >19.100  99.990          21.21        17.13   0.034        0.028       
2458641.89748  2458641.89822  2019-06-07.3974800  coadd_bC043205 1.42 -1.62 19.401      19.306  0.334           42.50        12.97   0.069        0.021       
2458643.09124  2458643.09204  2019-06-08.5912453  coadd_bC043723 1.56 -1.62 19.258     >19.258  99.990          16.14        14.80   0.026        0.024       
2458644.05356  2458644.05440  2019-06-09.5535648  coadd_bC044063 1.45 -1.62 18.917     >18.917  99.990         -22.16        20.27   -0.036       0.033       
2458645.88287  2458645.88378  2019-06-11.3828701  coadd_bC044668 1.47 -1.62 18.309     >18.309  99.990         -11.65        35.49   -0.019       0.057       
2458646.79848  2458646.79944  2019-06-12.2984855  coadd_bs164873 1.53 -1.64 18.298     >18.298  99.990         -37.43        35.33   -0.062       0.058       
2458647.73535  2458647.73634  2019-06-13.2353534  coadd_bs165148 1.50 -1.64 18.032     >18.032  99.990         -47.12        45.11   -0.077       0.074       
2458648.88435  2458648.88539  2019-06-14.3843497  coadd_bC045771 1.48 -1.62 18.240     >18.240  99.990         -48.52        37.81   -0.079       0.061       
2458649.90167  2458649.90276  2019-06-15.4016771  coadd_bs165353 1.53 -1.64 18.303     >18.303  99.990         -15.69        35.16   -0.026       0.058       
2458650.78114  2458650.78226  2019-06-16.2811427  coadd_bs165551 1.43 -1.64 17.669     >17.669  99.990         -18.84        63.03   -0.031       0.104       
2458651.72831  2458651.72947  2019-06-17.2283215  coadd_bs165829 1.47 -1.64 17.237     >17.237  99.990        -113.28        93.86   -0.186       0.154       
2458652.74825  2458652.74945  2019-06-18.2482546  coadd_bs166160 1.44 -1.64 17.437     >17.437  99.990         -34.50        78.08   -0.057       0.128       
2458653.72152  2458653.72276  2019-06-19.2215211  coadd_bs166441 1.50 -1.64 17.194     >17.194  99.990        -172.83        97.65   -0.284       0.160       
2458654.71408  2458654.71536  2019-06-20.2140804  coadd_bs166762 1.48 -1.64 18.021     >18.021  99.990         -66.02        45.61   -0.108       0.075       
2458655.70337  2458655.70470  2019-06-21.2033796  coadd_bs167079 1.58 -1.64 18.610     >18.610  99.990         -42.76        26.50   -0.070       0.044       
2458656.86200  2458656.86337  2019-06-22.3620053  coadd_bC048619 1.48 -1.62 19.116     >19.116  99.990         -10.90        16.88   -0.018       0.027       
2458657.84537  2458657.84678  2019-06-23.3453724  coadd_bs167710 1.46 -1.64 17.983     >17.983  99.990          32.85        47.23   0.054        0.078       
2458658.79316  2458658.79460  2019-06-24.2931594  coadd_bs167993 1.48 -1.64 18.799     >18.799  99.990         -13.19        22.27   -0.022       0.037       
2458666.96100  2458666.96275  2019-07-02.4610008  coadd_bC050109 1.43 -1.62 19.066     >19.066  99.990          45.40        17.67   0.074        0.029       
2458668.87343  2458668.87525  2019-07-04.3734398  coadd_bC050646 1.42 -1.62 19.133     >19.133  99.990          22.20        16.61   0.036        0.027       
2458670.05330  2458670.05516  2019-07-05.5533042  coadd_bC051092 1.46 -1.62 19.141     >19.141  99.990         -17.85        16.49   -0.029       0.027       
2458674.84564  2458674.84765  2019-07-10.3456472  coadd_bC052234 1.42 -1.62 18.572     >18.572  99.990          49.14        27.84   0.080        0.045       
2458674.86922  2458674.87123  2019-07-10.3692295  coadd_bs170436 1.54 -1.64 19.088     >19.088  99.990         -39.33        17.06   -0.065       0.028       
2458675.82361  2458675.82566  2019-07-11.3236155  coadd_bs170680 1.48 -1.64 19.245     >19.245  99.990          24.35        14.77   0.040        0.024       
2458681.93628  2458681.93850  2019-07-17.4362861  coadd_bC054290 2.33 -1.62 17.225     >17.225  99.990          94.32        96.35   0.153        0.156       
2458682.89442  2458682.89667  2019-07-18.3944232  coadd_bC054630 1.46 -1.62 17.125     >17.125  99.990          56.76       105.60   0.092        0.171       
2458686.78171  2458686.78405  2019-07-22.2817093  coadd_bs173662 1.56 -1.64 18.447     >18.447  99.990         -41.11        30.80   -0.068       0.051       
2458688.76772  2458688.77011  2019-07-24.2677299  coadd_bs173857 1.60 -1.64 18.569     >18.569  99.990        -103.48        27.51   -0.170       0.045       
2458692.67413  2458692.67659  2019-07-28.1741314  coadd_bs175038 1.51 -1.64 18.904     >18.904  99.990          51.01        20.21   0.084        0.033       
2458696.81218  2458696.81473  2019-08-01.3121883  coadd_bC058131 1.50 -1.62 19.110     >19.110  99.990          23.85        16.98   0.039        0.027       
2458699.88876  2458699.89135  2019-08-04.3887593  coadd_bC058658 1.44 -1.62 18.772     >18.772  99.990         -13.97        23.17   -0.023       0.038       
2458700.72728  2458700.72988  2019-08-05.2272898  coadd_bs176915 1.46 -1.64 19.003     >19.003  99.990         -60.90        18.45   -0.100       0.030       
2458701.78774  2458701.79035  2019-08-06.2877421  coadd_bs177312 1.45 -1.64 19.022     >19.022  99.990         -33.83        18.12   -0.056       0.030       
2458702.81585  2458702.81848  2019-08-07.3158554  coadd_bs177686 1.47 -1.64 18.263     >18.263  99.990         -69.86        36.49   -0.115       0.060       
2458703.77975  2458703.78239  2019-08-08.2797571  coadd_bC059383 1.47 -1.62 18.668     >18.668  99.990          53.40        25.50   0.086        0.041       
2458704.84998  2458704.85263  2019-08-09.3499774  coadd_bC059795 1.51 -1.62 18.945     >18.945  99.990          -1.56        19.76   -0.003       0.032       
2458705.86144  2458705.86411  2019-08-10.3614482  coadd_bs178334 1.44 -1.64 18.575     >18.575  99.990         -23.58        27.38   -0.039       0.045       
2458707.86785  2458707.87054  2019-08-12.3678633  coadd_bC060928 1.41 -1.62 18.566     >18.566  99.990         -37.76        28.02   -0.061       0.045       
2458708.90134  2458708.90404  2019-08-13.4013480  coadd_bC061339 1.43 -1.62 18.029     >18.029  99.990          62.66        45.94   0.101        0.074       
2458715.81343  2458715.81616  2019-08-20.3134421  coadd_bs180243 1.51 -1.64 16.383     >16.383  99.990        -522.71       206.09   -0.859       0.339       
2458715.83724  2458715.83996  2019-08-20.3372377  coadd_bC062449 1.42 -1.62 18.993     >18.993  99.990           7.22        18.91   0.012        0.031       
2458717.82548  2458717.82821  2019-08-22.3254854  coadd_bs180766 1.43 -1.64 17.733     >17.733  99.990        -123.09        59.46   -0.202       0.098       
2458721.89752  2458721.90025  2019-08-26.3975266  coadd_bC065456 1.53 -1.62 19.079     >19.079  99.990          -1.57        17.46   -0.003       0.028       
2458723.94213  2458723.94485  2019-08-28.4421348  coadd_bC066101 1.41 -1.62 19.225     >19.225  99.990         -43.78        15.27   -0.071       0.025       
2458724.94148  2458724.94420  2019-08-29.4414868  coadd_bC066520 1.40 -1.62 18.898     >18.898  99.990        -130.54        20.62   -0.211       0.033       
2458726.82810  2458726.83080  2019-08-31.3280990  coadd_bC067185 1.48 -1.62 18.981     >18.981  99.990          36.10        19.11   0.058        0.031       
2458727.78316  2458727.78586  2019-09-01.2831581  coadd_bs184099 1.46 -1.64 18.931     >18.931  99.990          31.57        19.71   0.052        0.032       
2458729.81115  2458729.81384  2019-09-03.3111600  coadd_bs184899 1.42 -1.64 18.890     >18.890  99.990          -3.55        20.49   -0.006       0.034       
2458730.78426  2458730.78694  2019-09-04.2842666  coadd_bs185267 1.44 -1.64 18.965     >18.965  99.990         -44.42        19.12   -0.073       0.031       
2458732.83200  2458732.83465  2019-09-06.3319972  coadd_bC068531 1.52 -1.62 18.806     >18.806  99.990         -44.08        22.45   -0.071       0.036       
2458744.86157  2458744.86404  2019-09-18.3615734  coadd_bC071963 1.57 -1.62 18.171      17.576  0.211          209.03        40.31   0.338        0.065       
2458750.76965  2458750.77199  2019-09-24.2696553  coadd_bs186601 1.50 -1.64 18.804     >18.804  99.990         -25.24        22.17   -0.041       0.036       
2458751.75385  2458751.75617  2019-09-25.2538570  coadd_bC073857 1.47 -1.62 19.055     >19.055  99.990          -3.75        17.86   -0.006       0.029       
2458752.81976  2458752.82205  2019-09-26.3197712  coadd_bC074316 1.41 -1.62 19.204     >19.204  99.990          14.24        15.57   0.023        0.025       
2458753.84903  2458753.85130  2019-09-27.3490370  coadd_bC074690 1.41 -1.62 19.027     >19.027  99.990          -7.94        18.32   -0.013       0.030       
2458754.76980  2458754.77204  2019-09-28.2698064  coadd_bs188074 1.40 -1.64 18.911     >18.911  99.990         -41.73        20.09   -0.069       0.033       
2458755.79469  2458755.79690  2019-09-29.2946868  coadd_bs188455 1.53 -1.64 18.494     >18.494  99.990           9.43        29.48   0.015        0.048       
2458757.72547  2458757.72763  2019-10-01.2254740  coadd_bs188960 1.47 -1.64 18.475     >18.475  99.990          67.77        30.01   0.111        0.049       
2458761.73986  2458761.74190  2019-10-05.2398561  coadd_bC076327 1.50 -1.62 18.916     >18.916  99.990          44.96        20.28   0.073        0.033       
2458762.73934  2458762.74135  2019-10-06.2393431  coadd_bC076720 1.48 -1.62 18.834     >18.834  99.990          33.59        21.88   0.054        0.035       
2458764.73420  2458764.73615  2019-10-08.2341995  coadd_bC077430 1.48 -1.62 18.678     >18.678  99.990          -3.29        25.26   -0.005       0.041       
2458766.74493  2458766.74681  2019-10-10.2449377  coadd_bs191272 1.49 -1.64 17.994     >17.994  99.990         -73.93        46.73   -0.121       0.077       
2458768.65203  2458768.65385  2019-10-12.1520361  coadd_bs191860 1.49 -1.64 18.112     >18.112  99.990         -37.32        41.93   -0.061       0.069       
2458769.74564  2458769.74741  2019-10-13.2456420  coadd_bs192223 1.51 -1.64 17.630     >17.630  99.990         163.83        65.35   0.269        0.107       
2458770.81285  2458770.81459  2019-10-14.3128540  coadd_bC079237 1.50 -1.62 18.138     >18.138  99.990          16.82        41.53   0.027        0.067       
2458773.80012  2458773.80175  2019-10-17.3001271  coadd_bC080306 1.47 -1.62 18.922     >18.922  99.990         -29.71        20.17   -0.048       0.033       
2458775.75953  2458775.76108  2019-10-19.2595442  coadd_bC080808 1.43 -1.62 19.144     >19.144  99.990          -7.19        16.45   -0.012       0.027       
2458777.69860  2458777.70008  2019-10-21.1986091  coadd_bs194483 1.51 -1.64 19.015     >19.015  99.990         -38.67        18.24   -0.064       0.030       
2458778.72674  2458778.72817  2019-10-22.2267399  coadd_bC081626 1.44 -1.62 18.926     >18.926  99.990          39.26        20.10   0.064        0.033       
2458782.69165  2458782.69292  2019-10-26.1916568  coadd_bs196239 1.47 -1.64 19.022     >19.022  99.990         -38.61        18.13   -0.063       0.030       
2458783.73633  2458783.73756  2019-10-27.2363269  coadd_bC083662 1.52 -1.62 19.192      18.961  0.295           58.38        15.73   0.095        0.025       
2458788.64627  2458788.64729  2019-11-01.1462702  coadd_bs198542 1.50 -1.64 19.247     >19.247  99.990         -11.10        14.74   -0.018       0.024       
2458789.69028  2458789.69125  2019-11-02.1902805  coadd_bs199018 1.50 -1.64 19.104     >19.104  99.990          -4.67        16.82   -0.008       0.028       
2458795.73663  2458795.73733  2019-11-08.2366307  coadd_bC086487 1.46 -1.62 17.895     >17.895  99.990         -73.07        51.98   -0.118       0.084       
2458800.71219  2458800.71266  2019-11-13.2121909  coadd_bC088346 1.49 -1.62 18.136     >18.136  99.990         119.65        41.63   0.194        0.067       
2458802.68819  2458802.68858  2019-11-15.1881954  coadd_bC089204 2.35 -1.62 18.271     >18.271  99.990          46.22        36.77   0.075        0.060       
2458807.69550  2458807.69565  2019-11-20.1955010  coadd_bC090264 1.39 -1.62 19.027     >19.027  99.990          10.62        18.31   0.017        0.030       
2458808.69155  2458808.69165  2019-11-21.1915498  coadd_bC090587 2.38 -1.62 18.456     >18.456  99.990           0.01        31.00   0.000        0.050       
2458813.73819  2458813.73805  2019-11-26.2381865  coadd_bC091787 1.42 -1.62 19.009     >19.009  99.990           2.39        18.62   0.004        0.030       
2458819.58441  2458819.58400  2019-12-02.0844145  coadd_bs208539 1.40 -1.64 19.283     >19.283  99.990          -0.57        14.26   -0.001       0.023       
2458820.61594  2458820.61548  2019-12-03.1159450  coadd_bs209020 1.44 -1.64 18.775     >18.775  99.990          12.14        22.77   0.020        0.037       
2458835.57961  2458835.57849  2019-12-18.0796230  coadd_bs214272 1.50 -1.64 18.503     >18.503  99.990          40.63        29.26   0.067        0.048       
2458838.55819  2458838.55694  2019-12-21.0582055  coadd_bs215563 1.54 -1.64 19.002     >19.002  99.990          25.68        18.47   0.042        0.030       
2458839.55495  2458839.55365  2019-12-22.0549466  coadd_bs216017 1.57 -1.64 18.924     >18.924  99.990           6.51        19.84   0.011        0.033       
2458841.55438  2458841.55301  2019-12-24.0543940  coadd_bs216934 2.05 -1.64 18.416     >18.416  99.990         -62.33        31.69   -0.102       0.052       
2458844.54562  2458844.54413  2019-12-27.0456313  coadd_bs218062 1.58 -1.64 18.817     >18.817  99.990           3.49        21.90   0.006        0.036       
2458845.53865  2458845.53712  2019-12-28.0386562  coadd_bs218461 1.55 -1.64 17.328     >17.328  99.990          75.36        86.34   0.124        0.142       
2458846.53908  2458846.53751  2019-12-29.0390833  coadd_bs218831 1.97 -1.64 18.039     >18.039  99.990         -35.36        44.84   -0.058       0.074       
2458906.16132  2458906.15867  2020-02-26.6613239  coadd_bC113109 1.53 -1.62 18.050     >18.050  99.990         -41.25        45.03   -0.067       0.073       
2458909.01405  2458909.01141  2020-02-29.5140555  coadd_bs236300 1.48 -1.64 18.412     >18.412  99.990          35.48        31.81   0.058        0.052       
2458914.99473  2458914.99214  2020-03-06.4947292  coadd_bs237111 1.46 -1.64 18.844     >18.844  99.990         -22.51        21.36   -0.037       0.035       
2458928.12224  2458928.11988  2020-03-19.6222454  coadd_bC115587 1.43 -1.62 18.825     >18.825  99.990         -34.25        22.05   -0.055       0.036       
2458930.96995  2458930.96765  2020-03-22.4699505  coadd_bs239550 1.49 -1.64 18.409     >18.409  99.990         -21.63        31.89   -0.036       0.052       
2458933.10382  2458933.10158  2020-03-24.6038260  coadd_bC117203 1.50 -1.62 18.522     >18.522  99.990          21.05        29.17   0.034        0.047       
2458946.07842  2458946.07655  2020-04-06.5784270  coadd_bC119531 1.59 -1.62 17.323     >17.323  99.990         -40.30        87.97   -0.065       0.142       
2458948.07125  2458948.06946  2020-04-08.57125  coadd_bC119895 1.56 -1.62 17.595     >17.595  99.990         -87.90        68.51   -0.142       0.111       
2458951.06394  2458951.06225  2020-04-11.5639432  coadd_bC120458 1.43 -1.62 18.044     >18.044  99.990         -30.30        45.29   -0.049       0.073       
2458955.89238  2458955.89087  2020-04-16.3923774  coadd_bs241123 1.49 -1.64 18.968     >18.968  99.990         -17.39        19.05   -0.029       0.031       
2458957.89875  2458957.89731  2020-04-18.3987541  coadd_bs241619 2.13 -1.64 18.650     >18.650  99.990         -95.94        25.53   -0.158       0.042       
2458960.02132  2458960.01997  2020-04-20.5213184  coadd_bC122718 1.47 -1.62 19.127     >19.127  99.990          -4.45        16.71   -0.007       0.027       
2458965.02027  2458965.01912  2020-04-25.5202678  coadd_bC124472 1.66 -1.62 18.802     >18.802  99.990          -2.15        22.54   -0.003       0.036       
2458966.89220  2458966.89113  2020-04-27.3921982  coadd_bs244413 1.49 -1.64 18.712     >18.712  99.990         -59.36        24.12   -0.098       0.040       
2458968.85338  2458968.85239  2020-04-29.3533762  coadd_bs245084 1.46 -1.64 18.859     >18.859  99.990          39.35        21.07   0.065        0.035       
2458972.03265  2458972.03180  2020-05-02.5326543  coadd_bC127039 1.47 -1.62 19.071     >19.071  99.990         -18.90        17.59   -0.031       0.028       
2458974.83942  2458974.83870  2020-05-05.3394211  coadd_bs245761 1.56 -1.64 17.754     >17.754  99.990          18.84        58.30   0.031        0.096       
2458975.90545  2458975.90477  2020-05-06.4054467  coadd_bs246155 1.47 -1.64 17.888     >17.888  99.990         -53.84        51.51   -0.088       0.085       
2458978.83615  2458978.83560  2020-05-09.3361491  coadd_bs246984 2.06 -1.64 17.091     >17.091  99.990        -280.59       107.38   -0.461       0.176       
2458979.82434  2458979.82384  2020-05-10.3243409  coadd_bs247296 1.49 -1.64 17.811     >17.811  99.990         -47.63        55.34   -0.078       0.091       
2458980.83668  2458980.83622  2020-05-11.3366843  coadd_bs247523 1.45 -1.64 18.080      18.052  0.356          132.89        43.19   0.218        0.071       
2458985.95105  2458985.95082  2020-05-16.4510508  coadd_bC129792 1.46 -1.62 18.932     >18.932  99.990         -31.97        19.99   -0.052       0.032       
2458988.01977  2458988.01964  2020-05-18.5197810  coadd_bC130549 1.45 -1.62 19.189     >19.189  99.990          -6.53        15.78   -0.011       0.026       
2458990.81910  2458990.81910  2020-05-21.3191018  coadd_bs249613 1.63 -1.64 18.993     >18.993  99.990          22.10        18.62   0.036        0.031       
2458991.86138  2458991.86142  2020-05-22.3613754  coadd_bs249940 1.50 -1.64 19.158     >19.158  99.990           6.39        16.00   0.011        0.026       
2458993.81520  2458993.81533  2020-05-24.3152084  coadd_bs250371 1.43 -1.64 18.993     >18.993  99.990          22.53        18.62   0.037        0.031       
2458994.82107  2458994.82125  2020-05-25.3210677  coadd_bs250689 1.50 -1.64 18.927     >18.927  99.990         -54.13        19.80   -0.089       0.033       
2458996.78425  2458996.78452  2020-05-27.2842457  coadd_bs251145 1.52 -1.64 18.718     >18.718  99.990         -67.82        23.99   -0.111       0.039       
2458998.79179  2458998.79216  2020-05-29.2917936  coadd_bs251703 1.49 -1.64 19.153     >19.153  99.990         -49.81        16.08   -0.082       0.026       
2459002.01529  2459002.01580  2020-06-01.5152894  coadd_bC134595 1.50 -1.62 18.696     >18.696  99.990         -28.62        24.86   -0.046       0.040       
2459003.75795  2459003.75853  2020-06-03.2579533  coadd_bs253165 1.55 -1.64 17.839     >17.839  99.990         -46.94        53.91   -0.077       0.089       
2459006.02618  2459006.02687  2020-06-05.5261751  coadd_bC135677 1.43 -1.62 17.953     >17.953  99.990          39.65        49.24   0.064        0.080       
2459007.98806  2459007.98883  2020-06-07.4880622  coadd_bC136342 1.52 -1.62 17.977     >17.977  99.990          40.33        48.17   0.065        0.078       
2459008.77958  2459008.78039  2020-06-08.2795858  coadd_bs254410 1.53 -1.64 18.126     >18.126  99.990        -119.55        41.38   -0.196       0.068       
2459009.75623  2459009.75708  2020-06-09.2562268  coadd_bs254695 1.61 -1.64 18.240     >18.240  99.990          -5.51        37.26   -0.009       0.061       
2459012.08062  2459012.08157  2020-06-11.5806142  coadd_bC137791 1.49 -1.62 18.378     >18.378  99.990         -20.39        33.31   -0.033       0.054       
2459013.88096  2459013.88199  2020-06-13.3809687  coadd_bs255699 1.45 -1.64 19.006     >19.006  99.990           0.87        18.41   0.001        0.030       
2459014.83919  2459014.84026  2020-06-14.3391857  coadd_bs255970 1.44 -1.64 19.171     >19.171  99.990          16.31        15.80   0.027        0.026       
2459015.93361  2459015.93473  2020-06-15.4336178  coadd_bs256331 1.50 -1.64 18.392     >18.392  99.990        -126.24        32.40   -0.207       0.053       
2459018.04799  2459018.04920  2020-06-17.5479900  coadd_bC139806 1.42 -1.62 19.079     >19.079  99.990         -25.63        17.45   -0.041       0.028       
2459021.91791  2459021.91928  2020-06-21.4179138  coadd_bC140871 1.44 -1.62 19.004     >19.004  99.990         -33.30        18.72   -0.054       0.030       
2459024.87000  2459024.87148  2020-06-24.3700008  coadd_bC141836 1.47 -1.62 18.900     >18.900  99.990         -24.10        20.58   -0.039       0.033       
2459026.70697  2459026.70851  2020-06-26.2069776  coadd_bs258687 1.58 -1.64 18.613      17.382  0.117          246.41        26.44   0.405        0.043       
2459030.09945  2459030.10113  2020-06-29.5994535  coadd_bC143082 1.53 -1.62 19.020      18.927  0.335           60.25        18.44   0.098        0.030       
2459030.87443  2459030.87613  2020-06-30.3744380  coadd_bC143252 1.59 -1.62 18.376     >18.376  99.990         -17.83        33.36   -0.029       0.054       
2459034.08348  2459034.08530  2020-07-03.5834829  coadd_bC144383 1.40 -1.62 18.544     >18.544  99.990         -22.19        28.59   -0.036       0.046       
2459038.94010  2459038.94207  2020-07-08.4401012  coadd_bC145820 1.44 -1.62 18.327     >18.327  99.990           7.47        34.90   0.012        0.056       
2459039.82515  2459039.82715  2020-07-09.3251465  coadd_bs260914 1.53 -1.64 18.271     >18.271  99.990         -58.33        36.20   -0.096       0.059       
2459040.87782  2459040.87986  2020-07-10.3778276  coadd_bs261238 1.45 -1.64 18.128     >18.128  99.990         111.74        41.32   0.184        0.068       
2459042.85726  2459042.85936  2020-07-12.3572664  coadd_bC147125 1.44 -1.62 18.949     >18.949  99.990           8.65        19.68   0.014        0.032       
2459043.84511  2459043.84723  2020-07-13.3451144  coadd_bs262108 1.46 -1.64 19.014     >19.014  99.990          -1.12        18.27   -0.002       0.030       
2459045.90815  2459045.91033  2020-07-15.4081498  coadd_bs262636 1.63 -1.64 18.875     >18.875  99.990          51.12        20.76   0.084        0.034       
2459046.76320  2459046.76541  2020-07-16.2632021  coadd_bs262821 1.52 -1.64 19.178     >19.178  99.990          11.38        15.71   0.019        0.026       
2459047.89275  2459047.89499  2020-07-17.3927549  coadd_bs263009 2.18 -1.64 18.872     >18.872  99.990           2.55        20.82   0.004        0.034       
2459050.04699  2459050.04929  2020-07-19.5469956  coadd_bC149235 1.43 -1.62 19.267     >19.267  99.990          -9.67        14.68   -0.016       0.024       
2459052.77677  2459052.77913  2020-07-22.2767718  coadd_bs263386 1.41 -1.64 19.072     >19.072  99.990         -14.95        17.31   -0.025       0.028       
2459054.86782  2459054.87022  2020-07-24.3678328  coadd_bC150657 1.45 -1.62 18.969     >18.969  99.990          14.65        19.31   0.024        0.031       
2459056.78692  2459056.78936  2020-07-26.2869206  coadd_bs264283 1.47 -1.64 18.414     >18.414  99.990         -12.82        31.76   -0.021       0.052       
2459057.71889  2459057.72135  2020-07-27.2188903  coadd_bs264482 1.47 -1.64 17.963     >17.963  99.990          -6.05        48.08   -0.010       0.079       
2459058.83677  2459058.83926  2020-07-28.3367748  coadd_bs264905 1.47 -1.64 19.224     >19.224  99.990          -6.95        15.06   -0.011       0.025       
2459059.82083  2459059.82333  2020-07-29.3208282  coadd_bs265221 1.48 -1.64 19.079     >19.079  99.990         -61.12        17.21   -0.100       0.028       
2459061.02060  2459061.02313  2020-07-30.5206114  coadd_bC152039 1.44 -1.62 19.092     >19.092  99.990           4.40        17.25   0.007        0.028       
2459062.90719  2459062.90975  2020-08-01.4071895  coadd_bC152676 1.50 -1.62 18.160     >18.160  99.990          70.23        40.72   0.114        0.066       
2459063.90814  2459063.91072  2020-08-02.4081424  coadd_bs266585 1.52 -1.64 17.732     >17.732  99.990        -101.06        59.48   -0.166       0.098       
2459065.74255  2459065.74515  2020-08-04.2425449  coadd_bs266952 1.55 -1.64 17.863     >17.863  99.990          54.22        52.74   0.089        0.087       
2459066.77548  2459066.77809  2020-08-05.2754791  coadd_bs267298 1.44 -1.64 18.035     >18.035  99.990           0.27        45.02   0.000        0.074       
2459068.84916  2459068.85180  2020-08-07.3491546  coadd_bC154143 1.52 -1.62 18.358     >18.358  99.990          59.79        33.93   0.097        0.055       
2459069.78427  2459069.78692  2020-08-08.2842700  coadd_bs268245 1.49 -1.64 18.474     >18.474  99.990          75.82        30.04   0.125        0.049       
2459070.88447  2459070.88713  2020-08-09.3844641  coadd_bs268665 1.46 -1.64 17.177      16.207  0.150          726.98        99.18   1.194        0.163       
2459072.96656  2459072.96924  2020-08-11.4665623  coadd_bC155573 1.42 -1.62 18.797     >18.797  99.990          36.39        22.65   0.059        0.037       
2459075.86703  2459075.86973  2020-08-14.3670290  coadd_bC156591 1.45 -1.62 19.076     >19.076  99.990         -29.46        17.51   -0.048       0.028       
2459078.85642  2459078.85914  2020-08-17.3564245  coadd_bs270539 1.53 -1.64 19.084     >19.084  99.990           8.11        17.13   0.013        0.028       
2459079.81127  2459079.81399  2020-08-18.3112688  coadd_bC157675 1.45 -1.62 19.011     >19.011  99.990         -12.63        18.59   -0.020       0.030       
2459080.80944  2459080.81217  2020-08-19.3094399  coadd_bs271106 1.49 -1.64 18.885     >18.885  99.990         -27.01        20.57   -0.044       0.034       
2459081.81979  2459081.82251  2020-08-20.3197844  coadd_bs271471 1.43 -1.64 18.889     >18.889  99.990         -29.51        20.49   -0.048       0.034       
2459083.70669  2459083.70942  2020-08-22.2066880  coadd_bs272037 1.42 -1.64 18.897     >18.897  99.990         -42.17        20.34   -0.069       0.033       
2459084.81913  2459084.82187  2020-08-23.3191376  coadd_bs272358 1.46 -1.64 18.819     >18.819  99.990          42.48        21.87   0.070        0.036       
2459085.82765  2459085.83038  2020-08-24.3276532  coadd_bs272720 1.43 -1.64 18.379     >18.379  99.990          48.50        32.80   0.080        0.054       
2459086.76752  2459086.77025  2020-08-25.2675172  coadd_bs273042 1.59 -1.64 19.175     >19.175  99.990          15.32        15.76   0.025        0.026       
2459087.78890  2459087.79163  2020-08-26.2889040  coadd_bs273437 1.47 -1.64 19.173     >19.173  99.990         -31.72        15.77   -0.052       0.026       
2459088.78938  2459088.79210  2020-08-27.2893826  coadd_bs273792 1.47 -1.64 18.911     >18.911  99.990          -5.40        20.08   -0.009       0.033       
2459090.64469  2459090.64741  2020-08-29.1446931  coadd_bs274426 1.47 -1.64 18.246     >18.246  99.990           1.28        37.06   0.002        0.061       
2459093.81010  2459093.81279  2020-09-01.3100971  coadd_bC162518 1.45 -1.62 18.268     >18.268  99.990          62.70        36.86   0.102        0.060       
2459094.80556  2459094.80825  2020-09-02.3055594  coadd_bC162915 1.48 -1.62 17.910     >17.910  99.990         142.30        51.26   0.230        0.083       
2459095.77065  2459095.77333  2020-09-03.2706532  coadd_bC163268 1.43 -1.62 17.282      17.082  0.304          329.63        91.42   0.534        0.148       
2459097.90569  2459097.90835  2020-09-05.4056931  coadd_bC164183 1.49 -1.62 18.212     >18.212  99.990          26.40        38.81   0.043        0.063       
2459101.91687  2459101.91948  2020-09-09.4168722  coadd_bC165504 1.49 -1.62 18.764     >18.764  99.990           3.69        23.33   0.006        0.038       
2459103.88172  2459103.88430  2020-09-11.3817136  coadd_bC166234 1.43 -1.62 19.090     >19.090  99.990          23.05        17.29   0.037        0.028       
2459105.88929  2459105.89184  2020-09-13.3892907  coadd_bC166993 1.48 -1.62 19.210     >19.210  99.990           4.23        15.48   0.007        0.025       
2459115.83310  2459115.83544  2020-09-23.3331071  coadd_bC170348 1.46 -1.62 18.820     >18.820  99.990          10.61        22.17   0.017        0.036       
2459126.79313  2459126.79517  2020-10-04.2931248  coadd_bs278393 1.45 -1.64 17.129     >17.129  99.990         206.56       103.64   0.339        0.170       
2459130.72160  2459130.72352  2020-10-08.2216027  coadd_bC174339 1.48 -1.62 18.998     >18.998  99.990         -23.95        18.81   -0.039       0.030       
2459137.72910  2459137.73078  2020-10-15.2291025  coadd_bC176588 1.43 -1.62 19.429     >19.429  99.990          25.80        12.65   0.042        0.020       
2459142.76840  2459142.76989  2020-10-20.2684031  coadd_bC178240 1.42 -1.62 19.065     >19.065  99.990          17.02        17.68   0.028        0.029       
2459146.76274  2459146.76406  2020-10-24.2627439  coadd_bC179635 1.43 -1.62 18.958     >18.958  99.990           8.02        19.53   0.013        0.032       
2459152.71362  2459152.71469  2020-10-30.2136253  coadd_bs287535 1.42 -1.64 16.057     >16.057  99.990         152.14       278.31   0.250        0.457       
2459157.68801  2459157.68886  2020-11-04.1880199  coadd_bs288056 1.47 -1.64 18.178     >18.178  99.990         -28.86        39.44   -0.047       0.065       
2459159.68413  2459159.68489  2020-11-06.1841261  coadd_bs288818 1.53 -1.64 18.511     >18.511  99.990          33.98        29.02   0.056        0.048       
2459161.73897  2459161.73964  2020-11-08.2389709  coadd_bC183018 1.51 -1.62 19.176     >19.176  99.990          -9.71        15.97   -0.016       0.026       
2459163.54025  2459163.54084  2020-11-10.0402582  coadd_bs289891 1.51 -1.64 18.511     >18.511  99.990          65.09        29.04   0.107        0.048       
2459165.68332  2459165.68381  2020-11-12.1833206  coadd_bs290712 1.46 -1.64 18.846     >18.846  99.990          25.65        21.33   0.042        0.035       
2459167.60675  2459167.60715  2020-11-14.1067487  coadd_bs291465 1.44 -1.64 18.986      18.467  0.226           90.70        18.74   0.149        0.031       
2459169.74363  2459169.74393  2020-11-16.2436277  coadd_bC185040 1.41 -1.62 19.106     >19.106  99.990          -4.08        17.03   -0.007       0.028       
2459171.57574  2459171.57595  2020-11-18.0757357  coadd_bs293146 1.58 -1.64 19.010     >19.010  99.990         -52.31        18.34   -0.086       0.030       
2459173.59021  2459173.59033  2020-11-20.0902165  coadd_bs294024 1.52 -1.64 18.512      17.758  0.182          174.25        29.01   0.286        0.048       
2459174.61534  2459174.61541  2020-11-21.1153390  coadd_bs294475 1.49 -1.64 18.378     >18.378  99.990          49.87        32.82   0.082        0.054       
2459177.63871  2459177.63864  2020-11-24.1387140  coadd_bs295399 1.49 -1.64 18.173     >18.173  99.990         -65.27        39.64   -0.107       0.065       
2459179.64237  2459179.64221  2020-11-26.1423761  coadd_bs296169 1.47 -1.64 16.930     >16.930  99.990        -383.58       124.54   -0.630       0.205       
2459181.62725  2459181.62699  2020-11-28.1272490  coadd_bs296857 1.54 -1.64 17.716     >17.716  99.990           0.50        60.39   0.001        0.099       
2459184.62635  2459184.62595  2020-12-01.1263603  coadd_bs297648 1.48 -1.64 17.608     >17.608  99.990        -250.43        66.69   -0.411       0.110       
2459191.59698  2459191.59626  2020-12-08.0969839  coadd_bs299961 1.47 -1.64 18.893     >18.893  99.990          -0.60        20.41   -0.001       0.034       
2459193.60517  2459193.60436  2020-12-10.1051665  coadd_bs300812 1.45 -1.64 18.948     >18.948  99.990         -55.81        19.41   -0.092       0.032       
2459195.60064  2459195.59974  2020-12-12.1006356  coadd_bs301328 1.47 -1.64 18.842      18.505  0.268           87.55        21.40   0.144        0.035       
2459198.59197  2459198.59094  2020-12-15.0919716  coadd_bs302610 1.60 -1.64 18.662     >18.662  99.990         -19.31        25.26   -0.032       0.042       
2459200.58680  2459200.58569  2020-12-17.0868035  coadd_bs303464 1.53 -1.64 18.921     >18.921  99.990         -22.18        19.89   -0.036       0.033       
2459204.56096  2459204.55968  2020-12-21.0609608  coadd_bs305165 1.53 -1.64 18.781     >18.781  99.990          42.20        22.64   0.069        0.037       
2459210.55772  2459210.55620  2020-12-27.0577275  coadd_bs307262 2.01 -1.64 18.004     >18.004  99.990         -73.39        46.29   -0.121       0.076       
2459211.55779  2459211.55622  2020-12-28.0577870  coadd_bs307700 1.56 -1.64 17.780     >17.780  99.990         110.74        56.92   0.182        0.094       
2459268.16289  2459268.16022  2021-02-22.6628871  coadd_bC213250 1.50 -1.62 17.824     >17.824  99.990         -64.14        55.45   -0.104       0.090       
2459272.01065  2459272.00799  2021-02-26.5106590  coadd_bs324779 1.65 -1.64 16.403     >16.403  99.990        -135.01       202.32   -0.222       0.332       
2459275.00330  2459275.00066  2021-03-01.5033017  coadd_bs325448 1.68 -1.64 17.681     >17.681  99.990        -159.87        62.38   -0.263       0.102       
2459289.10188  2459289.09943  2021-03-15.6018743  coadd_bC215611 1.53 -1.62 18.956     >18.956  99.990          10.05        19.56   0.016        0.032       
2459294.10733  2459294.10499  2021-03-20.6073322  coadd_bC216643 1.54 -1.62 18.939     >18.939  99.990          11.98        19.86   0.019        0.032       
2459294.94934  2459294.94701  2021-03-21.4493417  coadd_bs331120 1.51 -1.64 18.774     >18.774  99.990          26.26        22.78   0.043        0.037       
2459301.07682  2459301.07464  2021-03-27.5768149  coadd_bC218292 1.49 -1.62 17.187     >17.187  99.990        -106.24        99.73   -0.172       0.161       
2459304.07677  2459304.07468  2021-03-30.5767652  coadd_bC218978 1.47 -1.62 17.695     >17.695  99.990        -102.45        62.48   -0.166       0.101       
2459306.07557  2459306.07354  2021-04-01.5755708  coadd_bC219681 1.57 -1.62 18.054     >18.054  99.990         -76.47        44.90   -0.124       0.073       
2459308.91757  2459308.91563  2021-04-04.4175734  coadd_bs334811 1.46 -1.64 18.398     >18.398  99.990         -93.55        32.21   -0.154       0.053       
2459309.97980  2459309.97789  2021-04-05.4798049  coadd_bs335208 1.46 -1.64 18.631     >18.631  99.990          71.02        25.99   0.117        0.043       
2459312.10942  2459312.10759  2021-04-07.6094244  coadd_bC221295 1.57 -1.62 18.757     >18.757  99.990         -26.06        23.48   -0.042       0.038       
2459314.03910  2459314.03733  2021-04-09.5390957  coadd_bC222028 1.50 -1.62 18.586     >18.586  99.990         -19.18        27.50   -0.031       0.045       
2459315.89791  2459315.89621  2021-04-11.3979094  coadd_bs337143 1.63 -1.64 18.790     >18.790  99.990          33.77        22.46   0.055        0.037       
2459320.05275  2459320.05120  2021-04-15.5527584  coadd_bC223864 1.52 -1.62 18.923     >18.923  99.990          40.76        20.16   0.066        0.033       
2459322.03032  2459322.02884  2021-04-17.5303214  coadd_bC224644 1.46 -1.62 18.867     >18.867  99.990          21.06        21.23   0.034        0.034       
2459323.02348  2459323.02203  2021-04-18.5234745  coadd_bC225015 1.40 -1.62 18.405     >18.405  99.990          17.44        32.49   0.028        0.053       
2459324.00664  2459324.00524  2021-04-19.5066359  coadd_bC225394 1.46 -1.62 19.027     >19.027  99.990         -22.55        18.31   -0.037       0.030       
2459327.99383  2459327.99259  2021-04-23.4938324  coadd_bC226408 1.41 -1.62 18.095     >18.095  99.990         -57.78        43.21   -0.094       0.070       
2459328.95743  2459328.95623  2021-04-24.4574342  coadd_bs340057 1.48 -1.64 18.754     >18.754  99.990         -33.42        23.22   -0.055       0.038       
2459329.86511  2459329.86394  2021-04-25.3651074  coadd_bs340345 1.50 -1.64 17.919     >17.919  99.990         -10.81        50.10   -0.018       0.082       
2459334.08324  2459334.08225  2021-04-29.5832347  coadd_bC228616 1.49 -1.62 18.154     >18.154  99.990           8.68        40.91   0.014        0.066       
2459336.99806  2459336.99720  2021-05-02.4980686  coadd_bC228826 2.16 -1.62 18.380     >18.380  99.990         -68.19        33.24   -0.110       0.054       
2459337.85945  2459337.85863  2021-05-03.3594560  coadd_bs341378 1.49 -1.64 18.513     >18.513  99.990          52.84        28.98   0.087        0.048       
2459342.95721  2459342.95661  2021-05-08.4572157  coadd_bC229928 1.56 -1.62 19.066     >19.066  99.990         -10.21        17.68   -0.017       0.029       
2459343.95698  2459343.95642  2021-05-09.4569775  coadd_bC230311 1.57 -1.62 19.173     >19.173  99.990          38.51        16.01   0.062        0.026       
2459344.81298  2459344.81247  2021-05-10.3129922  coadd_bs343117 1.62 -1.64 18.961     >18.961  99.990         -33.72        19.17   -0.055       0.032       
2459346.99267  2459346.99225  2021-05-12.4926663  coadd_bC231487 1.46 -1.62 19.115     >19.115  99.990         -24.06        16.89   -0.039       0.027       
2459349.93681  2459349.93653  2021-05-15.4368190  coadd_bC232412 1.61 -1.62 19.045     >19.045  99.990          10.83        18.02   0.018        0.029       
2459350.99835  2459350.99812  2021-05-16.4983515  coadd_bC232788 1.47 -1.62 19.482     >19.482  99.990         -18.13        12.05   -0.029       0.020       
2459351.79405  2459351.79385  2021-05-17.2940480  coadd_bs344184 1.45 -1.64 18.668     >18.668  99.990         -57.19        25.12   -0.094       0.041       
2459353.92638  2459353.92628  2021-05-19.4263885  coadd_bC233736 1.42 -1.62 18.494     >18.494  99.990         -41.86        29.92   -0.068       0.048       
2459355.77654  2459355.77652  2021-05-21.2765407  coadd_bs345459 1.49 -1.64 17.772     >17.772  99.990        -106.70        57.33   -0.175       0.094       
2459357.91204  2459357.91212  2021-05-23.4120440  coadd_bC235133 1.50 -1.62 18.218     >18.218  99.990         -38.28        38.58   -0.062       0.062       
2459358.99634  2459358.99647  2021-05-24.4963408  coadd_bC235567 1.43 -1.62 18.089     >18.089  99.990         112.19        43.47   0.182        0.070       
2459360.82630  2459360.82651  2021-05-26.3263059  coadd_bs346526 1.55 -1.64 18.135     >18.135  99.990          14.50        41.03   0.024        0.067       
2459362.81651  2459362.81682  2021-05-28.3165104  coadd_bs347111 1.50 -1.64 17.697     >17.697  99.990          71.98        61.42   0.118        0.101       
2459364.89593  2459364.89633  2021-05-30.395925  coadd_bC237667 1.45 -1.62 18.327     >18.327  99.990         -22.38        34.90   -0.036       0.057       
2459365.89292  2459365.89337  2021-05-31.3929214  coadd_bC238052 1.45 -1.62 18.848      18.838  0.362           65.38        21.61   0.106        0.035       
2459369.10502  2459369.10561  2021-06-03.6050142  coadd_bC239286 1.45 -1.62 18.801     >18.801  99.990          43.38        22.55   0.070        0.037       
2459370.93796  2459370.93863  2021-06-05.4379571  coadd_bs348320 1.50 -1.64 18.737     >18.737  99.990          21.15        23.58   0.035        0.039       
2459371.93216  2459371.93288  2021-06-06.4321688  coadd_bC239886 1.55 -1.62 19.150     >19.150  99.990           8.14        16.35   0.013        0.026       
2459372.75562  2459372.75638  2021-06-07.2556285  coadd_bs348614 1.50 -1.64 18.670     >18.670  99.990          31.33        25.07   0.051        0.041       
2459373.88067  2459373.88147  2021-06-08.3806677  coadd_bs348991 1.52 -1.64 18.927     >18.927  99.990          38.04        19.79   0.063        0.033       
2459375.98734  2459375.98823  2021-06-10.4873383  coadd_bC241331 1.57 -1.62 19.282     >19.282  99.990         -31.58        14.49   -0.051       0.023       
2459379.71930  2459379.72035  2021-06-14.2192996  coadd_bs350660 1.50 -1.64 18.482     >18.482  99.990         -65.00        29.81   -0.107       0.049       
2459382.86758  2459382.86877  2021-06-17.3675799  coadd_bC243676 1.39 -1.62 19.426     >19.426  99.990         -13.90        12.68   -0.023       0.021       
2459384.87169  2459384.87296  2021-06-19.3716900  coadd_bC244382 1.52 -1.62 18.345     >18.345  99.990         -52.09        34.34   -0.084       0.056       
2459385.82050  2459385.82181  2021-06-20.3205057  coadd_bs352381 1.44 -1.64 18.598     >18.598  99.990          19.74        26.80   0.032        0.044       
2459385.89960  2459385.90091  2021-06-20.3995964  coadd_bC244755 1.41 -1.62 18.845     >18.845  99.990         -57.97        21.65   -0.094       0.035       
2459387.81047  2459387.81185  2021-06-22.3104667  coadd_bs352883 1.46 -1.64 18.495     >18.495  99.990         -96.39        29.45   -0.158       0.048       
2459389.78549  2459389.78695  2021-06-24.2854885  coadd_bs353372 1.52 -1.64 17.695     >17.695  99.990        -231.27        61.57   -0.380       0.101       
2459393.81924  2459393.82086  2021-06-28.3192495  coadd_bC247392 1.50 -1.62 18.930     >18.930  99.990         -28.74        20.04   -0.047       0.032       
2459399.79663  2459399.79846  2021-07-04.2966332  coadd_bC249103 1.56 -1.62 18.956     >18.956  99.990         -16.65        19.56   -0.027       0.032       
2459400.87300  2459400.87487  2021-07-05.3730039  coadd_bC249516 1.98 -1.62 19.368      19.216  0.317           46.17        13.38   0.075        0.022       
2459402.90410  2459402.90604  2021-07-07.4041104  coadd_bC250246 1.42 -1.62 19.059     >19.059  99.990         -41.69        17.79   -0.067       0.029       
2459405.83839  2459405.84041  2021-07-10.3383945  coadd_bC251247 1.49 -1.62 18.855      18.721  0.323           72.83        21.47   0.118        0.035       
2459408.94975  2459408.95187  2021-07-13.4497524  coadd_bC252234 1.98 -1.62 19.436     >19.436  99.990          -4.37        12.56   -0.007       0.020       
2459410.84606  2459410.84823  2021-07-15.3460606  coadd_bs356382 1.46 -1.64 18.984      18.563  0.248           83.03        18.78   0.136        0.031       
2459411.86671  2459411.86891  2021-07-16.3667127  coadd_bs356711 1.43 -1.64 18.934     >18.934  99.990          12.36        19.67   0.020        0.032       
2459413.66187  2459413.66412  2021-07-18.1618701  coadd_bs357080 2.09 -1.64 18.238     >18.238  99.990          26.33        37.32   0.043        0.061       
2459413.89064  2459413.89289  2021-07-18.3906392  coadd_bC253883 1.49 -1.62 18.802     >18.802  99.990          27.68        22.54   0.045        0.036       
2459414.63239  2459414.63466  2021-07-19.1323892  coadd_bs357258 2.10 -1.64 17.602      17.589  0.361          203.58        67.04   0.334        0.110       
2459417.67667  2459417.67902  2021-07-22.1766728  coadd_bs357798 2.23 -1.64 17.155     >17.155  99.990           3.61       101.19   0.006        0.166       
2459419.93825  2459419.94065  2021-07-24.4382504  coadd_bC255723 1.53 -1.62 17.967     >17.967  99.990          48.74        48.61   0.079        0.079       
2459421.02137  2459421.02380  2021-07-25.5213759  coadd_bC256040 2.02 -1.62 18.084     >18.084  99.990         -91.84        43.66   -0.149       0.071       
2459423.75706  2459423.75954  2021-07-28.2570619  coadd_bC256606 1.41 -1.62 18.836     >18.836  99.990         -42.97        21.84   -0.070       0.035       
2459425.66495  2459425.66746  2021-07-30.1649479  coadd_bs359673 1.55 -1.64 18.955     >18.955  99.990         -23.11        19.29   -0.038       0.032       
2459425.95822  2459425.96074  2021-07-30.4582206  coadd_bC257317 1.49 -1.62 18.662     >18.662  99.990          23.30        25.64   0.038        0.042       
2459426.84453  2459426.84707  2021-07-31.3445336  coadd_bC257594 1.45 -1.62 19.049     >19.049  99.990          18.67        17.96   0.030        0.029       
2459427.74538  2459427.74793  2021-08-01.2453829  coadd_bs359975 1.51 -1.64 19.077     >19.077  99.990         -29.85        17.23   -0.049       0.028       
2459427.98018  2459427.98273  2021-08-01.4801784  coadd_bC258071 2.43 -1.62 19.007     >19.007  99.990          -4.26        18.65   -0.007       0.030       
2459429.92023  2459429.92281  2021-08-03.4202312  coadd_bC258773 1.44 -1.62 19.140     >19.140  99.990          -0.29        16.50   -0.000       0.027       
2459430.90472  2459430.90731  2021-08-04.4047175  coadd_bC259109 1.41 -1.62 18.986     >18.986  99.990          -1.19        19.02   -0.002       0.031       
2459431.82237  2459431.82498  2021-08-05.3223732  coadd_bs360657 1.43 -1.64 18.933     >18.933  99.990          38.17        19.69   0.063        0.032       
2459432.88812  2459432.89074  2021-08-06.3881216  coadd_bC259825 1.48 -1.62 19.066     >19.066  99.990          22.76        17.68   0.037        0.029       
2459433.88388  2459433.88651  2021-08-07.3838746  coadd_bC260196 1.42 -1.62 18.878     >18.878  99.990          59.05        21.00   0.096        0.034       
2459434.78528  2459434.78793  2021-08-08.2852811  coadd_bs361600 1.48 -1.64 19.206     >19.206  99.990          29.16        15.30   0.048        0.025       
2459436.72972  2459436.73239  2021-08-10.2297253  coadd_bs362228 1.45 -1.64 19.160     >19.160  99.990          13.26        15.97   0.022        0.026       
2459437.85087  2459437.85355  2021-08-11.3508815  coadd_bC261675 1.38 -1.62 18.939     >18.939  99.990          53.67        19.86   0.087        0.032       
2459439.85760  2459439.86030  2021-08-13.3576092  coadd_bC262436 1.96 -1.62 18.921     >18.921  99.990          42.86        20.19   0.069        0.033       
2459441.91092  2459441.91363  2021-08-15.4109317  coadd_bC263052 1.47 -1.62 18.908     >18.908  99.990          38.42        20.43   0.062        0.033       
2459442.80556  2459442.80828  2021-08-16.3055716  coadd_bC263353 1.45 -1.62 18.812     >18.812  99.990          38.56        22.33   0.062        0.036       
2459443.96206  2459443.96478  2021-08-17.4620671  coadd_bC263807 1.56 -1.62 18.468     >18.468  99.990         -32.53        30.67   -0.053       0.050       
2459444.96867  2459444.97140  2021-08-18.4686844  coadd_bC264151 1.47 -1.62 18.617     >18.617  99.990          68.87        26.72   0.112        0.043       
2459447.84987  2459447.85261  2021-08-21.3498774  coadd_bC265186 1.50 -1.62 18.058     >18.058  99.990          66.16        44.72   0.107        0.072       
2459448.95348  2459448.95621  2021-08-22.4534914  coadd_bC265650 2.13 -1.62 18.137     >18.137  99.990         -91.80        41.58   -0.149       0.067       
2459449.73859  2459449.74133  2021-08-23.2386011  coadd_bs363222 1.43 -1.64 17.990     >17.990  99.990         -17.77        46.91   -0.029       0.077       
2459451.84065  2459451.84338  2021-08-25.3406542  coadd_bs363970 1.98 -1.64 18.025     >18.025  99.990         -66.01        45.41   -0.108       0.075       
2459452.69033  2459452.69306  2021-08-26.1903383  coadd_bs364174 1.50 -1.64 18.593     >18.593  99.990         -48.17        26.93   -0.079       0.044       
2459455.76325  2459455.76597  2021-08-29.2632541  coadd_bC267525 1.42 -1.62 19.327     >19.327  99.990           4.98        13.89   0.008        0.022       
2459456.73100  2459456.73371  2021-08-30.2310106  coadd_bs365321 1.42 -1.64 18.621     >18.621  99.990         -31.85        26.23   -0.052       0.043       
2459457.93887  2459457.94157  2021-08-31.4388774  coadd_bC268449 1.41 -1.62 18.988      18.979  0.362           57.43        18.99   0.093        0.031       
2459461.78461  2459461.78728  2021-09-04.2846146  coadd_bs365682 1.68 -1.64 18.809      17.866  0.153          157.82        22.05   0.259        0.036       
2459462.76610  2459462.76876  2021-09-05.2661115  coadd_bs366143 1.51 -1.64 18.952     >18.952  99.990         -21.06        19.34   -0.035       0.032       
2459462.93481  2459462.93747  2021-09-05.4348225  coadd_bC269894 1.54 -1.62 19.119     >19.119  99.990          -6.58        16.83   -0.011       0.027       
2459465.85612  2459465.85874  2021-09-08.3561234  coadd_bC270383 1.48 -1.62 18.972     >18.972  99.990          22.81        19.27   0.037        0.031       
2459467.80166  2459467.80426  2021-09-10.3016664  coadd_bC271151 1.53 -1.62 19.073     >19.073  99.990         -68.42        17.56   -0.111       0.028       
2459469.74674  2459469.74931  2021-09-12.2467418  coadd_bs368140 1.51 -1.64 19.348     >19.348  99.990          -8.64        13.43   -0.014       0.022       
2459470.63240  2459470.63496  2021-09-13.1324064  coadd_bs368420 1.60 -1.64 19.174     >19.174  99.990           1.63        15.76   0.003        0.026       
2459475.76616  2459475.76862  2021-09-18.2661677  coadd_bC273049 1.55 -1.62 18.819     >18.819  99.990          32.66        22.19   0.053        0.036       
2459477.84897  2459477.85139  2021-09-20.3489740  coadd_bC273810 1.61 -1.62 16.561     >16.561  99.990          60.93       177.49   0.099        0.287       
2459478.76114  2459478.76354  2021-09-21.2611442  coadd_bC274162 1.96 -1.62 16.169     >16.169  99.990         192.93       254.77   0.312        0.412       
2459481.84991  2459481.85224  2021-09-24.3499092  coadd_bC275448 2.14 -1.62 18.519     >18.519  99.990         -65.01        29.25   -0.105       0.047       
2459482.66882  2459482.67113  2021-09-25.1688192  coadd_bs371964 1.42 -1.64 18.105     >18.105  99.990         -21.07        42.20   -0.035       0.069       
2459483.88081  2459483.88309  2021-09-26.3808168  coadd_bC276153 1.56 -1.62 18.512     >18.512  99.990         -24.53        29.43   -0.040       0.048       
2459484.75945  2459484.76171  2021-09-27.2594569  coadd_bC276372 1.43 -1.62 19.068     >19.068  99.990           2.71        17.64   0.004        0.029       
2459486.84928  2459486.85148  2021-09-29.3492847  coadd_bC277220 1.48 -1.62 19.410     >19.410  99.990         -58.55        12.87   -0.095       0.021       
2459488.82873  2459488.83088  2021-10-01.3287340  coadd_bC277860 1.42 -1.62 19.355     >19.355  99.990         -15.08        13.54   -0.024       0.022       
2459490.79002  2459490.79211  2021-10-03.2900322  coadd_bs373769 1.47 -1.64 17.447     >17.447  99.990          92.77        77.33   0.152        0.127       
2459491.83236  2459491.83441  2021-10-04.3323656  coadd_bC278966 1.47 -1.62 19.066     >19.066  99.990          40.14        17.67   0.065        0.029       
