###  JD        HJD            UT_date             IMAGE          FWHM  Diff Limit      mag   mag_err       counts     count_err  flux (mJy)    flux_err
2456240.79534  2456240.79710  2012-11-09.2953437  coadd_bb021977 2.12 -1.95 18.513     >18.513  99.990         -63.51        21.74   -0.147       0.050       
2456243.77929  2456243.78080  2012-11-12.2792907  coadd_bb021334 2.12 -1.95 18.728     >18.728  99.990          10.61        17.83   0.025        0.041       
2456390.13123  2456390.12735  2013-04-07.6312362  coadd_bb044016 2.17 -1.95 18.337     >18.337  99.990          26.49        25.55   0.061        0.059       
2456391.12847  2456391.12465  2013-04-08.6284775  coadd_bb044249 2.40 -1.95 18.521     >18.521  99.990          11.69        21.57   0.027        0.050       
2456397.11652  2456397.11305  2013-04-14.6165200  coadd_bb045410 2.14 -1.95 18.515     >18.515  99.990          34.76        21.70   0.080        0.050       
2456403.09770  2456403.09463  2013-04-20.5977055  coadd_bb047021 2.10 -1.95 18.735     >18.735  99.990           8.11        17.71   0.019        0.041       
2456409.10153  2456409.09888  2013-04-26.6015357  coadd_bb048210 2.09 -1.95 17.706     >17.706  99.990         -32.19        45.72   -0.075       0.106       
2456412.10431  2456412.10189  2013-04-29.6043209  coadd_bb049009 2.16 -1.95 18.191     >18.191  99.990         -63.51        29.24   -0.147       0.068       
2456436.02616  2456436.02569  2013-05-23.5261586  coadd_bb050670 2.00 -1.95 17.807     >17.807  99.990          62.90        41.65   0.146        0.096       
2456443.04748  2456443.04761  2013-05-30.5474787  coadd_bb051501 2.09 -1.95 18.379     >18.379  99.990          19.57        24.59   0.045        0.057       
2456447.99579  2456447.99635  2013-06-04.4957927  coadd_bb052423 2.00 -1.95 18.762     >18.762  99.990         -24.97        17.28   -0.058       0.040       
2456451.02263  2456451.02344  2013-06-07.5226364  coadd_bb053282 2.06 -1.95 18.819     >18.819  99.990          19.30        16.39   0.045        0.038       
2456459.93374  2456459.93530  2013-06-16.4337501  coadd_bb055331 1.82 -1.95 18.455     >18.455  99.990         -61.60        22.93   -0.143       0.053       
2456462.00768  2456462.00941  2013-06-18.5076855  coadd_bb056033 1.70 -1.95 18.526      18.454  0.341           68.89        21.48   0.159        0.050       
2456464.00084  2456464.00272  2013-06-20.5008387  coadd_bb056696 1.73 -1.95 17.997     >17.997  99.990          35.41        34.96   0.082        0.081       
2456465.98441  2456465.98646  2013-06-22.4844142  coadd_bb057342 1.77 -1.95 17.526     >17.526  99.990        -125.63        53.96   -0.291       0.125       
2456469.97281  2456469.97516  2013-06-26.4728087  coadd_bb058379 1.82 -1.95 17.700     >17.700  99.990         -14.64        45.95   -0.034       0.106       
2456472.97846  2456472.98104  2013-06-29.4784593  coadd_bb059189 2.04 -1.95 18.242     >18.242  99.990         -48.06        27.91   -0.111       0.065       
2456475.08973  2456475.09247  2013-07-01.5897335  coadd_bb059812 1.74 -1.95 18.403     >18.403  99.990          61.56        24.05   0.142        0.056       
2456475.99248  2456475.99527  2013-07-02.4924785  coadd_bb060076 1.69 -1.95 18.718     >18.718  99.990          31.89        18.00   0.074        0.042       
2456478.95558  2456478.95858  2013-07-05.4555829  coadd_bb060979 1.66 -1.95 18.871     >18.871  99.990          29.90        15.63   0.069        0.036       
2456479.95507  2456479.95814  2013-07-06.4550685  coadd_bb061303 1.81 -1.95 18.654     >18.654  99.990         -53.16        19.09   -0.123       0.044       
2456482.97761  2456482.98089  2013-07-09.4776212  coadd_bb062318 2.04 -1.95 18.800     >18.800  99.990         -27.41        16.68   -0.063       0.039       
2456486.88223  2456486.88576  2013-07-13.3822314  coadd_bb063423 1.70 -1.95 18.633      18.549  0.338           63.08        19.47   0.146        0.045       
2456488.96659  2456488.97025  2013-07-15.4665942  coadd_bb064185 1.73 -1.95 18.791      18.735  0.346           53.15        16.82   0.123        0.039       
2456491.92156  2456491.92539  2013-07-18.4215570  coadd_bb065223 1.67 -1.95 18.183     >18.183  99.990          46.37        29.44   0.107        0.068       
2456493.93183  2456493.93577  2013-07-20.4318385  coadd_bb065848 1.84 -1.95 17.375     >17.375  99.990          -3.14        61.99   -0.007       0.143       
2456496.95419  2456496.95829  2013-07-23.4541864  coadd_bb066517 1.74 -1.95 16.852     >16.852  99.990         103.28       100.38   0.239        0.232       
2456506.00577  2456506.01029  2013-08-01.5057759  coadd_bb067470 1.78 -1.95 18.626     >18.626  99.990          19.66        19.59   0.045        0.045       
2456507.00076  2456507.00532  2013-08-02.5007645  coadd_bb067829 1.67 -1.95 19.073     >19.073  99.990          13.88        12.98   0.032        0.030       
2456511.89514  2456511.89987  2013-08-07.3951406  coadd_bb069084 1.72 -1.95 18.722     >18.722  99.990           4.33        17.92   0.010        0.041       
2456516.90777  2456516.91265  2013-08-12.4077694  coadd_bb070206 1.76 -1.95 18.762     >18.762  99.990         -12.00        17.27   -0.028       0.040       
2456520.85006  2456520.85503  2013-08-16.3500700  coadd_bb071396 1.70 -1.95 18.241     >18.241  99.990          66.66        27.93   0.154        0.065       
2456523.89693  2456523.90196  2013-08-19.3969376  coadd_bb072336 1.66 -1.95 17.803     >17.803  99.990        -142.39        41.81   -0.330       0.097       
2456527.90265  2456527.90773  2013-08-23.4026548  coadd_bb073424 1.76 -1.95 17.732     >17.732  99.990          29.46        44.62   0.068        0.103       
2456531.91418  2456531.91929  2013-08-27.4141854  coadd_bb074075 1.78 -1.95 18.512     >18.512  99.990          64.74        21.75   0.150        0.050       
2456533.90449  2456533.90960  2013-08-29.4044932  coadd_bb074774 1.71 -1.95 18.808     >18.808  99.990         -20.38        16.57   -0.047       0.038       
2456535.89859  2456535.90370  2013-08-31.3985869  coadd_bb075517 1.73 -1.95 18.818     >18.818  99.990         -44.80        16.42   -0.104       0.038       
2456537.89503  2456537.90014  2013-09-02.3950343  coadd_bb076264 1.77 -1.95 18.871     >18.871  99.990          23.61        15.63   0.055        0.036       
2456540.89209  2456540.89717  2013-09-05.3920918  coadd_bb077214 1.83 -1.95 18.847     >18.847  99.990          15.36        15.98   0.036        0.037       
2456549.86164  2456549.86659  2013-09-14.3616440  coadd_bb078386 1.69 -1.95 18.445     >18.445  99.990         -34.48        23.13   -0.080       0.054       
2456555.85000  2456555.85479  2013-09-20.3500040  coadd_bb079432 2.07 -1.95 16.763     >16.763  99.990         315.59       108.90   0.730        0.252       
2456556.83683  2456556.84159  2013-09-21.3368309  coadd_bb079812 2.06 -1.95 17.782     >17.782  99.990          72.32        42.63   0.167        0.099       
2456565.72602  2456565.73044  2013-09-30.2260246  coadd_bb081462 2.00 -1.95 18.935     >18.935  99.990           3.47        14.74   0.008        0.034       
2456570.89613  2456570.90030  2013-10-05.3961281  coadd_bb082914 2.07 -1.95 18.667     >18.667  99.990         -31.44        18.85   -0.073       0.044       
2456575.81751  2456575.82142  2013-10-10.3175091  coadd_bb084245 1.73 -1.95 18.932     >18.932  99.990         -13.11        14.78   -0.030       0.034       
2456595.78571  2456595.78822  2013-10-30.2857112  coadd_bb086766 2.36 -1.95 19.102     >19.102  99.990          -6.38        12.63   -0.015       0.029       
2456615.70573  2456615.70664  2013-11-19.2057337  coadd_bb090357 2.21 -1.95 18.655     >18.655  99.990          -3.13        19.07   -0.007       0.044       
2456618.70252  2456618.70317  2013-11-22.2025216  coadd_bb091205 2.53 -1.95 19.007     >19.007  99.990           3.79        13.79   0.009        0.032       
2456629.69526  2456629.69497  2013-12-03.1952631  coadd_bb093050 1.77 -1.95 18.654     >18.654  99.990          -8.45        19.09   -0.020       0.044       
2456751.13960  2456751.13550  2014-04-03.6391968  coadd_bb106536 1.71 -1.95 17.175     >17.175  99.990         104.19        74.50   0.241        0.172       
2456757.13553  2456757.13175  2014-04-09.6351224  coadd_bb107828 1.76 -1.95 17.890     >17.890  99.990          42.04        38.57   0.097        0.089       
2456758.13258  2456758.12886  2014-04-10.6321768  coadd_bb108177 1.72 -1.95 17.815     >17.815  99.990          84.95        41.33   0.197        0.096       
2456759.12778  2456759.12412  2014-04-11.6273806  coadd_bb108501 2.17 -1.95 18.233     >18.233  99.990          39.62        28.13   0.092        0.065       
2456760.12636  2456760.12276  2014-04-12.6259547  coadd_bb108709 1.70 -1.95 18.283     >18.283  99.990         -20.14        26.87   -0.047       0.062       
2456767.10052  2456767.09736  2014-04-19.6001192  coadd_bb109472 1.79 -1.95 17.668     >17.668  99.990          19.65        47.34   0.045        0.110       
2456778.09026  2456778.08789  2014-04-30.5898576  coadd_bb110687 2.03 -1.95 18.308     >18.308  99.990          44.39        26.25   0.103        0.061       
2456782.07249  2456782.07043  2014-05-04.5720896  coadd_bb111177 2.07 -1.95 18.745     >18.745  99.990         -13.69        17.56   -0.032       0.041       
2456784.07987  2456784.07796  2014-05-06.5794673  coadd_bb111652 1.84 -1.95 18.568     >18.568  99.990          23.74        20.65   0.055        0.048       
2456785.07448  2456785.07266  2014-05-07.5740840  coadd_bb111991 1.73 -1.95 18.619     >18.619  99.990         -21.97        19.70   -0.051       0.046       
2456788.06538  2456788.06379  2014-05-10.5649775  coadd_bb112712 1.64 -1.95 18.624     >18.624  99.990          23.36        19.62   0.054        0.045       
2456789.06359  2456789.06209  2014-05-11.5631835  coadd_bb113050 2.19 -1.95 18.332     >18.332  99.990          23.03        25.67   0.053        0.059       
2456795.05580  2456795.05480  2014-05-17.5553993  coadd_bb113561 1.77 -1.95 17.762     >17.762  99.990          82.61        43.41   0.191        0.100       
2456798.05406  2456798.05331  2014-05-20.5536563  coadd_bb114562 1.81 -1.95 17.848     >17.848  99.990         -14.59        40.10   -0.034       0.093       
2456802.04257  2456802.04216  2014-05-24.5421708  coadd_bb115837 2.01 -1.95 18.721      18.122  0.210           93.54        17.95   0.216        0.042       
2456804.04393  2456804.04369  2014-05-26.5435302  coadd_bb116430 1.77 -1.95 18.325     >18.325  99.990         -55.76        25.85   -0.129       0.060       
2456806.04163  2456806.04156  2014-05-28.5412259  coadd_bb117075 2.06 -1.95 18.458     >18.458  99.990         -18.40        22.87   -0.043       0.053       
2456809.07358  2456809.07378  2014-05-31.5731788  coadd_bb117850 2.15 -1.95 18.564      18.159  0.251           90.34        20.74   0.209        0.048       
2456810.07251  2456810.07280  2014-06-01.5721085  coadd_bb118136 2.18 -1.95 18.634     >18.634  99.990         -53.10        19.45   -0.123       0.045       
2456811.04382  2456811.04418  2014-06-02.5434172  coadd_bb118440 2.11 -1.95 18.352     >18.352  99.990         -69.11        25.22   -0.160       0.058       
2456813.04462  2456813.04516  2014-06-04.5442149  coadd_bb119076 2.03 -1.95 18.562     >18.562  99.990         -71.16        20.78   -0.165       0.048       
2456816.02993  2456816.03072  2014-06-07.5295297  coadd_bb119986 2.05 -1.95 18.713     >18.713  99.990          19.65        18.08   0.045        0.042       
2456818.03570  2456818.03666  2014-06-09.5353015  coadd_bb120678 2.06 -1.95 18.514     >18.514  99.990         -47.18        21.71   -0.109       0.050       
2456820.02401  2456820.02513  2014-06-11.5236067  coadd_bb121194 1.84 -1.95 17.851     >17.851  99.990         -92.59        40.01   -0.214       0.093       
2456821.02311  2456821.02432  2014-06-12.5227071  coadd_bb121532 2.06 -1.95 17.684     >17.684  99.990           7.14        46.62   0.017        0.108       
2456822.02103  2456822.02232  2014-06-13.5206288  coadd_bb121853 2.08 -1.95 17.623     >17.623  99.990          42.48        49.33   0.098        0.114       
2456824.02525  2456824.02672  2014-06-15.5248572  coadd_bb122481 2.09 -1.95 17.728     >17.728  99.990          12.93        44.81   0.030        0.104       
2456828.04427  2456828.04606  2014-06-19.5438711  coadd_bb123805 2.13 -1.95 18.102     >18.102  99.990         -74.00        31.73   -0.171       0.073       
2456830.10014  2456830.10209  2014-06-21.5997361  coadd_bb124458 2.22 -1.95 18.321     >18.321  99.990          51.34        25.93   0.119        0.060       
2456831.01133  2456831.01336  2014-06-22.5109292  coadd_bb124696 2.15 -1.95 18.797     >18.797  99.990         -34.80        16.73   -0.081       0.039       
2456835.00891  2456835.01125  2014-06-26.5085106  coadd_bb125444 1.70 -1.95 18.732     >18.732  99.990           4.76        17.77   0.011        0.041       
2456846.98550  2456846.98870  2014-07-08.4851019  coadd_bb126028 1.64 -1.95 17.913     >17.913  99.990         -58.85        37.77   -0.136       0.087       
2456847.98259  2456847.98585  2014-07-09.4821892  coadd_bb126376 1.60 -1.95 17.740      17.566  0.311          156.06        44.29   0.361        0.103       
2456848.98650  2456848.98983  2014-07-10.4860931  coadd_bb126708 1.73 -1.95 17.992     >17.992  99.990         -24.41        35.14   -0.056       0.081       
2456849.98805  2456849.99145  2014-07-11.4876518  coadd_bb127014 1.68 -1.95 17.620     >17.620  99.990         -74.76        49.47   -0.173       0.114       
2456850.98773  2456850.99119  2014-07-12.4873240  coadd_bb127358 1.79 -1.95 17.170     >17.170  99.990         -80.06        74.87   -0.185       0.173       
2456855.98613  2456855.98989  2014-07-17.4857293  coadd_bb128559 1.81 -1.95 18.181     >18.181  99.990         -56.09        29.51   -0.130       0.068       
2456857.05556  2456857.05939  2014-07-18.5551603  coadd_bb128909 2.00 -1.95 18.296     >18.296  99.990         -27.06        26.55   -0.063       0.061       
2456858.12489  2456858.12877  2014-07-19.6244847  coadd_bb129232 1.70 -1.95 18.052     >18.052  99.990         -23.95        33.24   -0.055       0.077       
2456861.97055  2456861.97464  2014-07-23.4701506  coadd_bb129612 1.75 -1.95 18.310     >18.310  99.990         -73.12        26.21   -0.169       0.061       
2456862.96452  2456862.96866  2014-07-24.4641222  coadd_bb129933 1.76 -1.95 19.037     >19.037  99.990          14.89        13.41   0.034        0.031       
2456863.96510  2456863.96929  2014-07-25.4646936  coadd_bb130281 1.70 -1.95 18.841     >18.841  99.990           9.89        16.07   0.023        0.037       
2456866.96336  2456866.96769  2014-07-28.4629546  coadd_bb131232 2.10 -1.95 18.646     >18.646  99.990         -23.64        19.24   -0.055       0.045       
2456868.94596  2456868.95038  2014-07-30.4455618  coadd_bb131843 1.99 -1.95 18.860     >18.860  99.990         -16.67        15.79   -0.039       0.037       
2456869.90734  2456869.91180  2014-07-31.4069387  coadd_bb132178 1.67 -1.95 18.480     >18.480  99.990         -46.97        22.40   -0.109       0.052       
2456874.91568  2456874.92033  2014-08-05.4152740  coadd_bb132998 1.69 -1.95 18.429     >18.429  99.990          -1.91        23.48   -0.004       0.054       
2456875.95094  2456875.95563  2014-08-06.4505290  coadd_bb133347 1.88 -1.95 18.208     >18.208  99.990           0.18        28.78   0.000        0.067       
2456876.94767  2456876.95240  2014-08-07.4472688  coadd_bb133682 1.83 -1.95 18.296     >18.296  99.990         -50.61        26.55   -0.117       0.061       
2456883.90446  2456883.90939  2014-08-14.4040629  coadd_bb134574 1.82 -1.95 17.970      17.743  0.296          132.51        35.84   0.307        0.083       
2456885.04717  2456885.05212  2014-08-15.5467685  coadd_bb134927 1.64 -1.95 18.233     >18.233  99.990          12.81        28.12   0.030        0.065       
2456885.93085  2456885.93582  2014-08-16.4304473  coadd_bb135207 1.66 -1.95 18.563     >18.563  99.990         -30.90        20.77   -0.072       0.048       
2456887.06184  2456887.06682  2014-08-17.5614362  coadd_bb135551 2.09 -1.95 18.367      18.223  0.320           85.21        24.87   0.197        0.058       
2456887.99391  2456887.99892  2014-08-18.4935138  coadd_bb135838 2.05 -1.95 19.172     >19.172  99.990          11.54        11.85   0.027        0.027       
2456889.03403  2456889.03905  2014-08-19.5336260  coadd_bb136713 2.01 -1.95 18.402     >18.402  99.990          15.55        24.07   0.036        0.056       
2456890.91142  2456890.91647  2014-08-21.4110121  coadd_bb136093 1.75 -1.95 18.853     >18.853  99.990         -45.38        15.90   -0.105       0.037       
2456891.91718  2456891.92224  2014-08-22.4167697  coadd_bb137048 1.70 -1.95 18.705     >18.705  99.990         -28.70        18.22   -0.066       0.042       
2456892.91763  2456892.92271  2014-08-23.4172292  coadd_bb137410 1.78 -1.95 18.926     >18.926  99.990         -41.15        14.86   -0.095       0.034       
2456894.91232  2456894.91741  2014-08-25.4119121  coadd_bb137930 1.71 -1.95 18.915     >18.915  99.990         -24.62        15.01   -0.057       0.035       
2456895.91271  2456895.91781  2014-08-26.4123064  coadd_bb138215 1.67 -1.95 18.700     >18.700  99.990         -78.10        18.30   -0.181       0.042       
2456896.90291  2456896.90801  2014-08-27.4025096  coadd_bb138564 1.83 -1.95 18.683     >18.683  99.990          37.87        18.58   0.088        0.043       
2456897.90424  2456897.90935  2014-08-28.4038386  coadd_bb138938 1.99 -1.95 18.624     >18.624  99.990           3.36        19.62   0.008        0.045       
2456899.91997  2456899.92508  2014-08-30.4195689  coadd_bb139422 1.64 -1.95 18.835     >18.835  99.990         -26.44        16.16   -0.061       0.037       
2456900.90009  2456900.90519  2014-08-31.3996800  coadd_bb139780 1.79 -1.95 18.713     >18.713  99.990          -7.28        18.08   -0.017       0.042       
2456902.74505  2456902.75015  2014-09-02.2446424  coadd_bb140131 1.64 -1.95 18.364     >18.364  99.990         -50.17        24.92   -0.116       0.058       
2456904.89690  2456904.90199  2014-09-04.3964909  coadd_bb140764 1.73 -1.95 18.236     >18.236  99.990          14.29        28.06   0.033        0.065       
2456911.97663  2456911.98164  2014-09-11.4762315  coadd_bb142704 1.65 -1.95 17.989     >17.989  99.990         -51.48        35.22   -0.119       0.082       
2456913.98443  2456913.98940  2014-09-13.4840300  coadd_bb143331 1.96 -1.95 18.046     >18.046  99.990         -33.17        33.41   -0.077       0.077       
2456914.88224  2456914.88719  2014-09-14.3818380  coadd_bb143638 1.75 -1.95 18.161     >18.161  99.990          14.04        30.05   0.032        0.070       
2456916.86849  2456916.87340  2014-09-16.3680914  coadd_bb144156 1.73 -1.95 18.687     >18.687  99.990           9.88        18.51   0.023        0.043       
2456917.87997  2456917.88485  2014-09-17.3795726  coadd_bb144517 1.71 -1.95 18.590     >18.590  99.990         -40.32        20.25   -0.093       0.047       
2456919.87454  2456919.87936  2014-09-19.3741432  coadd_bb145211 1.79 -1.95 18.699     >18.699  99.990         -46.76        18.32   -0.108       0.042       
2456920.87525  2456920.88004  2014-09-20.3748451  coadd_bb145555 1.74 -1.95 19.073     >19.073  99.990         -17.25        12.98   -0.040       0.030       
2456924.86833  2456924.87299  2014-09-24.3679372  coadd_bb146407 1.86 -1.95 18.715     >18.715  99.990         -17.48        18.04   -0.040       0.042       
2456928.85380  2456928.85831  2014-09-28.3533946  coadd_bb146957 1.69 -1.95 18.700     >18.700  99.990         -81.87        18.29   -0.189       0.042       
2456929.86106  2456929.86553  2014-09-29.3606629  coadd_bb147192 1.67 -1.95 18.334     >18.334  99.990          72.03        25.63   0.167        0.059       
2456931.84718  2456931.85156  2014-10-01.3467790  coadd_bb147586 1.76 -1.95 18.691     >18.691  99.990         -51.43        18.45   -0.119       0.043       
2456933.88095  2456933.88523  2014-10-03.3805460  coadd_bb148296 1.74 -1.95 17.711     >17.711  99.990        -145.74        45.49   -0.337       0.105       
2456937.89564  2456937.89973  2014-10-07.3952427  coadd_bb148999 2.08 -1.95 17.360     >17.360  99.990        -104.82        62.86   -0.243       0.145       
2456939.91675  2456939.92073  2014-10-09.4163489  coadd_bb149654 1.76 -1.95 17.556     >17.556  99.990          62.45        52.47   0.145        0.121       
2456941.84219  2456941.84606  2014-10-11.3418065  coadd_bb150103 1.74 -1.95 17.953     >17.953  99.990         -51.95        36.41   -0.120       0.084       
2456942.83595  2456942.83976  2014-10-12.3355402  coadd_bb150243 2.04 -1.95 18.120     >18.120  99.990        -128.84        31.22   -0.298       0.072       
2456967.77728  2456967.77932  2014-11-06.2768721  coadd_bb151671 1.66 -1.95 17.716     >17.716  99.990         -33.59        45.30   -0.078       0.105       
2456969.80932  2456969.81121  2014-11-08.3089181  coadd_bb152359 1.71 -1.95 18.065     >18.065  99.990          33.59        32.84   0.078        0.076       
2456970.78793  2456970.78973  2014-11-09.2875208  coadd_bb152668 1.78 -1.95 17.844     >17.844  99.990        -103.34        40.23   -0.239       0.093       
2456972.76356  2456972.76520  2014-11-11.2631592  coadd_bb153451 2.00 -1.95 18.924     >18.924  99.990         -30.21        14.88   -0.070       0.034       
2456973.77041  2456973.77196  2014-11-12.2700035  coadd_bb153716 1.80 -1.95 18.466     >18.466  99.990         -17.28        22.70   -0.040       0.053       
2456979.76049  2456979.76153  2014-11-18.2601  coadd_bb154690 2.25 -1.95 18.715     >18.715  99.990         -12.87        18.04   -0.030       0.042       
2456980.76691  2456980.76787  2014-11-19.2665091  coadd_bb155058 2.36 -1.95 18.833     >18.833  99.990          22.53        16.18   0.052        0.037       
2456982.75450  2456982.75528  2014-11-21.2540927  coadd_bb155700 2.01 -1.95 18.367     >18.367  99.990         -34.15        24.87   -0.079       0.058       
2456984.74860  2456984.74921  2014-11-23.2482005  coadd_bb156463 1.76 -1.95 18.598     >18.598  99.990         -60.61        20.10   -0.140       0.047       
2456986.75111  2456986.75154  2014-11-25.2507030  coadd_bb157089 1.71 -1.95 18.308     >18.308  99.990         -40.92        26.25   -0.095       0.061       
2456990.75360  2456990.75368  2014-11-29.2531974  coadd_bb158195 2.09 -1.95 17.463     >17.463  99.990          54.65        57.15   0.126        0.132       
2456992.73786  2456992.73777  2014-12-01.2374574  coadd_bb158883 1.71 -1.95 18.226     >18.226  99.990          -9.64        28.32   -0.022       0.066       
2456993.74239  2456993.74220  2014-12-02.2419821  coadd_bb159257 1.72 -1.95 17.973     >17.973  99.990         -26.30        35.74   -0.061       0.083       
2456997.73235  2456997.73181  2014-12-06.2319406  coadd_bb159750 2.19 -1.95 17.514     >17.514  99.990        -172.46        54.54   -0.399       0.126       
2456998.72252  2456998.72190  2014-12-07.2221200  coadd_bb160137 2.28 -1.95 17.867     >17.867  99.990        -147.78        39.42   -0.342       0.091       
2456999.72642  2456999.72571  2014-12-08.2260130  coadd_bb160504 2.47 -1.95 18.218     >18.218  99.990          19.31        28.51   0.045        0.066       
2457002.71841  2457002.71744  2014-12-11.2180050  coadd_bb161697 1.98 -1.95 18.737     >18.737  99.990         -44.20        17.68   -0.102       0.041       
2457004.71900  2457004.71785  2014-12-13.2185931  coadd_bb162489 1.76 -1.95 18.692     >18.692  99.990           4.94        18.43   0.011        0.043       
2457005.70593  2457005.70470  2014-12-14.2055252  coadd_bb162824 1.99 -1.95 18.451     >18.451  99.990          -2.39        23.02   -0.006       0.053       
2457009.71355  2457009.71198  2014-12-18.2131457  coadd_bb164166 1.74 -1.95 18.567     >18.567  99.990         -44.73        20.68   -0.104       0.048       
2457018.69871  2457018.69641  2014-12-27.1983069  coadd_bb166480 2.80 -1.95 17.440     >17.440  99.990        -211.53        58.37   -0.490       0.135       
2457121.13897  2457121.13512  2015-04-08.6389829  coadd_bb192421 1.73 -1.95 17.262     >17.262  99.990         -75.17        68.77   -0.174       0.159       
2457126.13788  2457126.13432  2015-04-13.6378931  coadd_bb193782 1.70 -1.95 16.733     >16.733  99.990         307.76       111.96   0.712        0.259       
2457129.13510  2457129.13173  2015-04-16.6351076  coadd_bb194317 1.67 -1.95 17.334     >17.334  99.990         -32.84        64.38   -0.076       0.149       
2457131.13051  2457131.12727  2015-04-18.6305273  coadd_bb194702 1.73 -1.95 17.873     >17.873  99.990         -76.00        39.18   -0.176       0.091       
2457132.11270  2457132.10953  2015-04-19.6127157  coadd_bb195025 1.71 -1.95 18.303     >18.303  99.990           7.00        26.37   0.016        0.061       
2457137.11810  2457137.11527  2015-04-24.6181105  coadd_bb196351 1.68 -1.95 18.545     >18.545  99.990          27.80        21.10   0.064        0.049       
2457145.08443  2457145.08219  2015-05-02.5844262  coadd_bb197532 1.73 -1.95 17.439     >17.439  99.990          47.52        58.46   0.110        0.135       
2457149.09673  2457149.09481  2015-05-06.5967319  coadd_bb198078 1.73 -1.95 17.692     >17.692  99.990          28.57        46.31   0.066        0.107       
2457155.12701  2457155.12557  2015-05-12.6270101  coadd_bb199524 1.69 -1.95 15.763      15.185  0.214         1398.15       273.61   3.236        0.633       
2457156.12085  2457156.11950  2015-05-13.6208515  coadd_bb199841 1.78 -1.95 17.689     >17.689  99.990          27.48        46.41   0.064        0.107       
2457157.07742  2457157.07615  2015-05-14.5774230  coadd_bb200085 1.72 -1.95 17.986     >17.986  99.990         -92.55        35.31   -0.214       0.082       
2457158.05995  2457158.05876  2015-05-15.5599844  coadd_bb200247 2.00 -1.95 18.679     >18.679  99.990          22.95        18.66   0.053        0.043       
2457162.05635  2457162.05549  2015-05-19.5563489  coadd_bb201067 1.65 -1.95 18.498     >18.498  99.990         -12.65        22.03   -0.029       0.051       
2457169.06524  2457169.06499  2015-05-26.5652674  coadd_bb202819 1.69 -1.95 18.564     >18.564  99.990         -86.43        20.74   -0.200       0.048       
2457174.04280  2457174.04298  2015-05-31.5428164  coadd_bb203705 1.68 -1.95 17.689     >17.689  99.990          13.65        46.42   0.032        0.107       
2457176.07598  2457176.07633  2015-06-02.5759976  coadd_bb204027 1.70 -1.95 17.418     >17.418  99.990         121.70        59.61   0.282        0.138       
2457179.06805  2457179.06865  2015-06-05.5680677  coadd_bb204803 1.77 -1.95 17.740     >17.740  99.990        -105.53        44.31   -0.244       0.103       
2457182.02321  2457182.02406  2015-06-08.5232195  coadd_bb205660 1.73 -1.95 17.646     >17.646  99.990          46.23        48.30   0.107        0.112       
2457184.07240  2457184.07342  2015-06-10.5724122  coadd_bb206146 1.73 -1.95 18.274     >18.274  99.990         -51.11        27.10   -0.118       0.063       
2457188.99612  2457188.99755  2015-06-15.4961403  coadd_bb206836 1.73 -1.95 18.511     >18.511  99.990         -93.72        21.78   -0.217       0.050       
2457192.06559  2457192.06727  2015-06-18.5655896  coadd_bb207763 1.80 -1.95 18.534     >18.534  99.990         -43.87        21.32   -0.102       0.049       
2457194.03614  2457194.03798  2015-06-20.5361480  coadd_bb208228 2.00 -1.95 18.890     >18.890  99.990         -24.23        15.36   -0.056       0.036       
2457197.02067  2457197.02276  2015-06-23.5206902  coadd_bb209104 2.06 -1.95 18.603     >18.603  99.990         -24.32        20.01   -0.056       0.046       
2457199.93447  2457199.93678  2015-06-26.4344962  coadd_bb209663 1.59 -1.95 18.677     >18.677  99.990           9.21        18.69   0.021        0.043       
2457201.92846  2457201.93092  2015-06-28.4284839  coadd_bb210268 2.01 -1.95 18.820     >18.820  99.990          41.90        16.39   0.097        0.038       
2457202.91425  2457202.91678  2015-06-29.4142744  coadd_bb210532 2.01 -1.95 18.418     >18.418  99.990         -34.37        23.73   -0.080       0.055       
2457203.92520  2457203.92781  2015-06-30.4252032  coadd_bb210848 1.74 -1.95 17.476     >17.476  99.990         -40.75        56.49   -0.094       0.131       
2457205.97368  2457205.97644  2015-07-02.4736824  coadd_bb211402 1.73 -1.95 17.317     >17.317  99.990         171.45        65.40   0.397        0.151       
2457210.05729  2457210.06034  2015-07-06.5572954  coadd_bb212346 1.72 -1.95 17.945     >17.945  99.990          61.49        36.69   0.142        0.085       
2457212.04010  2457212.04329  2015-07-08.5401068  coadd_bb212779 1.64 -1.95 18.088     >18.088  99.990           4.36        32.15   0.010        0.074       
2457212.93171  2457212.93495  2015-07-09.4317092  coadd_bb212988 1.66 -1.95 18.904     >18.904  99.990          34.39        15.16   0.080        0.035       
2457217.89867  2457217.90223  2015-07-14.3986696  coadd_bb213829 1.74 -1.95 18.335     >18.335  99.990          -8.55        25.62   -0.020       0.059       
2457222.93627  2457222.94013  2015-07-19.4362717  coadd_bb214665 1.70 -1.95 18.397     >18.397  99.990         -44.71        24.18   -0.103       0.056       
2457226.99546  2457226.99954  2015-07-23.4954666  coadd_bb215158 1.70 -1.95 18.962     >18.962  99.990          17.05        14.37   0.039        0.033       
2457229.85031  2457229.85453  2015-07-26.3503090  coadd_bb215954 1.79 -1.95 18.682     >18.682  99.990          -0.33        18.60   -0.001       0.043       
2457230.84701  2457230.85128  2015-07-27.3470141  coadd_bb216210 1.83 -1.95 18.455     >18.455  99.990         -55.60        22.92   -0.129       0.053       
2457233.01504  2457233.01941  2015-07-29.5150438  coadd_bb216895 1.66 -1.95 17.432     >17.432  99.990          10.93        58.80   0.025        0.136       
2457233.99423  2457233.99864  2015-07-30.4942285  coadd_bb217211 2.00 -1.95 17.512     >17.512  99.990          73.72        54.65   0.171        0.126       
2457238.07215  2457238.07673  2015-08-03.5721521  coadd_bb218002 1.68 -1.95 17.675     >17.675  99.990          90.98        47.04   0.211        0.109       
2457239.98190  2457239.98655  2015-08-05.4818969  coadd_bb218210 2.13 -1.95 18.354     >18.354  99.990           7.27        25.16   0.017        0.058       
2457243.04947  2457243.05422  2015-08-08.5494649  coadd_bb219086 1.81 -1.95 18.216     >18.216  99.990          30.67        28.58   0.071        0.066       
2457243.91905  2457243.92384  2015-08-09.4190554  coadd_bb219349 1.77 -1.95 18.560     >18.560  99.990          25.31        20.82   0.059        0.048       
2457245.96172  2457245.96656  2015-08-11.4617185  coadd_bb220047 1.76 -1.95 18.667     >18.667  99.990          21.67        18.86   0.050        0.044       
2457262.90080  2457262.90591  2015-08-28.4008001  coadd_bb222674 1.75 -1.95 17.593     >17.593  99.990          77.91        50.73   0.180        0.117       
2457270.99935  2457271.00444  2015-09-05.4993527  coadd_bb224741 1.68 -1.95 18.302     >18.302  99.990          60.43        26.39   0.140        0.061       
2457273.97897  2457273.98402  2015-09-08.4789699  coadd_bb225538 1.75 -1.95 18.808     >18.808  99.990          37.09        16.56   0.086        0.038       
2457276.96229  2457276.96730  2015-09-11.4622927  coadd_bb226532 2.30 -1.95 19.003     >19.003  99.990           0.23        13.84   0.001        0.032       
2457284.96244  2457284.96727  2015-09-19.4624420  coadd_bb227595 1.86 -1.95 18.641     >18.641  99.990          30.13        19.31   0.070        0.045       
2457290.92454  2457290.92917  2015-09-25.4245383  coadd_bb228799 2.01 -1.95 17.804     >17.804  99.990         -31.27        41.75   -0.072       0.097       
2457296.94691  2457296.95130  2015-10-01.4469142  coadd_bb229694 1.82 -1.95 18.352     >18.352  99.990          29.32        25.21   0.068        0.058       
2457297.84735  2457297.85169  2015-10-02.3473515  coadd_bb229989 1.65 -1.95 18.469     >18.469  99.990          23.83        22.63   0.055        0.052       
2457300.76412  2457300.76832  2015-10-05.2641219  coadd_bb230278 2.16 -1.95 18.571     >18.571  99.990           7.96        20.61   0.018        0.048       
2457303.91002  2457303.91406  2015-10-08.4100203  coadd_bb231330 1.73 -1.95 18.570      18.032  0.222          101.55        20.63   0.235        0.048       
2457304.90559  2457304.90958  2015-10-09.4055958  coadd_bb231712 1.71 -1.95 18.996     >18.996  99.990          -0.37        13.93   -0.001       0.032       
2457305.87381  2457305.87774  2015-10-10.3738091  coadd_bb232095 1.65 -1.95 18.945     >18.945  99.990           3.16        14.60   0.007        0.034       
2457308.80687  2457308.81064  2015-10-13.3068738  coadd_bb232843 1.69 -1.95 18.997     >18.997  99.990         -12.30        13.92   -0.028       0.032       
2457310.79812  2457310.80177  2015-10-15.2981226  coadd_bb233615 1.71 -1.95 18.961     >18.961  99.990          38.55        14.39   0.089        0.033       
2457314.76835  2457314.77174  2015-10-19.2683540  coadd_bb234447 1.59 -1.95 18.303     >18.303  99.990         -30.72        26.37   -0.071       0.061       
2457317.77323  2457317.77642  2015-10-22.2732287  coadd_bb235636 1.81 -1.95 17.696     >17.696  99.990         124.18        46.11   0.287        0.107       
2457319.81690  2457319.81995  2015-10-24.3168998  coadd_bb236603 1.73 -1.95 18.183     >18.183  99.990          36.86        29.44   0.085        0.068       
2457321.73971  2457321.74262  2015-10-26.2397092  coadd_bb237362 1.77 -1.95 17.736     >17.736  99.990          78.06        44.46   0.181        0.103       
2457324.84917  2457324.85185  2015-10-29.3491693  coadd_bb238612 1.73 -1.95 17.938     >17.938  99.990          26.51        36.91   0.061        0.085       
2457327.75636  2457327.75882  2015-11-01.2563582  coadd_bb239050 1.67 -1.95 18.790     >18.790  99.990          44.98        16.84   0.104        0.039       
2457330.82446  2457330.82668  2015-11-04.3244623  coadd_bb240262 2.10 -1.95 18.712     >18.712  99.990          11.80        18.10   0.027        0.042       
2457332.78727  2457332.78933  2015-11-06.2872662  coadd_bb240589 1.64 -1.95 18.739     >18.739  99.990          20.20        17.66   0.047        0.041       
2457334.81604  2457334.81795  2015-11-08.3160427  coadd_bb241297 2.06 -1.95 18.623     >18.623  99.990          40.58        19.64   0.094        0.045       
2457342.70215  2457342.70339  2015-11-16.2021526  coadd_bb242093 2.39 -1.95 18.465     >18.465  99.990         -20.21        22.72   -0.047       0.053       
2457351.76348  2457351.76393  2015-11-25.2634825  coadd_bb243630 1.70 -1.95 17.454     >17.454  99.990          -4.32        57.67   -0.010       0.133       
2457353.74847  2457353.74875  2015-11-27.2484760  coadd_bb243837 1.73 -1.95 17.792     >17.792  99.990         113.74        42.23   0.263        0.098       
2457354.73728  2457354.73747  2015-11-28.2372831  coadd_bb244170 1.74 -1.95 18.511     >18.511  99.990          -4.11        21.78   -0.010       0.050       
2457356.72993  2457356.72995  2015-11-30.2299328  coadd_bb244613 1.99 -1.95 19.137     >19.137  99.990          -8.83        12.24   -0.020       0.028       
2457358.73016  2457358.73000  2015-12-02.2301630  coadd_bb245432 1.71 -1.95 18.942     >18.942  99.990          16.20        14.63   0.037        0.034       
2457360.73036  2457360.73002  2015-12-04.2303576  coadd_bb246301 1.71 -1.95 18.780     >18.780  99.990          12.41        17.00   0.029        0.039       
2457362.73820  2457362.73769  2015-12-06.2382061  coadd_bb247182 1.70 -1.95 19.005     >19.005  99.990           1.00        13.81   0.002        0.032       
2457363.71554  2457363.71494  2015-12-07.2155407  coadd_bb247586 1.71 -1.95 19.031     >19.031  99.990          26.08        13.49   0.060        0.031       
2457364.73101  2457364.73033  2015-12-08.2310185  coadd_bb248035 1.72 -1.95 18.926     >18.926  99.990          14.10        14.86   0.033        0.034       
2457368.70540  2457368.70437  2015-12-12.2054052  coadd_bb249452 1.75 -1.95 18.823     >18.823  99.990          20.24        16.34   0.047        0.038       
2457372.72051  2457372.71913  2015-12-16.2205157  coadd_bb250616 2.09 -1.95 18.526     >18.526  99.990          32.80        21.48   0.076        0.050       
2457488.12886  2457488.12511  2016-04-09.6288652  coadd_bb290183 1.99 -1.95 18.413     >18.413  99.990         -19.53        23.83   -0.045       0.055       
2457491.12597  2457491.12239  2016-04-12.6259678  coadd_bb291339 1.68 -1.95 18.083     >18.083  99.990          14.62        32.30   0.034        0.075       
2457492.11850  2457492.11499  2016-04-13.6185032  coadd_bb291663 2.10 -1.95 18.537     >18.537  99.990          11.82        21.25   0.027        0.049       
2457494.11518  2457494.11180  2016-04-15.6151862  coadd_bb292390 1.75 -1.95 18.767     >18.767  99.990         -19.43        17.20   -0.045       0.040       
2457503.10164  2457503.09887  2016-04-24.6016425  coadd_bb294968 1.64 -1.95 17.790     >17.790  99.990          41.41        42.32   0.096        0.098       
2457508.10804  2457508.10563  2016-04-29.6080444  coadd_bb296770 2.02 -1.95 18.162     >18.162  99.990          -3.27        30.04   -0.008       0.070       
2457511.13185  2457511.12967  2016-05-02.63185  coadd_bb297678 2.01 -1.95 16.713     >16.713  99.990         173.02       114.01   0.400        0.264       
2457512.12078  2457512.11869  2016-05-03.6207856  coadd_bb298040 1.67 -1.95 18.131     >18.131  99.990         -68.64        30.89   -0.159       0.071       
2457513.09336  2457513.09133  2016-05-04.5933567  coadd_bb298390 1.80 -1.95 18.868     >18.868  99.990         -22.72        15.67   -0.053       0.036       
2457521.05833  2457521.05695  2016-05-12.5583289  coadd_bb299767 1.74 -1.95 18.760     >18.760  99.990          16.03        17.31   0.037        0.040       
2457528.03430  2457528.03351  2016-05-19.5343001  coadd_bb301319 1.77 -1.95 17.984     >17.984  99.990         -92.85        35.38   -0.215       0.082       
2457530.04300  2457530.04238  2016-05-21.5430004  coadd_bb302006 1.70 -1.95 17.798     >17.798  99.990          29.37        42.00   0.068        0.097       
2457536.04834  2457536.04823  2016-05-27.5483400  coadd_bb303327 1.66 -1.95 17.920     >17.920  99.990          18.68        37.52   0.043        0.087       
2457536.93069  2457536.93066  2016-05-28.4306906  coadd_bf202560 1.72 -2.33 15.802     >15.802  99.990         317.21       186.32   1.040        0.611       
2457540.06901  2457540.06925  2016-05-31.5690168  coadd_bb304385 1.77 -1.95 18.669     >18.669  99.990        -105.80        18.82   -0.245       0.044       
2457545.06650  2457545.06717  2016-06-05.5665072  coadd_bb305853 1.65 -1.95 18.675     >18.675  99.990         -12.28        18.73   -0.028       0.043       
2457549.99998  2457550.00106  2016-06-10.4999791  coadd_bb307212 1.70 -1.95 18.916     >18.916  99.990           7.47        14.99   0.017        0.035       
2457555.96612  2457555.96770  2016-06-16.4661268  coadd_bb308245 1.77 -1.95 16.524     >16.524  99.990        -378.19       135.77   -0.875       0.314       
2457558.94881  2457558.95063  2016-06-19.4488107  coadd_bb309002 1.68 -1.95 17.675     >17.675  99.990        -136.30        47.04   -0.315       0.109       
2457562.02099  2457562.02305  2016-06-22.5209898  coadd_bb310050 1.65 -1.95 17.709     >17.709  99.990         -16.43        45.59   -0.038       0.106       
2457567.98375  2457567.98627  2016-06-28.4837549  coadd_bb311455 1.66 -1.95 17.290      17.230  0.345          212.71        67.06   0.492        0.155       
2457569.02650  2457569.02910  2016-06-29.5265057  coadd_bb311822 1.76 -1.95 18.560     >18.560  99.990         -68.09        20.82   -0.158       0.048       
2457570.92765  2457570.93039  2016-07-01.4276540  coadd_bb312174 2.02 -1.95 18.502     >18.502  99.990         -78.86        21.96   -0.183       0.051       
2457575.02164  2457575.02467  2016-07-05.5216457  coadd_bb312929 1.67 -1.95 19.116     >19.116  99.990         -12.92        12.47   -0.030       0.029       
2457578.04057  2457578.04380  2016-07-08.5405715  coadd_bb313941 1.81 -1.95 18.760     >18.760  99.990         -56.14        17.31   -0.130       0.040       
2457580.99507  2457580.99850  2016-07-11.4950755  coadd_bb314531 1.72 -1.95 18.830     >18.830  99.990         -23.59        16.23   -0.055       0.038       
2457583.91730  2457583.92091  2016-07-14.4173002  coadd_bb315318 1.75 -1.95 18.302     >18.302  99.990         -79.79        26.40   -0.185       0.061       
2457587.91044  2457587.91428  2016-07-18.4104418  coadd_bb316262 1.70 -1.95 17.945     >17.945  99.990         -70.48        36.66   -0.163       0.085       
2457592.02277  2457592.02684  2016-07-22.5227693  coadd_bb316977 1.79 -1.95 17.729     >17.729  99.990          -9.62        44.73   -0.022       0.104       
2457595.96126  2457595.96552  2016-07-26.4612612  coadd_bb317619 2.05 -1.95 18.369     >18.369  99.990         -34.28        24.81   -0.079       0.057       
2457597.91115  2457597.91551  2016-07-28.4111539  coadd_bb318244 1.74 -1.95 19.023     >19.023  99.990           4.27        13.58   0.010        0.031       
2457601.93976  2457601.94429  2016-08-01.4397671  coadd_bb319340 1.68 -1.95 18.866     >18.866  99.990         -85.55        15.70   -0.198       0.036       
2457605.03206  2457605.03670  2016-08-04.5320565  coadd_bb320394 1.80 -1.95 18.953     >18.953  99.990         -52.88        14.49   -0.122       0.034       
2457607.99801  2457608.00276  2016-08-07.4980164  coadd_bb321353 1.63 -1.95 18.807     >18.807  99.990           7.11        16.58   0.016        0.038       
2457610.87125  2457610.87608  2016-08-10.3712531  coadd_bb322211 1.69 -1.95 18.567     >18.567  99.990          18.43        20.67   0.043        0.048       
2457612.02618  2457612.03105  2016-08-11.5261881  coadd_bb322658 1.66 -1.95 18.876     >18.876  99.990          -5.05        15.56   -0.012       0.036       
2457613.80957  2457613.81447  2016-08-13.3095666  coadd_bb323223 1.67 -1.95 18.243     >18.243  99.990         -28.96        27.88   -0.067       0.065       
2457615.05842  2457615.06335  2016-08-14.5584199  coadd_bb323511 1.68 -1.95 18.697     >18.697  99.990         -27.39        18.35   -0.063       0.042       
2457615.78301  2457615.78797  2016-08-15.2830142  coadd_bb323667 1.72 -1.95 17.859     >17.859  99.990          17.45        39.68   0.040        0.092       
2457618.97686  2457618.98187  2016-08-18.4768590  coadd_bb324683 2.03 -1.95 17.251     >17.251  99.990          19.87        69.48   0.046        0.161       
2457620.83791  2457620.84296  2016-08-20.3379160  coadd_bb325311 1.68 -1.95 17.944     >17.944  99.990         -89.88        36.69   -0.208       0.085       
2457627.02510  2457627.03020  2016-08-26.5251054  coadd_bb326368 1.78 -1.95 18.784     >18.784  99.990         -14.90        16.94   -0.034       0.039       
2457630.97694  2457630.98205  2016-08-30.4769430  coadd_bb327262 1.68 -1.95 19.011     >19.011  99.990         -37.71        13.74   -0.087       0.032       
2457635.58389  2457635.58898  2016-09-04.0838875  coadd_bf230297 1.54 -2.33 18.734     >18.734  99.990          19.27        12.51   0.063        0.041       
2457636.58044  2457636.58553  2016-09-05.0804454  coadd_bf230592 1.43 -2.33 18.635     >18.635  99.990          -3.78        13.71   -0.012       0.045       
2457637.99486  2457637.99993  2016-09-06.4948653  coadd_bb328263 1.73 -1.95 18.863     >18.863  99.990         -64.03        15.74   -0.148       0.036       
2457639.90255  2457639.90760  2016-09-08.4025534  coadd_bb328955 1.67 -1.95 18.713      18.497  0.299           66.20        18.07   0.153        0.042       
2457642.65801  2457642.66301  2016-09-11.1580082  coadd_bf232841 1.41 -2.33 17.854     >17.854  99.990         -67.60        28.13   -0.222       0.092       
2457647.65591  2457647.66081  2016-09-16.1559131  coadd_bf234506 1.61 -2.33 17.179     >17.179  99.990          33.57        52.38   0.110        0.172       
2457650.91429  2457650.91910  2016-09-19.4142939  coadd_bb330380 1.73 -1.95 18.152     >18.152  99.990         -23.73        30.32   -0.055       0.070       
2457651.74454  2457651.74932  2016-09-20.2445460  coadd_bb330641 2.05 -1.95 18.872     >18.872  99.990          10.79        15.62   0.025        0.036       
2457655.53711  2457655.54177  2016-09-24.0371138  coadd_bf236999 1.43 -2.33 18.676     >18.676  99.990         -15.70        13.20   -0.051       0.043       
2457657.84746  2457657.85203  2016-09-26.3474619  coadd_bb332246 1.77 -1.95 18.933     >18.933  99.990          23.86        14.76   0.055        0.034       
2457660.60631  2457660.61077  2016-09-29.1063152  coadd_bf238948 1.48 -2.33 18.479     >18.479  99.990          46.26        15.83   0.152        0.052       
2457661.70731  2457661.71172  2016-09-30.2073158  coadd_bb333159 1.69 -1.95 17.787     >17.787  99.990          38.14        42.42   0.088        0.098       
2457667.91484  2457667.91895  2016-10-06.4148398  coadd_bb334206 1.63 -1.95 18.796     >18.796  99.990         -18.71        16.75   -0.043       0.039       
2457668.82893  2457668.83299  2016-10-07.3289292  coadd_bb334543 1.68 -1.95 18.789     >18.789  99.990          14.86        16.85   0.034        0.039       
2457671.79341  2457671.79730  2016-10-10.2934068  coadd_bb335730 1.71 -1.95 18.470     >18.470  99.990         -99.47        22.61   -0.230       0.052       
2457675.72220  2457675.72587  2016-10-14.2222065  coadd_bb337156 2.19 -1.95 17.682     >17.682  99.990          43.04        46.73   0.100        0.108       
2457678.85821  2457678.86168  2016-10-17.3582081  coadd_bb338491 1.72 -1.95 17.840     >17.840  99.990          25.03        40.39   0.058        0.093       
2457680.76159  2457680.76494  2016-10-19.2615937  coadd_bb338997 1.69 -1.95 18.864     >18.864  99.990           0.52        15.72   0.001        0.036       
2457684.61762  2457684.62070  2016-10-23.1176241  coadd_bf245083 1.42 -2.33 18.545     >18.545  99.990          25.07        14.89   0.082        0.049       
2457687.85862  2457687.86147  2016-10-26.3586173  coadd_bb340937 1.69 -1.95 18.927      18.720  0.301           53.89        14.84   0.125        0.034       
2457689.85339  2457689.85609  2016-10-28.3533921  coadd_bb341756 1.66 -1.95 18.402     >18.402  99.990          45.86        24.07   0.106        0.056       
2457690.84959  2457690.85222  2016-10-29.3495928  coadd_bb342173 1.72 -1.95 18.605     >18.605  99.990         -25.66        19.98   -0.059       0.046       
2457692.76056  2457692.76304  2016-10-31.2605630  coadd_bb342625 1.98 -1.95 18.736     >18.736  99.990          -8.61        17.69   -0.020       0.041       
2457695.83925  2457695.84150  2016-11-03.3392542  coadd_bb343684 1.74 -1.95 18.897     >18.897  99.990         -16.84        15.25   -0.039       0.035       
2457697.82903  2457697.83112  2016-11-05.3290347  coadd_bb344490 1.77 -1.95 18.920     >18.920  99.990          18.97        14.94   0.044        0.035       
2457702.74641  2457702.74809  2016-11-10.2464087  coadd_bb346421 1.67 -1.95 17.983     >17.983  99.990           0.36        35.43   0.001        0.082       
2457704.57985  2457704.58137  2016-11-12.0798466  coadd_bf250236 1.57 -2.33 17.264     >17.264  99.990          49.60        48.44   0.163        0.159       
2457706.78787  2457706.78921  2016-11-14.2878744  coadd_bb348119 1.76 -1.95 17.863     >17.863  99.990          26.79        39.57   0.062        0.092       
2457707.71128  2457707.71254  2016-11-15.2112832  coadd_bb348484 1.79 -1.95 18.166     >18.166  99.990          67.36        29.93   0.156        0.069       
2457710.70685  2457710.70786  2016-11-18.2068539  coadd_bb349689 1.67 -1.95 18.712     >18.712  99.990          28.71        18.09   0.066        0.042       
2457715.54630  2457715.54688  2016-11-23.0462997  coadd_bf252911 1.47 -2.33 18.416     >18.416  99.990          -6.28        16.77   -0.021       0.055       
2457718.76044  2457718.76074  2016-11-26.2604461  coadd_bb351930 2.03 -1.95 18.738     >18.738  99.990          29.35        17.67   0.068        0.041       
2457721.75683  2457721.75686  2016-11-29.2568296  coadd_bb353097 1.85 -1.95 18.997     >18.997  99.990         -12.63        13.92   -0.029       0.032       
2457737.69096  2457737.68961  2016-12-15.1909643  coadd_bb354758 2.08 -1.95 17.837     >17.837  99.990          82.61        40.50   0.191        0.094       
2457848.14268  2457848.13864  2017-04-04.6426771  coadd_bb387919 1.71 -1.95 17.099     >17.099  99.990        -162.77        79.93   -0.377       0.185       
2457849.14290  2457849.13891  2017-04-05.6429006  coadd_bb388293 1.99 -1.95 16.498     >16.498  99.990           1.64       139.08   0.004        0.322       
2457852.13038  2457852.12656  2017-04-08.6303835  coadd_bb389402 1.64 -1.95 18.359     >18.359  99.990          17.54        25.04   0.041        0.058       
2457869.92644  2457869.92377  2017-04-26.4264365  coadd_bf297633 1.47 -2.33 17.262     >17.262  99.990          93.30        48.55   0.306        0.159       
2457871.10271  2457871.10014  2017-04-27.6027171  coadd_bb393726 1.67 -1.95 18.377     >18.377  99.990          -9.19        24.63   -0.021       0.057       
2457877.08537  2457877.08325  2017-05-03.5853752  coadd_bb394299 1.73 -1.95 18.735     >18.735  99.990          -5.62        17.72   -0.013       0.041       
2457881.06826  2457881.06646  2017-05-07.5682663  coadd_bb395731 1.72 -1.95 18.276     >18.276  99.990         -30.04        27.05   -0.070       0.063       
2457886.05449  2457886.05309  2017-05-12.5544910  coadd_bb397105 1.79 -1.95 17.892     >17.892  99.990          38.03        38.51   0.088        0.089       
2457889.89626  2457889.89518  2017-05-16.3962618  coadd_bf304015 1.46 -2.33 17.726     >17.726  99.990          15.22        31.65   0.050        0.104       
2457894.08740  2457894.08667  2017-05-20.5874032  coadd_bb399084 1.69 -1.95 18.398     >18.398  99.990         -35.91        24.17   -0.083       0.056       
2457898.05097  2457898.05058  2017-05-24.5509701  coadd_bb400316 1.70 -1.95 18.546     >18.546  99.990          32.90        21.08   0.076        0.049       
2457905.00789  2457905.00810  2017-05-31.5078908  coadd_bb402256 1.64 -1.95 18.873     >18.873  99.990         -13.21        15.60   -0.031       0.036       
2457908.99855  2457908.99911  2017-06-04.4985539  coadd_bb403467 2.04 -1.95 17.803      17.525  0.283          162.05        41.81   0.375        0.097       
2457910.04814  2457910.04879  2017-06-05.5481483  coadd_bb403727 1.71 -1.95 18.350     >18.350  99.990         -28.73        25.25   -0.067       0.058       
2457914.04167  2457914.04264  2017-06-09.5416659  coadd_bb404971 1.71 -1.95 17.858     >17.858  99.990           7.81        39.74   0.018        0.092       
2457916.81659  2457916.81780  2017-06-12.3165901  coadd_bf312490 1.49 -2.33 17.537     >17.537  99.990        -126.70        37.69   -0.416       0.124       
2457924.99851  2457925.00039  2017-06-20.4985141  coadd_bb406822 2.19 -1.95 19.052     >19.052  99.990         -11.81        13.23   -0.027       0.031       
2457929.04044  2457929.04264  2017-06-24.5404421  coadd_bb408139 1.66 -1.95 18.768     >18.768  99.990          38.59        17.18   0.089        0.040       
2457932.96003  2457932.96253  2017-06-28.4600306  coadd_bb409235 1.99 -1.95 18.929     >18.929  99.990         -39.17        14.81   -0.091       0.034       
2457935.76241  2457935.76512  2017-07-01.2624143  coadd_bf319158 1.43 -2.33 18.532     >18.532  99.990         -16.28        15.07   -0.053       0.049       
2457938.91628  2457938.91922  2017-07-04.4162893  coadd_bb410430 2.02 -1.95 18.254     >18.254  99.990         -63.67        27.59   -0.147       0.064       
2457940.07112  2457940.07413  2017-07-05.5711197  coadd_bb410896 1.81 -1.95 18.930     >18.930  99.990         -28.32        14.81   -0.066       0.034       
2457940.90446  2457940.90753  2017-07-06.4044675  coadd_bb411106 1.75 -1.95 18.095     >18.095  99.990        -116.51        31.93   -0.270       0.074       
2457943.74207  2457943.74533  2017-07-09.2420739  coadd_bf321890 1.55 -2.33 17.702     >17.702  99.990          90.96        32.37   0.298        0.106       
2457947.77377  2457947.77729  2017-07-13.2737778  coadd_bf323684 1.57 -2.33 17.815     >17.815  99.990         -37.06        29.16   -0.122       0.096       
2457952.76345  2457952.76727  2017-07-18.2634586  coadd_bf325439 1.65 -2.33 18.686     >18.686  99.990          33.19        13.08   0.109        0.043       
2457956.86376  2457956.86780  2017-07-22.3637646  coadd_bf326891 1.47 -2.33 18.534     >18.534  99.990          23.33        15.04   0.077        0.049       
2457959.73973  2457959.74392  2017-07-25.2397313  coadd_bf328009 1.46 -2.33 18.715     >18.715  99.990         -26.50        12.73   -0.087       0.042       
2457964.85750  2457964.86193  2017-07-30.3575023  coadd_bb413403 1.68 -1.95 18.755     >18.755  99.990          44.50        17.39   0.103        0.040       
2457966.98943  2457966.99395  2017-08-01.4894405  coadd_bb413861 1.64 -1.95 19.215     >19.215  99.990           0.79        11.39   0.002        0.026       
2457968.67927  2457968.68385  2017-08-03.1792743  coadd_bf331782 1.45 -2.33 17.251     >17.251  99.990          32.89        49.05   0.108        0.161       
2457971.01386  2457971.01853  2017-08-05.5138574  coadd_bb414919 1.79 -1.95 17.383     >17.383  99.990          14.18        61.54   0.033        0.142       
2457971.89994  2457971.90464  2017-08-06.3999424  coadd_bb415194 1.64 -1.95 17.701     >17.701  99.990          -9.41        45.91   -0.022       0.106       
2457974.05811  2457974.06287  2017-08-08.5581148  coadd_bb416020 1.60 -1.95 17.543     >17.543  99.990         125.39        53.09   0.290        0.123       
2457976.80191  2457976.80676  2017-08-11.3019162  coadd_bb416539 1.71 -1.95 18.550     >18.550  99.990          -5.42        21.01   -0.013       0.049       
2457981.03570  2457981.04065  2017-08-15.5357052  coadd_bb418341 1.66 -1.95 18.744     >18.744  99.990         -28.06        17.57   -0.065       0.041       
2457981.94035  2457981.94532  2017-08-16.4403620  coadd_bb418625 1.67 -1.95 18.760     >18.760  99.990         -29.16        17.31   -0.067       0.040       
2457989.01945  2457989.02453  2017-08-23.5194495  coadd_bb420277 1.66 -1.95 18.922     >18.922  99.990          29.89        14.91   0.069        0.035       
2457991.91117  2457991.91628  2017-08-26.4111766  coadd_bb421107 1.74 -1.95 18.986     >18.986  99.990          26.46        14.05   0.061        0.033       
2457996.81472  2457996.81983  2017-08-31.3147336  coadd_bb422293 1.72 -1.95 18.275     >18.275  99.990         -33.27        27.06   -0.077       0.063       
2457999.98292  2457999.98802  2017-09-03.4829258  coadd_bb423439 1.69 -1.95 17.793     >17.793  99.990        -106.41        42.20   -0.246       0.098       
2458002.92717  2458002.93225  2017-09-06.427175  coadd_bb424188 2.02 -1.95 17.480     >17.480  99.990          38.22        56.26   0.088        0.130       
2458004.79178  2458004.79683  2017-09-08.2917869  coadd_bb424640 1.71 -1.95 17.737     >17.737  99.990        -113.95        44.42   -0.264       0.103       
2458009.97985  2458009.98481  2017-09-13.4798524  coadd_bb425664 1.70 -1.95 18.613     >18.613  99.990         -40.05        19.81   -0.093       0.046       
2458010.97524  2458010.98018  2017-09-14.4752409  coadd_bb425940 1.66 -1.95 18.770     >18.770  99.990          35.66        17.15   0.083        0.040       
2458012.96593  2458012.97082  2017-09-16.4659305  coadd_bb426513 1.78 -1.95 19.151     >19.151  99.990         -11.45        12.08   -0.027       0.028       
2458015.96041  2458015.96522  2017-09-19.4604137  coadd_bb427449 2.36 -1.95 18.653     >18.653  99.990         -36.42        19.11   -0.084       0.044       
2458017.89783  2458017.90258  2017-09-21.3978285  coadd_bb427879 1.60 -1.95 19.067     >19.067  99.990         -15.35        13.05   -0.036       0.030       
2458019.94977  2458019.95446  2017-09-23.449775  coadd_bb428625 1.62 -1.95 18.908     >18.908  99.990           0.04        15.10   0.000        0.035       
2458021.93679  2458021.94140  2017-09-25.4367960  coadd_bb429363 1.64 -1.95 18.811     >18.811  99.990           3.82        16.52   0.009        0.038       
2458023.59335  2458023.59790  2017-09-27.0933576  coadd_bf346900 1.49 -2.33 18.318     >18.318  99.990          -2.96        18.36   -0.010       0.060       
2458025.82322  2458025.82768  2017-09-29.3232353  coadd_bb430470 2.16 -1.95 18.447     >18.447  99.990          -4.47        23.10   -0.010       0.053       
2458029.84454  2458029.84881  2017-10-03.3445412  coadd_bb431827 1.70 -1.95 18.016     >18.016  99.990          15.90        34.36   0.037        0.080       
2458034.91022  2458034.91424  2017-10-08.4102328  coadd_bb433136 1.64 -1.95 18.197     >18.197  99.990          24.76        29.09   0.057        0.067       
2458036.63212  2458036.63604  2017-10-10.1321209  coadd_bf350923 1.46 -2.33 18.402     >18.402  99.990          -5.59        16.99   -0.018       0.056       
2458037.63656  2458037.64042  2017-10-11.1365653  coadd_bf351297 1.55 -2.33 18.705     >18.705  99.990          25.36        12.85   0.083        0.042       
2458041.66539  2458041.66901  2017-10-15.1653898  coadd_bf352753 1.59 -2.33 18.358     >18.358  99.990           2.42        17.69   0.008        0.058       
2458043.64737  2458043.65088  2017-10-17.1473839  coadd_bf353313 1.54 -2.33 18.684     >18.684  99.990         -19.27        13.11   -0.063       0.043       
2458065.69708  2458065.69895  2017-11-08.1970791  coadd_bb439905 2.05 -1.95 17.911     >17.911  99.990         -75.01        37.83   -0.174       0.088       
2458067.59533  2458067.59705  2017-11-10.0953368  coadd_bf357413 2.38 -2.33 18.139     >18.139  99.990           9.67        21.64   0.032        0.071       
2458068.58178  2458068.58341  2017-11-11.0817834  coadd_bf357730 1.49 -2.33 18.533     >18.533  99.990          30.07        15.06   0.099        0.049       
2458069.57855  2458069.58010  2017-11-12.0785501  coadd_bf358066 1.41 -2.33 18.600     >18.600  99.990           0.34        14.16   0.001        0.046       
2458070.57811  2458070.57958  2017-11-13.0781321  coadd_bf358404 1.44 -2.33 18.309     >18.309  99.990           4.81        18.50   0.016        0.061       
2458071.50659  2458071.50797  2017-11-14.0065969  coadd_bf358684 1.43 -2.33 17.550     >17.550  99.990         -54.80        37.22   -0.180       0.122       
2458072.51891  2458072.52021  2017-11-15.0189149  coadd_bf359029 1.44 -2.33 18.363     >18.363  99.990         -30.41        17.61   -0.100       0.058       
2458073.54481  2458073.54603  2017-11-16.0448180  coadd_bf359332 1.44 -2.33 18.464     >18.464  99.990          13.62        16.04   0.045        0.053       
2458079.51220  2458079.51290  2017-11-22.0122089  coadd_bf360819 1.51 -2.33 17.568     >17.568  99.990          -6.18        36.63   -0.020       0.120       
2458083.52646  2458083.52680  2017-11-26.0264664  coadd_bf362137 1.60 -2.33 18.070      18.017  0.348           72.64        23.07   0.238        0.076       
2458086.52460  2458086.52468  2017-11-29.0246033  coadd_bf363103 1.50 -2.33 17.715     >17.715  99.990          20.34        31.97   0.067        0.105       
2458091.74236  2458091.74198  2017-12-04.2423609  coadd_bb445434 2.08 -1.95 17.755     >17.755  99.990         -42.20        43.69   -0.098       0.101       
2458096.72769  2458096.72688  2017-12-09.2276976  coadd_bb446469 1.80 -1.95 18.916     >18.916  99.990          27.23        15.00   0.063        0.035       
2458101.71378  2458101.71253  2017-12-14.2137868  coadd_bb447853 2.06 -1.95 19.049     >19.049  99.990          19.41        13.27   0.045        0.031       
2458248.08002  2458248.07836  2018-05-09.5800218  coadd_bb475159 1.66 -1.95 18.586     >18.586  99.990          -7.58        20.33   -0.018       0.047       
2458249.07916  2458249.07757  2018-05-10.5791672  coadd_bb475513 1.67 -1.95 18.585     >18.585  99.990         -47.49        20.34   -0.110       0.047       
2458259.12287  2458259.12213  2018-05-20.6228756  coadd_bb477846 2.15 -1.95 17.467     >17.467  99.990          18.35        56.94   0.042        0.132       
2458267.02661  2458267.02654  2018-05-28.5266057  coadd_bb479412 2.17 -1.95 17.029     >17.029  99.990         189.70        85.27   0.439        0.197       
2458274.12054  2458274.12108  2018-06-04.6205391  coadd_bb480971 1.67 -1.95 17.629     >17.629  99.990          92.06        49.06   0.213        0.114       
2458280.04217  2458280.04321  2018-06-10.5421725  coadd_bb482288 1.67 -1.95 18.756     >18.756  99.990          11.57        17.37   0.027        0.040       
2458281.97712  2458281.97832  2018-06-12.4771236  coadd_bb482850 1.99 -1.95 18.735     >18.735  99.990          21.50        17.72   0.050        0.041       
2458284.02694  2458284.02831  2018-06-14.5269393  coadd_bb483458 1.68 -1.95 18.875     >18.875  99.990           7.42        15.57   0.017        0.036       
2458287.94500  2458287.94670  2018-06-18.4450037  coadd_bb484561 1.67 -1.95 19.066     >19.066  99.990           7.66        13.06   0.018        0.030       
2458289.05361  2458289.05539  2018-06-19.5536152  coadd_bb484765 1.61 -1.95 18.861     >18.861  99.990           6.57        15.78   0.015        0.037       
2458291.94714  2458291.94916  2018-06-22.4471468  coadd_bb485339 1.77 -1.95 18.893     >18.893  99.990          33.00        15.32   0.076        0.035       
2458292.95268  2458292.95477  2018-06-23.4526783  coadd_bb485593 2.07 -1.95 18.704      18.341  0.261           76.45        18.23   0.177        0.042       
2458293.94964  2458293.95182  2018-06-24.4496465  coadd_bb485878 1.67 -1.95 18.250     >18.250  99.990          42.53        27.70   0.098        0.064       
2458296.93385  2458296.93625  2018-06-27.4338575  coadd_bb486634 1.74 -1.95 17.756     >17.756  99.990         -49.64        43.66   -0.115       0.101       
2458298.94784  2458298.95040  2018-06-29.4478539  coadd_bb487295 1.69 -1.95 17.690     >17.690  99.990          68.40        46.38   0.158        0.107       
2458312.01754  2458312.02099  2018-07-12.5175488  coadd_bb490354 1.69 -1.95 18.710     >18.710  99.990         -53.04        18.12   -0.123       0.042       
2458318.88148  2458318.88535  2018-07-19.3814847  coadd_bb491957 1.69 -1.95 18.333     >18.333  99.990          41.68        25.66   0.096        0.059       
2458319.95494  2458319.95887  2018-07-20.4549431  coadd_bb492278 1.64 -1.95 18.629     >18.629  99.990          32.91        19.52   0.076        0.045       
2458323.99402  2458323.99816  2018-07-24.4940232  coadd_bb493649 1.69 -1.95 17.401     >17.401  99.990          73.95        60.51   0.171        0.140       
2458326.00589  2458326.01013  2018-07-26.5058903  coadd_bb494315 2.02 -1.95 17.911     >17.911  99.990          61.17        37.84   0.142        0.088       
2458332.00065  2458332.00516  2018-08-01.5006552  coadd_bb496136 2.43 -1.95 18.169     >18.169  99.990         -68.77        29.83   -0.159       0.069       
2458333.89090  2458333.89548  2018-08-03.3909038  coadd_bb496596 2.00 -1.95 18.611     >18.611  99.990          49.80        19.86   0.115        0.046       
2458336.87860  2458336.88329  2018-08-06.3786052  coadd_bb497471 2.14 -1.95 19.056     >19.056  99.990          -1.50        13.18   -0.003       0.030       
2458343.86977  2458343.87466  2018-08-13.3697699  coadd_bb499178 1.64 -1.95 18.744     >18.744  99.990          43.86        17.57   0.102        0.041       
2458347.63945  2458347.64443  2018-08-17.1394592  coadd_bf430360 1.40 -2.33 18.423     >18.423  99.990           5.51        16.66   0.018        0.055       
2458350.98740  2458350.99244  2018-08-20.4874064  coadd_bb500905 1.63 -1.95 18.356     >18.356  99.990          74.56        25.12   0.173        0.058       
2458361.99568  2458362.00079  2018-08-31.4956812  coadd_bb502667 2.13 -1.95 18.105     >18.105  99.990         -12.93        31.66   -0.030       0.073       
2458362.95612  2458362.96123  2018-09-01.4561185  coadd_bb502884 2.27 -1.95 18.564     >18.564  99.990          50.56        20.74   0.117        0.048       
2458368.72679  2458368.73186  2018-09-07.2267914  coadd_bb503898 1.63 -1.95 17.659     >17.659  99.990         -33.81        47.73   -0.078       0.110       
2458369.56476  2458369.56982  2018-09-08.0647642  coadd_bf438011 1.47 -2.33 18.716     >18.716  99.990         -10.05        12.72   -0.033       0.042       
2458369.72227  2458369.72732  2018-09-08.2222665  coadd_bb504000 1.76 -1.95 17.368     >17.368  99.990          68.28        62.37   0.158        0.144       
2458370.82655  2458370.83159  2018-09-09.3265483  coadd_bb504302 1.69 -1.95 18.842     >18.842  99.990          38.42        16.06   0.089        0.037       
2458371.55807  2458371.56310  2018-09-10.0580765  coadd_bf438811 1.39 -2.33 18.518     >18.518  99.990         -34.98        15.26   -0.115       0.050       
2458371.72093  2458371.72596  2018-09-10.2209322  coadd_bb504606 1.69 -1.95 18.116     >18.116  99.990         -23.33        31.34   -0.054       0.073       
2458373.55856  2458373.56355  2018-09-12.0585619  coadd_bf439612 1.70 -2.33 18.640     >18.640  99.990         -24.61        13.64   -0.081       0.045       
2458377.72767  2458377.73258  2018-09-16.2276726  coadd_bf440974 1.69 -2.33 18.352     >18.352  99.990           9.58        17.79   0.031        0.058       
2458379.76349  2458379.76834  2018-09-18.2634927  coadd_bb506549 2.12 -1.95 18.449     >18.449  99.990         -44.07        23.05   -0.102       0.053       
2458380.56598  2458380.57081  2018-09-19.0659817  coadd_bf442005 1.45 -2.33 17.826     >17.826  99.990         -66.33        28.89   -0.218       0.095       
2458383.70383  2458383.70857  2018-09-22.2038281  coadd_bf443205 1.40 -2.33 17.037     >17.037  99.990         -15.96        59.73   -0.052       0.196       
2458389.94198  2458389.94649  2018-09-28.4419901  coadd_bb509018 2.15 -1.95 16.641     >16.641  99.990        -147.84       121.90   -0.342       0.282       
2458390.92986  2458390.93432  2018-09-29.4298565  coadd_bb509404 2.08 -1.95 18.203     >18.203  99.990          83.45        28.90   0.193        0.067       
2458391.88587  2458391.89029  2018-09-30.3858694  coadd_bb509650 1.73 -1.95 18.093     >18.093  99.990          16.09        32.01   0.037        0.074       
2458408.84195  2458408.84545  2018-10-17.3419466  coadd_bb513071 1.67 -1.95 18.423     >18.423  99.990         -34.08        23.61   -0.079       0.055       
2458416.84654  2458416.84950  2018-10-25.3465438  coadd_bb515099 1.59 -1.95 17.652     >17.652  99.990         -56.42        48.05   -0.131       0.111       
2458423.83640  2458423.83884  2018-11-01.3364127  coadd_bb516449 1.65 -1.95 19.044     >19.044  99.990          21.56        13.33   0.050        0.031       
2458431.79764  2458431.79944  2018-11-09.2976440  coadd_bb518039 1.66 -1.95 18.898      18.536  0.261           63.87        15.25   0.148        0.035       
2458435.80081  2458435.80227  2018-11-13.3008086  coadd_bb519639 1.69 -1.95 18.518     >18.518  99.990          -3.77        21.63   -0.009       0.050       
2458436.77373  2458436.77512  2018-11-14.2737358  coadd_bb520048 1.68 -1.95 18.176     >18.176  99.990         -60.90        29.66   -0.141       0.069       
2458441.74611  2458441.74707  2018-11-19.2461148  coadd_bb520964 1.99 -1.95 17.702     >17.702  99.990          56.74        45.88   0.131        0.106       
2458446.77009  2458446.77061  2018-11-24.2700915  coadd_bb522431 1.67 -1.95 17.625     >17.625  99.990         125.62        49.24   0.291        0.114       
2458447.76504  2458447.76548  2018-11-25.2650458  coadd_bb522857 1.67 -1.95 17.627     >17.627  99.990         -36.01        49.16   -0.083       0.114       
2458449.76113  2458449.76139  2018-11-27.2611293  coadd_bb523718 1.69 -1.95 18.777     >18.777  99.990          47.08        17.05   0.109        0.039       
2458451.75375  2458451.75384  2018-11-29.2537550  coadd_bb524576 1.71 -1.95 18.678      18.667  0.361           56.57        18.67   0.131        0.043       
