###  JD        HJD            UT_date             IMAGE          FWHM  Diff Limit      mag   mag_err       counts     count_err  flux (mJy)    flux_err
2457102.14896  2457102.14610  2015-03-20.6489756  coadd_bb187136 1.70 -2.03 17.216     >17.216  99.990          41.58        66.53   0.104        0.166       
2457102.14896  2457102.14594  2015-03-20.6489781  coadd_ba194783 1.65 -2.04 17.291     >17.291  99.990          68.73        61.58   0.173        0.155       
2457102.14896  2457102.14621  2015-03-20.6489756  coadd_bd099648 1.61 -2.37 17.350     >17.350  99.990          50.44        43.30   0.171        0.147       
2457105.13913  2457105.13643  2015-03-23.6391458  coadd_bd100477 1.65 -2.37 17.795     >17.795  99.990         -22.21        28.73   -0.075       0.097       
2457105.13913  2457105.13634  2015-03-23.6391459  coadd_bb187964 1.79 -2.03 17.853     >17.853  99.990         -33.35        36.98   -0.083       0.092       
2457105.13913  2457105.13617  2015-03-23.6391446  coadd_ba195612 1.69 -2.04 17.457     >17.457  99.990         -50.87        52.88   -0.128       0.133       
2457110.13453  2457110.13170  2015-03-28.6345508  coadd_ba197069 1.66 -2.04 17.126     >17.126  99.990          -5.06        71.74   -0.013       0.181       
2457110.13454  2457110.13194  2015-03-28.6345509  coadd_bd101921 1.50 -2.37 17.458     >17.458  99.990          58.42        39.21   0.198        0.133       
2457111.13668  2457111.13387  2015-03-29.6366936  coadd_ba197417 1.66 -2.04 17.836     >17.836  99.990         -60.42        37.27   -0.152       0.094       
2457111.13668  2457111.13411  2015-03-29.6366944  coadd_bd102269 1.55 -2.37 17.787     >17.787  99.990          20.96        28.95   0.071        0.098       
2457111.13668  2457111.13406  2015-03-29.6366938  coadd_bb189748 1.73 -2.03 17.948     >17.948  99.990         -50.18        33.91   -0.125       0.085       
2457133.07574  2457133.07395  2015-04-20.5757525  coadd_bb195341 1.68 -2.03 17.818     >17.818  99.990         -89.18        38.22   -0.223       0.095       
2457133.07574  2457133.07385  2015-04-20.5757524  coadd_bd107912 1.52 -2.37 17.596     >17.596  99.990         -21.48        34.53   -0.073       0.117       
2457133.07574  2457133.07374  2015-04-20.5757547  coadd_ba203064 1.64 -2.04 17.745     >17.745  99.990          10.50        40.54   0.026        0.102       
2457134.05901  2457134.05726  2015-04-21.5590236  coadd_bb195542 1.78 -2.03 17.745     >17.745  99.990         -30.66        40.87   -0.077       0.102       
2457134.05901  2457134.05716  2015-04-21.5590248  coadd_bd108113 1.59 -2.37 17.781     >17.781  99.990         -75.35        29.11   -0.255       0.099       
2457134.05901  2457134.05705  2015-04-21.5590222  coadd_ba203265 1.71 -2.04 17.668     >17.668  99.990         -36.09        43.52   -0.091       0.110       
2457149.08070  2457149.07947  2015-05-06.5807092  coadd_ba205821 1.69 -2.04 17.132     >17.132  99.990        -127.92        71.33   -0.322       0.179       
2457149.08071  2457149.07969  2015-05-06.5807097  coadd_bb198068 1.78 -2.03 17.339     >17.339  99.990          55.68        59.38   0.139        0.148       
2457149.08071  2457149.07950  2015-05-06.5807096  coadd_bd110665 1.60 -2.37 17.234     >17.234  99.990         -43.80        48.16   -0.149       0.163       
2457156.04129  2457156.04042  2015-05-13.5412848  coadd_ba207546 2.10 -2.04 17.916     >17.916  99.990          20.57        34.63   0.052        0.087       
2457156.04129  2457156.04040  2015-05-13.5412849  coadd_bd112387 1.53 -2.37 17.619     >17.619  99.990          57.46        33.78   0.195        0.115       
2457156.04129  2457156.04063  2015-05-13.5412848  coadd_bb199793 2.04 -2.03 17.535     >17.535  99.990          45.31        49.57   0.113        0.124       
2457161.03885  2457161.03846  2015-05-18.5388525  coadd_bb200731 1.68 -2.03 17.768     >17.768  99.990          85.27        40.01   0.213        0.100       
2457161.03885  2457161.03825  2015-05-18.5388524  coadd_ba208484 1.64 -2.04 17.989     >17.989  99.990        -135.69        32.39   -0.341       0.082       
2457161.03885  2457161.03821  2015-05-18.5388564  coadd_bd113325 1.52 -2.37 17.721     >17.721  99.990         -35.04        30.76   -0.119       0.104       
2457163.02562  2457163.02534  2015-05-20.5256313  coadd_bb201372 1.74 -2.03 17.883      17.202  0.195          202.12        35.98   0.505        0.090       
2457163.02562  2457163.02514  2015-05-20.5256283  coadd_ba209125 1.74 -2.04 17.941      17.913  0.356          104.19        33.86   0.262        0.085       
2457163.02562  2457163.02507  2015-05-20.5256282  coadd_bd113966 1.72 -2.37 17.923     >17.923  99.990         -13.99        25.54   -0.047       0.087       
2457164.06611  2457164.06561  2015-05-21.5661243  coadd_bd114265 1.56 -2.37 17.907     >17.907  99.990          59.70        25.92   0.202        0.088       
2457164.06611  2457164.06569  2015-05-21.5661244  coadd_ba209424 2.01 -2.04 17.859     >17.859  99.990         -62.85        36.52   -0.158       0.092       
2457164.06611  2457164.06589  2015-05-21.5661237  coadd_bb201671 1.74 -2.03 17.970     >17.970  99.990         -69.29        33.21   -0.173       0.083       
2457167.00992  2457167.00957  2015-05-24.5099371  coadd_bd114893 1.51 -2.37 17.928     >17.928  99.990         -69.76        25.42   -0.237       0.086       
2457167.00992  2457167.00966  2015-05-24.5099391  coadd_ba210062 1.75 -2.04 17.794     >17.794  99.990          -6.62        38.75   -0.017       0.098       
2457167.00992  2457167.00986  2015-05-24.5099366  coadd_bb202309 1.65 -2.03 17.599     >17.599  99.990         -54.97        46.73   -0.137       0.117       
2457178.04266  2457178.04300  2015-06-04.5426770  coadd_ba212247 1.71 -2.04 17.031     >17.031  99.990          19.14        78.28   0.048        0.197       
2457178.04266  2457178.04285  2015-06-04.5426763  coadd_bd117076 1.54 -2.37 17.395      17.167  0.296          153.81        41.56   0.522        0.141       
2457178.04266  2457178.04318  2015-06-04.5426775  coadd_bb204472 1.70 -2.03 17.483     >17.483  99.990         -57.18        52.00   -0.143       0.130       
2457182.05884  2457182.05924  2015-06-08.5588521  coadd_bd118285 1.57 -2.37 17.709     >17.709  99.990         -28.14        31.12   -0.095       0.106       
2457182.05884  2457182.05941  2015-06-08.5588523  coadd_ba213457 2.02 -2.04 17.422     >17.422  99.990         -21.68        54.62   -0.055       0.137       
2457182.05884  2457182.05959  2015-06-08.5588523  coadd_bb205682 1.80 -2.03 17.204     >17.204  99.990        -180.99        67.28   -0.452       0.168       
2457183.93799  2457183.93866  2015-06-10.4380023  coadd_ba213839 1.82 -2.04 17.650     >17.650  99.990          35.38        44.27   0.089        0.111       
2457183.93799  2457183.93847  2015-06-10.4380034  coadd_bd118664 1.64 -2.37 17.976     >17.976  99.990          38.45        24.33   0.130        0.082       
2457183.93799  2457183.93883  2015-06-10.4380026  coadd_bb206064 1.73 -2.03 17.712     >17.712  99.990         -30.96        42.14   -0.077       0.105       
2457190.94917  2457190.95038  2015-06-17.4492039  coadd_bb207418 2.21 -2.03 17.651     >17.651  99.990          62.47        44.54   0.156        0.111       
2457190.94917  2457190.95022  2015-06-17.4491998  coadd_ba215439 1.73 -2.04 17.634      17.414  0.298          165.11        44.93   0.416        0.113       
2457190.94917  2457190.95000  2015-06-17.4491995  coadd_bd120035 2.07 -2.37 17.747     >17.747  99.990         -38.67        30.04   -0.131       0.102       
2457193.96603  2457193.96723  2015-06-20.4660391  coadd_ba216204 1.74 -2.04 17.755     >17.755  99.990         -29.50        40.16   -0.074       0.101       
2457193.96603  2457193.96738  2015-06-20.4660406  coadd_bb208183 2.01 -2.03 17.946     >17.946  99.990          43.18        33.97   0.108        0.085       
2457193.96603  2457193.96701  2015-06-20.4660406  coadd_bd120800 1.54 -2.37 17.876     >17.876  99.990         -46.04        26.67   -0.156       0.090       
2457198.01779  2457198.01920  2015-06-24.5178067  coadd_ba217392 2.05 -2.04 17.867     >17.867  99.990         -34.89        36.23   -0.088       0.091       
2457198.01779  2457198.01895  2015-06-24.5178070  coadd_bd121987 1.74 -2.37 17.977     >17.977  99.990          19.89        24.31   0.067        0.082       
2457198.01779  2457198.01934  2015-06-24.5178070  coadd_bb209371 2.26 -2.03 17.866     >17.866  99.990          83.27        36.55   0.208        0.091       
2457201.88367  2457201.88540  2015-06-28.3836990  coadd_bb210240 2.05 -2.03 17.572     >17.572  99.990         -55.53        47.94   -0.139       0.120       
2457201.88368  2457201.88501  2015-06-28.3836984  coadd_bd122856 1.69 -2.37 17.229     >17.229  99.990          53.57        48.38   0.182        0.164       
2457201.88368  2457201.88528  2015-06-28.3836993  coadd_ba218261 1.63 -2.04 17.573     >17.573  99.990         127.45        47.53   0.321        0.120       
2457206.97365  2457206.97560  2015-07-03.4736530  coadd_bb211709 1.73 -2.03 16.939     >16.939  99.990         -19.12        85.86   -0.048       0.214       
2457206.97365  2457206.97521  2015-07-03.4736538  coadd_bd124328 1.57 -2.37 17.318      16.813  0.229          213.03        44.61   0.722        0.151       
2457206.97367  2457206.97551  2015-07-03.4736715  coadd_ba219740 1.66 -2.04 16.795     >16.795  99.990        -270.39        97.28   -0.680       0.245       
2457209.96260  2457209.96428  2015-07-06.4626068  coadd_bd124910 1.72 -2.37 17.705     >17.705  99.990          21.69        31.22   0.074        0.106       
2457209.96260  2457209.96458  2015-07-06.4626054  coadd_ba220332 1.75 -2.04 17.149     >17.149  99.990         -53.39        70.20   -0.134       0.177       
2457209.96260  2457209.96468  2015-07-06.4626061  coadd_bb212290 1.78 -2.03 17.534     >17.534  99.990          90.85        49.62   0.227        0.124       
2457213.02734  2457213.02915  2015-07-09.5273450  coadd_bd125668 1.78 -2.37 17.901      17.470  0.245          116.31        26.06   0.394        0.088       
2457213.02734  2457213.02946  2015-07-09.5273465  coadd_ba221090 1.78 -2.04 17.903     >17.903  99.990         -12.01        35.06   -0.030       0.088       
2457213.02734  2457213.02955  2015-07-09.5273450  coadd_bb213048 1.63 -2.03 17.610     >17.610  99.990           4.00        46.27   0.010        0.116       
2457217.85367  2457217.85598  2015-07-14.3536738  coadd_ba221842 1.73 -2.04 17.748     >17.748  99.990        -108.91        40.46   -0.274       0.102       
2457217.85367  2457217.85606  2015-07-14.3536746  coadd_bb213800 1.99 -2.03 17.915     >17.915  99.990         -26.79        34.96   -0.067       0.087       
2457217.85367  2457217.85566  2015-07-14.3536745  coadd_bd126420 1.49 -2.37 18.037     >18.037  99.990         -38.53        23.01   -0.131       0.078       
2457222.94245  2457222.94462  2015-07-19.4424491  coadd_bd127278 1.68 -2.37 17.974     >17.974  99.990         -31.71        24.38   -0.108       0.083       
2457222.94245  2457222.94501  2015-07-19.4424488  coadd_bb214669 1.71 -2.03 17.778     >17.778  99.990          40.19        39.65   0.100        0.099       
2457222.94245  2457222.94495  2015-07-19.4424481  coadd_ba222711 1.66 -2.04 17.818     >17.818  99.990          81.86        37.91   0.206        0.095       
2457227.94001  2457227.94234  2015-07-24.4400068  coadd_bd128041 1.64 -2.37 17.675     >17.675  99.990          84.88        32.11   0.288        0.109       
2457227.94001  2457227.94268  2015-07-24.4400063  coadd_ba223475 1.61 -2.04 17.625     >17.625  99.990          60.88        45.31   0.153        0.114       
2457227.94001  2457227.94272  2015-07-24.4400092  coadd_bb215433 1.73 -2.03 17.928     >17.928  99.990        -127.80        34.54   -0.319       0.086       
2457233.80371  2457233.80657  2015-07-30.3037090  coadd_ba225136 1.78 -2.04 17.187     >17.187  99.990        -373.63        67.78   -0.940       0.171       
2457233.80371  2457233.80621  2015-07-30.3037097  coadd_bd129692 1.61 -2.37 17.117     >17.117  99.990         -60.20        53.69   -0.204       0.182       
2457233.80371  2457233.80658  2015-07-30.3037101  coadd_bb217083 2.11 -2.03 16.834      16.823  0.362          286.44        94.57   0.715        0.236       
2457241.02898  2457241.03202  2015-08-06.5289792  coadd_ba226547 1.65 -2.04 17.770     >17.770  99.990          22.34        39.64   0.056        0.100       
2457241.02898  2457241.03200  2015-08-06.5289796  coadd_bb218494 1.74 -2.03 17.538     >17.538  99.990          13.84        49.44   0.035        0.123       
2457241.02898  2457241.03166  2015-08-06.5289784  coadd_bd131102 1.55 -2.37 17.890     >17.890  99.990         -60.42        26.34   -0.205       0.089       
2457242.86938  2457242.87210  2015-08-08.3693858  coadd_bd131572 1.64 -2.37 18.158     >18.158  99.990         -25.13        20.56   -0.085       0.070       
2457242.86938  2457242.87246  2015-08-08.3693839  coadd_ba227017 1.73 -2.04 18.022     >18.022  99.990           3.08        31.42   0.008        0.079       
2457242.86939  2457242.87245  2015-08-08.3693913  coadd_bb218964 1.78 -2.03 18.072     >18.072  99.990          53.17        30.23   0.133        0.075       
2457245.82707  2457245.83018  2015-08-11.3270737  coadd_bb219977 1.73 -2.03 18.107     >18.107  99.990         -17.25        29.27   -0.043       0.073       
2457245.82707  2457245.82985  2015-08-11.3270737  coadd_bd132584 1.58 -2.37 17.797     >17.797  99.990          10.16        28.69   0.034        0.097       
2457245.82707  2457245.83021  2015-08-11.3270729  coadd_ba228030 1.68 -2.04 18.025     >18.025  99.990          38.80        31.34   0.098        0.079       
2457246.74480  2457246.74759  2015-08-12.2448008  coadd_bd132859 1.66 -2.37 17.522     >17.522  99.990          97.31        36.96   0.330        0.125       
2457246.74480  2457246.74792  2015-08-12.2448013  coadd_bb220253 2.14 -2.03 17.423     >17.423  99.990          49.70        54.99   0.124        0.137       
2457246.74480  2457246.74795  2015-08-12.2448012  coadd_ba228306 1.78 -2.04 17.368     >17.368  99.990         109.46        57.40   0.275        0.144       
2457249.00480  2457249.00794  2015-08-14.5047961  coadd_bb220933 1.70 -2.03 18.080     >18.080  99.990          25.62        30.02   0.064        0.075       
2457249.00480  2457249.00798  2015-08-14.5047952  coadd_ba228986 1.65 -2.04 17.973     >17.973  99.990          78.49        32.86   0.198        0.083       
2457249.00480  2457249.00762  2015-08-14.5047951  coadd_bd133538 1.59 -2.37 17.794     >17.794  99.990          13.15        28.76   0.045        0.098       
2457250.73687  2457250.74004  2015-08-16.2368725  coadd_bb221088 2.44 -2.03 17.265     >17.265  99.990         -50.71        63.58   -0.127       0.159       
2457250.73687  2457250.73972  2015-08-16.2368722  coadd_bd133693 1.82 -2.37 16.963     >16.963  99.990         -70.98        61.87   -0.241       0.210       
2457250.73687  2457250.74008  2015-08-16.2368722  coadd_ba229141 2.20 -2.04 17.478     >17.478  99.990          -5.30        51.86   -0.013       0.131       
2457255.94954  2457255.95245  2015-08-21.4495386  coadd_bd134355 1.56 -2.37 18.093     >18.093  99.990           2.62        21.84   0.009        0.074       
2457255.94954  2457255.95274  2015-08-21.4495391  coadd_bb221748 1.66 -2.03 17.945      17.530  0.249          149.44        33.98   0.373        0.085       
2457255.94954  2457255.95280  2015-08-21.4495392  coadd_ba229803 1.65 -2.04 18.121     >18.121  99.990         -66.52        28.69   -0.167       0.072       
2457263.84371  2457263.84668  2015-08-29.3437178  coadd_bd135649 1.49 -2.37 16.998     >16.998  99.990          70.92        59.86   0.240        0.203       
2457263.84371  2457263.84693  2015-08-29.3437184  coadd_bb223033 2.02 -2.03 16.637     >16.637  99.990         229.49       113.37   0.573        0.283       
2457263.84371  2457263.84702  2015-08-29.3437177  coadd_ba231099 1.69 -2.04 16.342     >16.342  99.990          30.43       147.59   0.077        0.371       
2457264.90896  2457264.91226  2015-08-30.4089577  coadd_ba231555 1.69 -2.04 16.828     >16.828  99.990         -88.19        94.37   -0.222       0.237       
2457264.90896  2457264.91192  2015-08-30.4089581  coadd_bd136102 1.57 -2.37 17.445     >17.445  99.990          10.35        39.66   0.035        0.134       
2457264.90896  2457264.91217  2015-08-30.4089576  coadd_bb223489 1.69 -2.03 17.152     >17.152  99.990          61.48        70.53   0.154        0.176       
2457270.93840  2457270.94136  2015-09-05.4383995  coadd_bd137288 1.50 -2.37 17.569     >17.569  99.990         -23.66        35.39   -0.080       0.120       
2457270.93840  2457270.94169  2015-09-05.4383994  coadd_ba232742 1.60 -2.04 17.708     >17.708  99.990         -51.97        41.96   -0.131       0.106       
2457270.93840  2457270.94158  2015-09-05.4384002  coadd_bb224676 1.69 -2.03 17.798     >17.798  99.990         -73.24        38.91   -0.183       0.097       
2457274.91003  2457274.91329  2015-09-09.4100328  coadd_ba233892 1.67 -2.04 18.160     >18.160  99.990         -56.31        27.67   -0.142       0.070       
2457274.91003  2457274.91317  2015-09-09.4100334  coadd_bb225825 1.80 -2.03 17.988     >17.988  99.990         -43.46        32.67   -0.109       0.082       
2457274.91003  2457274.91298  2015-09-09.4100335  coadd_bd138437 1.56 -2.37 18.264     >18.264  99.990           2.98        18.67   0.010        0.063       
2457275.72385  2457275.72679  2015-09-10.2238525  coadd_bd138704 1.65 -2.37 17.268     >17.268  99.990         -86.56        46.68   -0.294       0.158       
2457275.72385  2457275.72710  2015-09-10.2238516  coadd_ba234159 2.11 -2.04 17.255     >17.255  99.990         -55.55        63.68   -0.140       0.160       
2457275.72385  2457275.72698  2015-09-10.2238517  coadd_bb226092 2.37 -2.03 17.249     >17.249  99.990          44.80        64.50   0.112        0.161       
2457277.92715  2457277.93024  2015-09-12.4271509  coadd_bb226900 2.00 -2.03 18.166     >18.166  99.990          24.83        27.73   0.062        0.069       
2457277.92715  2457277.93007  2015-09-12.4271504  coadd_bd139512 1.46 -2.37 17.934     >17.934  99.990         -64.67        25.28   -0.219       0.086       
2457277.92715  2457277.93038  2015-09-12.4271506  coadd_ba234967 1.65 -2.04 18.083     >18.083  99.990         -11.08        29.72   -0.028       0.075       
2457296.86888  2457296.87148  2015-10-01.3688851  coadd_bd142289 1.61 -2.37 17.605     >17.605  99.990        -111.83        34.23   -0.379       0.116       
2457296.86888  2457296.87153  2015-10-01.3688851  coadd_bb229677 1.72 -2.03 17.744     >17.744  99.990          86.67        40.91   0.216        0.102       
2457296.86888  2457296.87171  2015-10-01.3688849  coadd_ba237744 1.63 -2.04 17.765     >17.765  99.990         -70.03        39.81   -0.176       0.100       
2457297.72548  2457297.72829  2015-10-02.2254817  coadd_ba237969 1.81 -2.04 18.037     >18.037  99.990         -60.89        30.99   -0.153       0.078       
2457297.72548  2457297.72806  2015-10-02.2254815  coadd_bd142515 1.56 -2.37 18.200     >18.200  99.990          17.07        19.79   0.058        0.067       
2457297.72548  2457297.72811  2015-10-02.2254817  coadd_bb229893 2.11 -2.03 18.092     >18.092  99.990           0.97        29.68   0.002        0.074       
2457303.84731  2457303.84972  2015-10-08.3473118  coadd_bd143914 1.61 -2.37 18.128     >18.128  99.990         -28.09        21.15   -0.095       0.072       
2457303.84731  2457303.84973  2015-10-08.3473114  coadd_bb231281 2.03 -2.03 18.068     >18.068  99.990          -2.28        30.34   -0.006       0.076       
2457303.84731  2457303.84992  2015-10-08.3473112  coadd_ba239378 1.68 -2.04 17.873     >17.873  99.990          38.13        36.04   0.096        0.091       
2457307.80542  2457307.80769  2015-10-12.3054195  coadd_bb232428 2.02 -2.03 18.106     >18.106  99.990         -22.42        29.31   -0.056       0.073       
2457307.80542  2457307.80770  2015-10-12.3054199  coadd_bd145060 1.65 -2.37 17.939     >17.939  99.990          55.42        25.17   0.188        0.085       
2457307.80542  2457307.80788  2015-10-12.3054190  coadd_ba240525 2.03 -2.04 18.015     >18.015  99.990          49.83        31.63   0.125        0.080       
2457311.77856  2457311.78087  2015-10-16.2785653  coadd_ba242042 1.64 -2.04 17.921     >17.921  99.990         -14.30        34.48   -0.036       0.087       
2457311.77856  2457311.78072  2015-10-16.2785662  coadd_bd146577 1.50 -2.37 18.000     >18.000  99.990         -29.46        23.80   -0.100       0.081       
2457311.77856  2457311.78067  2015-10-16.2785653  coadd_bb233945 1.73 -2.03 18.248     >18.248  99.990         -10.24        25.71   -0.026       0.064       
2457315.81106  2457315.81320  2015-10-20.3110636  coadd_ba243120 1.66 -2.04 17.769      17.342  0.246          176.42        39.67   0.444        0.100       
2457315.81106  2457315.81307  2015-10-20.3110643  coadd_bd147645 1.49 -2.37 17.731     >17.731  99.990          48.06        30.48   0.163        0.103       
2457315.81106  2457315.81300  2015-10-20.3110646  coadd_bb235013 1.77 -2.03 17.800      17.512  0.280          151.86        38.85   0.379        0.097       
2457319.77875  2457319.78060  2015-10-24.2787562  coadd_bd149203 1.53 -2.37 17.319     >17.319  99.990         -26.69        44.57   -0.090       0.151       
2457319.77875  2457319.78051  2015-10-24.2787571  coadd_bb236573 1.69 -2.03 17.376     >17.376  99.990         -46.44        57.38   -0.116       0.143       
2457319.77875  2457319.78072  2015-10-24.2787560  coadd_ba244680 1.62 -2.04 17.381     >17.381  99.990          47.68        56.72   0.120        0.143       
2457322.80818  2457322.80979  2015-10-27.3081795  coadd_bb237808 2.05 -2.03 16.815     >16.815  99.990         172.74        96.25   0.431        0.240       
2457322.80818  2457322.81000  2015-10-27.3081797  coadd_ba245915 2.01 -2.04 16.529     >16.529  99.990         -53.00       124.24   -0.133       0.313       
2457322.80818  2457322.80991  2015-10-27.3081796  coadd_bd150437 1.62 -2.37 16.828     >16.828  99.990          27.88        70.03   0.095        0.237       
2457323.78890  2457323.79047  2015-10-28.2889061  coadd_bb238144 1.77 -2.03 17.212     >17.212  99.990         -55.99        66.75   -0.140       0.167       
2457323.78890  2457323.79068  2015-10-28.2889062  coadd_ba246251 1.78 -2.04 17.225     >17.225  99.990          13.05        65.47   0.033        0.165       
2457323.78890  2457323.79060  2015-10-28.2889056  coadd_bd150772 1.68 -2.37 17.499     >17.499  99.990          35.22        37.73   0.119        0.128       
2457327.76782  2457327.76940  2015-11-01.2678178  coadd_ba247166 1.65 -2.04 17.869     >17.869  99.990         -78.20        36.16   -0.197       0.091       
2457327.76782  2457327.76919  2015-11-01.2678185  coadd_bb239059 1.64 -2.03 17.794     >17.794  99.990          11.80        39.07   0.029        0.098       
2457327.76782  2457327.76934  2015-11-01.2678178  coadd_bd151687 1.54 -2.37 17.996     >17.996  99.990         -39.32        23.88   -0.133       0.081       
2457333.76209  2457333.76315  2015-11-07.2620883  coadd_bb240971 1.72 -2.03 18.108     >18.108  99.990          -9.70        29.25   -0.024       0.073       
2457333.76209  2457333.76336  2015-11-07.2620887  coadd_ba249078 1.69 -2.04 18.135     >18.135  99.990           8.23        28.31   0.021        0.071       
2457333.76209  2457333.76334  2015-11-07.2620935  coadd_bd153599 1.56 -2.37 18.089     >18.089  99.990          -2.03        21.93   -0.007       0.074       
2457351.70659  2457351.70688  2015-11-25.2065957  coadd_ba251692 2.00 -2.04 16.297     >16.297  99.990          72.02       153.84   0.181        0.387       
2457351.70785  2457351.70821  2015-11-25.2078502  coadd_bd156201 1.65 -2.37 16.775     >16.775  99.990        -288.75        73.51   -0.979       0.249       
2457351.70785  2457351.70793  2015-11-25.2078501  coadd_bb243586 1.69 -2.03 16.717      16.539  0.310          372.23       105.36   0.929        0.263       
2457353.70287  2457353.70304  2015-11-27.2028692  coadd_ba251908 1.66 -2.04 17.571     >17.571  99.990         -66.65        47.59   -0.168       0.120       
2457353.70287  2457353.70313  2015-11-27.2028692  coadd_bd156416 1.53 -2.37 17.433     >17.433  99.990           3.38        40.10   0.011        0.136       
2457353.70287  2457353.70284  2015-11-27.2028695  coadd_bb243801 1.70 -2.03 17.440     >17.440  99.990        -113.89        54.11   -0.284       0.135       
2457463.15345  2457463.15035  2016-03-15.65345  coadd_ba291290 2.15 -2.04 17.171     >17.171  99.990         101.56        68.79   0.256        0.173       
2457463.15345  2457463.15063  2016-03-15.6534504  coadd_bd195770 1.64 -2.37 17.475     >17.475  99.990          25.96        38.58   0.088        0.131       
2457463.15345  2457463.15050  2016-03-15.6534495  coadd_bb283121 2.14 -2.03 17.117      16.855  0.287          278.19        72.88   0.695        0.182       
2457464.15168  2457464.14888  2016-03-16.6516851  coadd_bd196093 1.47 -2.37 17.686     >17.686  99.990          17.16        31.79   0.058        0.108       
2457464.15168  2457464.14875  2016-03-16.6516842  coadd_bb283444 1.76 -2.03 17.286     >17.286  99.990        -201.32        62.35   -0.503       0.156       
2457464.15168  2457464.14860  2016-03-16.6516847  coadd_ba291613 2.01 -2.04 17.188     >17.188  99.990        -141.52        67.72   -0.356       0.170       
2457466.14269  2457466.13964  2016-03-18.6426892  coadd_ba292212 2.27 -2.04 17.907     >17.907  99.990         -49.17        34.94   -0.124       0.088       
2457466.14269  2457466.13980  2016-03-18.6426908  coadd_bb284043 2.13 -2.03 17.890     >17.890  99.990          26.48        35.76   0.066        0.089       
2457466.14269  2457466.13992  2016-03-18.6426958  coadd_bd196692 1.70 -2.37 17.761     >17.761  99.990         -65.26        29.66   -0.221       0.101       
2457467.13904  2457467.13617  2016-03-19.6390388  coadd_bb284569 2.07 -2.03 17.560     >17.560  99.990          68.03        48.47   0.170        0.121       
2457467.13904  2457467.13601  2016-03-19.6390378  coadd_ba292738 2.17 -2.04 17.542     >17.542  99.990         138.83        48.90   0.349        0.123       
2457467.13904  2457467.13628  2016-03-19.6390384  coadd_bd197218 1.62 -2.37 17.675     >17.675  99.990         -24.18        32.10   -0.082       0.109       
2457484.10772  2457484.10535  2016-04-05.6077163  coadd_bd202308 1.55 -2.37 18.178     >18.178  99.990           2.04        20.20   0.007        0.068       
2457484.10772  2457484.10535  2016-04-05.6077170  coadd_bb289649 1.74 -2.03 17.928     >17.928  99.990         -36.10        34.53   -0.090       0.086       
2457484.10772  2457484.10515  2016-04-05.6077166  coadd_ba297828 1.75 -2.04 17.894     >17.894  99.990         -41.31        35.35   -0.104       0.089       
2457490.09017  2457490.08799  2016-04-11.5901762  coadd_bd203575 1.54 -2.37 18.210     >18.210  99.990           8.98        19.61   0.030        0.067       
2457490.09017  2457490.08783  2016-04-11.5901759  coadd_ba299105 1.80 -2.04 17.971     >17.971  99.990          -7.15        32.92   -0.018       0.083       
2457490.09019  2457490.08805  2016-04-11.5901878  coadd_bb290926 1.83 -2.03 17.758     >17.758  99.990         -86.49        40.38   -0.216       0.101       
2457499.06626  2457499.06441  2016-04-20.5662675  coadd_bd206229 1.56 -2.37 17.204     >17.204  99.990         -12.13        49.52   -0.041       0.168       
2457499.06626  2457499.06429  2016-04-20.5662674  coadd_ba301770 2.03 -2.04 17.062     >17.062  99.990        -114.79        76.07   -0.289       0.191       
2457499.06626  2457499.06451  2016-04-20.5662681  coadd_bb293581 2.00 -2.03 16.900     >16.900  99.990         169.38        88.97   0.423        0.222       
2457504.11053  2457504.10879  2016-04-25.6105344  coadd_ba303543 1.79 -2.04 17.449     >17.449  99.990         -55.49        53.23   -0.140       0.134       
2457504.11053  2457504.10887  2016-04-25.6105346  coadd_bd208002 1.52 -2.37 17.662     >17.662  99.990           4.67        32.48   0.016        0.110       
2457504.11053  2457504.10901  2016-04-25.6105351  coadd_bb295354 1.71 -2.03 17.388     >17.388  99.990          16.58        56.75   0.041        0.142       
2457511.08116  2457511.07976  2016-05-02.5811579  coadd_ba305829 2.04 -2.04 18.008     >18.008  99.990          38.77        31.83   0.098        0.080       
2457511.08116  2457511.07998  2016-05-02.5811586  coadd_bb297639 1.79 -2.03 17.807     >17.807  99.990          -2.12        38.58   -0.005       0.096       
2457511.08116  2457511.07980  2016-05-02.5811584  coadd_bd210288 1.62 -2.37 18.144     >18.144  99.990         -35.53        20.85   -0.120       0.071       
2457522.00564  2457522.00481  2016-05-13.5056390  coadd_ba308187 1.71 -2.04 18.045     >18.045  99.990         -48.77        30.76   -0.123       0.077       
2457522.00564  2457522.00503  2016-05-13.5056401  coadd_bb299997 1.63 -2.03 18.098     >18.098  99.990           5.03        29.52   0.013        0.074       
2457522.00564  2457522.00479  2016-05-13.5056405  coadd_bd212645 1.52 -2.37 17.861     >17.861  99.990         -88.92        27.05   -0.302       0.092       
2457527.98926  2457527.98870  2016-05-19.4892655  coadd_bd213942 1.57 -2.37 17.513     >17.513  99.990         -39.58        37.27   -0.134       0.126       
2457527.98926  2457527.98876  2016-05-19.4892645  coadd_ba309484 1.78 -2.04 17.069     >17.069  99.990         147.12        75.59   0.370        0.190       
2457527.98926  2457527.98897  2016-05-19.4892652  coadd_bb301284 1.78 -2.03 17.530     >17.530  99.990          80.73        49.81   0.202        0.124       
2457538.00397  2457538.00402  2016-05-29.5039663  coadd_ba312035 1.63 -2.04 17.486     >17.486  99.990          38.15        51.46   0.096        0.129       
2457538.00397  2457538.00421  2016-05-29.5039656  coadd_bb303835 1.70 -2.03 17.513     >17.513  99.990          52.06        50.60   0.130        0.126       
2457538.00397  2457538.00390  2016-05-29.5039671  coadd_bd216483 1.54 -2.37 17.573     >17.573  99.990         -54.63        35.26   -0.185       0.120       
2457542.08101  2457542.08148  2016-06-02.5810163  coadd_bb304828 1.67 -2.03 17.885     >17.885  99.990         -72.39        35.93   -0.181       0.090       
2457542.08101  2457542.08115  2016-06-02.5810164  coadd_bd217476 1.57 -2.37 18.007     >18.007  99.990         -25.96        23.64   -0.088       0.080       
2457542.08101  2457542.08129  2016-06-02.5810158  coadd_ba313028 2.05 -2.04 18.162     >18.162  99.990          69.86        27.61   0.176        0.069       
2457550.05256  2457550.05309  2016-06-10.5525666  coadd_bd219899 1.64 -2.37 18.218     >18.218  99.990          15.37        19.47   0.052        0.066       
2457550.05256  2457550.05345  2016-06-10.5525670  coadd_bb307252 1.72 -2.03 18.376      18.220  0.316           79.16        22.85   0.198        0.057       
2457550.05256  2457550.05328  2016-06-10.5525670  coadd_ba315452 1.82 -2.04 18.088     >18.088  99.990         -18.46        29.58   -0.046       0.074       
2457559.09764  2457559.09899  2016-06-19.5976454  coadd_bb309116 1.74 -2.03 17.486     >17.486  99.990           9.48        51.89   0.024        0.130       
2457559.09764  2457559.09861  2016-06-19.5976450  coadd_bd221773 1.60 -2.37 17.472     >17.472  99.990         -48.79        38.69   -0.165       0.131       
2457559.09764  2457559.09884  2016-06-19.5976450  coadd_ba317327 1.67 -2.04 17.317     >17.317  99.990          20.63        60.12   0.052        0.151       
2457574.00670  2457574.00833  2016-07-04.5066989  coadd_bd224983 1.64 -2.37 18.146     >18.146  99.990          32.57        20.79   0.110        0.071       
2457574.00670  2457574.00862  2016-07-04.5066986  coadd_ba320799 1.80 -2.04 18.213     >18.213  99.990           0.13        26.35   0.000        0.066       
2457574.00670  2457574.00872  2016-07-04.5066983  coadd_bb312568 1.98 -2.03 18.248     >18.248  99.990          28.27        25.73   0.071        0.064       
2457577.98743  2457577.98953  2016-07-08.4874322  coadd_ba322131 1.76 -2.04 18.247      18.158  0.336           83.20        25.53   0.209        0.064       
2457577.98743  2457577.98922  2016-07-08.4874325  coadd_bd226315 1.58 -2.37 17.974     >17.974  99.990          -6.01        24.37   -0.020       0.083       
2457577.98743  2457577.98962  2016-07-08.4874332  coadd_bb313900 1.75 -2.03 18.255     >18.255  99.990          42.22        25.56   0.105        0.064       
2457583.96024  2457583.96266  2016-07-14.4602473  coadd_bb315351 1.62 -2.03 17.988     >17.988  99.990         -10.11        32.66   -0.025       0.082       
2457583.96024  2457583.96226  2016-07-14.4602467  coadd_bd227767 1.56 -2.37 18.066     >18.066  99.990          18.38        22.39   0.062        0.076       
2457583.96024  2457583.96259  2016-07-14.4602471  coadd_ba323583 1.70 -2.04 17.419     >17.419  99.990         -88.19        54.77   -0.222       0.138       
2457587.99739  2457587.99955  2016-07-18.4973930  coadd_bd228745 1.61 -2.37 17.572     >17.572  99.990         -23.25        35.28   -0.079       0.120       
2457587.99739  2457587.99989  2016-07-18.4973930  coadd_ba324560 1.71 -2.04 17.320     >17.320  99.990          75.16        60.00   0.189        0.151       
2457587.99739  2457587.99994  2016-07-18.4973928  coadd_bb316329 1.77 -2.03 17.563      17.371  0.306          172.95        48.31   0.432        0.121       
2457595.93823  2457595.94064  2016-07-26.4382333  coadd_bd230017 1.62 -2.37 17.927     >17.927  99.990         -14.09        25.45   -0.048       0.086       
2457595.93823  2457595.94102  2016-07-26.4382331  coadd_bb317601 1.83 -2.03 18.069     >18.069  99.990         -72.29        30.32   -0.181       0.076       
2457595.93823  2457595.94099  2016-07-26.4382327  coadd_ba325832 1.69 -2.04 18.158     >18.158  99.990          -5.27        27.73   -0.013       0.070       
2457598.98264  2457598.98549  2016-07-29.4826380  coadd_ba326819 2.17 -2.04 18.071     >18.071  99.990         -13.88        30.03   -0.035       0.076       
2457598.98264  2457598.98514  2016-07-29.4826390  coadd_bd231004 2.04 -2.37 18.054     >18.054  99.990          22.81        22.64   0.077        0.077       
2457598.98264  2457598.98551  2016-07-29.4826387  coadd_bb318588 2.02 -2.03 18.223     >18.223  99.990          35.42        26.31   0.088        0.066       
2457602.95465  2457602.95761  2016-08-02.4546531  coadd_ba327945 1.67 -2.04 18.284     >18.284  99.990           1.08        24.69   0.003        0.062       
2457602.95465  2457602.95725  2016-08-02.4546539  coadd_bd232120 1.52 -2.37 18.108     >18.108  99.990         -82.95        21.55   -0.281       0.073       
2457602.95465  2457602.95761  2016-08-02.4546537  coadd_bb319714 1.68 -2.03 18.020     >18.020  99.990          16.12        31.71   0.040        0.079       
2457604.86138  2457604.86438  2016-08-04.3613793  coadd_ba328598 1.77 -2.04 18.007     >18.007  99.990          -5.95        31.84   -0.015       0.080       
2457604.86138  2457604.86438  2016-08-04.3613799  coadd_bb320367 1.73 -2.03 18.186     >18.186  99.990         -25.34        27.23   -0.063       0.068       
2457604.86138  2457604.86402  2016-08-04.3613797  coadd_bd232773 1.66 -2.37 18.056     >18.056  99.990           7.10        22.59   0.024        0.077       
2457608.01270  2457608.01542  2016-08-07.5127053  coadd_bd233780 1.56 -2.37 18.098     >18.098  99.990          17.42        21.75   0.059        0.074       
2457608.01270  2457608.01578  2016-08-07.5127050  coadd_ba329605 1.75 -2.04 18.125     >18.125  99.990          24.36        28.59   0.061        0.072       
2457608.01270  2457608.01576  2016-08-07.5127059  coadd_bb321364 1.70 -2.03 18.323     >18.323  99.990         -47.72        23.99   -0.119       0.060       
2457608.79307  2457608.79616  2016-08-08.2930733  coadd_ba329768 1.80 -2.04 17.970     >17.970  99.990          77.86        32.96   0.196        0.083       
2457608.79307  2457608.79580  2016-08-08.2930753  coadd_bd233933 1.63 -2.37 39.249     >39.249  99.990           0.00         0.00   0.000        nan         
2457608.79307  2457608.79614  2016-08-08.2930745  coadd_bb321527 2.06 -2.03 17.811      17.730  0.339          124.31        38.47   0.310        0.096       
2457610.82534  2457610.82811  2016-08-10.3253468  coadd_bd234581 1.53 -2.37 17.719     >17.719  99.990          14.26        30.83   0.048        0.105       
2457610.82534  2457610.82845  2016-08-10.3253464  coadd_bb322175 1.71 -2.03 17.592     >17.592  99.990          55.10        47.03   0.138        0.117       
2457612.97236  2457612.97553  2016-08-12.4723627  coadd_ba331226 2.04 -2.04 17.872     >17.872  99.990         -34.32        36.06   -0.086       0.091       
2457612.97236  2457612.97516  2016-08-12.4723620  coadd_bd235391 1.55 -2.37 17.997     >17.997  99.990         -48.75        23.86   -0.165       0.081       
2457612.97236  2457612.97549  2016-08-12.4723622  coadd_bb322984 1.76 -2.03 18.275     >18.275  99.990         -20.92        25.09   -0.052       0.063       
2457613.77504  2457613.77786  2016-08-13.2750425  coadd_bd235603 1.46 -2.37 17.983     >17.983  99.990           0.19        24.18   0.001        0.082       
2457613.77504  2457613.77818  2016-08-13.2750427  coadd_bb323196 1.76 -2.03 17.725     >17.725  99.990         -27.99        41.61   -0.070       0.104       
2457613.77504  2457613.77822  2016-08-13.2750423  coadd_ba331438 1.62 -2.04 17.312     >17.312  99.990          77.55        60.43   0.195        0.152       
2457617.98267  2457617.98555  2016-08-17.4826758  coadd_bd236723 1.58 -2.37 17.333     >17.333  99.990         -41.06        44.00   -0.139       0.149       
2457617.98267  2457617.98586  2016-08-17.4826759  coadd_bb324316 1.77 -2.03 17.241     >17.241  99.990          34.15        65.02   0.085        0.162       
2457617.98267  2457617.98591  2016-08-17.4826756  coadd_ba332558 1.63 -2.04 17.375     >17.375  99.990         -34.46        57.02   -0.087       0.143       
2457625.97260  2457625.97582  2016-08-25.4726040  coadd_bb326073 1.61 -2.03 18.060     >18.060  99.990          -6.08        30.58   -0.015       0.076       
2457625.97260  2457625.97555  2016-08-25.4726043  coadd_bd238490 1.53 -2.37 17.926     >17.926  99.990         -42.44        25.47   -0.144       0.086       
2457625.97260  2457625.97590  2016-08-25.4726038  coadd_ba334325 1.75 -2.04 17.999      17.852  0.319          110.21        32.09   0.277        0.081       
2457626.96151  2457626.96446  2016-08-26.4615104  coadd_bd238736 1.62 -2.37 18.041     >18.041  99.990          62.77        22.92   0.213        0.078       
2457626.96151  2457626.96481  2016-08-26.4615090  coadd_ba334571 1.75 -2.04 18.080     >18.080  99.990         -57.97        29.80   -0.146       0.075       
2457626.96151  2457626.96472  2016-08-26.4615097  coadd_bb326319 2.01 -2.03 17.902     >17.902  99.990          -3.54        35.36   -0.009       0.088       
2457630.83480  2457630.83802  2016-08-30.3348076  coadd_bb327152 1.67 -2.03 18.059     >18.059  99.990         -58.70        30.60   -0.147       0.076       
2457630.83480  2457630.83811  2016-08-30.3348070  coadd_ba335404 1.63 -2.04 18.073     >18.073  99.990         -33.80        29.97   -0.085       0.075       
2457630.83480  2457630.83777  2016-08-30.3348071  coadd_bd239569 1.54 -2.37 18.069     >18.069  99.990         -99.74        22.33   -0.338       0.076       
2457637.93846  2457637.94173  2016-09-06.4384557  coadd_ba336472 1.63 -2.04 18.070      17.450  0.206          159.66        30.07   0.402        0.076       
2457637.93846  2457637.94141  2016-09-06.4384557  coadd_bd240637 1.51 -2.37 18.218     >18.218  99.990           6.04        19.46   0.020        0.066       
2457637.93846  2457637.94162  2016-09-06.4384562  coadd_bb328220 1.73 -2.03 18.049     >18.049  99.990        -129.18        30.90   -0.323       0.077       
2457643.74220  2457643.74542  2016-09-12.2422003  coadd_ba337632 1.73 -2.04 17.372     >17.372  99.990          86.27        57.16   0.217        0.144       
2457643.74220  2457643.74528  2016-09-12.2421983  coadd_bb329369 1.71 -2.03 17.424     >17.424  99.990         -18.83        54.92   -0.047       0.137       
2457643.74220  2457643.74511  2016-09-12.2421993  coadd_bd241797 1.54 -2.37 17.869     >17.869  99.990           3.67        26.85   0.012        0.091       
2457650.84855  2457650.85165  2016-09-19.3485484  coadd_ba338593 1.60 -2.04 17.487     >17.487  99.990        -159.50        51.42   -0.401       0.129       
2457650.84855  2457650.85137  2016-09-19.3485489  coadd_bd242758 1.51 -2.37 17.735     >17.735  99.990          25.15        30.38   0.085        0.103       
2457650.84855  2457650.85150  2016-09-19.3485484  coadd_bb330329 1.80 -2.03 17.467     >17.467  99.990          77.90        52.77   0.195        0.132       
2457656.88702  2457656.89000  2016-09-25.3870287  coadd_ba340144 1.64 -2.04 18.080     >18.080  99.990          21.32        29.79   0.054        0.075       
2457656.88702  2457656.88983  2016-09-25.3870293  coadd_bb331879 1.68 -2.03 17.935     >17.935  99.990          80.86        34.30   0.202        0.086       
2457656.88702  2457656.88974  2016-09-25.3870295  coadd_bd244308 1.55 -2.37 18.066     >18.066  99.990         -33.05        22.40   -0.112       0.076       
2457658.77815  2457658.78083  2016-09-27.2781564  coadd_bd244940 1.50 -2.37 17.966     >17.966  99.990         -78.20        24.55   -0.265       0.083       
2457658.77815  2457658.78108  2016-09-27.2781560  coadd_ba340777 1.65 -2.04 17.922     >17.922  99.990          36.59        34.45   0.092        0.087       
2457658.77815  2457658.78091  2016-09-27.2781565  coadd_bb332512 1.74 -2.03 18.259     >18.259  99.990         -16.94        25.46   -0.042       0.064       
2457667.82229  2457667.82494  2016-10-06.3222886  coadd_ba342400 1.63 -2.04 18.254     >18.254  99.990          53.39        25.39   0.134        0.064       
2457667.82229  2457667.82475  2016-10-06.3222891  coadd_bb334134 1.69 -2.03 18.062     >18.062  99.990          10.31        30.52   0.026        0.076       
2457667.82229  2457667.82474  2016-10-06.3222888  coadd_bd246563 1.53 -2.37 18.079     >18.079  99.990         -29.48        22.13   -0.100       0.075       
2457670.80558  2457670.80812  2016-10-09.3055783  coadd_ba343601 1.70 -2.04 17.772     >17.772  99.990         -99.46        39.57   -0.250       0.100       
2457670.80558  2457670.80793  2016-10-09.3055781  coadd_bb335334 1.68 -2.03 17.764     >17.764  99.990        -162.91        40.17   -0.407       0.100       
2457670.80558  2457670.80793  2016-10-09.3055773  coadd_bd247764 1.53 -2.37 17.975     >17.975  99.990          15.51        24.35   0.053        0.083       
2457673.82293  2457673.82517  2016-10-12.3229344  coadd_bb336419 1.74 -2.03 17.680     >17.680  99.990          -7.07        43.38   -0.018       0.108       
2457673.82293  2457673.82537  2016-10-12.3229344  coadd_ba344687 1.64 -2.04 17.493     >17.493  99.990         -17.86        51.15   -0.045       0.129       
2457673.82293  2457673.82520  2016-10-12.3229343  coadd_bd248839 1.54 -2.37 17.755     >17.755  99.990          24.37        29.83   0.083        0.101       
2457676.76744  2457676.76960  2016-10-15.2674418  coadd_bd250021 1.61 -2.37 17.164     >17.164  99.990         -55.42        51.37   -0.188       0.174       
2457676.76744  2457676.76976  2016-10-15.2674414  coadd_ba345869 1.68 -2.04 16.834     >16.834  99.990        -162.15        93.87   -0.408       0.236       
2457676.76744  2457676.76956  2016-10-15.2674427  coadd_bb337601 2.03 -2.03 17.066     >17.066  99.990         -69.48        76.37   -0.173       0.191       
2457680.81504  2457680.81720  2016-10-19.3150461  coadd_ba347307 2.02 -2.04 17.493     >17.493  99.990         -44.26        51.16   -0.111       0.129       
2457680.81504  2457680.81706  2016-10-19.3150453  coadd_bd251459 1.53 -2.37 17.723     >17.723  99.990          17.85        30.70   0.061        0.104       
2457680.81504  2457680.81699  2016-10-19.3150461  coadd_bb339039 1.73 -2.03 17.651     >17.651  99.990          63.90        44.55   0.160        0.111       
2457685.79462  2457685.79655  2016-10-24.2946217  coadd_ba348326 2.29 -2.04 17.900     >17.900  99.990         -39.49        35.16   -0.099       0.088       
2457685.79462  2457685.79634  2016-10-24.2946215  coadd_bb340058 2.07 -2.03 17.653     >17.653  99.990         -58.45        44.48   -0.146       0.111       
2457685.79462  2457685.79645  2016-10-24.2946277  coadd_bd252476 1.73 -2.37 17.808     >17.808  99.990         -33.17        28.39   -0.112       0.096       
2457687.79704  2457687.79888  2016-10-26.2970444  coadd_ba349157 1.84 -2.04 18.074     >18.074  99.990         -76.39        29.94   -0.192       0.075       
2457687.79704  2457687.79878  2016-10-26.2970437  coadd_bd253307 1.52 -2.37 17.968     >17.968  99.990          -5.03        24.50   -0.017       0.083       
2457687.79704  2457687.79867  2016-10-26.2970434  coadd_bb340889 1.74 -2.03 18.067     >18.067  99.990         -80.12        30.39   -0.200       0.076       
2457690.78445  2457690.78593  2016-10-29.2844498  coadd_bb342122 1.97 -2.03 18.096     >18.096  99.990         -14.83        29.59   -0.037       0.074       
2457690.78445  2457690.78606  2016-10-29.2844503  coadd_bd254540 1.62 -2.37 17.956     >17.956  99.990          -0.63        24.78   -0.002       0.084       
2457690.78445  2457690.78614  2016-10-29.2844508  coadd_ba350391 2.08 -2.04 18.079     >18.079  99.990         -64.33        29.82   -0.162       0.075       
2457693.77964  2457693.78118  2016-11-01.2796396  coadd_ba351067 1.69 -2.04 18.074     >18.074  99.990          25.13        29.95   0.063        0.075       
2457693.77964  2457693.78097  2016-11-01.2796396  coadd_bb342798 1.72 -2.03 17.879     >17.879  99.990        -117.85        36.12   -0.294       0.090       
2457693.77964  2457693.78112  2016-11-01.2796398  coadd_bd255216 1.56 -2.37 18.173     >18.173  99.990          -6.66        20.29   -0.023       0.069       
2457696.77075  2457696.77210  2016-11-04.2707570  coadd_bd256470 1.54 -2.37 17.945     >17.945  99.990         -18.52        25.04   -0.063       0.085       
2457696.77075  2457696.77214  2016-11-04.2707569  coadd_ba352321 1.65 -2.04 17.852     >17.852  99.990          78.85        36.75   0.198        0.092       
2457696.77075  2457696.77193  2016-11-04.2707572  coadd_bb344052 1.72 -2.03 18.165     >18.165  99.990          78.66        27.75   0.196        0.069       
2457699.74345  2457699.74447  2016-11-07.2434564  coadd_bb345267 1.70 -2.03 17.323     >17.323  99.990          45.21        60.27   0.113        0.150       
2457699.74345  2457699.74469  2016-11-07.2434532  coadd_ba353536 1.69 -2.04 17.045     >17.045  99.990          75.58        77.24   0.190        0.194       
2457699.74345  2457699.74466  2016-11-07.2434543  coadd_bd257684 1.47 -2.37 16.934     >16.934  99.990         -59.39        63.49   -0.201       0.215       
2457701.73154  2457701.73266  2016-11-09.2315393  coadd_bd258403 1.49 -2.37 17.764     >17.764  99.990         -19.13        29.58   -0.065       0.100       
2457701.73154  2457701.73246  2016-11-09.2315392  coadd_bb345985 1.71 -2.03 17.705     >17.705  99.990          -8.55        42.40   -0.021       0.106       
2457701.73154  2457701.73267  2016-11-09.2315388  coadd_ba354255 1.66 -2.04 17.429     >17.429  99.990        -112.55        54.23   -0.283       0.136       
2457704.70014  2457704.70090  2016-11-12.2001449  coadd_bb347201 1.72 -2.03 17.089     >17.089  99.990         -59.93        74.76   -0.150       0.187       
2457704.70014  2457704.70112  2016-11-12.2001450  coadd_bd259618 1.57 -2.37 17.711     >17.711  99.990          24.47        31.05   0.083        0.105       
2457704.70014  2457704.70111  2016-11-12.2001450  coadd_ba355471 1.66 -2.04 17.354     >17.354  99.990          22.24        58.14   0.056        0.146       
2457710.71829  2457710.71893  2016-11-18.2182931  coadd_ba357979 2.02 -2.04 18.071     >18.071  99.990          -4.04        30.02   -0.010       0.076       
2457710.71829  2457710.71897  2016-11-18.2182931  coadd_bd262116 1.70 -2.37 18.160     >18.160  99.990         -22.51        20.54   -0.076       0.070       
2457710.71829  2457710.71872  2016-11-18.2182935  coadd_bb349698 1.84 -2.03 17.832     >17.832  99.990         100.41        37.72   0.251        0.094       
2457716.70291  2457716.70301  2016-11-24.2029145  coadd_bb351270 1.73 -2.03 17.754     >17.754  99.990         -65.27        40.55   -0.163       0.101       
2457716.70291  2457716.70329  2016-11-24.2029136  coadd_bd263688 1.53 -2.37 17.674     >17.674  99.990          65.05        32.14   0.221        0.109       
2457716.70291  2457716.70321  2016-11-24.2029140  coadd_ba359551 1.80 -2.04 17.456     >17.456  99.990          11.28        52.90   0.028        0.133       
2457718.70311  2457718.70339  2016-11-26.2031138  coadd_bd264303 1.56 -2.37 17.773     >17.773  99.990          12.49        29.32   0.042        0.099       
2457718.70311  2457718.70310  2016-11-26.2031141  coadd_bb351885 1.84 -2.03 17.974     >17.974  99.990          68.29        33.09   0.171        0.083       
2457718.70311  2457718.70330  2016-11-26.2031136  coadd_ba360166 1.78 -2.04 18.264      17.930  0.269          102.58        25.15   0.258        0.063       
2457722.70799  2457722.70795  2016-11-30.2079905  coadd_ba361709 2.22 -2.04 18.028      17.898  0.324          105.69        31.24   0.266        0.079       
2457722.70799  2457722.70806  2016-11-30.2079901  coadd_bd265846 1.75 -2.37 17.843     >17.843  99.990         -25.57        27.50   -0.087       0.093       
2457722.70799  2457722.70776  2016-11-30.2079910  coadd_bb353428 2.28 -2.03 18.177     >18.177  99.990          57.79        27.45   0.144        0.069       
2457831.15452  2457831.15147  2017-03-18.6545190  coadd_ba390478 1.75 -2.04 16.282     >16.282  99.990         269.97       156.08   0.679        0.393       
2457831.15452  2457831.15162  2017-03-18.6545189  coadd_bb382173 1.76 -2.03 16.148     >16.148  99.990         279.84       177.90   0.699        0.444       
2457831.15452  2457831.15174  2017-03-18.6545187  coadd_bd294222 1.66 -2.37 16.798     >16.798  99.990         -64.63        72.01   -0.219       0.244       
2457832.13908  2457832.13620  2017-03-19.6390792  coadd_bb382553 2.00 -2.03 17.713     >17.713  99.990         -33.22        42.09   -0.083       0.105       
2457832.13908  2457832.13631  2017-03-19.6390797  coadd_bd294602 1.65 -2.37 17.860     >17.860  99.990         -64.19        27.07   -0.218       0.092       
2457832.13908  2457832.13604  2017-03-19.6390798  coadd_ba390858 1.73 -2.04 17.559     >17.559  99.990           4.05        48.11   0.010        0.121       
2457845.12585  2457845.12315  2017-04-01.6258552  coadd_ba395226 1.65 -2.04 inf     >inf  99.990           0.00         0.00   0.000        nan         
2457845.12585  2457845.12337  2017-04-01.6258545  coadd_bd298965 1.50 -2.37 18.206     >18.206  99.990         -32.54        19.69   -0.110       0.067       
2457845.12585  2457845.12334  2017-04-01.6258555  coadd_bb386919 2.01 -2.03 17.822     >17.822  99.990         -50.84        38.06   -0.127       0.095       
2457848.11491  2457848.11231  2017-04-04.6149153  coadd_ba396205 1.65 -2.04 17.927     >17.927  99.990           8.77        34.30   0.022        0.086       
2457848.11491  2457848.11251  2017-04-04.6149160  coadd_bd299944 1.63 -2.37 18.076     >18.076  99.990           3.09        22.18   0.010        0.075       
2457848.11491  2457848.11250  2017-04-04.6149155  coadd_bb387898 1.75 -2.03 18.016     >18.016  99.990         -28.07        31.85   -0.070       0.080       
2457853.09780  2457853.09554  2017-04-09.5978006  coadd_bd301752 1.63 -2.37 17.746     >17.746  99.990          12.82        30.07   0.043        0.102       
2457853.09780  2457853.09557  2017-04-09.5978017  coadd_bb389704 1.68 -2.03 17.462     >17.462  99.990          29.58        53.05   0.074        0.132       
2457853.09780  2457853.09537  2017-04-09.5978013  coadd_ba398013 1.65 -2.04 17.207     >17.207  99.990         -20.10        66.55   -0.051       0.167       
2457859.11927  2457859.11729  2017-04-15.6192730  coadd_bb391215 2.06 -2.03 17.652     >17.652  99.990          97.23        44.53   0.243        0.111       
2457859.11927  2457859.11722  2017-04-15.6192730  coadd_bd303263 1.58 -2.37 17.521     >17.521  99.990          37.36        37.01   0.127        0.125       
2457859.11927  2457859.11708  2017-04-15.6192733  coadd_ba399525 1.72 -2.04 17.371     >17.371  99.990          66.53        57.22   0.167        0.144       
2457870.08310  2457870.08148  2017-04-26.5831056  coadd_bd305399 1.58 -2.37 18.064     >18.064  99.990          26.87        22.43   0.091        0.076       
2457870.08310  2457870.08161  2017-04-26.5831059  coadd_bb393342 1.78 -2.03 17.822     >17.822  99.990          60.25        38.06   0.150        0.095       
2457870.08311  2457870.08140  2017-04-26.5831108  coadd_ba401662 1.71 -2.04 17.600     >17.600  99.990        -105.06        46.33   -0.264       0.117       
2457877.05904  2457877.05789  2017-05-03.5590427  coadd_bb394279 1.75 -2.03 17.901     >17.901  99.990           0.54        35.41   0.001        0.088       
2457877.05904  2457877.05771  2017-05-03.5590431  coadd_bd306345 1.53 -2.37 17.969     >17.969  99.990         -46.80        24.49   -0.159       0.083       
2457877.05904  2457877.05768  2017-05-03.5590425  coadd_ba402609 1.67 -2.04 18.065     >18.065  99.990        -123.95        30.19   -0.312       0.076       
2457880.03418  2457880.03319  2017-05-06.5341855  coadd_bb395346 1.77 -2.03 17.761     >17.761  99.990         -26.28        40.27   -0.066       0.101       
2457880.03418  2457880.03298  2017-05-06.5341858  coadd_ba403676 1.76 -2.04 17.595     >17.595  99.990          47.52        46.54   0.120        0.117       
2457880.03418  2457880.03299  2017-05-06.5341861  coadd_bd307411 1.64 -2.37 17.770     >17.770  99.990          -1.29        29.42   -0.004       0.100       
2457884.01213  2457884.01113  2017-05-10.5121269  coadd_ba404885 1.80 -2.04 16.912     >16.912  99.990           2.27        87.30   0.006        0.220       
2457884.01213  2457884.01112  2017-05-10.5121267  coadd_bd308617 1.64 -2.37 17.199     >17.199  99.990         -17.72        49.77   -0.060       0.169       
2457884.01213  2457884.01134  2017-05-10.5121276  coadd_bb396555 2.07 -2.03 17.080     >17.080  99.990         -95.88        75.42   -0.239       0.188       
2457890.07305  2457890.07238  2017-05-16.5730530  coadd_ba406057 1.72 -2.04 17.363     >17.363  99.990          72.54        57.63   0.183        0.145       
2457890.07305  2457890.07259  2017-05-16.5730530  coadd_bb397726 1.99 -2.03 17.509     >17.509  99.990         124.39        50.78   0.311        0.127       
2457890.07305  2457890.07233  2017-05-16.5730533  coadd_bd309787 1.58 -2.37 17.771     >17.771  99.990          41.38        29.39   0.140        0.100       
2457894.03504  2457894.03452  2017-05-20.5350476  coadd_bd311113 1.52 -2.37 17.963     >17.963  99.990         -82.92        24.62   -0.281       0.083       
2457894.03504  2457894.03479  2017-05-20.5350471  coadd_bb399044 1.72 -2.03 18.113     >18.113  99.990         -19.10        29.13   -0.048       0.073       
2457894.03504  2457894.03458  2017-05-20.5350471  coadd_ba407386 1.67 -2.04 17.815     >17.815  99.990          26.80        38.01   0.067        0.096       
2457899.04459  2457899.04461  2017-05-25.5445940  coadd_bb400655 1.75 -2.03 17.864     >17.864  99.990        -139.18        36.63   -0.348       0.091       
2457899.04459  2457899.04441  2017-05-25.5445942  coadd_ba409001 1.60 -2.04 17.705      17.604  0.333          138.57        42.06   0.349        0.106       
2457899.04459  2457899.04431  2017-05-25.5445936  coadd_bd312715 1.53 -2.37 17.900     >17.900  99.990         -47.33        26.09   -0.160       0.088       
2457905.95300  2457905.95339  2017-06-01.4530024  coadd_bb402458 1.73 -2.03 17.908     >17.908  99.990        -125.43        35.17   -0.313       0.088       
2457905.95300  2457905.95307  2017-06-01.4530023  coadd_bd314517 1.49 -2.37 17.936     >17.936  99.990           4.76        25.25   0.016        0.086       
2457905.95300  2457905.95320  2017-06-01.4530016  coadd_ba410814 1.66 -2.04 18.022     >18.022  99.990         -65.72        31.42   -0.165       0.079       
2457906.95621  2457906.95632  2017-06-02.4562126  coadd_bd314857 1.53 -2.37 17.822     >17.822  99.990         -15.11        28.03   -0.051       0.095       
2457906.95621  2457906.95665  2017-06-02.4562113  coadd_bb402798 1.66 -2.03 17.544     >17.544  99.990         113.19        49.18   0.283        0.123       
2457906.95621  2457906.95647  2017-06-02.4562119  coadd_ba411154 1.67 -2.04 17.541     >17.541  99.990          16.91        48.95   0.043        0.123       
2457908.02054  2457908.02071  2017-06-03.5205422  coadd_bd315221 1.59 -2.37 18.221     >18.221  99.990           2.03        19.42   0.007        0.066       
2457908.02054  2457908.02086  2017-06-03.5205421  coadd_ba411519 1.70 -2.04 18.157     >18.157  99.990          36.85        27.76   0.093        0.070       
2457908.02054  2457908.02104  2017-06-03.5205410  coadd_bb403162 1.75 -2.03 18.084     >18.084  99.990          11.30        29.91   0.028        0.075       
2457911.03675  2457911.03723  2017-06-06.5367510  coadd_ba412414 1.75 -2.04 inf     >inf  99.990           0.00         0.00   0.000        nan         
2457911.03675  2457911.03741  2017-06-06.5367504  coadd_bb404056 1.71 -2.03 17.601     >17.601  99.990         -70.97        46.65   -0.177       0.116       
2457911.03675  2457911.03707  2017-06-06.5367508  coadd_bd316113 1.56 -2.37 17.782     >17.782  99.990          29.78        29.09   0.101        0.099       
2457915.03410  2457915.03497  2017-06-10.5340984  coadd_bb405302 1.68 -2.03 17.304     >17.304  99.990         -33.03        61.32   -0.082       0.153       
2457915.03410  2457915.03480  2017-06-10.5340990  coadd_ba413661 1.63 -2.04 16.803     >16.803  99.990          91.89        96.58   0.231        0.243       
2457915.03410  2457915.03461  2017-06-10.5340980  coadd_bd317359 1.58 -2.37 17.738     >17.738  99.990         -48.34        30.29   -0.164       0.103       
2457925.01002  2457925.01102  2017-06-20.5100252  coadd_bd318887 2.06 -2.37 18.105     >18.105  99.990           3.47        21.60   0.012        0.073       
2457925.01002  2457925.01126  2017-06-20.5100292  coadd_ba415191 2.28 -2.04 18.201     >18.201  99.990          63.07        26.65   0.159        0.067       
2457925.01003  2457925.01141  2017-06-20.5100281  coadd_bb406831 2.34 -2.03 17.799     >17.799  99.990        -160.62        38.88   -0.401       0.097       
2457926.00261  2457926.00365  2017-06-21.5026150  coadd_bd319190 1.58 -2.37 18.057      17.722  0.268           92.25        22.58   0.313        0.077       
2457926.00262  2457926.00390  2017-06-21.5026152  coadd_ba415495 1.73 -2.04 18.007     >18.007  99.990          50.21        31.87   0.126        0.080       
2457926.00262  2457926.00404  2017-06-21.5026158  coadd_bb407133 1.72 -2.03 18.244     >18.244  99.990         -34.28        25.81   -0.086       0.064       
2457930.01365  2457930.01513  2017-06-25.5136502  coadd_ba416742 1.58 -2.04 17.975     >17.975  99.990        -160.07        32.81   -0.403       0.083       
2457930.01365  2457930.01526  2017-06-25.5136516  coadd_bb408378 1.67 -2.03 17.972     >17.972  99.990          18.64        33.15   0.047        0.083       
2457930.01365  2457930.01487  2017-06-25.5136512  coadd_bd320432 1.50 -2.37 17.928     >17.928  99.990           7.50        25.43   0.025        0.086       
2457933.93456  2457933.93635  2017-06-29.4345604  coadd_bb409425 2.39 -2.03 18.202     >18.202  99.990          33.56        26.83   0.084        0.067       
2457933.93456  2457933.93596  2017-06-29.4345604  coadd_bd321488 2.15 -2.37 18.147     >18.147  99.990         -22.25        20.77   -0.075       0.070       
2457937.86479  2457937.86636  2017-07-03.3647953  coadd_bd322225 1.54 -2.37 17.964     >17.964  99.990         -10.87        24.60   -0.037       0.083       
2457937.86479  2457937.86676  2017-07-03.3647953  coadd_bb410162 1.71 -2.03 17.672     >17.672  99.990         -40.45        43.70   -0.101       0.109       
2457937.86479  2457937.86665  2017-07-03.3647951  coadd_ba418540 1.71 -2.04 17.626     >17.626  99.990         -48.71        45.25   -0.123       0.114       
2457939.09120  2457939.09322  2017-07-04.5912133  coadd_bb410564 2.05 -2.03 18.022     >18.022  99.990          60.16        31.67   0.150        0.079       
2457939.09121  2457939.09313  2017-07-04.5912134  coadd_ba418942 2.17 -2.04 18.159     >18.159  99.990          52.21        27.70   0.131        0.070       
2457939.09121  2457939.09284  2017-07-04.5912141  coadd_bd322625 1.70 -2.37 18.258     >18.258  99.990          -2.44        18.76   -0.008       0.064       
2457939.85429  2457939.85594  2017-07-05.3542905  coadd_bd322792 1.68 -2.37 17.604     >17.604  99.990          39.77        34.26   0.135        0.116       
2457939.85429  2457939.85634  2017-07-05.3542918  coadd_bb410731 2.00 -2.03 17.386     >17.386  99.990          23.78        56.89   0.059        0.142       
2457939.85429  2457939.85624  2017-07-05.3542903  coadd_ba419109 1.77 -2.04 17.022     >17.022  99.990          84.81        78.89   0.213        0.199       
2457942.93814  2457942.94023  2017-07-08.4381483  coadd_ba420174 1.68 -2.04 17.140     >17.140  99.990         -41.20        70.80   -0.104       0.178       
2457942.93814  2457942.93992  2017-07-08.4381489  coadd_bd323855 1.56 -2.37 17.655     >17.655  99.990         -89.09        32.68   -0.302       0.111       
2457946.08982  2457946.09172  2017-07-11.5898234  coadd_bd324972 1.65 -2.37 17.623     >17.623  99.990          -3.48        33.66   -0.012       0.114       
2457946.08982  2457946.09204  2017-07-11.5898230  coadd_ba421292 2.01 -2.04 17.474     >17.474  99.990         -89.35        52.06   -0.225       0.131       
2457950.03590  2457950.03828  2017-07-15.5359127  coadd_ba422195 1.79 -2.04 17.740     >17.740  99.990        -137.17        40.75   -0.345       0.103       
2457950.03590  2457950.03795  2017-07-15.5359123  coadd_bd325875 1.60 -2.37 18.122     >18.122  99.990          -1.94        21.26   -0.007       0.072       
2457955.85459  2457955.85723  2017-07-21.3545938  coadd_bb411586 1.70 -2.03 17.898     >17.898  99.990         -71.49        35.51   -0.179       0.089       
2457955.85459  2457955.85719  2017-07-21.3545942  coadd_ba422899 1.66 -2.04 18.151      17.772  0.257          118.68        27.89   0.299        0.070       
2457959.98026  2457959.98298  2017-07-25.4802674  coadd_ba423639 1.67 -2.04 17.975     >17.975  99.990         -34.67        32.82   -0.087       0.083       
2457959.98026  2457959.98302  2017-07-25.4802675  coadd_bb412326 1.70 -2.03 18.109     >18.109  99.990         -51.12        29.23   -0.128       0.073       
2457959.98026  2457959.98264  2017-07-25.4802678  coadd_bd327309 1.57 -2.37 18.181     >18.181  99.990           7.07        20.14   0.024        0.068       
2457962.98825  2457962.99072  2017-07-28.4882545  coadd_bd328169 1.73 -2.37 16.955     >16.955  99.990         -25.92        62.29   -0.088       0.211       
2457962.98825  2457962.99109  2017-07-28.4882546  coadd_bb413196 2.03 -2.03 16.955     >16.955  99.990         208.71        84.56   0.521        0.211       
2457964.86134  2457964.86421  2017-07-30.3613422  coadd_ba424719 1.67 -2.04 17.839     >17.839  99.990         -95.62        37.18   -0.241       0.094       
2457964.86134  2457964.86423  2017-07-30.3613420  coadd_bb413406 1.75 -2.03 18.006      17.789  0.299          117.67        32.14   0.294        0.080       
2457964.86134  2457964.86386  2017-07-30.3613421  coadd_bd328379 1.52 -2.37 17.948     >17.948  99.990          45.08        24.96   0.153        0.085       
2457969.83572  2457969.83872  2017-08-04.3357233  coadd_ba425735 1.72 -2.04 17.646     >17.646  99.990         -14.83        44.42   -0.037       0.112       
2457969.83572  2457969.83872  2017-08-04.3357233  coadd_bb414421 1.67 -2.03 17.723     >17.723  99.990           4.10        41.69   0.010        0.104       
2457969.83572  2457969.83836  2017-08-04.3357256  coadd_bd329395 1.51 -2.37 17.811     >17.811  99.990          -0.98        28.31   -0.003       0.096       
2457972.00958  2457972.01262  2017-08-06.5095947  coadd_bb415276 1.68 -2.03 16.941     >16.941  99.990        -145.43        85.67   -0.363       0.214       
2457972.00959  2457972.01264  2017-08-06.5095952  coadd_ba426592 1.67 -2.04 16.445     >16.445  99.990          35.39       134.23   0.089        0.338       
2457972.00960  2457972.01228  2017-08-06.5095959  coadd_bd330252 1.58 -2.37 17.428     >17.428  99.990          78.07        40.30   0.265        0.137       
2457975.00121  2457975.00396  2017-08-09.5012167  coadd_bd331312 1.62 -2.37 17.233     >17.233  99.990         -77.70        48.23   -0.263       0.164       
2457975.00121  2457975.00430  2017-08-09.5012173  coadd_bb416338 1.67 -2.03 17.230     >17.230  99.990        -103.45        65.67   -0.258       0.164       
2457975.00121  2457975.00432  2017-08-09.5012164  coadd_ba427654 1.67 -2.04 17.217     >17.217  99.990         128.94        65.93   0.324        0.166       
2457977.93472  2457977.93785  2017-08-12.4347291  coadd_bb417195 1.76 -2.03 17.418     >17.418  99.990        -114.19        55.24   -0.285       0.138       
2457977.93473  2457977.93789  2017-08-12.4347292  coadd_ba428511 1.69 -2.04 17.626     >17.626  99.990         -89.43        45.23   -0.225       0.114       
2457977.93473  2457977.93753  2017-08-12.4347291  coadd_bd332166 1.56 -2.37 17.526     >17.526  99.990         -19.65        36.82   -0.067       0.125       
2457979.87075  2457979.87358  2017-08-14.3707606  coadd_bd332828 1.52 -2.37 18.332     >18.332  99.990          19.96        17.53   0.068        0.059       
2457979.87075  2457979.87390  2017-08-14.3707599  coadd_bb417857 1.68 -2.03 18.053     >18.053  99.990          24.49        30.77   0.061        0.077       
2457979.87076  2457979.87395  2017-08-14.3707601  coadd_ba429173 1.63 -2.04 18.072     >18.072  99.990          -7.63        30.00   -0.019       0.076       
2457982.91350  2457982.91674  2017-08-17.4135085  coadd_ba430272 1.65 -2.04 17.862     >17.862  99.990         -95.61        36.41   -0.241       0.092       
2457982.91351  2457982.91669  2017-08-17.4135084  coadd_bb418956 1.66 -2.03 17.666     >17.666  99.990           8.32        43.95   0.021        0.110       
2457982.91351  2457982.91638  2017-08-17.4135094  coadd_bd333925 1.62 -2.37 18.034     >18.034  99.990          55.70        23.07   0.189        0.078       
2457983.73685  2457983.74009  2017-08-18.2368516  coadd_ba430495 1.74 -2.04 17.926      17.741  0.309          122.15        34.31   0.307        0.086       
2457983.73685  2457983.74003  2017-08-18.2368505  coadd_bb419179 1.79 -2.03 17.448     >17.448  99.990         -95.32        53.74   -0.238       0.134       
2457983.73685  2457983.73973  2017-08-18.2368516  coadd_bd334148 1.72 -2.37 17.725     >17.725  99.990          11.11        30.67   0.038        0.104       
2457987.98457  2457987.98785  2017-08-22.4845841  coadd_ba431324 1.67 -2.04 18.044     >18.044  99.990          40.85        30.79   0.103        0.077       
2457987.98458  2457987.98779  2017-08-22.4845847  coadd_bb420007 1.78 -2.03 18.076     >18.076  99.990          68.41        30.11   0.171        0.075       
2457987.98458  2457987.98751  2017-08-22.4845844  coadd_bd334967 1.61 -2.37 18.380     >18.380  99.990         -18.67        16.76   -0.063       0.057       
2457990.88940  2457990.89262  2017-08-25.3894054  coadd_bb420887 2.17 -2.03 18.089     >18.089  99.990          16.79        29.77   0.042        0.074       
2457990.88940  2457990.89235  2017-08-25.3894052  coadd_bd335848 2.10 -2.37 18.190     >18.190  99.990           4.86        19.97   0.016        0.068       
2457990.89196  2457990.89526  2017-08-25.3919621  coadd_ba432208 2.45 -2.04 17.738     >17.738  99.990        -127.67        40.83   -0.321       0.103       
2457995.80953  2457995.81284  2017-08-30.3095385  coadd_ba433247 1.76 -2.04 17.843      17.377  0.238          170.80        37.06   0.430        0.093       
2457995.80953  2457995.81275  2017-08-30.3095386  coadd_bb421916 1.72 -2.03 17.974     >17.974  99.990          38.99        33.09   0.097        0.083       
2457995.80953  2457995.81250  2017-08-30.3095391  coadd_bd336889 1.58 -2.37 17.634     >17.634  99.990           9.64        33.34   0.033        0.113       
2458000.83947  2458000.84276  2017-09-04.3394761  coadd_ba435022 1.80 -2.04 17.547     >17.547  99.990        -137.88        48.67   -0.347       0.122       
2458000.83947  2458000.84265  2017-09-04.3394761  coadd_bb423689 2.02 -2.03 17.256     >17.256  99.990         -40.66        64.14   -0.102       0.160       
2458000.83947  2458000.84243  2017-09-04.3394759  coadd_bd338660 1.58 -2.37 17.511     >17.511  99.990          80.49        37.33   0.273        0.127       
2458001.90182  2458001.90511  2017-09-05.4018291  coadd_ba435181 1.78 -2.04 16.807     >16.807  99.990         -95.44        96.21   -0.240       0.242       
2458001.90182  2458001.90478  2017-09-05.4018290  coadd_bd338819 1.73 -2.37 17.422     >17.422  99.990          28.29        40.52   0.096        0.137       
2458001.90183  2458001.90500  2017-09-05.4018281  coadd_bb423848 1.96 -2.03 17.290     >17.290  99.990         -45.69        62.11   -0.114       0.155       
2458002.80932  2458002.81228  2017-09-06.3093270  coadd_bd339075 1.68 -2.37 17.448     >17.448  99.990         -35.14        39.55   -0.119       0.134       
2458002.80932  2458002.81260  2017-09-06.3093281  coadd_ba435438 2.02 -2.04 16.778     >16.778  99.990          93.86        98.78   0.236        0.249       
2458002.80932  2458002.81249  2017-09-06.3093268  coadd_bb424104 2.08 -2.03 16.956     >16.956  99.990         188.97        84.53   0.472        0.211       
2458003.85085  2458003.85380  2017-09-07.3508519  coadd_bd339424 1.72 -2.37 17.369     >17.369  99.990        -137.70        42.53   -0.467       0.144       
2458003.85085  2458003.85412  2017-09-07.3508512  coadd_ba435787 2.18 -2.04 17.091     >17.091  99.990         -22.64        74.06   -0.057       0.186       
2458003.85085  2458003.85400  2017-09-07.3508517  coadd_bb424451 2.04 -2.03 16.411      15.825  0.213          718.13       139.68   1.793        0.349       
2458008.85526  2458008.85848  2017-09-12.3552658  coadd_ba436601 1.66 -2.04 17.813     >17.813  99.990         -29.83        38.10   -0.075       0.096       
2458008.85526  2458008.85818  2017-09-12.3552658  coadd_bd340238 1.55 -2.37 17.934     >17.934  99.990          17.63        25.29   0.060        0.086       
2458008.85526  2458008.85835  2017-09-12.3552664  coadd_bb425264 1.72 -2.03 18.097     >18.097  99.990           8.72        29.56   0.022        0.074       
2458009.81994  2458009.82284  2017-09-13.3199422  coadd_bd340517 1.62 -2.37 18.166      18.113  0.348           64.32        20.43   0.218        0.069       
2458009.81994  2458009.82315  2017-09-13.3199431  coadd_ba436880 1.80 -2.04 18.182     >18.182  99.990          -5.92        27.12   -0.015       0.068       
2458009.81994  2458009.82301  2017-09-13.3199432  coadd_bb425543 2.06 -2.03 18.070     >18.070  99.990           0.04        30.30   0.000        0.076       
2458012.89026  2458012.89342  2017-09-16.3902598  coadd_ba437795 1.69 -2.04 17.573     >17.573  99.990          93.79        47.50   0.236        0.120       
2458012.89026  2458012.89313  2017-09-16.3902606  coadd_bd341429 1.51 -2.37 17.715     >17.715  99.990         -34.36        30.93   -0.117       0.105       
2458012.89026  2458012.89328  2017-09-16.3902609  coadd_bb426455 1.77 -2.03 17.443     >17.443  99.990         -65.92        53.99   -0.165       0.135       
2458013.91215  2458013.91501  2017-09-17.4121612  coadd_bd341803 1.53 -2.37 18.020     >18.020  99.990          -1.86        23.35   -0.006       0.079       
2458013.91215  2458013.91515  2017-09-17.4121605  coadd_bb426828 1.98 -2.03 17.942     >17.942  99.990         -48.43        34.09   -0.121       0.085       
2458013.91216  2458013.91530  2017-09-17.4121612  coadd_ba438169 1.60 -2.04 17.839     >17.839  99.990         -18.76        37.18   -0.047       0.094       
2458017.89110  2458017.89402  2017-09-21.3911059  coadd_bb427874 1.70 -2.03 17.646     >17.646  99.990        -133.92        44.76   -0.334       0.112       
2458017.89110  2458017.89390  2017-09-21.3911062  coadd_bd342851 1.58 -2.37 17.656     >17.656  99.990          25.17        32.66   0.085        0.111       
2458017.89110  2458017.89418  2017-09-21.3911052  coadd_ba439218 1.65 -2.04 17.600     >17.600  99.990         -54.72        46.36   -0.138       0.117       
2458018.76685  2458018.76974  2017-09-22.2668557  coadd_bb428120 1.70 -2.03 18.185     >18.185  99.990          22.81        27.26   0.057        0.068       
2458018.76685  2458018.76963  2017-09-22.2668555  coadd_bd343098 1.58 -2.37 18.071     >18.071  99.990          10.30        22.29   0.035        0.076       
2458018.76685  2458018.76990  2017-09-22.2668556  coadd_ba439465 1.60 -2.04 17.991     >17.991  99.990           9.81        32.33   0.025        0.081       
2458022.71786  2458022.72081  2017-09-26.2178634  coadd_ba440937 1.75 -2.04 17.855     >17.855  99.990          68.38        36.65   0.172        0.092       
2458022.71786  2458022.72065  2017-09-26.2178633  coadd_bb429590 1.81 -2.03 17.965     >17.965  99.990          60.26        33.37   0.150        0.083       
2458022.71786  2458022.72057  2017-09-26.2178634  coadd_bd344570 1.52 -2.37 18.234     >18.234  99.990          38.17        19.19   0.129        0.065       
2458023.85604  2458023.85880  2017-09-27.3560444  coadd_bb430030 1.80 -2.03 17.929     >17.929  99.990           8.21        34.48   0.021        0.086       
2458023.85604  2458023.85897  2017-09-27.3560450  coadd_ba441370 1.69 -2.04 17.829     >17.829  99.990           8.04        37.54   0.020        0.094       
2458023.85605  2458023.85873  2017-09-27.3560461  coadd_bd345011 1.54 -2.37 17.824     >17.824  99.990         -38.46        27.98   -0.130       0.095       
2458028.82636  2458028.82892  2017-10-02.3263629  coadd_bd346521 1.56 -2.37 17.845     >17.845  99.990         -46.87        27.44   -0.159       0.093       
2458028.82636  2458028.82897  2017-10-02.3263626  coadd_bb431530 1.64 -2.03 17.378     >17.378  99.990        -214.20        57.28   -0.535       0.143       
2458028.82636  2458028.82916  2017-10-02.3263628  coadd_ba442880 1.70 -2.04 17.183     >17.183  99.990          70.72        68.02   0.178        0.171       
2458034.85320  2458034.85560  2017-10-08.3532100  coadd_bd348081 1.64 -2.37 17.383     >17.383  99.990         -42.35        42.00   -0.144       0.142       
2458034.85320  2458034.85560  2017-10-08.3532103  coadd_bb433092 1.66 -2.03 17.297     >17.297  99.990         -37.40        61.73   -0.093       0.154       
2458034.85321  2458034.85580  2017-10-08.3532101  coadd_ba444442 1.80 -2.04 17.081     >17.081  99.990         -29.47        74.72   -0.074       0.188       
2458036.76723  2458036.76957  2017-10-10.2672358  coadd_bd348333 1.57 -2.37 17.995     >17.995  99.990          48.38        23.90   0.164        0.081       
2458036.76723  2458036.76956  2017-10-10.2672351  coadd_bb433344 1.77 -2.03 18.051      17.113  0.154          219.39        30.83   0.548        0.077       
2458036.76723  2458036.76976  2017-10-10.2672358  coadd_ba444694 1.67 -2.04 17.867     >17.867  99.990         -14.83        36.26   -0.037       0.091       
2458037.76266  2458037.76515  2017-10-11.2626712  coadd_ba445095 1.64 -2.04 18.198     >18.198  99.990         -40.94        26.73   -0.103       0.067       
2458037.76266  2458037.76497  2017-10-11.2626716  coadd_bd348734 1.50 -2.37 18.248      18.078  0.312           66.43        18.94   0.225        0.064       
2458037.76267  2458037.76496  2017-10-11.2626714  coadd_bb433744 1.80 -2.03 17.994     >17.994  99.990          36.11        32.48   0.090        0.081       
2458075.73014  2458075.73078  2017-11-18.2301378  coadd_ba454152 1.65 -2.04 18.021     >18.021  99.990          18.34        31.46   0.046        0.079       
2458075.73014  2458075.73083  2017-11-18.2301378  coadd_bd357767 1.67 -2.37 17.846     >17.846  99.990          48.55        27.42   0.165        0.093       
2458075.73014  2458075.73058  2017-11-18.2301377  coadd_bb442795 1.75 -2.03 18.158     >18.158  99.990         -12.97        27.93   -0.032       0.070       
2458077.71845  2458077.71904  2017-11-20.2184512  coadd_bd358386 1.67 -2.37 17.988     >17.988  99.990          18.77        24.06   0.064        0.082       
2458077.71845  2458077.71878  2017-11-20.2184521  coadd_bb443412 2.21 -2.03 18.082     >18.082  99.990         -33.16        29.97   -0.083       0.075       
2458077.71845  2458077.71899  2017-11-20.2184517  coadd_ba454771 2.15 -2.04 17.970     >17.970  99.990         -81.05        32.95   -0.204       0.083       
2458080.71084  2458080.71121  2017-11-23.2108471  coadd_ba455823 1.98 -2.04 17.908     >17.908  99.990         -87.25        34.90   -0.220       0.088       
2458080.71084  2458080.71101  2017-11-23.2108474  coadd_bb444462 2.29 -2.03 17.858     >17.858  99.990         -51.63        36.83   -0.129       0.092       
2458080.71085  2458080.71129  2017-11-23.2108480  coadd_bd359436 1.84 -2.37 17.909     >17.909  99.990          62.63        25.87   0.212        0.088       
2458207.13598  2458207.13318  2018-03-29.6359795  coadd_ba480307 2.38 -2.04 17.778     >17.778  99.990         -29.49        39.35   -0.074       0.099       
2458207.13598  2458207.13336  2018-03-29.6359799  coadd_bb468244 2.37 -2.03 17.658     >17.658  99.990          51.72        44.27   0.129        0.111       
2458207.13598  2458207.13341  2018-03-29.6359799  coadd_bd383735 2.16 -2.37 17.870     >17.870  99.990          12.77        26.83   0.043        0.091       
2458208.13235  2458208.12958  2018-03-30.6323532  coadd_ba480597 2.23 -2.04 17.126     >17.126  99.990         -97.06        71.73   -0.244       0.181       
2458208.13235  2458208.12976  2018-03-30.6323530  coadd_bb468534 2.20 -2.03 17.233     >17.233  99.990          95.45        65.48   0.238        0.164       
2458208.13236  2458208.12981  2018-03-30.6323556  coadd_bd384025 1.60 -2.37 17.463     >17.463  99.990          -6.70        39.01   -0.023       0.132       
2458232.11381  2458232.11205  2018-04-23.6138138  coadd_bd388219 1.52 -2.37 18.102     >18.102  99.990          54.67        21.65   0.185        0.073       
2458232.11381  2458232.11217  2018-04-23.6138137  coadd_bb472726 1.98 -2.03 17.860     >17.860  99.990         -74.53        36.75   -0.186       0.092       
2458232.11381  2458232.11196  2018-04-23.6138145  coadd_ba484791 1.64 -2.04 17.730      17.168  0.218          206.97        41.10   0.521        0.103       
2458245.02293  2458245.02193  2018-05-06.5229387  coadd_bb474458 2.05 -2.03 16.701     >16.701  99.990          73.55       106.92   0.184        0.267       
2458245.02421  2458245.02301  2018-05-06.5242152  coadd_bd389952 1.52 -2.37 17.016     >17.016  99.990         165.96        58.88   0.563        0.200       
2458245.02421  2458245.02299  2018-05-06.5242145  coadd_ba486524 1.59 -2.04 16.330     >16.330  99.990         289.41       149.21   0.728        0.376       
2458251.99992  2458251.99928  2018-05-13.4999254  coadd_bb475978 2.26 -2.03 17.986     >17.986  99.990           5.92        32.73   0.015        0.082       
2458251.99992  2458251.99907  2018-05-13.4999248  coadd_ba488044 2.05 -2.04 17.738     >17.738  99.990          75.53        40.82   0.190        0.103       
2458251.99992  2458251.99904  2018-05-13.4999262  coadd_bd391472 2.12 -2.37 18.059     >18.059  99.990         -74.55        22.54   -0.253       0.076       
2458253.02595  2458253.02536  2018-05-14.5259572  coadd_bb476352 2.26 -2.03 18.095     >18.095  99.990         -60.72        29.60   -0.152       0.074       
2458253.02595  2458253.02515  2018-05-14.5259575  coadd_ba488418 2.09 -2.04 17.836     >17.836  99.990          50.12        37.30   0.126        0.094       
2458253.02596  2458253.02512  2018-05-14.5259574  coadd_bd391846 2.04 -2.37 17.922     >17.922  99.990          45.92        25.56   0.156        0.087       
2458254.00917  2458254.00838  2018-05-15.5091754  coadd_bd392047 1.69 -2.37 17.999     >17.999  99.990          -1.61        23.82   -0.005       0.081       
2458254.00917  2458254.00863  2018-05-15.5091758  coadd_bb476553 2.18 -2.03 18.039     >18.039  99.990         -59.56        31.18   -0.149       0.078       
2458254.00917  2458254.00842  2018-05-15.5091753  coadd_ba488619 2.00 -2.04 17.784     >17.784  99.990         -91.98        39.10   -0.231       0.098       
2458257.03712  2458257.03674  2018-05-18.5371262  coadd_bb477081 1.61 -2.03 18.127     >18.127  99.990          71.37        28.74   0.178        0.072       
2458257.03712  2458257.03654  2018-05-18.5371269  coadd_ba489147 1.55 -2.04 17.888     >17.888  99.990          -0.84        35.54   -0.002       0.089       
2458257.03713  2458257.03649  2018-05-18.5371266  coadd_bd392575 1.43 -2.37 17.939     >17.939  99.990          48.13        25.18   0.163        0.085       
2458258.02686  2458258.02634  2018-05-19.5268665  coadd_ba489490 1.60 -2.04 18.119     >18.119  99.990        -131.74        28.73   -0.332       0.072       
2458258.02686  2458258.02654  2018-05-19.5268703  coadd_bb477424 2.00 -2.03 17.970     >17.970  99.990          -8.24        33.20   -0.021       0.083       
2458258.02686  2458258.02628  2018-05-19.5268663  coadd_bd392918 1.52 -2.37 18.338     >18.338  99.990          13.63        17.43   0.046        0.059       
2458259.04489  2458259.04435  2018-05-20.5448957  coadd_bd393280 2.07 -2.37 18.206     >18.206  99.990         -29.29        19.68   -0.099       0.067       
2458259.04489  2458259.04442  2018-05-20.5448957  coadd_ba489852 2.18 -2.04 17.943     >17.943  99.990         -65.57        33.80   -0.165       0.085       
2458259.04489  2458259.04463  2018-05-20.5448951  coadd_bb477786 2.27 -2.03 18.209     >18.209  99.990         -22.10        26.66   -0.055       0.067       
2458261.09857  2458261.09813  2018-05-22.5985725  coadd_bd393922 1.51 -2.37 17.416     >17.416  99.990          13.47        40.75   0.046        0.138       
2458261.09857  2458261.09821  2018-05-22.5985730  coadd_ba490494 1.61 -2.04 17.063     >17.063  99.990         138.03        75.98   0.347        0.191       
2458261.09857  2458261.09842  2018-05-22.5985725  coadd_bb478428 1.69 -2.03 17.292     >17.292  99.990        -104.33        62.03   -0.261       0.155       
2458269.96053  2458269.96066  2018-05-31.4605340  coadd_ba491946 1.60 -2.04 17.073     >17.073  99.990         -59.85        75.31   -0.151       0.190       
2458269.96053  2458269.96085  2018-05-31.4605341  coadd_bb479857 1.99 -2.03 17.218     >17.218  99.990         -12.34        66.40   -0.031       0.166       
2458269.96053  2458269.96054  2018-05-31.4605341  coadd_bd395373 1.52 -2.37 17.325     >17.325  99.990          87.43        44.31   0.296        0.150       
2458271.00497  2458271.00535  2018-06-01.5049678  coadd_bb480211 1.65 -2.03 16.494     >16.494  99.990        -238.95       129.36   -0.597       0.323       
2458271.00497  2458271.00502  2018-06-01.5049681  coadd_bd395727 1.47 -2.37 16.181     >16.181  99.990        -314.30       127.10   -1.066       0.431       
2458271.00497  2458271.00516  2018-06-01.5049670  coadd_ba492300 1.54 -2.04 15.885     >15.885  99.990        -313.65       224.91   -0.789       0.566       
2458277.07946  2458277.07982  2018-06-07.5794652  coadd_bd397153 2.46 -2.37 17.524     >17.524  99.990          13.92        36.89   0.047        0.125       
2458286.91697  2458286.91818  2018-06-17.4169781  coadd_bb484281 1.97 -2.03 18.042     >18.042  99.990           6.44        31.08   0.016        0.078       
2458286.91698  2458286.91803  2018-06-17.4169784  coadd_ba496372 2.00 -2.04 17.933      17.789  0.320          116.83        34.11   0.294        0.086       
2458286.91698  2458286.91781  2018-06-17.4169781  coadd_bd399799 1.55 -2.37 17.874     >17.874  99.990         -19.13        26.73   -0.065       0.091       
2458290.89540  2458290.89666  2018-06-21.3954061  coadd_ba497075 2.01 -2.04 17.934      17.747  0.307          121.50        34.08   0.306        0.086       
2458290.89540  2458290.89680  2018-06-21.3954054  coadd_bb484984 2.11 -2.03 18.136     >18.136  99.990         -19.76        28.52   -0.049       0.071       
2458290.89540  2458290.89642  2018-06-21.3954057  coadd_bd400502 1.52 -2.37 18.453     >18.453  99.990          -4.98        15.68   -0.017       0.053       
2458293.06986  2458293.07124  2018-06-23.5698690  coadd_ba497771 2.01 -2.04 17.930     >17.930  99.990         -71.37        34.19   -0.180       0.086       
2458293.06987  2458293.07099  2018-06-23.5698679  coadd_bd401198 1.50 -2.37 18.295     >18.295  99.990         -34.04        18.13   -0.115       0.061       
2458293.06987  2458293.07138  2018-06-23.5698689  coadd_bb485679 2.01 -2.03 18.093     >18.093  99.990         -12.69        29.65   -0.032       0.074       
2458293.89600  2458293.89755  2018-06-24.3960072  coadd_bb485839 1.99 -2.03 17.518     >17.518  99.990          29.51        50.39   0.074        0.126       
2458293.89600  2458293.89717  2018-06-24.3960082  coadd_bd401358 1.48 -2.37 17.575     >17.575  99.990         -52.53        35.18   -0.178       0.119       
2458293.89601  2458293.89742  2018-06-24.3960078  coadd_ba497931 1.63 -2.04 17.558     >17.558  99.990        -136.14        48.16   -0.343       0.121       
2458298.03692  2458298.03866  2018-06-28.5369210  coadd_bb487039 2.38 -2.03 17.076     >17.076  99.990        -190.44        75.64   -0.476       0.189       
2458298.03692  2458298.03827  2018-06-28.5369222  coadd_bd402558 2.21 -2.37 17.457     >17.457  99.990          12.68        39.23   0.043        0.133       
2458298.03819  2458298.03981  2018-06-28.5381980  coadd_ba499132 2.30 -2.04 16.784     >16.784  99.990         107.27        98.23   0.270        0.247       
2458305.04821  2458305.04986  2018-07-05.5482144  coadd_bd404005 1.96 -2.37 18.223     >18.223  99.990         -14.51        19.38   -0.049       0.066       
2458305.04821  2458305.05026  2018-07-05.5482138  coadd_bb488487 2.07 -2.03 17.837     >17.837  99.990          24.01        37.56   0.060        0.094       
2458305.04821  2458305.05016  2018-07-05.5482140  coadd_ba500577 2.22 -2.04 17.907     >17.907  99.990          16.98        34.94   0.043        0.088       
2458309.04398  2458309.04610  2018-07-09.5439835  coadd_ba501432 1.56 -2.04 17.948     >17.948  99.990          70.01        33.62   0.176        0.085       
2458309.04398  2458309.04580  2018-07-09.5439841  coadd_bd404860 1.58 -2.37 17.993     >17.993  99.990         -39.50        23.95   -0.134       0.081       
2458309.04398  2458309.04619  2018-07-09.5439835  coadd_bb489342 1.61 -2.03 18.147     >18.147  99.990         -42.98        28.21   -0.107       0.070       
2458310.92493  2458310.92682  2018-07-11.4249353  coadd_bd405490 1.48 -2.37 18.151     >18.151  99.990          42.06        20.70   0.143        0.070       
2458310.92493  2458310.92722  2018-07-11.4249355  coadd_bb489972 1.60 -2.03 17.934     >17.934  99.990         -16.17        34.33   -0.040       0.086       
2458310.92493  2458310.92714  2018-07-11.4249355  coadd_ba502062 1.56 -2.04 17.987     >17.987  99.990          85.45        32.46   0.215        0.082       
2458316.02886  2458316.03094  2018-07-16.5288688  coadd_bd406798 1.46 -2.37 17.928     >17.928  99.990           0.92        25.42   0.003        0.086       
2458316.02887  2458316.03127  2018-07-16.5288684  coadd_ba503370 1.63 -2.04 17.760     >17.760  99.990         -63.52        39.99   -0.160       0.101       
2458316.02887  2458316.03134  2018-07-16.5288686  coadd_bb491279 2.01 -2.03 17.905     >17.905  99.990         -65.42        35.25   -0.163       0.088       
2458326.02924  2458326.03164  2018-07-26.5292412  coadd_bd409854 1.50 -2.37 17.776     >17.776  99.990          74.52        29.26   0.253        0.099       
2458326.02924  2458326.03199  2018-07-26.5292408  coadd_ba506426 1.56 -2.04 17.362     >17.362  99.990          17.65        57.68   0.044        0.145       
2458326.02924  2458326.03202  2018-07-26.5292415  coadd_bb494333 2.08 -2.03 17.239     >17.239  99.990          37.24        65.15   0.093        0.163       
2458334.02699  2458334.02996  2018-08-03.5269906  coadd_bb496701 2.03 -2.03 17.828      17.782  0.350          118.50        37.87   0.296        0.095       
2458334.02699  2458334.02996  2018-08-03.5269908  coadd_ba508796 1.69 -2.04 17.680     >17.680  99.990          66.62        43.04   0.168        0.108       
2458334.02699  2458334.02961  2018-08-03.5269902  coadd_bd412224 1.45 -2.37 17.932     >17.932  99.990          -6.04        25.33   -0.020       0.086       
2458342.89644  2458342.89960  2018-08-12.3964430  coadd_ba510995 1.59 -2.04 17.905     >17.905  99.990          57.44        34.99   0.145        0.088       
2458342.89644  2458342.89957  2018-08-12.3964431  coadd_bb498898 2.05 -2.03 18.229     >18.229  99.990         -26.02        26.17   -0.065       0.065       
2458342.89644  2458342.89924  2018-08-12.3964422  coadd_bd414423 1.49 -2.37 18.149     >18.149  99.990          31.55        20.75   0.107        0.070       
2458345.94789  2458345.95074  2018-08-15.4478974  coadd_bd415337 1.42 -2.37 17.079     >17.079  99.990         -74.59        55.58   -0.253       0.188       
2458345.94790  2458345.95106  2018-08-15.4478975  coadd_bb499810 2.06 -2.03 17.191     >17.191  99.990          16.74        68.09   0.042        0.170       
2458345.94917  2458345.95238  2018-08-15.4491762  coadd_ba511910 1.65 -2.04 17.047     >17.047  99.990         186.22        77.10   0.469        0.194       
2458347.84031  2458347.84348  2018-08-17.3403127  coadd_bb500072 1.64 -2.03 18.045     >18.045  99.990         -16.43        31.00   -0.041       0.077       
2458347.84031  2458347.84354  2018-08-17.3403128  coadd_ba512171 1.59 -2.04 17.963     >17.963  99.990          19.86        33.16   0.050        0.083       
2458347.84031  2458347.84318  2018-08-17.3403126  coadd_bd415599 1.45 -2.37 18.257     >18.257  99.990         -30.16        18.78   -0.102       0.064       
2458351.93993  2458351.94314  2018-08-21.4399349  coadd_bb501227 2.07 -2.03 17.839     >17.839  99.990         -73.20        37.48   -0.183       0.094       
2458351.93993  2458351.94320  2018-08-21.4399351  coadd_ba513326 1.98 -2.04 17.643     >17.643  99.990           3.07        44.55   0.008        0.112       
2458351.93993  2458351.94285  2018-08-21.4399354  coadd_bd416754 2.01 -2.37 17.877     >17.877  99.990          -6.66        26.65   -0.023       0.090       
2458361.89294  2458361.89590  2018-08-31.3929423  coadd_bd418076 1.43 -2.37 18.224     >18.224  99.990         -27.30        19.36   -0.093       0.066       
2458361.89294  2458361.89625  2018-08-31.3929422  coadd_ba514688 1.60 -2.04 17.857     >17.857  99.990         -10.24        36.57   -0.026       0.092       
2458361.89294  2458361.89615  2018-08-31.3929422  coadd_bb502588 2.07 -2.03 17.769     >17.769  99.990         -67.65        39.96   -0.169       0.100       
2458367.92978  2458367.93295  2018-09-06.4297962  coadd_bb503671 2.02 -2.03 18.041     >18.041  99.990          58.29        31.11   0.146        0.078       
2458367.92979  2458367.93275  2018-09-06.4297966  coadd_bd419160 1.50 -2.37 18.002     >18.002  99.990         -51.64        23.75   -0.175       0.081       
2458367.92979  2458367.93308  2018-09-06.4297968  coadd_ba515772 1.60 -2.04 17.963     >17.963  99.990        -165.12        33.18   -0.416       0.083       
2458369.92849  2458369.93175  2018-09-08.4284923  coadd_ba516260 1.97 -2.04 17.798     >17.798  99.990          88.50        38.63   0.223        0.097       
2458369.92849  2458369.93143  2018-09-08.4284929  coadd_bd419648 1.43 -2.37 17.924     >17.924  99.990          67.34        25.52   0.228        0.087       
2458369.92849  2458369.93164  2018-09-08.4284925  coadd_bb504159 2.12 -2.03 18.286     >18.286  99.990          -3.95        24.83   -0.010       0.062       
2458372.92239  2458372.92532  2018-09-11.4223928  coadd_bd420636 1.53 -2.37 17.895     >17.895  99.990          29.50        26.21   0.100        0.089       
2458372.92239  2458372.92563  2018-09-11.4223936  coadd_ba517248 1.57 -2.04 17.837     >17.837  99.990          83.00        37.24   0.209        0.094       
2458372.92239  2458372.92550  2018-09-11.4223935  coadd_bb505146 2.04 -2.03 18.242     >18.242  99.990         -47.22        25.86   -0.118       0.065       
2458377.76750  2458377.77053  2018-09-16.2675084  coadd_bb505846 1.63 -2.03 17.816     >17.816  99.990         -81.15        38.26   -0.203       0.096       
2458377.76750  2458377.77068  2018-09-16.2675089  coadd_ba517949 1.66 -2.04 17.868     >17.868  99.990          23.17        36.22   0.058        0.091       
2458377.76751  2458377.77038  2018-09-16.2675083  coadd_bd421337 1.61 -2.37 18.203     >18.203  99.990         -25.54        19.75   -0.087       0.067       
2458383.82205  2458383.82495  2018-09-22.3220563  coadd_bb507584 2.21 -2.03 17.168     >17.168  99.990          -1.81        69.54   -0.005       0.174       
2458383.82205  2458383.82484  2018-09-22.3220559  coadd_bd423072 1.53 -2.37 17.511     >17.511  99.990        -150.89        37.34   -0.512       0.127       
2458383.82206  2458383.82511  2018-09-22.3220565  coadd_ba519681 1.58 -2.04 17.141     >17.141  99.990         162.32        70.70   0.408        0.178       
2458401.84112  2458401.84347  2018-10-10.3411297  coadd_bd427213 1.48 -2.37 18.044     >18.044  99.990          28.67        22.85   0.097        0.077       
2458401.84112  2458401.84365  2018-10-10.3411297  coadd_ba523821 2.03 -2.04 18.078     >18.078  99.990         -55.97        29.84   -0.141       0.075       
2458401.84112  2458401.84346  2018-10-10.3411296  coadd_bb511725 2.49 -2.03 17.495     >17.495  99.990        -158.25        51.47   -0.395       0.129       
2458409.79838  2458409.80046  2018-10-18.2983835  coadd_bd428924 1.42 -2.37 17.699     >17.699  99.990          22.95        31.40   0.078        0.106       
2458409.79838  2458409.80040  2018-10-18.2983835  coadd_bb513436 1.62 -2.03 17.642     >17.642  99.990          37.25        44.94   0.093        0.112       
2458409.79838  2458409.80060  2018-10-18.2983832  coadd_ba525532 1.62 -2.04 17.334     >17.334  99.990          97.87        59.18   0.246        0.149       
2458414.69494  2458414.69674  2018-10-23.1949508  coadd_bb514591 2.01 -2.03 16.912      16.766  0.319          301.95        88.04   0.754        0.220       
2458414.69494  2458414.69683  2018-10-23.1949511  coadd_bd430080 1.50 -2.37 17.418     >17.418  99.990         113.92        40.66   0.386        0.138       
2458414.69495  2458414.69696  2018-10-23.1949504  coadd_ba526688 2.46 -2.04 17.065     >17.065  99.990         214.47        75.83   0.540        0.191       
2458417.80950  2458417.81136  2018-10-26.3095008  coadd_ba527518 2.17 -2.04 17.199     >17.199  99.990         -39.50        67.05   -0.099       0.169       
2458417.80950  2458417.81126  2018-10-26.3095005  coadd_bd430910 1.47 -2.37 17.481     >17.481  99.990          64.89        38.36   0.220        0.130       
2458417.80950  2458417.81115  2018-10-26.3095021  coadd_bb515411 2.30 -2.03 17.360     >17.360  99.990         -14.91        58.27   -0.037       0.146       
2458427.76736  2458427.76851  2018-11-05.2673659  coadd_bb516786 1.63 -2.03 18.024     >18.024  99.990           7.65        31.62   0.019        0.079       
2458427.76737  2458427.76869  2018-11-05.2673656  coadd_bd432275 1.58 -2.37 18.048     >18.048  99.990           8.88        22.77   0.030        0.077       
2458427.76737  2458427.76873  2018-11-05.2673662  coadd_ba528903 1.58 -2.04 17.872     >17.872  99.990          13.53        36.06   0.034        0.091       
2458431.75506  2458431.75621  2018-11-09.2550657  coadd_ba530123 1.64 -2.04 17.959     >17.959  99.990          11.96        33.30   0.030        0.084       
2458431.75506  2458431.75621  2018-11-09.2550660  coadd_bd433495 1.50 -2.37 17.905     >17.905  99.990          -8.12        25.98   -0.028       0.088       
2458431.75507  2458431.75601  2018-11-09.2550658  coadd_bb518006 2.36 -2.03 18.221     >18.221  99.990          51.56        26.37   0.129        0.066       
2458435.73499  2458435.73594  2018-11-13.2349892  coadd_bd435077 1.50 -2.37 17.926     >17.926  99.990          41.27        25.48   0.140        0.086       
2458435.73499  2458435.73572  2018-11-13.2349894  coadd_bb519588 2.04 -2.03 18.216     >18.216  99.990         -27.46        26.49   -0.069       0.066       
2458435.73499  2458435.73593  2018-11-13.2349896  coadd_ba531705 1.67 -2.04 17.945     >17.945  99.990          -1.86        33.72   -0.005       0.085       
2458445.71587  2458445.71626  2018-11-23.2158756  coadd_ba534078 2.11 -2.04 16.855     >16.855  99.990          71.29        92.08   0.179        0.232       
2458445.71587  2458445.71633  2018-11-23.2158752  coadd_bd437450 2.04 -2.37 17.246     >17.246  99.990         -47.17        47.65   -0.160       0.162       
2458448.70308  2458448.70310  2018-11-26.2030855  coadd_bb523241 2.24 -2.03 17.880     >17.880  99.990         -97.84        36.08   -0.244       0.090       
2458448.70308  2458448.70338  2018-11-26.2030861  coadd_bd438730 1.62 -2.37 18.125     >18.125  99.990          18.41        21.20   0.062        0.072       
2458448.70308  2458448.70330  2018-11-26.2030855  coadd_ba535358 2.24 -2.04 17.714     >17.714  99.990         -69.90        41.73   -0.176       0.105       
