###  JD        HJD            UT_date             IMAGE          FWHM  Diff Limit      mag   mag_err       counts     count_err  flux (mJy)    flux_err
2456600.96671  2456600.97161  2013-11-04.4667131  coadd_bb087860 1.75 -1.97 18.878     >18.878  99.990          21.79        15.25   0.051        0.036       
2456618.82776  2456618.83326  2013-11-22.3277694  coadd_bb091295 1.70 -1.97 18.329     >18.329  99.990          48.46        25.27   0.114        0.060       
2456620.82495  2456620.83048  2013-11-24.3249457  coadd_bb091852 2.79 -1.97 18.636     >18.636  99.990          29.66        19.06   0.070        0.045       
2456621.82551  2456621.83105  2013-11-25.3255121  coadd_bb092194 2.12 -1.97 18.765      18.707  0.346           53.57        16.93   0.126        0.040       
2456624.84155  2456624.84713  2013-11-28.3415510  coadd_bb092510 1.75 -1.97 18.241      16.473  0.071          419.03        27.43   0.988        0.065       
2456625.83326  2456625.83884  2013-11-29.3332584  coadd_bb092822 1.75 -1.97 18.749     >18.749  99.990          35.08        17.18   0.083        0.040       
2456629.82256  2456629.82817  2013-12-03.3225657  coadd_bb093122 1.70 -1.97 18.591     >18.591  99.990          36.91        19.86   0.087        0.047       
2456631.90088  2456631.90648  2013-12-05.4008863  coadd_bb093817 2.19 -1.97 18.625     >18.625  99.990          33.99        19.25   0.080        0.045       
2456638.91036  2456638.91589  2013-12-12.4103609  coadd_bb095622 1.81 -1.97 18.199      17.715  0.234          133.54        28.50   0.315        0.067       
2456641.80034  2456641.80582  2013-12-15.3003468  coadd_bb096683 2.74 -1.97 17.552     >17.552  99.990        -164.18        51.70   -0.387       0.122       
2456644.88514  2456644.89054  2013-12-18.3851400  coadd_bb097540 3.04 -1.97 17.763     >17.763  99.990          54.92        42.58   0.129        0.100       
2456648.87752  2456648.88281  2013-12-22.3775200  coadd_bb098062 1.79 -1.97 18.158     >18.158  99.990          79.19        29.59   0.187        0.070       
2456656.76315  2456656.76814  2013-12-30.2631530  coadd_bb099736 1.75 -1.97 18.907     >18.907  99.990         -23.13        14.84   -0.055       0.035       
2456658.87819  2456658.88307  2014-01-01.3781877  coadd_bb100312 2.03 -1.97 18.744      18.362  0.256           73.61        17.25   0.173        0.041       
2456700.81335  2456700.81516  2014-02-12.3133504  coadd_bb102496 1.77 -1.97 17.836      17.814  0.358          121.91        39.82   0.287        0.094       
2456740.73197  2456740.72995  2014-03-24.2315659  coadd_bb105277 2.23 -1.97 18.464     >18.464  99.990          -3.27        22.32   -0.008       0.053       
2456864.12887  2456864.12520  2014-07-25.6284679  coadd_bb130393 1.79 -1.97 16.861      16.201  0.199          538.72        97.74   1.270        0.230       
2456865.12592  2456865.12231  2014-07-26.6255128  coadd_bb130662 1.98 -1.97 17.373      16.809  0.217          307.71        60.99   0.725        0.144       
2456866.11956  2456866.11603  2014-07-27.6191556  coadd_bb130998 2.09 -1.97 17.988     >17.988  99.990          54.10        34.60   0.128        0.082       
2456867.11950  2456867.11605  2014-07-28.6191028  coadd_bb131329 2.21 -1.97 18.025     >18.025  99.990          45.03        33.44   0.106        0.079       
2456875.10926  2456875.10645  2014-08-05.6088583  coadd_bb133119 1.80 -1.97 18.613     >18.613  99.990          -2.92        19.46   -0.007       0.046       
2456882.09111  2456882.08890  2014-08-12.5907087  coadd_bb134232 1.67 -1.97 17.740     >17.740  99.990        -149.66        43.49   -0.353       0.103       
2456883.10116  2456883.09904  2014-08-13.6007571  coadd_bb134105 2.01 -1.97 17.745     >17.745  99.990          75.15        43.30   0.177        0.102       
2456884.08520  2456884.08317  2014-08-14.5847976  coadd_bb134591 1.69 -1.97 17.607     >17.607  99.990         -42.98        49.14   -0.101       0.116       
2456885.10075  2456885.09881  2014-08-15.6003462  coadd_bb134963 1.65 -1.97 17.984     >17.984  99.990         -61.09        34.74   -0.144       0.082       
2456892.08519  2456892.08390  2014-08-22.5847881  coadd_bb137161 2.06 -1.97 18.491     >18.491  99.990          -9.82        21.78   -0.023       0.051       
2456893.08784  2456893.08664  2014-08-23.5874421  coadd_bb137521 1.79 -1.97 18.348     >18.348  99.990          45.34        24.83   0.107        0.059       
2456894.08386  2456894.08275  2014-08-24.5834576  coadd_bb137681 1.88 -1.97 18.354     >18.354  99.990          14.46        24.71   0.034        0.058       
2456895.08230  2456895.08129  2014-08-25.5818979  coadd_bb138048 1.72 -1.97 18.640     >18.640  99.990           4.76        18.98   0.011        0.045       
2456896.07957  2456896.07865  2014-08-26.5791666  coadd_bb138331 2.06 -1.97 18.635     >18.635  99.990         -33.41        19.08   -0.079       0.045       
2456897.08200  2456897.08118  2014-08-27.5816004  coadd_bb138687 1.99 -1.97 18.723     >18.723  99.990         -55.34        17.58   -0.130       0.041       
2456898.07824  2456898.07751  2014-08-28.5778335  coadd_bb139058 2.13 -1.97 18.467     >18.467  99.990          11.23        22.27   0.026        0.052       
2456900.08033  2456900.07979  2014-08-30.5799251  coadd_bb139529 2.08 -1.97 18.486     >18.486  99.990         -11.77        21.89   -0.028       0.052       
2456901.07358  2456901.07314  2014-08-31.5731777  coadd_bb139898 1.77 -1.97 18.601     >18.601  99.990         -26.32        19.68   -0.062       0.046       
2456903.06935  2456903.06910  2014-09-02.5689513  coadd_bb140352 2.12 -1.97 18.552     >18.552  99.990          11.84        20.59   0.028        0.049       
2456904.06870  2456904.06855  2014-09-03.5682995  coadd_bb140546 2.09 -1.97 18.429     >18.429  99.990         -40.45        23.05   -0.095       0.054       
2456905.06440  2456905.06434  2014-09-04.5639930  coadd_bb140880 1.86 -1.97 18.489     >18.489  99.990         -72.38        21.82   -0.171       0.051       
2456907.09464  2456907.09478  2014-09-06.5942418  coadd_bb141197 1.75 -1.97 18.232     >18.232  99.990         -37.29        27.65   -0.088       0.065       
2456908.06455  2456908.06478  2014-09-07.5641462  coadd_bb141448 2.02 -1.97 17.926     >17.926  99.990        -185.52        36.66   -0.437       0.086       
2456910.05823  2456910.05865  2014-09-09.5578206  coadd_bb142088 2.05 -1.97 17.759     >17.759  99.990          38.90        42.74   0.092        0.101       
2456912.05753  2456912.05815  2014-09-11.5571263  coadd_bb142758 2.02 -1.97 17.469     >17.469  99.990         119.69        55.80   0.282        0.132       
2456918.99935  2456919.00062  2014-09-18.4989474  coadd_bb144931 1.71 -1.97 18.384     >18.384  99.990          32.66        24.03   0.077        0.057       
2456921.04269  2456921.04416  2014-09-20.5422890  coadd_bb145667 1.74 -1.97 18.559     >18.559  99.990         -23.09        20.46   -0.054       0.048       
2456923.04618  2456923.04782  2014-09-22.5457765  coadd_bb146026 2.01 -1.97 18.507     >18.507  99.990           0.34        21.45   0.001        0.051       
2456924.04710  2456924.04884  2014-09-23.5466938  coadd_bb146175 1.84 -1.97 18.478     >18.478  99.990         -24.72        22.03   -0.058       0.052       
2456925.04047  2456925.04230  2014-09-24.5400672  coadd_bb146488 2.05 -1.97 18.591     >18.591  99.990         -62.04        19.86   -0.146       0.047       
2456929.03113  2456929.03332  2014-09-28.5307259  coadd_bb147066 1.85 -1.97 18.508     >18.508  99.990          40.97        21.44   0.097        0.051       
2456930.04296  2456930.04524  2014-09-29.5425640  coadd_bb147213 1.64 -1.97 18.616     >18.616  99.990          58.17        19.41   0.137        0.046       
2456932.02644  2456932.02889  2014-10-01.5260370  coadd_bb147692 2.03 -1.97 18.477     >18.477  99.990          -6.87        22.06   -0.016       0.052       
2456936.02067  2456936.02346  2014-10-05.5202681  coadd_bb148628 1.80 -1.97 18.545     >18.545  99.990         -34.64        20.71   -0.082       0.049       
2456937.93677  2456937.93972  2014-10-07.4363697  coadd_bb149027 2.18 -1.97 17.942     >17.942  99.990         -52.89        36.12   -0.125       0.085       
2456940.01256  2456940.01568  2014-10-09.5121590  coadd_bb149718 1.83 -1.97 17.523     >17.523  99.990         142.66        53.10   0.336        0.125       
2456959.97804  2456959.98254  2014-10-29.4772004  coadd_bb150751 1.83 -1.97 18.438     >18.438  99.990          21.80        22.87   0.051        0.054       
2456960.98614  2456960.99070  2014-10-30.4857409  coadd_bb150803 1.71 -1.97 18.473     >18.473  99.990          48.30        22.13   0.114        0.052       
2456973.83583  2456973.84098  2014-11-12.3354254  coadd_bb153760 2.10 -1.97 18.330     >18.330  99.990         -76.81        25.25   -0.181       0.060       
2456978.94435  2456978.94967  2014-11-17.4439486  coadd_bb154416 2.13 -1.97 18.441     >18.441  99.990         -18.16        22.80   -0.043       0.054       
2456981.93541  2456981.94081  2014-11-20.4350043  coadd_bb155447 1.72 -1.97 18.652     >18.652  99.990           4.36        18.78   0.010        0.044       
2456983.91912  2456983.92456  2014-11-22.4187209  coadd_bb156187 1.75 -1.97 18.536     >18.536  99.990         -28.91        20.89   -0.068       0.049       
2456984.93253  2456984.93799  2014-11-23.4321399  coadd_bb156589 1.75 -1.97 18.377     >18.377  99.990          45.87        24.20   0.108        0.057       
2456988.84283  2456988.84835  2014-11-27.3424295  coadd_bb157532 2.01 -1.97 18.509     >18.509  99.990           7.94        21.42   0.019        0.050       
2456990.94150  2456990.94704  2014-11-29.4410957  coadd_bb158295 1.71 -1.97 18.579     >18.579  99.990          46.73        20.08   0.110        0.047       
2456991.82533  2456991.83087  2014-11-30.3249442  coadd_bb158551 1.62 -1.97 18.955     >18.955  99.990          -6.46        14.21   -0.015       0.033       
2456992.80276  2456992.80831  2014-12-01.3023596  coadd_bb158923 1.62 -1.97 18.454     >18.454  99.990          -1.52        22.54   -0.004       0.053       
2456993.84120  2456993.84676  2014-12-02.3408006  coadd_bb159321 1.70 -1.97 17.099     >17.099  99.990         -42.78        78.49   -0.101       0.185       
2456999.89611  2456999.90166  2014-12-08.3957084  coadd_bb160612 2.12 -1.97 17.694     >17.694  99.990        -174.06        45.36   -0.410       0.107       
2457001.99366  2457001.99918  2014-12-10.4932532  coadd_bb161495 2.06 -1.97 17.642     >17.642  99.990         -35.69        47.60   -0.084       0.112       
2457002.92009  2457002.92561  2014-12-11.4196885  coadd_bb161815 2.08 -1.97 17.868     >17.868  99.990          51.92        38.65   0.122        0.091       
2457003.90775  2457003.91325  2014-12-12.4073658  coadd_bb162212 2.12 -1.97 18.284     >18.284  99.990         -76.28        26.34   -0.180       0.062       
2457004.91122  2457004.91671  2014-12-13.4108181  coadd_bb162609 2.13 -1.97 18.224     >18.224  99.990          35.49        27.84   0.084        0.066       
2457006.90699  2457006.91244  2014-12-15.4065821  coadd_bb163181 2.14 -1.97 18.504      17.930  0.215          109.59        21.51   0.258        0.051       
2457007.91129  2457007.91673  2014-12-16.4108870  coadd_bb163516 1.71 -1.97 18.718     >18.718  99.990          32.39        17.68   0.076        0.042       
2457011.95256  2457011.95789  2014-12-20.4521528  coadd_bb165135 2.16 -1.97 18.292     >18.292  99.990         -15.20        26.15   -0.036       0.062       
2457012.90042  2457012.90573  2014-12-21.4000192  coadd_bb165497 2.08 -1.97 18.715     >18.715  99.990          -6.07        17.71   -0.014       0.042       
2457015.88769  2457015.89291  2014-12-24.3872894  coadd_bb165950 2.16 -1.97 18.605     >18.605  99.990         -65.27        19.61   -0.154       0.046       
2457018.71292  2457018.71803  2014-12-27.2125118  coadd_bb166486 2.50 -1.97 18.700     >18.700  99.990          -3.99        17.97   -0.009       0.042       
2457020.87850  2457020.88353  2014-12-29.3781177  coadd_bb166914 2.06 -1.97 18.223     >18.223  99.990           0.02        27.87   0.000        0.066       
2457030.85566  2457030.86019  2015-01-08.3552560  coadd_bb168273 2.02 -1.97 17.786     >17.786  99.990         -52.35        41.69   -0.123       0.098       
2457031.85250  2457031.85697  2015-01-09.3520924  coadd_bb168693 1.72 -1.97 18.448     >18.448  99.990          -1.24        22.66   -0.003       0.053       
2457032.85274  2457032.85715  2015-01-10.3523324  coadd_bb169113 1.72 -1.97 18.090     >18.090  99.990         -12.29        31.51   -0.029       0.074       
2457035.84898  2457035.85321  2015-01-13.3485766  coadd_bb169818 2.00 -1.97 18.483     >18.483  99.990         -10.12        21.93   -0.024       0.052       
2457036.84916  2457036.85333  2015-01-14.3487541  coadd_bb170230 1.65 -1.97 18.325     >18.325  99.990         -57.49        25.37   -0.136       0.060       
2457038.85508  2457038.85911  2015-01-16.3546780  coadd_bb171178 2.09 -1.97 18.625     >18.625  99.990           8.28        19.25   0.020        0.045       
2457040.83858  2457040.84248  2015-01-18.3381788  coadd_bb171997 1.81 -1.97 18.872     >18.872  99.990          -8.93        15.34   -0.021       0.036       
2457041.87618  2457041.88001  2015-01-19.3757803  coadd_bb172328 2.74 -1.97 18.623     >18.623  99.990          -7.19        19.29   -0.017       0.045       
2457043.83750  2457043.84118  2015-01-21.3370943  coadd_bb173130 1.65 -1.97 18.473     >18.473  99.990         -26.63        22.15   -0.063       0.052       
2457045.83016  2457045.83370  2015-01-23.3297576  coadd_bb173950 1.76 -1.97 18.398     >18.398  99.990          43.10        23.73   0.102        0.056       
2457047.83024  2457047.83362  2015-01-25.3298361  coadd_bb174775 1.98 -1.97 18.431     >18.431  99.990          11.62        23.01   0.027        0.054       
2457054.78159  2457054.78441  2015-02-01.2811844  coadd_bb177055 2.14 -1.97 17.729     >17.729  99.990         -93.08        43.95   -0.219       0.104       
2457055.82213  2457055.82485  2015-02-02.3217225  coadd_bb177491 1.68 -1.97 17.638     >17.638  99.990         -17.56        47.77   -0.041       0.113       
2457060.82474  2457060.82703  2015-02-07.3243385  coadd_bb177949 2.10 -1.97 17.811     >17.811  99.990         -45.59        40.72   -0.107       0.096       
2457064.82144  2457064.82337  2015-02-11.3210384  coadd_bb178776 2.16 -1.97 18.188     >18.188  99.990        -100.88        28.80   -0.238       0.068       
2457065.81143  2457065.81327  2015-02-12.3110240  coadd_bb179118 2.06 -1.97 18.164     >18.164  99.990         -52.09        29.43   -0.123       0.069       
2457069.79077  2457069.79224  2015-02-16.2903532  coadd_bb179842 1.74 -1.97 18.634     >18.634  99.990         -18.79        19.09   -0.044       0.045       
2457071.74880  2457071.75008  2015-02-18.2483846  coadd_bb180591 2.07 -1.97 18.624     >18.624  99.990          13.02        19.26   0.031        0.045       
2457075.77406  2457075.77495  2015-02-22.2736381  coadd_bb181511 2.00 -1.97 18.152     >18.152  99.990          25.59        29.77   0.060        0.070       
2457084.78709  2457084.78711  2015-03-03.2866885  coadd_bb183725 1.70 -1.97 17.571     >17.571  99.990          56.74        50.81   0.134        0.120       
2457096.74044  2457096.73929  2015-03-15.2400322  coadd_bb185291 1.74 -1.97 18.369      18.054  0.273           97.69        24.36   0.230        0.057       
2457098.74391  2457098.74257  2015-03-17.2435035  coadd_bb185917 1.77 -1.97 18.534     >18.534  99.990          14.91        20.94   0.035        0.049       
2457103.73523  2457103.73343  2015-03-22.2352471  coadd_bb187428 2.12 -1.97 18.252     >18.252  99.990         -29.15        27.14   -0.069       0.064       
2457230.12510  2457230.12148  2015-07-26.6251031  coadd_bb216141 1.71 -1.97 17.228     >17.228  99.990         -16.27        69.66   -0.038       0.164       
2457231.12203  2457231.11848  2015-07-27.6220292  coadd_bb216355 1.72 -1.97 17.489     >17.489  99.990           6.43        54.82   0.015        0.129       
2457247.12272  2457247.12049  2015-08-12.6227192  coadd_bb220511 1.66 -1.97 18.246     >18.246  99.990         -99.47        27.28   -0.234       0.064       
2457256.10723  2457256.10582  2015-08-21.6072335  coadd_bb221853 1.62 -1.97 18.105     >18.105  99.990          80.90        31.09   0.191        0.073       
2457262.05109  2457262.05024  2015-08-27.5510937  coadd_bb222458 1.62 -1.97 17.996     >17.996  99.990         -37.34        34.36   -0.088       0.081       
2457265.04542  2457265.04485  2015-08-30.5454196  coadd_bb223594 1.73 -1.97 17.484     >17.484  99.990          17.85        55.04   0.042        0.130       
2457274.13906  2457274.13937  2015-09-08.6390560  coadd_bb225640 1.72 -1.97 17.830     >17.830  99.990         -55.52        40.02   -0.131       0.094       
2457275.11440  2457275.11480  2015-09-09.6144015  coadd_bb225982 1.67 -1.97 18.863     >18.863  99.990           7.59        15.46   0.018        0.036       
2457278.05584  2457278.05653  2015-09-12.5558408  coadd_bb226999 1.82 -1.97 18.471     >18.471  99.990         -10.78        22.17   -0.025       0.052       
2457283.06917  2457283.07033  2015-09-17.5691744  coadd_bb227293 2.03 -1.97 18.409     >18.409  99.990          30.97        23.48   0.073        0.055       
2457288.02140  2457288.02302  2015-09-22.5213993  coadd_bb228037 2.14 -1.97 18.190     >18.190  99.990         -17.75        28.73   -0.042       0.068       
2457289.09403  2457289.09575  2015-09-23.5940356  coadd_bb228432 1.71 -1.97 18.909      18.637  0.284           57.15        14.82   0.135        0.035       
2457304.03521  2457304.03823  2015-10-08.5352163  coadd_bb231426 1.61 -1.97 18.523     >18.523  99.990         -40.89        21.14   -0.096       0.050       
2457307.92672  2457307.93005  2015-10-12.4267185  coadd_bb232521 1.67 -1.97 18.583     >18.583  99.990          -0.77        20.01   -0.002       0.047       
2457309.00562  2457309.00903  2015-10-13.5056252  coadd_bb232997 1.73 -1.97 18.787      18.637  0.318           57.14        16.58   0.135        0.039       
2457311.05003  2457311.05360  2015-10-15.5500355  coadd_bb233740 1.76 -1.97 18.501      18.056  0.242           97.55        21.58   0.230        0.051       
2457314.91092  2457314.91476  2015-10-19.4109194  coadd_bb234598 1.71 -1.97 18.545     >18.545  99.990          16.34        20.72   0.039        0.049       
2457316.90157  2457316.90555  2015-10-21.4015769  coadd_bb235220 1.67 -1.97 17.854     >17.854  99.990          -6.60        39.16   -0.016       0.092       
2457318.00387  2457318.00793  2015-10-22.5038708  coadd_bb235882 1.71 -1.97 18.324     >18.324  99.990          22.05        25.41   0.052        0.060       
2457318.89866  2457318.90277  2015-10-23.3986640  coadd_bb236267 1.78 -1.97 18.150     >18.150  99.990         -16.16        29.82   -0.038       0.070       
2457320.06095  2457320.06514  2015-10-24.5609554  coadd_bb236791 1.74 -1.97 18.606     >18.606  99.990           5.05        19.58   0.012        0.046       
2457320.89022  2457320.89446  2015-10-25.3902193  coadd_bb237080 1.67 -1.97 17.562      17.247  0.273          205.53        51.26   0.484        0.121       
2457328.06157  2457328.06623  2015-11-01.5615734  coadd_bb239287 1.98 -1.97 18.098     >18.098  99.990          56.27        31.27   0.133        0.074       
2457330.05720  2457330.06196  2015-11-03.5572074  coadd_bb240052 1.81 -1.97 18.562     >18.562  99.990           8.49        20.40   0.020        0.048       
2457331.04568  2457331.05048  2015-11-04.5456781  coadd_bb240366 2.21 -1.97 18.494     >18.494  99.990          35.99        21.72   0.085        0.051       
2457334.85825  2457334.86323  2015-11-08.3582479  coadd_bb241330 2.22 -1.97 18.518     >18.518  99.990         -27.22        21.23   -0.064       0.050       
2457341.85772  2457341.86296  2015-11-15.3577172  coadd_bb241933 2.24 -1.97 18.661     >18.661  99.990          22.87        18.62   0.054        0.044       
2457343.90876  2457343.91407  2015-11-17.4087650  coadd_bb242602 3.05 -1.97 17.726     >17.726  99.990         126.00        44.07   0.297        0.104       
2457344.90153  2457344.90687  2015-11-18.4015335  coadd_bb242947 1.71 -1.97 18.428     >18.428  99.990         -30.97        23.07   -0.073       0.054       
2457359.03530  2457359.04086  2015-12-02.5353053  coadd_bb245667 1.76 -1.97 18.439      18.355  0.338           74.04        22.85   0.175        0.054       
2457359.96351  2457359.96906  2015-12-03.4635061  coadd_bb246047 1.72 -1.97 18.670     >18.670  99.990         -46.75        18.46   -0.110       0.044       
2457360.90724  2457360.91280  2015-12-04.4072461  coadd_bb246440 2.01 -1.97 18.517     >18.517  99.990         -25.42        21.27   -0.060       0.050       
2457362.99427  2457362.99983  2015-12-06.4942725  coadd_bb247371 1.63 -1.97 18.479     >18.479  99.990          44.34        22.02   0.105        0.052       
2457365.75776  2457365.76330  2015-12-09.2577559  coadd_bb248495 1.67 -1.97 18.867     >18.867  99.990          -3.92        15.40   -0.009       0.036       
2457366.80878  2457366.81431  2015-12-10.3087815  coadd_bb248972 2.05 -1.97 18.367      17.921  0.242          110.47        24.42   0.260        0.058       
2457368.83540  2457368.84091  2015-12-12.3354020  coadd_bb249554 1.74 -1.97 18.675     >18.675  99.990          -3.02        18.38   -0.007       0.043       
2457370.83540  2457370.84087  2015-12-14.3353982  coadd_bb250387 1.69 -1.97 18.731     >18.731  99.990          10.26        17.46   0.024        0.041       
2457374.80584  2457374.81124  2015-12-18.3058421  coadd_bb251148 1.70 -1.97 18.584     >18.584  99.990          12.09        19.99   0.029        0.047       
2457378.81811  2457378.82340  2015-12-22.3181106  coadd_bb251808 2.20 -1.97 17.584     >17.584  99.990         107.85        50.20   0.254        0.118       
2457382.83324  2457382.83840  2015-12-26.3332449  coadd_bb252698 1.74 -1.97 17.866     >17.866  99.990         -43.71        38.71   -0.103       0.091       
2457384.87946  2457384.88454  2015-12-28.3794667  coadd_bb253146 1.66 -1.97 17.961      17.903  0.346          112.31        35.49   0.265        0.084       
2457386.86416  2457386.86915  2015-12-30.3641627  coadd_bb253794 1.76 -1.97 18.367     >18.367  99.990           7.67        24.41   0.018        0.058       
2457387.78250  2457387.78745  2015-12-31.2825010  coadd_bb254168 1.74 -1.97 18.659     >18.659  99.990          36.68        18.65   0.086        0.044       
2457388.69674  2457388.70165  2016-01-01.1967409  coadd_bb254538 2.12 -1.97 17.515     >17.515  99.990          83.07        53.51   0.196        0.126       
2457389.95388  2457389.95873  2016-01-02.4538799  coadd_bb255106 1.85 -1.97 18.779     >18.779  99.990         -41.34        16.70   -0.097       0.039       
2457390.91626  2457390.92107  2016-01-03.4162637  coadd_bb255359 1.74 -1.97 18.922     >18.922  99.990         -21.08        14.65   -0.050       0.035       
2457392.94363  2457392.94834  2016-01-05.4436368  coadd_bb256249 2.08 -1.97 18.705     >18.705  99.990          40.16        17.88   0.095        0.042       
2457395.93326  2457395.93780  2016-01-08.4332631  coadd_bb257131 2.88 -1.97 18.592     >18.592  99.990           6.86        19.84   0.016        0.047       
2457397.81871  2457397.82315  2016-01-10.3187121  coadd_bb257874 1.73 -1.97 18.619     >18.619  99.990          -1.72        19.36   -0.004       0.046       
2457399.81957  2457399.82388  2016-01-12.3195700  coadd_bb258743 1.84 -1.97 18.617     >18.617  99.990         -25.61        19.39   -0.060       0.046       
2457402.77564  2457402.77977  2016-01-15.2756467  coadd_bb259580 1.77 -1.97 18.712     >18.712  99.990         -25.56        17.77   -0.060       0.042       
2457404.86422  2457404.86820  2016-01-17.3642231  coadd_bb260495 1.77 -1.97 18.517     >18.517  99.990          20.87        21.26   0.049        0.050       
2457410.81117  2457410.81473  2016-01-23.3111738  coadd_bb263020 1.65 -1.97 17.849     >17.849  99.990          21.46        39.35   0.051        0.093       
2457412.87628  2457412.87968  2016-01-25.3762850  coadd_bb263932 1.84 -1.97 17.874     >17.874  99.990         -16.41        38.44   -0.039       0.091       
2457414.88326  2457414.88650  2016-01-27.3832677  coadd_bb264804 1.68 -1.97 18.179     >18.179  99.990          -6.35        29.04   -0.015       0.068       
2457415.73853  2457415.74170  2016-01-28.2385317  coadd_bb265122 1.78 -1.97 18.547     >18.547  99.990         -12.71        20.69   -0.030       0.049       
2457418.83108  2457418.83400  2016-01-31.3310851  coadd_bb266454 1.74 -1.97 18.932     >18.932  99.990          -5.63        14.51   -0.013       0.034       
2457420.86236  2457420.86510  2016-02-02.3623584  coadd_bb267336 1.69 -1.97 18.929     >18.929  99.990         -13.52        14.55   -0.032       0.034       
2457422.85876  2457422.86133  2016-02-04.3587597  coadd_bb268160 1.82 -1.97 18.913     >18.913  99.990          21.45        14.77   0.051        0.035       
2457423.85186  2457423.85434  2016-02-05.3518600  coadd_bb268623 1.66 -1.97 18.622     >18.622  99.990           8.49        19.30   0.020        0.045       
2457427.84179  2457427.84393  2016-02-09.3417971  coadd_bb269784 1.75 -1.97 18.754     >18.754  99.990          37.09        17.10   0.087        0.040       
2457428.78488  2457428.78693  2016-02-10.2848820  coadd_bb270165 1.63 -1.97 18.602     >18.602  99.990          -7.15        19.66   -0.017       0.046       
2457437.82016  2457437.82136  2016-02-19.3201606  coadd_bb273406 1.74 -1.97 17.919     >17.919  99.990          40.04        36.88   0.094        0.087       
2457439.79246  2457439.79347  2016-02-21.2924614  coadd_bb274212 2.04 -1.97 17.813     >17.813  99.990         -72.56        40.68   -0.171       0.096       
2457441.80065  2457441.80147  2016-02-23.3006512  coadd_bb275055 2.00 -1.97 17.870     >17.870  99.990         -12.31        38.57   -0.029       0.091       
2457443.81112  2457443.81175  2016-02-25.3111256  coadd_bb275813 1.68 -1.97 17.800      17.769  0.355          127.06        41.15   0.299        0.097       
2457444.75545  2457444.75598  2016-02-26.2554490  coadd_bb276173 1.70 -1.97 18.789     >18.789  99.990         -42.35        16.56   -0.100       0.039       
2457447.78268  2457447.78291  2016-02-29.2826803  coadd_bb277327 1.72 -1.97 18.847     >18.847  99.990          -3.11        15.69   -0.007       0.037       
2457449.77761  2457449.77765  2016-03-02.2776079  coadd_bb278113 1.69 -1.97 18.809      18.432  0.258           69.02        16.25   0.163        0.038       
2457451.77256  2457451.77240  2016-03-04.2725591  coadd_bb278932 1.76 -1.97 18.655     >18.655  99.990         -49.31        18.72   -0.116       0.044       
2457453.76504  2457453.76469  2016-03-06.2650405  coadd_bb279750 1.72 -1.97 18.743     >18.743  99.990           2.36        17.26   0.006        0.041       
2457458.76529  2457458.76446  2016-03-11.2652946  coadd_bb281407 1.80 -1.97 18.798     >18.798  99.990          -7.49        16.42   -0.018       0.039       
2457466.72514  2457466.72355  2016-03-19.2251462  coadd_bb284124 1.80 -1.97 17.507     >17.507  99.990          61.19        53.89   0.144        0.127       
2457603.12222  2457603.11921  2016-08-02.6222251  coadd_bb319842 1.69 -1.97 18.106     >18.106  99.990           5.31        31.06   0.013        0.073       
2457607.10802  2457607.10533  2016-08-06.6080260  coadd_bb321072 1.64 -1.97 18.434     >18.434  99.990         -13.71        22.94   -0.032       0.054       
2457611.10316  2457611.10082  2016-08-10.6031626  coadd_bb322385 1.75 -1.97 18.200     >18.200  99.990         -58.89        28.48   -0.139       0.067       
2457612.09787  2457612.09561  2016-08-11.5978719  coadd_bb322713 1.78 -1.97 18.763     >18.763  99.990          23.73        16.95   0.056        0.040       
2457618.07974  2457618.07802  2016-08-17.5797386  coadd_bb324391 1.81 -1.97 17.444     >17.444  99.990         -15.02        57.15   -0.035       0.135       
2457619.07554  2457619.07392  2016-08-18.5755438  coadd_bb324759 1.81 -1.97 17.303     >17.303  99.990         114.72        65.05   0.270        0.153       
2457620.09722  2457620.09570  2016-08-19.5972232  coadd_bb325148 1.74 -1.97 17.582     >17.582  99.990           8.86        50.30   0.021        0.119       
2457630.09489  2457630.09430  2016-08-29.5948892  coadd_bb326972 1.82 -1.97 18.440     >18.440  99.990           9.77        22.83   0.023        0.054       
2457631.86248  2457631.86207  2016-08-31.3624842  coadd_bf229086 1.73 -2.33 18.403     >18.403  99.990          36.08        16.97   0.118        0.056       
2457633.85280  2457633.85258  2016-09-02.3528072  coadd_bf229701 2.42 -2.33 18.473     >18.473  99.990          10.21        15.92   0.033        0.052       
2457634.85323  2457634.85310  2016-09-03.3532271  coadd_bf230099 1.51 -2.33 18.437     >18.437  99.990          38.87        16.46   0.127        0.054       
2457635.84188  2457635.84185  2016-09-04.3418815  coadd_bf230489 1.63 -2.33 18.581     >18.581  99.990          38.46        14.40   0.126        0.047       
2457636.84219  2457636.84225  2016-09-05.3421924  coadd_bf230787 1.64 -2.33 18.386      17.942  0.242           77.82        17.24   0.255        0.057       
2457638.05185  2457638.05203  2016-09-06.5518486  coadd_bb328307 1.74 -1.97 18.722     >18.722  99.990         -13.00        17.60   -0.031       0.041       
2457640.06189  2457640.06226  2016-09-08.5618939  coadd_bb329078 1.57 -1.97 18.655     >18.655  99.990         -41.09        18.73   -0.097       0.044       
2457643.86671  2457643.86744  2016-09-12.3667063  coadd_bf233388 1.72 -2.33 18.419     >18.419  99.990           5.06        16.73   0.017        0.055       
2457647.81253  2457647.81364  2016-09-16.3125290  coadd_bf234623 1.59 -2.33 17.408     >17.408  99.990          -0.98        42.45   -0.003       0.139       
2457650.82378  2457650.82517  2016-09-19.3237788  coadd_bf235303 1.48 -2.33 17.602     >17.602  99.990         -24.48        35.51   -0.080       0.116       
2457657.09614  2457657.09812  2016-09-25.5961476  coadd_bb332040 1.78 -1.97 18.347     >18.347  99.990          50.14        24.86   0.118        0.059       
2457659.04937  2457659.05151  2016-09-27.5493715  coadd_bb332648 2.03 -1.97 18.786     >18.786  99.990          -3.84        16.60   -0.009       0.039       
2457660.84740  2457660.84971  2016-09-29.3474048  coadd_bf239130 1.49 -2.33 18.600     >18.600  99.990           3.90        14.17   0.013        0.046       
2457663.79143  2457663.79399  2016-10-02.2914289  coadd_bf240215 1.45 -2.33 18.468     >18.468  99.990          15.08        15.99   0.049        0.052       
2457666.82804  2457666.83086  2016-10-05.3280437  coadd_bf241044 1.46 -2.33 17.509     >17.509  99.990         -29.95        38.67   -0.098       0.127       
2457667.81683  2457667.81973  2016-10-06.3168332  coadd_bf241404 1.43 -2.33 18.451     >18.451  99.990         -29.31        16.25   -0.096       0.053       
2457671.03801  2457671.04117  2016-10-09.5380099  coadd_bb335514 1.69 -1.97 18.804     >18.804  99.990          -4.14        16.33   -0.010       0.038       
2457672.92687  2457672.93018  2016-10-11.4268766  coadd_bb336239 1.79 -1.97 18.367     >18.367  99.990         -38.92        24.41   -0.092       0.058       
2457674.03276  2457674.03616  2016-10-12.5327667  coadd_bb336581 1.73 -1.97 18.505     >18.505  99.990         -14.99        21.51   -0.035       0.051       
2457674.92199  2457674.92545  2016-10-13.4219910  coadd_bb336903 1.60 -1.97 18.131     >18.131  99.990          73.42        30.34   0.173        0.072       
2457676.11582  2457676.11937  2016-10-14.6158202  coadd_bb337460 1.75 -1.97 18.568     >18.568  99.990          51.64        20.28   0.122        0.048       
2457677.91350  2457677.91718  2016-10-16.4134983  coadd_bb338124 2.03 -1.97 17.278     >17.278  99.990          47.81        66.54   0.113        0.157       
2457685.11529  2457685.11946  2016-10-23.6152916  coadd_bb339891 1.99 -1.97 18.383     >18.383  99.990           0.28        24.07   0.001        0.057       
2457687.95016  2457687.95451  2016-10-26.4501644  coadd_bb341008 1.64 -1.97 18.654     >18.654  99.990          21.18        18.74   0.050        0.044       
2457689.76748  2457689.77194  2016-10-28.2674858  coadd_bf246424 1.40 -2.33 18.678      18.338  0.267           54.04        13.18   0.177        0.043       
2457694.68789  2457694.69262  2016-11-02.1878940  coadd_bf247612 1.45 -2.33 18.536     >18.536  99.990           5.05        15.02   0.017        0.049       
2457698.03023  2457698.03512  2016-11-05.5302380  coadd_bb344645 1.71 -1.97 18.814     >18.814  99.990          25.12        16.18   0.059        0.038       
2457700.67027  2457700.67528  2016-11-08.1702722  coadd_bf249115 1.43 -2.33 18.410     >18.410  99.990           7.88        16.87   0.026        0.055       
2457701.98388  2457701.98894  2016-11-09.4838793  coadd_bb346181 1.76 -1.97 18.848     >18.848  99.990           6.67        15.68   0.016        0.037       
2457703.84236  2457703.84749  2016-11-11.3423585  coadd_bb346920 1.74 -1.97 17.781      17.468  0.274          167.60        41.87   0.395        0.099       
2457706.05868  2457706.06389  2016-11-13.5586778  coadd_bb347903 2.11 -1.97 17.557      17.175  0.257          219.67        51.49   0.518        0.121       
2457711.02781  2457711.03317  2016-11-18.5278129  coadd_bb349930 1.72 -1.97 18.014     >18.014  99.990          -7.63        33.81   -0.018       0.080       
2457712.98621  2457712.99162  2016-11-20.4862089  coadd_bb350513 1.75 -1.97 16.417     >16.417  99.990          55.97       147.14   0.132        0.347       
2457717.05405  2457717.05954  2016-11-24.5540531  coadd_bb351521 2.00 -1.97 17.753     >17.753  99.990          18.47        42.96   0.044        0.101       
2457721.97093  2457721.97647  2016-11-29.4709300  coadd_bb353263 2.04 -1.97 18.756      18.373  0.256           72.86        17.06   0.172        0.040       
2457725.75755  2457725.76311  2016-12-03.2575526  coadd_bf255644 1.40 -2.33 18.170     >18.170  99.990         -38.36        21.03   -0.126       0.069       
2457728.72962  2457728.73518  2016-12-06.2296236  coadd_bf256578 1.38 -2.33 18.205     >18.205  99.990          18.16        20.37   0.060        0.067       
2457740.78137  2457740.78675  2016-12-18.2813774  coadd_bf258995 1.40 -2.33 17.817     >17.817  99.990         -43.49        29.14   -0.143       0.096       
2457745.97661  2457745.98184  2016-12-23.4766120  coadd_bb355868 2.14 -1.97 18.836     >18.836  99.990          47.55        15.85   0.112        0.037       
2457746.82464  2457746.82984  2016-12-24.3246434  coadd_bb356171 2.05 -1.97 18.707     >18.707  99.990         -72.53        17.85   -0.171       0.042       
2457747.82115  2457747.82632  2016-12-25.3211549  coadd_bb356560 2.04 -1.97 18.494     >18.494  99.990          10.28        21.73   0.024        0.051       
2457753.95365  2457753.95856  2016-12-31.4536534  coadd_bb358057 1.70 -1.97 18.133      18.088  0.350           94.73        30.27   0.223        0.071       
2457754.62558  2457754.63046  2017-01-01.1255788  coadd_bf262935 1.44 -2.33 18.372     >18.372  99.990           5.90        17.47   0.019        0.057       
2457756.77068  2457756.77546  2017-01-03.2706846  coadd_bb358635 1.79 -1.97 18.975     >18.975  99.990         -11.12        13.95   -0.026       0.033       
2457759.76032  2457759.76494  2017-01-06.2603230  coadd_bb359816 2.06 -1.97 18.605     >18.605  99.990         -33.00        19.60   -0.078       0.046       
2457765.91680  2457765.92105  2017-01-12.4167986  coadd_bb362108 1.78 -1.97 17.166     >17.166  99.990        -178.17        73.80   -0.420       0.174       
2457767.91779  2457767.92192  2017-01-14.4177939  coadd_bb363091 1.68 -1.97 17.880     >17.880  99.990         -83.27        38.22   -0.196       0.090       
2457770.90806  2457770.91199  2017-01-17.4080593  coadd_bb364007 2.20 -1.97 18.346     >18.346  99.990          13.32        24.90   0.031        0.059       
2457771.83805  2457771.84192  2017-01-18.3380561  coadd_bb364330 2.05 -1.97 18.699      18.530  0.312           63.04        17.98   0.149        0.042       
2457774.80499  2457774.80864  2017-01-21.3049880  coadd_bb365523 1.81 -1.97 18.832     >18.832  99.990         -20.57        15.91   -0.048       0.037       
2457779.88334  2457779.88659  2017-01-26.3833388  coadd_bb367220 2.09 -1.97 18.805     >18.805  99.990           5.48        16.30   0.013        0.038       
2457781.87442  2457781.87752  2017-01-28.3744211  coadd_bb368057 1.74 -1.97 18.734     >18.734  99.990         -26.54        17.41   -0.063       0.041       
2457783.86744  2457783.87037  2017-01-30.3674418  coadd_bb368842 1.69 -1.97 18.771     >18.771  99.990          10.21        16.82   0.024        0.040       
2457786.76466  2457786.76735  2017-02-02.2646596  coadd_bb369916 1.62 -1.97 18.721     >18.721  99.990         -28.38        17.61   -0.067       0.042       
2457793.79783  2457793.79990  2017-02-09.2978335  coadd_bb371901 1.79 -1.97 17.865     >17.865  99.990        -119.64        38.75   -0.282       0.091       
2457797.62491  2457797.62663  2017-02-13.1249097  coadd_bf275726 1.48 -2.33 17.319     >17.319  99.990        -119.41        46.08   -0.392       0.151       
2457798.81668  2457798.81828  2017-02-14.3166807  coadd_bb373399 2.08 -1.97 18.116     >18.116  99.990         -37.19        30.77   -0.088       0.073       
2457799.79778  2457799.79929  2017-02-15.2977766  coadd_bb373788 1.78 -1.97 18.685     >18.685  99.990         -46.22        18.22   -0.109       0.043       
2457803.81278  2457803.81391  2017-02-19.3127800  coadd_bb375312 1.62 -1.97 18.447     >18.447  99.990          20.84        22.67   0.049        0.053       
2457805.80447  2457805.80540  2017-02-21.3044675  coadd_bb375804 1.74 -1.97 18.717     >18.717  99.990          25.32        17.68   0.060        0.042       
2457806.79419  2457806.79504  2017-02-22.2941967  coadd_bb376200 1.67 -1.97 18.833     >18.833  99.990          14.12        15.89   0.033        0.037       
2457807.79652  2457807.79727  2017-02-23.2965210  coadd_bb376575 1.72 -1.97 18.667     >18.667  99.990          11.94        18.51   0.028        0.044       
2457808.73266  2457808.73331  2017-02-24.2326572  coadd_bb376923 2.26 -1.97 18.365     >18.365  99.990         -44.95        24.45   -0.106       0.058       
2457823.75164  2457823.75083  2017-03-11.2516482  coadd_bb379544 2.25 -1.97 17.919     >17.919  99.990          63.27        36.88   0.149        0.087       
2457825.74453  2457825.74353  2017-03-13.2445295  coadd_bb380018 2.15 -1.97 17.710     >17.710  99.990         -21.34        44.71   -0.050       0.105       
2457828.73718  2457828.73589  2017-03-16.2371806  coadd_bb381166 1.80 -1.97 18.567     >18.567  99.990         -49.13        20.30   -0.116       0.048       
2457831.72618  2457831.72461  2017-03-19.2261792  coadd_bb382238 2.04 -1.97 18.389     >18.389  99.990         -13.90        23.92   -0.033       0.056       
2457832.72649  2457832.72483  2017-03-20.2264958  coadd_bb382630 1.75 -1.97 18.269     >18.269  99.990          61.58        26.71   0.145        0.063       
2457834.52275  2457834.52092  2017-03-22.0227531  coadd_bf286518 1.44 -2.33 18.274     >18.274  99.990         -61.08        19.12   -0.200       0.063       
2457836.51317  2457836.51115  2017-03-24.0131680  coadd_bf287261 1.49 -2.33 18.332     >18.332  99.990         -22.34        18.13   -0.073       0.059       
2457837.50430  2457837.50219  2017-03-25.0042983  coadd_bf287636 1.38 -2.33 18.266     >18.266  99.990           0.23        19.26   0.001        0.063       
2457839.50452  2457839.50223  2017-03-27.0045204  coadd_bf288397 1.43 -2.33 18.226     >18.226  99.990          13.59        19.99   0.045        0.066       
2457843.49550  2457843.49286  2017-03-30.9954984  coadd_bf288966 1.43 -2.33 18.303      18.145  0.316           64.57        18.62   0.212        0.061       
2457847.48417  2457847.48119  2017-04-03.9841724  coadd_bf290514 1.64 -2.33 17.446     >17.446  99.990         -53.87        41.00   -0.177       0.134       
2457848.48334  2457848.48028  2017-04-04.9833425  coadd_bf290887 1.53 -2.33 17.720     >17.720  99.990           5.09        31.86   0.017        0.104       
2457851.47287  2457851.46957  2017-04-07.9728728  coadd_bf291832 1.48 -2.33 17.037     >17.037  99.990        -149.79        59.73   -0.491       0.196       
2457961.12511  2457961.12153  2017-07-26.6251142  coadd_bb412784 1.73 -1.97 16.758      16.617  0.321          366.96       107.41   0.865        0.253       
2457971.11258  2457971.10979  2017-08-05.6125797  coadd_bb414995 1.70 -1.97 18.555     >18.555  99.990         -25.04        20.53   -0.059       0.048       
2457974.10344  2457974.10091  2017-08-08.6034526  coadd_bb416055 1.68 -1.97 17.548     >17.548  99.990         -73.25        51.91   -0.173       0.122       
2457978.09370  2457978.09151  2017-08-12.5937034  coadd_bb417317 1.68 -1.97 17.859      17.419  0.243          175.41        38.99   0.413        0.092       
2457989.12681  2457989.12564  2017-08-23.6268153  coadd_bb420358 1.74 -1.97 18.730     >18.730  99.990          31.65        17.47   0.075        0.041       
2457993.07189  2457993.07109  2017-08-27.5718912  coadd_bb421601 2.00 -1.97 19.014     >19.014  99.990          -4.04        13.46   -0.010       0.032       
2457999.03541  2457999.03518  2017-09-02.5354207  coadd_bb423194 1.75 -1.97 18.174     >18.174  99.990          31.80        29.17   0.075        0.069       
2458002.02968  2458002.02974  2017-09-05.5296848  coadd_bb423946 2.02 -1.97 17.615     >17.615  99.990        -150.36        48.78   -0.354       0.115       
2458005.09845  2458005.09880  2017-09-08.5984495  coadd_bb424849 1.79 -1.97 17.587     >17.587  99.990          36.40        50.08   0.086        0.118       
2458012.00458  2458012.00560  2017-09-15.5045886  coadd_bb426220 1.75 -1.97 18.450     >18.450  99.990         -19.24        22.62   -0.045       0.053       
2458012.81265  2458012.81374  2017-09-16.3126612  coadd_bf343248 1.68 -2.33 18.266     >18.266  99.990          -4.81        19.25   -0.016       0.063       
2458014.82138  2458014.82266  2017-09-18.3213831  coadd_bf344013 1.47 -2.33 17.870     >17.870  99.990         -64.08        27.73   -0.210       0.091       
2458019.11324  2458019.11492  2017-09-22.6132467  coadd_bb428386 1.78 -1.97 18.514     >18.514  99.990          52.16        21.31   0.123        0.050       
2458021.78836  2458021.79028  2017-09-25.2883607  coadd_bf346310 1.46 -2.33 18.497     >18.497  99.990          35.62        15.57   0.117        0.051       
2458023.83505  2458023.83716  2017-09-27.3350636  coadd_bf347074 1.47 -2.33 18.414     >18.414  99.990         -20.57        16.80   -0.067       0.055       
2458026.96877  2458026.97115  2017-09-30.4687774  coadd_bb431027 1.79 -1.97 18.045     >18.045  99.990          94.12        32.85   0.222        0.077       
2458027.95628  2458027.95874  2017-10-01.4562805  coadd_bb431274 1.76 -1.97 17.751     >17.751  99.990          38.85        43.04   0.092        0.101       
2458032.98327  2458032.98616  2017-10-06.4832706  coadd_bb432422 1.76 -1.97 17.380     >17.380  99.990          24.70        60.61   0.058        0.143       
2458044.06807  2458044.07182  2017-10-17.5680754  coadd_bb434334 2.00 -1.97 18.768     >18.768  99.990          -4.82        16.87   -0.011       0.040       
2458056.75367  2458056.75823  2017-10-30.2536754  coadd_bf357259 1.45 -2.33 18.069     >18.069  99.990          40.54        23.10   0.133        0.076       
2458075.99345  2458075.99880  2017-11-18.4934560  coadd_bb442997 1.71 -1.97 18.701     >18.701  99.990          46.57        17.95   0.110        0.042       
2458080.70493  2458080.71039  2017-11-23.2049342  coadd_bf361295 1.39 -2.33 18.555     >18.555  99.990         -13.23        14.75   -0.043       0.048       
2458083.61186  2458083.61736  2017-11-26.1118578  coadd_bf362203 1.40 -2.33 18.317     >18.317  99.990          25.73        18.39   0.084        0.060       
2458094.93812  2458094.94367  2017-12-07.4381217  coadd_bb446199 2.18 -1.97 17.907     >17.907  99.990         -65.67        37.28   -0.155       0.088       
2458096.90444  2458096.90997  2017-12-09.4044365  coadd_bb446607 1.76 -1.97 18.231     >18.231  99.990          36.32        27.67   0.086        0.065       
2458101.88664  2458101.89211  2017-12-14.3866474  coadd_bb447985 1.73 -1.97 18.418      18.351  0.343           74.32        23.30   0.175        0.055       
2458103.70700  2458103.71244  2017-12-16.2070048  coadd_bf367654 1.42 -2.33 18.188     >18.188  99.990          32.12        20.70   0.105        0.068       
2458107.67139  2458107.67673  2017-12-20.1713915  coadd_bf368780 1.60 -2.33 18.344     >18.344  99.990         -11.93        17.93   -0.039       0.059       
2458111.79107  2458111.79628  2017-12-24.2910763  coadd_bb448910 2.06 -1.97 18.721     >18.721  99.990         -26.76        17.63   -0.063       0.042       
2458121.94788  2458121.95266  2018-01-03.4478849  coadd_bb451608 1.69 -1.97 17.044      16.958  0.337          268.17        82.57   0.632        0.195       
2458122.70280  2458122.70754  2018-01-04.2028020  coadd_bf370647 1.36 -2.33 17.227     >17.227  99.990         128.12        50.16   0.420        0.164       
2458123.92867  2458123.93335  2018-01-05.4286726  coadd_bb452334 1.87 -1.97 18.072     >18.072  99.990          64.01        32.04   0.151        0.076       
2458124.92905  2458124.93368  2018-01-06.4290582  coadd_bb452746 1.98 -1.97 18.237      17.765  0.236          127.57        27.53   0.301        0.065       
2458125.92559  2458125.93016  2018-01-07.4255893  coadd_bb453159 2.02 -1.97 18.293     >18.293  99.990         -12.61        26.13   -0.030       0.062       
2458128.92001  2458128.92441  2018-01-10.4200130  coadd_bb454414 1.76 -1.97 18.496     >18.496  99.990          30.22        21.67   0.071        0.051       
2458130.92378  2458130.92805  2018-01-12.4237819  coadd_bb455172 1.79 -1.97 18.590      18.324  0.285           76.19        19.87   0.180        0.047       
2458131.90970  2458131.91392  2018-01-13.4097028  coadd_bb455540 1.75 -1.97 18.584     >18.584  99.990          17.35        19.99   0.041        0.047       
2458132.85690  2458132.86106  2018-01-14.3569053  coadd_bb455913 1.69 -1.97 18.648     >18.648  99.990          51.61        18.85   0.122        0.044       
2458133.86893  2458133.87301  2018-01-15.3689329  coadd_bb456336 1.73 -1.97 18.678     >18.678  99.990          52.43        18.33   0.124        0.043       
2458135.85416  2458135.85811  2018-01-17.3541576  coadd_bb457064 1.77 -1.97 18.791     >18.791  99.990          33.43        16.52   0.079        0.039       
2458136.86211  2458136.86599  2018-01-18.3621204  coadd_bb457484 2.22 -1.97 18.765     >18.765  99.990          -9.62        16.92   -0.023       0.040       
2458137.87153  2458137.87534  2018-01-19.3715400  coadd_bb457856 2.20 -1.97 18.653     >18.653  99.990          22.25        18.76   0.052        0.044       
2458138.85551  2458138.85925  2018-01-20.3555157  coadd_bb458108 1.72 -1.97 18.658      18.559  0.333           61.38        18.67   0.145        0.044       
2458141.87619  2458141.87970  2018-01-23.3761903  coadd_bb458804 1.66 -1.97 18.134     >18.134  99.990          18.58        30.24   0.044        0.071       
2458143.68222  2458143.68559  2018-01-25.1822182  coadd_bf376833 1.42 -2.33 18.326     >18.326  99.990         -97.05        18.22   -0.318       0.060       
2458148.61333  2458148.61630  2018-01-30.1133285  coadd_bf378453 1.52 -2.33 17.337     >17.337  99.990          84.09        45.32   0.276        0.149       
2458152.86485  2458152.86747  2018-02-03.3648535  coadd_bb460641 1.73 -1.97 17.748     >17.748  99.990         -67.74        43.16   -0.160       0.102       
2458160.85042  2458160.85232  2018-02-11.3504203  coadd_bb461924 2.04 -1.97 18.307     >18.307  99.990         -63.26        25.81   -0.149       0.061       
2458188.54632  2458188.54556  2018-03-11.0463281  coadd_bf390279 1.41 -2.33 18.355     >18.355  99.990           1.03        17.75   0.003        0.058       
2458205.50528  2458205.50292  2018-03-28.0052781  coadd_bf396471 1.53 -2.33 17.336     >17.336  99.990         -21.69        45.38   -0.071       0.149       
2458207.49588  2458207.49335  2018-03-29.9958825  coadd_bf397161 1.58 -2.33 17.428     >17.428  99.990         -41.00        41.69   -0.134       0.137       
2458208.49122  2458208.48861  2018-03-30.9912255  coadd_bf397576 1.66 -2.33 17.361     >17.361  99.990          93.25        44.33   0.306        0.145       
2458209.49034  2458209.48764  2018-03-31.9903424  coadd_bf397982 1.50 -2.33 17.095     >17.095  99.990          34.54        56.62   0.113        0.186       
2458210.48568  2458210.48289  2018-04-01.9856842  coadd_bf398400 1.51 -2.33 17.724     >17.724  99.990          -1.07        31.74   -0.004       0.104       
2458211.47705  2458211.47417  2018-04-02.9770483  coadd_bf398807 1.56 -2.33 16.979     >16.979  99.990        -110.34        63.04   -0.362       0.207       
2458216.47305  2458216.46977  2018-04-07.9730534  coadd_bf401018 1.64 -2.33 16.808     >16.808  99.990         -70.35        73.76   -0.231       0.242       
2458325.12542  2458325.12174  2018-07-25.625425  coadd_bb494045 2.40 -1.97 17.570     >17.570  99.990        -220.32        50.87   -0.519       0.120       
2458326.12904  2458326.12544  2018-07-26.6290436  coadd_bb494408 2.00 -1.97 16.568     >16.568  99.990          89.62       127.98   0.211        0.302       
2458343.11255  2458343.11034  2018-08-12.6125506  coadd_bb499064 1.67 -1.97 18.054     >18.054  99.990         -39.44        32.57   -0.093       0.077       
2458343.91606  2458343.91392  2018-08-13.4160679  coadd_bf429253 1.70 -2.33 18.432     >18.432  99.990          33.10        16.53   0.109        0.054       
2458344.12880  2458344.12668  2018-08-13.6288065  coadd_bb499375 1.67 -1.97 18.134     >18.134  99.990          44.14        30.26   0.104        0.071       
2458345.10726  2458345.10524  2018-08-14.6072638  coadd_bb499575 2.00 -1.97 17.987     >17.987  99.990         -80.24        34.64   -0.189       0.082       
2458349.08005  2458349.07838  2018-08-18.5800512  coadd_bb500485 1.63 -1.97 18.532     >18.532  99.990           8.34        20.98   0.020        0.049       
2458360.86490  2458360.86434  2018-08-30.3649016  coadd_bf434867 1.52 -2.33 17.719     >17.719  99.990          47.34        31.87   0.155        0.105       
2458368.12572  2458368.12586  2018-09-06.6257273  coadd_bb503822 2.11 -1.97 18.569     >18.569  99.990          21.54        20.27   0.051        0.048       
2458368.86775  2458368.86796  2018-09-07.36775  coadd_bf437849 1.54 -2.33 18.513     >18.513  99.990         -42.48        15.34   -0.139       0.050       
2458371.83875  2458371.83924  2018-09-10.3387451  coadd_bf439026 1.49 -2.33 18.514     >18.514  99.990           8.30        15.33   0.027        0.050       
2458375.82581  2458375.82669  2018-09-14.3258135  coadd_bf440256 1.47 -2.33 18.239     >18.239  99.990          14.42        19.74   0.047        0.065       
2458377.84096  2458377.84203  2018-09-16.3409630  coadd_bf441061 1.74 -2.33 18.435     >18.435  99.990         -34.20        16.48   -0.112       0.054       
2458382.99613  2458382.99768  2018-09-21.4961354  coadd_bb507321 1.69 -1.97 18.145     >18.145  99.990         -88.66        29.96   -0.209       0.071       
2458383.80162  2458383.80325  2018-09-22.3016239  coadd_bf443280 1.49 -2.33 17.799     >17.799  99.990         -27.28        29.61   -0.089       0.097       
2458384.80196  2458384.80368  2018-09-23.3019636  coadd_bf443676 1.49 -2.33 17.569     >17.569  99.990          -9.56        36.61   -0.031       0.120       
2458385.79853  2458385.80034  2018-09-24.2985391  coadd_bf444067 1.40 -2.33 17.670     >17.670  99.990          31.81        33.35   0.104        0.109       
2458396.11652  2458396.11924  2018-10-04.6165190  coadd_bb510837 1.75 -1.97 18.424     >18.424  99.990         -22.02        23.17   -0.052       0.055       
2458403.04466  2458403.04794  2018-10-11.5446576  coadd_bb512060 2.35 -1.97 18.859     >18.859  99.990         -28.24        15.52   -0.067       0.037       
2458408.04993  2458408.05358  2018-10-16.5499335  coadd_bb512833 1.64 -1.97 18.597     >18.597  99.990          34.30        19.76   0.081        0.047       
2458411.02450  2458411.02837  2018-10-19.5245010  coadd_bb513755 1.80 -1.97 17.849     >17.849  99.990         -99.91        39.33   -0.236       0.093       
2458416.94374  2458416.94800  2018-10-25.4437432  coadd_bb515174 1.71 -1.97 17.403     >17.403  99.990        -158.07        59.35   -0.373       0.140       
2458424.10272  2458424.10739  2018-11-01.6027263  coadd_bb516656 1.69 -1.97 18.417     >18.417  99.990         -26.33        23.31   -0.062       0.055       
2458431.03301  2458431.03801  2018-11-08.5330171  coadd_bb517822 1.77 -1.97 18.571     >18.571  99.990         -31.27        20.22   -0.074       0.048       
2458432.93704  2458432.94212  2018-11-10.4370399  coadd_bb518574 1.71 -1.97 18.361     >18.361  99.990         -16.82        24.54   -0.040       0.058       
2458435.05261  2458435.05777  2018-11-12.5526104  coadd_bb519406 1.66 -1.97 19.071     >19.071  99.990         -49.02        12.76   -0.116       0.030       
2458442.03914  2458442.04451  2018-11-19.5391412  coadd_bb521148 1.71 -1.97 18.146     >18.146  99.990          37.42        29.91   0.088        0.071       
2458449.00117  2458449.00668  2018-11-26.5011771  coadd_bb523472 2.26 -1.97 17.974     >17.974  99.990         -79.45        35.05   -0.187       0.083       
2458451.03599  2458451.04152  2018-11-28.5359836  coadd_bb524363 1.75 -1.97 18.370     >18.370  99.990          29.18        24.33   0.069        0.057       
