###  JD        HJD            UT_date             IMAGE          FWHM  Diff Limit      mag   mag_err       counts     count_err  flux (mJy)    flux_err
2456220.71663  2456220.71407  2012-10-20.2166355  coadd_bb020231 2.21 -1.95 18.268     >18.268  99.990         -70.92        27.31   -0.164       0.063       
2456228.70092  2456228.69801  2012-10-28.2009275  coadd_bb025078 2.49 -1.95 17.654     >17.654  99.990          17.98        48.07   0.041        0.111       
2456235.71232  2456235.70914  2012-11-04.2123225  coadd_bb023175 2.05 -1.95 19.119     >19.119  99.990           4.37        12.47   0.010        0.029       
2456338.09222  2456338.09102  2013-02-14.5922244  coadd_bb036596 2.24 -1.95 18.780      18.505  0.283           65.90        17.04   0.152        0.039       
2456349.15809  2456349.15760  2013-02-25.6580994  coadd_bb037868 2.96 -1.95 18.052     >18.052  99.990         -21.29        33.33   -0.049       0.077       
2456371.10424  2456371.10519  2013-03-19.6042466  coadd_bb041547 2.49 -1.95 19.096     >19.096  99.990           1.20        12.74   0.003        0.029       
2456381.06797  2456381.06954  2013-03-29.5679797  coadd_bb042455 2.27 -1.95 18.031     >18.031  99.990        -115.84        33.97   -0.267       0.078       
2456388.10432  2456388.10630  2013-04-05.6043276  coadd_bb043409 1.96 -1.95 18.500     >18.500  99.990          -6.54        22.06   -0.015       0.051       
2456392.98060  2456392.98284  2013-04-10.4805961  coadd_bb044691 2.02 -1.95 18.876     >18.876  99.990          31.51        15.60   0.073        0.036       
2456396.09460  2456396.09700  2013-04-13.5946  coadd_bb045097 2.09 -1.95 18.440      18.347  0.335           76.24        23.30   0.176        0.054       
2456399.03728  2456399.03983  2013-04-16.5372833  coadd_bb045925 1.99 -1.95 19.037     >19.037  99.990          -6.47        13.45   -0.015       0.031       
2456402.01455  2456402.01725  2013-04-19.5145491  coadd_bb046717 2.14 -1.95 18.925     >18.925  99.990          18.31        14.92   0.042        0.034       
2456404.05433  2456404.05712  2013-04-21.5543290  coadd_bb047204 2.16 -1.95 18.624     >18.624  99.990         -42.23        19.67   -0.097       0.045       
2456407.99637  2456407.99933  2013-04-25.4963672  coadd_bb047916 2.01 -1.95 17.855     >17.855  99.990        -169.81        39.95   -0.392       0.092       
2456414.98180  2456414.98503  2013-05-02.4818174  coadd_bb049442 1.80 -1.95 18.826     >18.826  99.990          24.49        16.34   0.057        0.038       
2456435.94658  2456435.95034  2013-05-23.4465828  coadd_bb050626 1.86 -1.95 17.977     >17.977  99.990         -24.03        35.72   -0.055       0.082       
2456444.01516  2456444.01901  2013-05-31.5151666  coadd_bb051738 1.77 -1.95 18.818     >18.818  99.990          -6.08        16.45   -0.014       0.038       
2456448.96943  2456448.97329  2013-06-05.4694306  coadd_bb052647 2.15 -1.95 18.771     >18.771  99.990          20.31        17.19   0.047        0.040       
2456451.91615  2456451.92000  2013-06-08.4161548  coadd_bb053494 1.75 -1.95 18.904     >18.904  99.990           1.64        15.21   0.004        0.035       
2456459.89999  2456459.90379  2013-06-16.4000008  coadd_bb055307 1.87 -1.95 19.048     >19.048  99.990         -11.62        13.32   -0.027       0.031       
2456462.89554  2456462.89929  2013-06-19.3955417  coadd_bb056286 1.71 -1.95 18.322     >18.322  99.990          -6.59        25.98   -0.015       0.060       
2456470.83444  2456470.83804  2013-06-27.3344385  coadd_bb058603 1.85 -1.95 18.778     >18.778  99.990          16.35        17.07   0.038        0.039       
2456473.94458  2456473.94811  2013-06-30.4445875  coadd_bb059474 1.69 -1.95 18.864     >18.864  99.990          31.82        15.77   0.073        0.036       
2456476.87983  2456476.88328  2013-07-03.3798317  coadd_bb060291 1.66 -1.95 19.056      19.034  0.357           40.49        13.22   0.093        0.031       
2456480.89565  2456480.89897  2013-07-07.3956461  coadd_bb061598 1.72 -1.95 18.836     >18.836  99.990         -48.52        16.20   -0.112       0.037       
2456484.87060  2456484.87378  2013-07-11.3706020  coadd_bb062754 2.13 -1.95 18.891     >18.891  99.990          17.52        15.39   0.040        0.036       
2456487.86429  2456487.86736  2013-07-14.3642866  coadd_bb063760 1.79 -1.95 18.904     >18.904  99.990          36.47        15.21   0.084        0.035       
2456490.85185  2456490.85480  2013-07-17.3518569  coadd_bb064812 1.77 -1.95 18.437     >18.437  99.990          10.05        23.38   0.023        0.054       
2456493.85405  2456493.85687  2013-07-20.3540469  coadd_bb065792 1.84 -1.95 17.963     >17.963  99.990         -13.16        36.19   -0.030       0.084       
2456507.84723  2456507.84935  2013-08-03.3472269  coadd_bb068029 2.15 -1.95 18.677     >18.677  99.990         -31.24        18.75   -0.072       0.043       
2456511.83411  2456511.83601  2013-08-07.3341081  coadd_bb069044 1.63 -1.95 19.025     >19.025  99.990          21.93        13.60   0.051        0.031       
2456512.83768  2456512.83953  2013-08-08.3376792  coadd_bb069389 1.67 -1.95 18.908     >18.908  99.990          -5.74        15.15   -0.013       0.035       
2456517.81595  2456517.81752  2013-08-13.3159550  coadd_bb070510 2.22 -1.95 18.351     >18.351  99.990         -47.46        25.30   -0.110       0.058       
2456521.79836  2456521.79968  2013-08-17.2983583  coadd_bb071737 1.72 -1.95 18.202     >18.202  99.990         -71.72        29.04   -0.165       0.067       
2456525.79561  2456525.79668  2013-08-21.2956091  coadd_bb072863 2.26 -1.95 17.752     >17.752  99.990        -165.80        43.95   -0.383       0.101       
2456531.78924  2456531.78994  2013-08-27.2892451  coadd_bb073983 2.89 -1.95 18.808     >18.808  99.990         -34.13        16.62   -0.079       0.038       
2456534.79839  2456534.79889  2013-08-30.2983864  coadd_bb075075 1.76 -1.95 18.837     >18.837  99.990         -32.40        16.18   -0.075       0.037       
2456538.78263  2456538.78287  2013-09-03.2826259  coadd_bb076565 2.06 -1.95 18.895     >18.895  99.990          25.88        15.34   0.060        0.035       
2456548.76220  2456548.76180  2013-09-13.2622013  coadd_bb078191 2.40 -1.95 18.384     >18.384  99.990          -9.58        24.54   -0.022       0.057       
2456559.72474  2456559.72364  2013-09-24.2247376  coadd_bb080159 2.18 -1.95 18.162      17.770  0.254          129.64        30.11   0.299        0.069       
2456566.72769  2456566.72617  2013-10-01.2276883  coadd_bb081562 2.00 -1.95 18.170     >18.170  99.990          22.37        29.89   0.052        0.069       
2456573.74734  2456573.74541  2013-10-08.2473434  coadd_bb083449 3.11 -1.95 18.114     >18.114  99.990         -79.95        31.48   -0.184       0.073       
2456735.97617  2456735.97710  2014-03-19.4757699  coadd_bb104541 1.76 -1.95 17.355     >17.355  99.990         149.37        63.31   0.345        0.146       
2456741.10948  2456741.11073  2014-03-24.6090768  coadd_bb105511 2.44 -1.95 18.262      17.898  0.261          115.26        27.46   0.266        0.063       
2456744.03976  2456744.04119  2014-03-27.5393599  coadd_bb106063 1.65 -1.95 18.641     >18.641  99.990         -10.65        19.38   -0.025       0.045       
2456752.07182  2456752.07372  2014-04-04.5714171  coadd_bb106827 2.04 -1.95 18.760     >18.760  99.990           1.25        17.37   0.003        0.040       
2456757.91664  2456757.91886  2014-04-10.4162347  coadd_bb108049 1.74 -1.95 17.640     >17.640  99.990          63.18        48.72   0.146        0.112       
2456759.00873  2456759.01101  2014-04-11.5083232  coadd_bb108415 2.08 -1.95 18.116     >18.116  99.990          49.64        31.43   0.115        0.073       
2456760.01201  2456760.01435  2014-04-12.5116129  coadd_bb108637 2.03 -1.95 18.188     >18.188  99.990          68.24        29.42   0.157        0.068       
2456771.11063  2456771.11351  2014-04-23.6102305  coadd_bb110096 2.46 -1.95 18.571     >18.571  99.990          -9.01        20.66   -0.021       0.048       
2456781.96565  2456781.96894  2014-05-04.4652460  coadd_bb111101 1.99 -1.95 18.318     >18.318  99.990          23.20        26.08   0.054        0.060       
2456784.96544  2456784.96883  2014-05-07.4650392  coadd_bb111911 1.72 -1.95 18.890     >18.890  99.990         -29.15        15.40   -0.067       0.036       
2456785.96907  2456785.97249  2014-05-08.4686627  coadd_bb112237 1.68 -1.95 18.596      18.566  0.355           62.28        20.19   0.144        0.047       
2456787.95675  2456787.96023  2014-05-10.4563439  coadd_bb112634 1.71 -1.95 18.231     >18.231  99.990         -20.34        28.26   -0.047       0.065       
2456788.96075  2456788.96426  2014-05-11.4603475  coadd_bb112974 2.15 -1.95 17.909     >17.909  99.990          94.31        38.01   0.218        0.088       
2456794.95330  2456794.95695  2014-05-17.4528989  coadd_bb113489 1.78 -1.95 18.035     >18.035  99.990          75.66        33.86   0.175        0.078       
2456796.05561  2456796.05929  2014-05-18.5552106  coadd_bb113846 1.71 -1.95 17.870     >17.870  99.990           5.66        39.43   0.013        0.091       
2456796.95687  2456796.96056  2014-05-19.4564641  coadd_bb114131 1.81 -1.95 18.087     >18.087  99.990           2.26        32.27   0.005        0.074       
2456798.05694  2456798.06066  2014-05-20.5565362  coadd_bb114564 1.76 -1.95 18.195     >18.195  99.990          73.55        29.22   0.170        0.067       
2456799.04746  2456799.05119  2014-05-21.5470535  coadd_bb114916 1.70 -1.95 18.657     >18.657  99.990         -27.51        19.08   -0.063       0.044       
2456801.06293  2456801.06669  2014-05-23.5625241  coadd_bb115491 1.69 -1.95 18.403     >18.403  99.990          10.29        24.12   0.024        0.056       
2456802.04546  2456802.04924  2014-05-24.5450605  coadd_bb115839 1.99 -1.95 18.529     >18.529  99.990          45.67        21.47   0.105        0.050       
2456803.04296  2456803.04674  2014-05-25.5425523  coadd_bb116199 1.74 -1.95 18.808     >18.808  99.990          20.18        16.62   0.047        0.038       
2456804.05257  2456804.05637  2014-05-26.5521677  coadd_bb116436 1.76 -1.95 18.589     >18.589  99.990          60.94        20.32   0.141        0.047       
2456805.05683  2456805.06064  2014-05-27.556425  coadd_bb116767 1.75 -1.95 18.668     >18.668  99.990         -23.88        18.90   -0.055       0.044       
2456806.05807  2456806.06189  2014-05-28.5576658  coadd_bb117086 2.18 -1.95 18.789     >18.789  99.990          -1.79        16.91   -0.004       0.039       
2456809.03448  2456809.03832  2014-05-31.5340741  coadd_bb117822 2.18 -1.95 18.760     >18.760  99.990         -75.66        17.37   -0.175       0.040       
2456810.04274  2456810.04658  2014-06-01.5423289  coadd_bb118115 2.21 -1.95 18.837      18.643  0.305           58.04        16.17   0.134        0.037       
2456810.93957  2456810.94342  2014-06-02.4391673  coadd_bb118382 2.27 -1.95 19.115     >19.115  99.990           8.37        12.52   0.019        0.029       
2456812.04206  2456812.04592  2014-06-03.5416582  coadd_bb118758 2.01 -1.95 18.973     >18.973  99.990          36.89        14.27   0.085        0.033       
2456812.92314  2456812.92699  2014-06-04.4227358  coadd_bb119003 1.86 -1.95 18.971     >18.971  99.990         -40.30        14.30   -0.093       0.033       
2456814.91604  2456814.91989  2014-06-06.4156313  coadd_bb119587 2.05 -1.95 18.427     >18.427  99.990         -41.05        23.60   -0.095       0.054       
2456815.91970  2456815.92356  2014-06-07.4193024  coadd_bb119911 1.99 -1.95 18.611      18.603  0.363           60.18        19.93   0.139        0.046       
2456816.92506  2456816.92891  2014-06-08.4246484  coadd_bb120266 1.75 -1.95 18.488     >18.488  99.990           2.41        22.30   0.006        0.051       
2456817.93340  2456817.93725  2014-06-09.4330021  coadd_bb120604 1.78 -1.95 17.944     >17.944  99.990         -96.79        36.82   -0.223       0.085       
2456818.92027  2456818.92411  2014-06-10.4198653  coadd_bb120907 1.78 -1.95 18.148     >18.148  99.990          31.55        30.52   0.073        0.070       
2456819.91034  2456819.91418  2014-06-11.4099396  coadd_bb121205 1.66 -1.95 17.749     >17.749  99.990          34.59        44.07   0.080        0.102       
2456820.91594  2456820.91978  2014-06-12.4155415  coadd_bb121458 1.79 -1.95 17.513     >17.513  99.990         -79.33        54.74   -0.183       0.126       
2456821.93173  2456821.93556  2014-06-13.4313256  coadd_bb121791 1.88 -1.95 16.910     >16.910  99.990         -23.38        95.39   -0.054       0.220       
2456822.92121  2456822.92503  2014-06-14.4208081  coadd_bb122129 2.22 -1.95 17.354     >17.354  99.990         -41.45        63.37   -0.096       0.146       
2456826.91211  2456826.91589  2014-06-18.4117109  coadd_bb123372 2.25 -1.95 18.530     >18.530  99.990           8.08        21.45   0.019        0.050       
2456827.90752  2456827.91127  2014-06-19.4071153  coadd_bb123716 2.26 -1.95 18.917     >18.917  99.990           1.52        15.02   0.004        0.035       
2456829.90533  2456829.90906  2014-06-21.4049306  coadd_bb124336 2.27 -1.95 18.767     >18.767  99.990         -10.96        17.25   -0.025       0.040       
2456832.89885  2456832.90252  2014-06-24.3984449  coadd_bb124992 1.80 -1.95 18.922     >18.922  99.990          14.60        14.96   0.034        0.035       
2456834.91304  2456834.91667  2014-06-26.4126407  coadd_bb125383 1.76 -1.95 18.877     >18.877  99.990          12.49        15.58   0.029        0.036       
2456835.89596  2456835.89957  2014-06-27.3955498  coadd_bb125680 1.74 -1.95 18.636     >18.636  99.990          -2.32        19.46   -0.005       0.045       
2456846.88305  2456846.88635  2014-07-08.3826467  coadd_bb125958 1.67 -1.95 18.313     >18.313  99.990        -105.78        26.20   -0.244       0.060       
2456847.88265  2456847.88591  2014-07-09.3822481  coadd_bb126308 1.76 -1.95 18.117     >18.117  99.990         -50.47        31.40   -0.116       0.072       
2456850.87433  2456850.87749  2014-07-12.3739278  coadd_bb127282 1.66 -1.95 17.599     >17.599  99.990         -19.93        50.59   -0.046       0.117       
2456851.87083  2456851.87395  2014-07-13.3704281  coadd_bb127629 1.76 -1.95 17.889     >17.889  99.990        -105.09        38.72   -0.242       0.089       
2456852.95761  2456852.96069  2014-07-14.4572076  coadd_bb127873 1.87 -1.95 16.569     >16.569  99.990        -386.03       130.67   -0.891       0.302       
2456854.95416  2456854.95716  2014-07-16.4537594  coadd_bb128191 1.72 -1.95 17.896     >17.896  99.990          61.67        38.47   0.142        0.089       
2456856.94760  2456856.95052  2014-07-18.4472024  coadd_bb128839 2.01 -1.95 18.717     >18.717  99.990          24.58        18.07   0.057        0.042       
2456862.86305  2456862.86570  2014-07-24.3626468  coadd_bb129868 1.65 -1.95 18.751     >18.751  99.990          -8.03        17.51   -0.019       0.040       
2456863.91563  2456863.91822  2014-07-25.4152243  coadd_bb130247 1.66 -1.95 18.654     >18.654  99.990         -13.06        19.15   -0.030       0.044       
2456864.85505  2456864.85761  2014-07-26.3546505  coadd_bb130559 1.72 -1.95 18.870     >18.870  99.990           1.29        15.69   0.003        0.036       
2456866.92175  2456866.92420  2014-07-28.4213523  coadd_bb131206 2.02 -1.95 19.260     >19.260  99.990           8.72        10.96   0.020        0.025       
2456867.91117  2456867.91357  2014-07-29.4107706  coadd_bb131522 2.09 -1.95 18.743     >18.743  99.990          29.38        17.64   0.068        0.041       
2456869.83620  2456869.83850  2014-07-31.3358002  coadd_bb132128 1.68 -1.95 17.886     >17.886  99.990         -62.14        38.85   -0.143       0.090       
2456870.78387  2456870.78612  2014-08-01.2834645  coadd_bb132390 2.55 -1.95 18.056     >18.056  99.990          49.45        33.21   0.114        0.077       
2456873.83219  2456873.83428  2014-08-04.3317832  coadd_bb132624 1.75 -1.95 18.377     >18.377  99.990         -55.09        24.70   -0.127       0.057       
2456874.84948  2456874.85151  2014-08-05.3490739  coadd_bb132958 1.80 -1.95 18.277     >18.277  99.990           8.85        27.08   0.020        0.062       
2456875.83779  2456875.83977  2014-08-06.3373921  coadd_bb133270 1.81 -1.95 18.276     >18.276  99.990         -93.08        27.12   -0.215       0.063       
2456876.83368  2456876.83560  2014-08-07.3332728  coadd_bb133609 1.79 -1.95 17.873     >17.873  99.990        -124.33        39.30   -0.287       0.091       
2456881.86830  2456881.86994  2014-08-12.3678986  coadd_bb133935 1.65 -1.95 17.575     >17.575  99.990          80.37        51.70   0.185        0.119       
2456882.82020  2456882.82177  2014-08-13.3197915  coadd_bb134284 1.71 -1.95 17.951     >17.951  99.990          60.88        36.58   0.140        0.084       
2456883.86421  2456883.86572  2014-08-14.3638055  coadd_bb134546 1.75 -1.95 18.198     >18.198  99.990          51.15        29.14   0.118        0.067       
2456884.81506  2456884.81652  2014-08-15.3146550  coadd_bb134768 1.67 -1.95 18.918     >18.918  99.990           0.87        15.02   0.002        0.035       
2456888.80368  2456888.80490  2014-08-19.3032785  coadd_bb136569 1.77 -1.95 19.006     >19.006  99.990          -8.17        13.85   -0.019       0.032       
2456889.80020  2456889.80136  2014-08-20.2997986  coadd_bb136198 1.72 -1.95 18.703     >18.703  99.990          33.23        18.31   0.077        0.042       
2456890.80326  2456890.80435  2014-08-21.3028548  coadd_bb135998 1.69 -1.95 18.644     >18.644  99.990          -3.11        19.33   -0.007       0.045       
2456891.76384  2456891.76487  2014-08-22.2634340  coadd_bb136944 1.68 -1.95 18.703     >18.703  99.990         -34.57        18.30   -0.080       0.042       
2456892.80320  2456892.80417  2014-08-23.3027958  coadd_bb137334 1.76 -1.95 18.800     >18.800  99.990           0.24        16.74   0.001        0.039       
2456897.78401  2456897.78467  2014-08-28.2836069  coadd_bb138854 1.69 -1.95 18.811     >18.811  99.990         -31.11        16.57   -0.072       0.038       
2456899.79732  2456899.79785  2014-08-30.2969218  coadd_bb139415 1.71 -1.95 18.937     >18.937  99.990          -1.23        14.75   -0.003       0.034       
2456900.79184  2456900.79230  2014-08-31.2914346  coadd_bb139704 1.67 -1.95 18.698     >18.698  99.990         -25.38        18.38   -0.059       0.042       
2456904.77626  2456904.77646  2014-09-04.2758555  coadd_bb140680 1.63 -1.95 18.290     >18.290  99.990          27.95        26.76   0.064        0.062       
2456907.78570  2456907.78571  2014-09-07.2852983  coadd_bb141313 1.84 -1.95 17.667     >17.667  99.990          28.74        47.52   0.066        0.110       
2456908.78569  2456908.78563  2014-09-08.2852888  coadd_bb141606 1.92 -1.95 16.952     >16.952  99.990        -263.34        91.77   -0.608       0.212       
2456909.76903  2456909.76891  2014-09-09.2686290  coadd_bb141891 1.71 -1.95 17.574     >17.574  99.990         -63.60        51.77   -0.147       0.119       
2456910.78377  2456910.78358  2014-09-10.2833590  coadd_bb142260 1.66 -1.95 18.072     >18.072  99.990         -50.86        32.72   -0.117       0.076       
2456911.76904  2456911.76879  2014-09-11.2686381  coadd_bb142564 1.73 -1.95 18.314     >18.314  99.990         -86.60        26.19   -0.200       0.060       
2456912.76381  2456912.76349  2014-09-12.2634084  coadd_bb142934 1.67 -1.95 18.913     >18.913  99.990           4.40        15.08   0.010        0.035       
2456913.76489  2456913.76450  2014-09-13.2644824  coadd_bb143186 1.76 -1.95 18.625     >18.625  99.990           4.17        19.67   0.010        0.045       
2456914.76444  2456914.76400  2014-09-14.2640388  coadd_bb143560 1.70 -1.95 18.569     >18.569  99.990         -16.32        20.70   -0.038       0.048       
2456917.75777  2456917.75713  2014-09-17.2573635  coadd_bb144459 1.67 -1.95 18.675     >18.675  99.990         -11.95        18.78   -0.028       0.043       
2456919.75471  2456919.75395  2014-09-19.2543165  coadd_bb145134 1.64 -1.95 18.870     >18.870  99.990         -57.29        15.69   -0.132       0.036       
2456920.75089  2456920.75006  2014-09-20.2504875  coadd_bb145483 1.70 -1.95 18.851     >18.851  99.990          -1.94        15.97   -0.004       0.037       
2456924.74307  2456924.74199  2014-09-24.2426655  coadd_bb146337 1.66 -1.95 18.707     >18.707  99.990         -35.19        18.23   -0.081       0.042       
2456928.73099  2456928.72966  2014-09-28.2305883  coadd_bb146873 1.75 -1.95 18.245     >18.245  99.990         -14.84        27.91   -0.034       0.064       
2456931.72636  2456931.72485  2014-10-01.2259532  coadd_bb147504 1.63 -1.95 18.405     >18.405  99.990          71.34        24.08   0.165        0.056       
2456933.72192  2456933.72030  2014-10-03.2215142  coadd_bb148243 1.69 -1.95 17.984     >17.984  99.990          67.25        35.47   0.155        0.082       
2456938.71304  2456938.71113  2014-10-08.2126369  coadd_bb149269 1.75 -1.95 17.194     >17.194  99.990        -240.56        73.43   -0.555       0.169       
2456940.70624  2456940.70422  2014-10-10.2058383  coadd_bb149903 1.72 -1.95 18.089     >18.089  99.990          25.19        32.23   0.058        0.074       
2457032.16602  2457032.16294  2015-01-09.6656170  coadd_bb168911 1.78 -1.95 17.713     >17.713  99.990          17.86        45.55   0.041        0.105       
2457037.16227  2457037.15938  2015-01-14.6618645  coadd_bb170449 2.04 -1.95 18.191     >18.191  99.990          58.01        29.33   0.134        0.068       
2457040.15697  2457040.15422  2015-01-17.6565688  coadd_bb171803 1.70 -1.95 18.489     >18.489  99.990         -41.20        22.28   -0.095       0.051       
2457043.16195  2457043.15933  2015-01-20.6615490  coadd_bb172941 2.60 -1.95 18.417     >18.417  99.990         -27.55        23.82   -0.064       0.055       
2457046.14967  2457046.14720  2015-01-23.6492687  coadd_bb174171 2.16 -1.95 18.724     >18.724  99.990         -10.78        17.95   -0.025       0.041       
2457048.15924  2457048.15687  2015-01-25.6588396  coadd_bb174989 2.14 -1.95 18.518     >18.518  99.990          36.43        21.69   0.084        0.050       
2457051.14517  2457051.14296  2015-01-28.6447702  coadd_bb175843 2.02 -1.95 18.595     >18.595  99.990         -17.64        20.21   -0.041       0.047       
2457053.14111  2457053.13900  2015-01-30.6407107  coadd_bb176551 2.49 -1.95 18.587     >18.587  99.990         -32.66        20.37   -0.075       0.047       
2457055.13020  2457055.12820  2015-02-01.6297927  coadd_bb177296 2.39 -1.95 18.171     >18.171  99.990         -18.69        29.87   -0.043       0.069       
2457061.12135  2457061.11969  2015-02-07.6209459  coadd_bb178116 1.71 -1.95 17.830     >17.830  99.990          -4.23        40.88   -0.010       0.094       
2457069.09794  2457069.09677  2015-02-15.5975258  coadd_bb179656 1.73 -1.95 18.438     >18.438  99.990         -46.96        23.36   -0.108       0.054       
2457070.10547  2457070.10436  2015-02-16.6050395  coadd_bb180047 2.02 -1.95 18.553     >18.553  99.990           7.36        21.02   0.017        0.049       
2457074.09565  2457074.09480  2015-02-20.5952268  coadd_bb181313 1.70 -1.95 18.687     >18.687  99.990         -12.76        18.57   -0.029       0.043       
2457079.06386  2457079.06333  2015-02-25.5634342  coadd_bb182494 1.79 -1.95 18.852     >18.852  99.990          -9.42        15.96   -0.022       0.037       
2457084.09075  2457084.09055  2015-03-02.5903466  coadd_bb183545 2.09 -1.95 18.389      18.350  0.352           75.97        24.43   0.175        0.056       
2457092.03478  2457092.03511  2015-03-10.5343797  coadd_bb184536 1.91 -1.95 16.711     >16.711  99.990           6.45       114.65   0.015        0.265       
2457097.12580  2457097.12646  2015-03-15.6253996  coadd_bb185523 1.67 -1.95 18.384     >18.384  99.990          27.07        24.54   0.062        0.057       
2457100.11957  2457100.12042  2015-03-18.6195693  coadd_bb186465 1.66 -1.95 18.701     >18.701  99.990         -48.16        18.33   -0.111       0.042       
2457103.03345  2457103.03449  2015-03-21.5334640  coadd_bb187333 1.62 -1.95 18.802     >18.802  99.990         -17.33        16.71   -0.040       0.039       
2457106.01531  2457106.01653  2015-03-24.5153171  coadd_bb188237 1.67 -1.95 18.553     >18.553  99.990          30.43        21.02   0.070        0.049       
2457110.00378  2457110.00524  2015-03-28.5037903  coadd_bb189332 1.77 -1.95 18.569     >18.569  99.990         -21.72        20.70   -0.050       0.048       
2457111.99724  2457111.99883  2015-03-30.4972559  coadd_bb189971 1.73 -1.95 17.673     >17.673  99.990          42.02        47.26   0.097        0.109       
2457113.97800  2457113.97971  2015-04-01.4780157  coadd_bb190649 1.73 -1.95 17.659     >17.659  99.990         -16.46        47.89   -0.038       0.110       
2457121.09484  2457121.09696  2015-04-08.5948552  coadd_bb192394 1.75 -1.95 17.775     >17.775  99.990         -18.22        43.03   -0.042       0.099       
2457123.02844  2457123.03065  2015-04-10.5284497  coadd_bb193012 1.71 -1.95 18.004     >18.004  99.990          -9.13        34.82   -0.021       0.080       
2457124.96482  2457124.96714  2015-04-12.4648291  coadd_bb193340 1.81 -1.95 18.482     >18.482  99.990          -7.37        22.42   -0.017       0.052       
2457127.96505  2457127.96752  2015-04-15.4650605  coadd_bb194038 1.79 -1.95 18.651     >18.651  99.990          17.10        19.19   0.039        0.044       
2457132.03705  2457132.03972  2015-04-19.5370607  coadd_bb194978 1.69 -1.95 18.586     >18.586  99.990         -29.03        20.39   -0.067       0.047       
2457135.95787  2457135.96072  2015-04-23.4578814  coadd_bb195939 1.67 -1.95 18.605     >18.605  99.990         -82.92        20.03   -0.191       0.046       
2457138.92049  2457138.92347  2015-04-26.4204885  coadd_bb196873 1.69 -1.95 18.255     >18.255  99.990          -4.14        27.64   -0.010       0.064       
2457144.97381  2457144.97703  2015-05-02.4738106  coadd_bb197495 1.71 -1.95 17.838     >17.838  99.990          71.22        40.61   0.164        0.094       
2457151.06248  2457151.06589  2015-05-08.5624776  coadd_bb198665 1.78 -1.95 18.242     >18.242  99.990          -6.87        27.97   -0.016       0.065       
2457153.87979  2457153.88329  2015-05-11.3797896  coadd_bb199127 1.71 -1.95 18.163     >18.163  99.990          73.50        30.10   0.170        0.069       
2457155.96127  2457155.96483  2015-05-13.4612751  coadd_bb199744 1.73 -1.95 18.541     >18.541  99.990           1.17        21.24   0.003        0.049       
2457161.90883  2457161.91252  2015-05-19.4088386  coadd_bb200975 1.69 -1.95 18.341     >18.341  99.990          20.50        25.55   0.047        0.059       
2457162.93639  2457162.94010  2015-05-20.4364027  coadd_bb201317 1.77 -1.95 18.877     >18.877  99.990          44.92        15.60   0.104        0.036       
2457166.84330  2457166.84707  2015-05-24.3433197  coadd_bb202209 1.70 -1.95 18.606     >18.606  99.990          40.62        20.01   0.094        0.046       
2457168.98219  2457168.98598  2015-05-26.4822087  coadd_bb202768 1.70 -1.95 18.653     >18.653  99.990         -12.30        19.16   -0.028       0.044       
2457172.82554  2457172.82937  2015-05-30.3255454  coadd_bb203441 1.70 -1.95 17.840     >17.840  99.990         -65.14        40.53   -0.150       0.094       
2457177.97835  2457177.98221  2015-06-04.4783758  coadd_bb204432 1.69 -1.95 17.469     >17.469  99.990          43.87        57.05   0.101        0.132       
2457179.96925  2457179.97310  2015-06-06.4692521  coadd_bb205059 1.85 -1.95 18.055     >18.055  99.990          80.41        33.24   0.186        0.077       
2457180.83803  2457180.84189  2015-06-07.3380405  coadd_bb205295 1.68 -1.95 18.710     >18.710  99.990          13.20        18.19   0.030        0.042       
2457184.85243  2457184.85627  2015-06-11.3524454  coadd_bb206290 1.69 -1.95 18.792     >18.792  99.990          16.71        16.87   0.039        0.039       
2457190.95840  2457190.96218  2015-06-17.4584266  coadd_bb207424 2.17 -1.95 18.321     >18.321  99.990         -91.41        26.02   -0.211       0.060       
2457191.93785  2457191.94163  2015-06-18.4378596  coadd_bb207672 1.73 -1.95 18.787     >18.787  99.990         -52.19        16.93   -0.120       0.039       
2457194.97962  2457194.98335  2015-06-21.4796337  coadd_bb208483 2.12 -1.95 18.775     >18.775  99.990           1.21        17.13   0.003        0.040       
2457196.96181  2457196.96551  2015-06-23.4618253  coadd_bb209066 2.06 -1.95 18.923     >18.923  99.990         -16.33        14.94   -0.038       0.034       
2457200.79480  2457200.79842  2015-06-27.2948259  coadd_bb209880 1.70 -1.95 18.084     >18.084  99.990           9.66        32.37   0.022        0.075       
2457203.94709  2457203.95063  2015-06-30.4470951  coadd_bb210862 1.73 -1.95 17.749     >17.749  99.990          21.45        44.05   0.049        0.102       
2457205.84076  2457205.84425  2015-07-02.3407616  coadd_bb211317 1.64 -1.95 17.622     >17.622  99.990         103.51        49.52   0.239        0.114       
2457208.97399  2457208.97739  2015-07-05.4739905  coadd_bb212000 1.76 -1.95 18.036     >18.036  99.990          19.79        33.81   0.046        0.078       
2457209.86845  2457209.87182  2015-07-06.3684487  coadd_bb212233 1.70 -1.95 18.352     >18.352  99.990          19.98        25.29   0.046        0.058       
2457215.87027  2457215.87344  2015-07-12.3702724  coadd_bb213369 2.15 -1.95 18.947     >18.947  99.990          19.37        14.62   0.045        0.034       
2457218.93638  2457218.93943  2015-07-15.4363819  coadd_bb214047 2.01 -1.95 18.695     >18.695  99.990          47.32        18.43   0.109        0.043       
2457222.77156  2457222.77445  2015-07-19.2715600  coadd_bb214561 1.88 -1.95 18.781     >18.781  99.990           3.26        17.02   0.008        0.039       
2457226.86697  2457226.86968  2015-07-23.3669743  coadd_bb215077 1.70 -1.95 18.322     >18.322  99.990          -2.23        25.99   -0.005       0.060       
2457235.90369  2457235.90595  2015-08-01.4036895  coadd_bb217476 1.78 -1.95 17.551     >17.551  99.990          80.78        52.89   0.186        0.122       
2457237.89387  2457237.89602  2015-08-03.3938689  coadd_bb217881 1.68 -1.95 18.082     >18.082  99.990         -92.99        32.42   -0.215       0.075       
2457240.88925  2457240.89124  2015-08-06.3892556  coadd_bb218398 1.74 -1.95 18.521     >18.521  99.990          36.90        21.63   0.085        0.050       
2457243.86937  2457243.87119  2015-08-09.3693731  coadd_bb219315 1.87 -1.95 18.687     >18.687  99.990         -19.61        18.57   -0.045       0.043       
2457245.86543  2457245.86713  2015-08-11.3654262  coadd_bb220003 1.72 -1.95 18.482     >18.482  99.990          14.07        22.42   0.032        0.052       
2457248.87105  2457248.87258  2015-08-14.3710521  coadd_bb220860 1.79 -1.95 18.626     >18.626  99.990         -35.49        19.65   -0.082       0.045       
2457250.86754  2457250.86895  2015-08-16.3675460  coadd_bb221147 1.98 -1.95 17.985     >17.985  99.990         -29.66        35.45   -0.068       0.082       
2457251.85573  2457251.85708  2015-08-17.3557298  coadd_bb221311 1.69 -1.95 18.691     >18.691  99.990         -53.29        18.51   -0.123       0.043       
2457262.81328  2457262.81395  2015-08-28.3132812  coadd_bb222605 1.79 -1.95 17.417     >17.417  99.990         -77.46        59.80   -0.179       0.138       
2457264.78199  2457264.78253  2015-08-30.2819959  coadd_bb223389 1.98 -1.95 17.598     >17.598  99.990         -53.07        50.62   -0.122       0.117       
2457270.79964  2457270.79979  2015-09-05.2996388  coadd_bb224527 1.91 -1.95 18.634      18.356  0.283           75.56        19.51   0.174        0.045       
2457273.79718  2457273.79714  2015-09-08.2971855  coadd_bb225435 2.05 -1.95 18.925     >18.925  99.990          34.27        14.92   0.079        0.034       
2457275.78242  2457275.78224  2015-09-10.2824177  coadd_bb226155 2.01 -1.95 18.697      18.671  0.356           56.52        18.40   0.130        0.042       
2457283.76042  2457283.75973  2015-09-18.2604177  coadd_bb227487 1.69 -1.95 18.357     >18.357  99.990           7.14        25.16   0.016        0.058       
2457300.72083  2457300.71910  2015-10-05.2208297  coadd_bb230245 2.90 -1.95 18.021     >18.021  99.990          50.70        34.31   0.117        0.079       
2457402.17207  2457402.16917  2016-01-14.6720725  coadd_bb259451 2.08 -1.95 17.907     >17.907  99.990        -129.21        38.09   -0.298       0.088       
2457403.16855  2457403.16570  2016-01-15.6685542  coadd_bb259879 1.80 -1.95 18.169     >18.169  99.990          32.46        29.94   0.075        0.069       
2457404.16520  2457404.16239  2016-01-16.6652003  coadd_bb260292 1.78 -1.95 18.684     >18.684  99.990          29.55        18.61   0.068        0.043       
2457410.16262  2457410.16009  2016-01-22.6626260  coadd_bb262858 1.73 -1.95 18.078     >18.078  99.990          25.35        32.55   0.059        0.075       
2457411.15946  2457411.15697  2016-01-23.6594634  coadd_bb263287 1.77 -1.95 17.705     >17.705  99.990          17.06        45.89   0.039        0.106       
2457414.15291  2457414.15058  2016-01-26.6529129  coadd_bb264579 1.73 -1.95 17.921     >17.921  99.990          65.87        37.61   0.152        0.087       
2457417.14656  2457417.14438  2016-01-29.6465623  coadd_bb265849 1.72 -1.95 18.341     >18.341  99.990          36.04        25.53   0.083        0.059       
2457422.13355  2457422.13164  2016-02-03.6335461  coadd_bb267945 1.77 -1.95 18.770     >18.770  99.990         -46.66        17.21   -0.108       0.040       
2457425.13057  2457425.12884  2016-02-06.6305717  coadd_bb269351 1.88 -1.95 18.759      18.568  0.306           62.16        17.38   0.143        0.040       
2457429.10916  2457429.10767  2016-02-10.6091626  coadd_bb270396 1.81 -1.95 18.664     >18.664  99.990          12.49        18.96   0.029        0.044       
2457437.08931  2457437.08832  2016-02-18.5893137  coadd_bb273195 1.74 -1.95 18.836     >18.836  99.990         -15.34        16.20   -0.035       0.037       
2457440.08247  2457440.08166  2016-02-21.5824730  coadd_bb274437 1.79 -1.95 17.724     >17.724  99.990          70.78        45.10   0.163        0.104       
2457442.11296  2457442.11229  2016-02-23.6129655  coadd_bb275267 1.70 -1.95 17.813     >17.813  99.990         -44.34        41.54   -0.102       0.096       
2457444.08331  2457444.08276  2016-02-25.5833099  coadd_bb276023 2.00 -1.95 18.002     >18.002  99.990         -32.47        34.91   -0.075       0.081       
2457446.11776  2457446.11735  2016-02-27.6177662  coadd_bb276859 1.67 -1.95 18.111     >18.111  99.990         -35.14        31.57   -0.081       0.073       
2457451.16234  2457451.16226  2016-03-03.6623410  coadd_bb278822 1.71 -1.95 17.869     >17.869  99.990         -29.14        39.44   -0.067       0.091       
2457453.04395  2457453.04399  2016-03-05.5439503  coadd_bb279555 1.70 -1.95 19.084     >19.084  99.990          24.86        12.88   0.057        0.030       
2457455.04827  2457455.04844  2016-03-07.5482672  coadd_bb280381 2.07 -1.95 18.591     >18.591  99.990          15.03        20.29   0.035        0.047       
2457456.13182  2457456.13207  2016-03-08.6318208  coadd_bb280825 1.67 -1.95 18.882     >18.882  99.990         -12.17        15.52   -0.028       0.036       
2457459.05672  2457459.05716  2016-03-11.5567246  coadd_bb281631 1.74 -1.95 18.677     >18.677  99.990          55.85        18.74   0.129        0.043       
2457461.06096  2457461.06153  2016-03-13.5609583  coadd_bb282368 1.78 -1.95 18.960     >18.960  99.990          28.46        14.45   0.066        0.033       
2457466.01297  2457466.01386  2016-03-18.5129753  coadd_bb283944 2.08 -1.95 18.235     >18.235  99.990         -48.42        28.15   -0.112       0.065       
2457467.02511  2457467.02606  2016-03-19.5251084  coadd_bb284447 1.72 -1.95 17.922     >17.922  99.990         -20.38        37.58   -0.047       0.087       
2457473.04453  2457473.04587  2016-03-25.5445364  coadd_bb286304 1.99 -1.95 18.082     >18.082  99.990          21.37        32.43   0.049        0.075       
2457478.12508  2457478.12672  2016-03-30.6250780  coadd_bb287442 1.85 -1.95 18.350     >18.350  99.990         -40.84        25.34   -0.094       0.058       
2457480.03087  2457480.03262  2016-04-01.5308682  coadd_bb288057 1.74 -1.95 18.743     >18.743  99.990         -50.26        17.64   -0.116       0.041       
2457482.03129  2457482.03316  2016-04-03.5312863  coadd_bb288809 1.67 -1.95 18.484     >18.484  99.990          -8.97        22.39   -0.021       0.052       
2457483.99012  2457483.99210  2016-04-05.4901172  coadd_bb289558 1.69 -1.95 18.709     >18.709  99.990          16.39        18.20   0.038        0.042       
2457488.06343  2457488.06564  2016-04-09.5634358  coadd_bb290133 2.02 -1.95 18.661     >18.661  99.990           2.80        19.02   0.006        0.044       
2457490.94696  2457490.94932  2016-04-12.4469645  coadd_bb291202 1.70 -1.95 18.786     >18.786  99.990           4.04        16.96   0.009        0.039       
2457493.03788  2457493.04035  2016-04-14.5378875  coadd_bb291948 1.65 -1.95 19.074     >19.074  99.990           6.29        13.00   0.015        0.030       
2457494.93262  2457494.93518  2016-04-16.4326237  coadd_bb292633 1.82 -1.95 18.031     >18.031  99.990         -17.33        33.98   -0.040       0.078       
2457496.05780  2457496.06042  2016-04-17.5578053  coadd_bb293046 1.78 -1.95 18.819      18.691  0.324           55.51        16.45   0.128        0.038       
2457500.02515  2457500.02795  2016-04-21.5251540  coadd_bb293928 1.66 -1.95 17.980     >17.980  99.990          29.79        35.62   0.069        0.082       
2457503.97301  2457503.97599  2016-04-25.4730153  coadd_bb295248 1.69 -1.95 17.869     >17.869  99.990         -70.94        39.46   -0.164       0.091       
2457506.02697  2457506.03002  2016-04-27.5269686  coadd_bb296030 1.74 -1.95 18.252     >18.252  99.990         -82.75        27.73   -0.191       0.064       
2457508.00843  2457508.01157  2016-04-29.5084355  coadd_bb296695 1.76 -1.95 18.413     >18.413  99.990         -33.93        23.90   -0.078       0.055       
2457508.92923  2457508.93240  2016-04-30.4292354  coadd_bb296993 2.01 -1.95 18.720     >18.720  99.990           4.19        18.02   0.010        0.042       
2457511.92918  2457511.93246  2016-05-03.4291824  coadd_bb297894 1.68 -1.95 18.188     >18.188  99.990         -53.72        29.41   -0.124       0.068       
2457513.00615  2457513.00946  2016-05-04.50615  coadd_bb298323 1.70 -1.95 19.026     >19.026  99.990         -15.98        13.59   -0.037       0.031       
2457520.96732  2457520.97087  2016-05-12.4673252  coadd_bb299697 1.76 -1.95 19.219     >19.219  99.990         -37.18        11.38   -0.086       0.026       
2457526.93547  2457526.93916  2016-05-18.4354763  coadd_bb301036 1.79 -1.95 18.273     >18.273  99.990          39.00        27.20   0.090        0.063       
2457529.91285  2457529.91659  2016-05-21.4128567  coadd_bb301906 1.72 -1.95 17.664     >17.664  99.990        -216.35        47.63   -0.499       0.110       
2457531.99058  2457531.99434  2016-05-23.4905798  coadd_bb302561 1.77 -1.95 17.805     >17.805  99.990        -170.37        41.85   -0.393       0.097       
2457536.00663  2457536.01044  2016-05-27.5066339  coadd_bb303295 1.65 -1.95 18.645     >18.645  99.990           1.23        19.30   0.003        0.045       
2457538.92431  2457538.92814  2016-05-30.4243061  coadd_bb304127 1.72 -1.95 18.838     >18.838  99.990          35.13        16.16   0.081        0.037       
2457544.02332  2457544.02718  2016-06-04.5233255  coadd_bb305477 1.74 -1.95 18.723     >18.723  99.990         -15.16        17.96   -0.035       0.041       
2457545.02103  2457545.02489  2016-06-05.5210324  coadd_bb305818 1.60 -1.95 18.449     >18.449  99.990         -21.94        23.12   -0.051       0.053       
2457550.01856  2457550.02240  2016-06-10.5185614  coadd_bb307226 1.71 -1.95 19.056     >19.056  99.990          -6.46        13.22   -0.015       0.031       
2457555.87501  2457555.87881  2016-06-16.3750173  coadd_bb308174 1.66 -1.95 17.934     >17.934  99.990          59.96        37.15   0.138        0.086       
2457559.92158  2457559.92531  2016-06-20.4215773  coadd_bb309330 1.73 -1.95 17.545     >17.545  99.990         -54.46        53.18   -0.126       0.123       
2457561.91789  2457561.92159  2016-06-22.4178915  coadd_bb309971 1.67 -1.95 17.987     >17.987  99.990        -104.25        35.39   -0.241       0.082       
2457566.98749  2457566.99108  2016-06-27.4874915  coadd_bb311146 1.71 -1.95 17.232     >17.232  99.990         -55.25        70.90   -0.127       0.164       
2457568.98885  2457568.99239  2016-06-29.4888476  coadd_bb311795 1.76 -1.95 18.850     >18.850  99.990           3.11        15.98   0.007        0.037       
2457570.95477  2457570.95826  2016-07-01.4547711  coadd_bb312194 2.12 -1.95 18.977     >18.977  99.990         -18.11        14.22   -0.042       0.033       
2457575.97229  2457575.97563  2016-07-06.4722900  coadd_bb313183 1.73 -1.95 18.693     >18.693  99.990         -15.13        18.46   -0.035       0.043       
2457577.83393  2457577.83722  2016-07-08.3339333  coadd_bb313781 1.67 -1.95 19.080     >19.080  99.990          -5.37        12.93   -0.012       0.030       
2457580.90486  2457580.90804  2016-07-11.4048637  coadd_bb314462 2.09 -1.95 18.974     >18.974  99.990          18.43        14.26   0.043        0.033       
2457585.80211  2457585.80509  2016-07-16.3021076  coadd_bb315624 1.65 -1.95 18.117     >18.117  99.990         -80.94        31.40   -0.187       0.072       
2457587.78176  2457587.78466  2016-07-18.2817656  coadd_bb316163 1.70 -1.95 17.994     >17.994  99.990          77.78        35.15   0.179        0.081       
2457591.82667  2457591.82939  2016-07-22.3266696  coadd_bb316826 1.76 -1.95 18.282     >18.282  99.990          -2.67        26.97   -0.006       0.062       
2457596.91562  2457596.91809  2016-07-27.4156170  coadd_bb317888 1.76 -1.95 19.109     >19.109  99.990          -2.13        12.59   -0.005       0.029       
2457600.90110  2457600.90338  2016-07-31.4011046  coadd_bb319063 1.70 -1.95 18.855     >18.855  99.990         -31.11        15.91   -0.072       0.037       
2457603.89249  2457603.89460  2016-08-03.3924902  coadd_bb320028 1.69 -1.95 18.989     >18.989  99.990           4.34        14.06   0.010        0.032       
2457605.84925  2457605.85126  2016-08-05.3492541  coadd_bb320542 2.06 -1.95 18.990     >18.990  99.990          -1.34        14.06   -0.003       0.032       
2457607.78326  2457607.78516  2016-08-07.2832594  coadd_bb321186 1.76 -1.95 18.998     >18.998  99.990         -21.21        13.95   -0.049       0.032       
2457609.86385  2457609.86564  2016-08-09.3638569  coadd_bb321943 1.80 -1.95 18.898     >18.898  99.990         -13.35        15.29   -0.031       0.035       
2457612.86304  2457612.86465  2016-08-12.3630442  coadd_bb322900 1.80 -1.95 18.157     >18.157  99.990         -60.30        30.25   -0.139       0.070       
2457617.84833  2457617.84963  2016-08-17.3483292  coadd_bb324217 1.74 -1.95 17.807     >17.807  99.990          44.49        41.78   0.103        0.096       
2457620.84178  2457620.84291  2016-08-20.3417873  coadd_bb325314 1.69 -1.95 18.011     >18.011  99.990        -130.74        34.61   -0.302       0.080       
2457622.80388  2457622.80488  2016-08-22.3038859  coadd_bb325742 2.04 -1.95 18.478      18.328  0.318           77.54        22.52   0.179        0.052       
2457627.81182  2457627.81250  2016-08-27.3118190  coadd_bb326581 1.81 -1.95 18.879     >18.879  99.990         -36.22        15.56   -0.084       0.036       
2457631.79428  2457631.79471  2016-08-31.2942854  coadd_bb327462 2.11 -1.95 19.111     >19.111  99.990          -3.47        12.56   -0.008       0.029       
2457637.50303  2457637.50309  2016-09-06.0030351  coadd_bf230930 1.70 -2.46 18.409     >18.409  99.990          25.63        15.01   0.095        0.055       
2457638.78876  2457638.78874  2016-09-07.2887640  coadd_bb328480 1.70 -1.95 18.459     >18.459  99.990         -77.28        22.92   -0.178       0.053       
2457642.51685  2457642.51659  2016-09-11.0168555  coadd_bf232735 1.47 -2.46 16.570     >16.570  99.990          57.28        81.63   0.211        0.301       
2457643.52089  2457643.52056  2016-09-12.0208934  coadd_bf233130 1.46 -2.46 17.871     >17.871  99.990         -67.94        24.63   -0.251       0.091       
2457647.77211  2457647.77151  2016-09-16.2721141  coadd_bb329908 2.07 -1.95 17.438     >17.438  99.990          15.97        58.68   0.037        0.135       
2457650.74143  2457650.74064  2016-09-19.2414346  coadd_bb330246 2.03 -1.95 18.861     >18.861  99.990          -5.70        15.81   -0.013       0.036       
2457656.73751  2457656.73634  2016-09-25.2375107  coadd_bb331762 1.74 -1.95 18.464     >18.464  99.990         -12.55        22.81   -0.029       0.053       
2457658.73237  2457658.73108  2016-09-27.2323740  coadd_bb332476 1.69 -1.95 18.853     >18.853  99.990          23.80        15.95   0.055        0.037       
2457661.72263  2457661.72116  2016-09-30.2226327  coadd_bb333171 1.70 -1.95 18.802     >18.802  99.990         -69.14        16.71   -0.160       0.039       
2457668.70304  2457668.70117  2016-10-07.2030453  coadd_bb334445 2.01 -1.95 17.668     >17.668  99.990         -66.35        47.46   -0.153       0.110       
2457766.17537  2457766.17242  2017-01-12.6753746  coadd_bb362433 1.80 -1.95 16.550     >16.550  99.990          45.19       132.97   0.104        0.307       
2457767.17192  2457767.16901  2017-01-13.6719219  coadd_bb362858 1.84 -1.95 17.269     >17.269  99.990        -156.32        68.57   -0.361       0.158       
2457770.16186  2457770.15908  2017-01-16.6618668  coadd_bb363838 2.12 -1.95 18.157     >18.157  99.990           4.08        30.26   0.009        0.070       
2457779.17796  2457779.17561  2017-01-25.6779594  coadd_bb367021 1.98 -1.95 16.610     >16.610  99.990          88.87       125.83   0.205        0.290       
2457780.15717  2457780.15487  2017-01-26.6571684  coadd_bb367430 1.72 -1.95 18.973     >18.973  99.990           5.65        14.27   0.013        0.033       
2457785.14386  2457785.14183  2017-01-31.6438601  coadd_bb369441 1.75 -1.95 18.733     >18.733  99.990          48.58        17.80   0.112        0.041       
2457788.13454  2457788.13268  2017-02-03.6345402  coadd_bb370508 2.05 -1.95 18.843     >18.843  99.990         -21.33        16.08   -0.049       0.037       
2457793.11677  2457793.11520  2017-02-08.6167729  coadd_bb371728 2.13 -1.95 18.324     >18.324  99.990           9.78        25.95   0.023        0.060       
2457795.12929  2457795.12785  2017-02-10.6292909  coadd_bb372570 1.70 -1.95 17.097     >17.097  99.990          60.65        80.35   0.140        0.185       
2457798.10274  2457798.10148  2017-02-13.6027434  coadd_bb373211 1.78 -1.95 17.840     >17.840  99.990         -60.28        40.51   -0.139       0.093       
2457804.14792  2457804.14704  2017-02-19.6479211  coadd_bb375491 1.78 -1.95 18.729     >18.729  99.990          -5.49        17.86   -0.013       0.041       
2457809.07196  2457809.07140  2017-02-24.5719664  coadd_bb377134 1.69 -1.95 18.662     >18.662  99.990          13.95        19.01   0.032        0.044       
2457817.04793  2457817.04789  2017-03-04.5479299  coadd_bb378063 2.04 -1.95 18.800     >18.800  99.990          21.59        16.73   0.050        0.039       
2457818.05219  2457818.05222  2017-03-05.5521937  coadd_bb378455 2.02 -1.95 19.098     >19.098  99.990          25.72        12.72   0.059        0.029       
2457819.04836  2457819.04845  2017-03-06.5483625  coadd_bb378771 1.78 -1.95 19.302     >19.302  99.990           1.90        10.54   0.004        0.024       
2457820.04859  2457820.04875  2017-03-07.5485888  coadd_bb379113 1.74 -1.95 18.867     >18.867  99.990          -3.55        15.74   -0.008       0.036       
2457824.03011  2457824.03053  2017-03-11.5301143  coadd_bb379758 1.83 -1.95 17.783     >17.783  99.990          28.91        42.69   0.067        0.099       
2457827.04648  2457827.04709  2017-03-14.5464804  coadd_bb380643 1.81 -1.95 17.751     >17.751  99.990           0.92        44.00   0.002        0.102       
2457830.09263  2457830.09345  2017-03-17.5926329  coadd_bb381822 1.67 -1.95 18.133     >18.133  99.990          26.19        30.94   0.060        0.071       
2457834.10902  2457834.11009  2017-03-21.6090153  coadd_bb383304 1.73 -1.95 18.429     >18.429  99.990         -44.16        23.55   -0.102       0.054       
2457836.08198  2457836.08318  2017-03-23.5819869  coadd_bb384044 1.83 -1.95 18.797     >18.797  99.990         -26.02        16.78   -0.060       0.039       
2457840.05676  2457840.05820  2017-03-27.5567592  coadd_bb385394 1.78 -1.95 18.871     >18.871  99.990          25.21        15.68   0.058        0.036       
2457845.97098  2457845.97278  2017-04-02.4709851  coadd_bb387098 2.09 -1.95 19.048     >19.048  99.990         -13.68        13.32   -0.032       0.031       
2457848.96401  2457848.96597  2017-04-05.4640105  coadd_bb388156 1.75 -1.95 18.178     >18.178  99.990         -65.79        29.68   -0.152       0.068       
2457850.08139  2457850.08343  2017-04-06.5813958  coadd_bb388620 1.77 -1.95 18.963     >18.963  99.990         -28.95        14.41   -0.067       0.033       
2457850.95672  2457850.95880  2017-04-07.4567262  coadd_bb388887 1.80 -1.95 17.839     >17.839  99.990         117.63        40.56   0.271        0.094       
2457851.89337  2457851.89550  2017-04-08.3933718  coadd_bf292156 1.81 -2.46 18.384     >18.384  99.990           1.06        15.35   0.004        0.057       
2457854.94726  2457854.94956  2017-04-11.4472645  coadd_bb390273 1.78 -1.95 16.938     >16.938  99.990         -88.27        93.02   -0.204       0.215       
2457856.97373  2457856.97613  2017-04-13.4737388  coadd_bb390826 1.77 -1.95 17.840     >17.840  99.990          17.90        40.52   0.041        0.094       
2457863.08877  2457863.09147  2017-04-19.5887722  coadd_bb391841 2.02 -1.95 18.453     >18.453  99.990          43.80        23.04   0.101        0.053       
2457866.85095  2457866.85382  2017-04-23.3509508  coadd_bf296557 1.45 -2.46 17.756     >17.756  99.990          49.63        27.37   0.183        0.101       
2457869.98249  2457869.98550  2017-04-26.4824944  coadd_bb393265 1.68 -1.95 18.854      18.564  0.279           62.43        15.92   0.144        0.037       
2457877.88508  2457877.88838  2017-05-04.3850813  coadd_bb394509 1.76 -1.95 18.457     >18.457  99.990          -6.55        22.94   -0.015       0.053       
2457878.91549  2457878.91883  2017-05-05.4154951  coadd_bb394894 1.79 -1.95 18.381     >18.381  99.990         -18.27        24.61   -0.042       0.057       
2457879.91964  2457879.92300  2017-05-06.4196385  coadd_bb395259 1.76 -1.95 18.339     >18.339  99.990           0.51        25.59   0.001        0.059       
2457882.86774  2457882.87119  2017-05-09.3677393  coadd_bb396088 1.86 -1.95 17.877     >17.877  99.990          99.01        39.15   0.228        0.090       
2457884.95927  2457884.96278  2017-05-11.4592699  coadd_bb396795 1.78 -1.95 17.727     >17.727  99.990         -90.13        44.95   -0.208       0.104       
2457889.99252  2457889.99616  2017-05-16.4925217  coadd_bb397669 1.69 -1.95 18.549     >18.549  99.990         -42.74        21.08   -0.099       0.049       
2457891.89384  2457891.89752  2017-05-18.3938468  coadd_bb398303 2.20 -1.95 18.979     >18.979  99.990          -0.34        14.19   -0.001       0.033       
2457893.95174  2457893.95545  2017-05-20.4517379  coadd_bb398981 1.72 -1.95 19.143     >19.143  99.990         -10.67        12.21   -0.025       0.028       
2457894.99757  2457895.00130  2017-05-21.4975745  coadd_bb399370 1.72 -1.95 18.936     >18.936  99.990           0.99        14.77   0.002        0.034       
2457896.00862  2457896.01236  2017-05-22.5086199  coadd_bb399723 1.74 -1.95 18.675     >18.675  99.990         -10.47        18.78   -0.024       0.043       
2457897.01668  2457897.02045  2017-05-23.5166849  coadd_bb400060 2.10 -1.95 18.531     >18.531  99.990          57.57        21.43   0.133        0.049       
2457898.05869  2457898.06247  2017-05-24.5586940  coadd_bb400322 1.71 -1.95 18.664     >18.664  99.990          -7.31        18.97   -0.017       0.044       
2457899.00588  2457899.00967  2017-05-25.5058818  coadd_bb400625 1.83 -1.95 18.825     >18.825  99.990          23.96        16.36   0.055        0.038       
2457900.01004  2457900.01384  2017-05-26.5100399  coadd_bb400963 1.78 -1.95 18.739     >18.739  99.990         -17.69        17.71   -0.041       0.041       
2457903.84095  2457903.84479  2017-05-30.3409526  coadd_bb401810 1.70 -1.95 18.585     >18.585  99.990          31.63        20.40   0.073        0.047       
2457906.01970  2457906.02355  2017-06-01.5197009  coadd_bb402509 1.73 -1.95 18.755     >18.755  99.990         -25.54        17.45   -0.059       0.040       
2457908.91142  2457908.91528  2017-06-04.4114261  coadd_bb403400 2.01 -1.95 17.322     >17.322  99.990         -15.92        65.28   -0.037       0.151       
2457910.85815  2457910.86201  2017-06-06.3581511  coadd_bb403919 1.84 -1.95 17.815     >17.815  99.990          77.32        41.48   0.178        0.096       
2457911.88337  2457911.88723  2017-06-07.3833768  coadd_bb404195 2.05 -1.95 17.025     >17.025  99.990          -6.50        85.79   -0.015       0.198       
2457914.98861  2457914.99246  2017-06-10.4886133  coadd_bb405267 1.66 -1.95 17.467     >17.467  99.990        -104.44        57.13   -0.241       0.132       
2457917.83789  2457917.84171  2017-06-13.3378899  coadd_bb405681 1.67 -1.95 18.332     >18.332  99.990          41.72        25.75   0.096        0.059       
2457924.77673  2457924.78047  2017-06-20.2767284  coadd_bb406653 2.10 -1.95 18.956     >18.956  99.990          17.03        14.50   0.039        0.033       
2457927.92305  2457927.92674  2017-06-23.4230533  coadd_bb407714 1.70 -1.95 18.752     >18.752  99.990         -48.28        17.49   -0.111       0.040       
2457929.76129  2457929.76494  2017-06-25.2612940  coadd_bb408261 2.16 -1.95 17.665     >17.665  99.990        -106.97        47.62   -0.247       0.110       
2457930.90310  2457930.90672  2017-06-26.4030997  coadd_bb408599 1.74 -1.95 18.866     >18.866  99.990         -45.15        15.75   -0.104       0.036       
2457936.81732  2457936.82080  2017-07-02.3173295  coadd_bb409917 2.43 -1.95 18.116     >18.116  99.990          -4.62        31.43   -0.011       0.073       
2457937.88904  2457937.89249  2017-07-03.3890469  coadd_bb410180 1.71 -1.95 18.389     >18.389  99.990         -22.74        24.43   -0.052       0.056       
2457940.83219  2457940.83555  2017-07-06.3321952  coadd_bb411050 2.01 -1.95 18.357     >18.357  99.990          46.70        25.17   0.108        0.058       
2457952.68416  2457952.68707  2017-07-18.1841570  coadd_bf325378 1.53 -2.46 18.429     >18.429  99.990          -1.13        14.73   -0.004       0.054       
2457959.92019  2457959.92278  2017-07-25.4201901  coadd_bb412280 1.67 -1.95 18.730     >18.730  99.990         -45.03        17.85   -0.104       0.041       
2457964.83506  2457964.83740  2017-07-30.3350579  coadd_bb413386 1.72 -1.95 18.791     >18.791  99.990          -3.62        16.87   -0.008       0.039       
2457968.63733  2457968.63947  2017-08-03.1373373  coadd_bf331750 1.54 -2.46 17.471     >17.471  99.990          -5.92        35.58   -0.022       0.131       
2457970.62658  2457970.62861  2017-08-05.1265868  coadd_bf332600 1.45 -2.46 17.332     >17.332  99.990          -4.39        40.47   -0.016       0.149       
2457972.79143  2457972.79334  2017-08-07.2914271  coadd_bb415461 1.76 -1.95 17.675     >17.675  99.990         -17.51        47.17   -0.040       0.109       
2457975.87638  2457975.87812  2017-08-10.3763905  coadd_bb416694 1.66 -1.95 17.159     >17.159  99.990          46.45        75.86   0.107        0.175       
2457977.86807  2457977.86969  2017-08-12.3680777  coadd_bb417144 1.72 -1.95 18.329     >18.329  99.990         -15.65        25.82   -0.036       0.060       
2457979.86299  2457979.86449  2017-08-14.3629942  coadd_bb417851 1.66 -1.95 18.690     >18.690  99.990          39.05        18.52   0.090        0.043       
2457981.46808  2457981.46948  2017-08-15.9680807  coadd_bf335881 2.14 -2.46 18.172     >18.172  99.990           8.48        18.66   0.031        0.069       
2457982.85184  2457982.85316  2017-08-17.3518421  coadd_bb418909 1.73 -1.95 18.705     >18.705  99.990          25.52        18.26   0.059        0.042       
2457983.46503  2457983.46632  2017-08-17.9650370  coadd_bf336705 2.08 -2.46 17.541      17.453  0.337          108.58        33.37   0.401        0.123       
2457988.83317  2457988.83413  2017-08-23.3331729  coadd_bb420138 1.78 -1.95 18.670     >18.670  99.990          54.64        18.87   0.126        0.044       
2457990.79876  2457990.79959  2017-08-25.2987680  coadd_bb420829 1.71 -1.95 18.758      18.646  0.329           57.89        17.40   0.134        0.040       
2457996.76802  2457996.76847  2017-08-31.2680266  coadd_bb422257 1.74 -1.95 18.188     >18.188  99.990         -37.24        29.41   -0.086       0.068       
2458002.78213  2458002.78219  2017-09-06.2821324  coadd_bb424083 2.00 -1.95 17.566     >17.566  99.990         -52.29        52.14   -0.121       0.120       
2458003.78365  2458003.78364  2017-09-07.2836562  coadd_bb424404 2.06 -1.95 17.890     >17.890  99.990         -57.07        38.69   -0.132       0.089       
2458008.76896  2458008.76863  2017-09-12.2689609  coadd_bb425198 1.97 -1.95 18.684     >18.684  99.990          26.36        18.63   0.061        0.043       
2458012.76701  2458012.76643  2017-09-16.2670167  coadd_bb426360 1.96 -1.95 18.582     >18.582  99.990           4.46        20.45   0.010        0.047       
2458013.76383  2458013.76318  2017-09-17.2638320  coadd_bb426715 2.08 -1.95 18.967     >18.967  99.990          30.64        14.35   0.071        0.033       
2458017.74762  2458017.74671  2017-09-21.2476203  coadd_bb427763 1.66 -1.95 18.796     >18.796  99.990           7.28        16.80   0.017        0.039       
2458019.74297  2458019.74194  2017-09-23.2429716  coadd_bb428495 1.73 -1.95 18.681     >18.681  99.990          -3.16        18.67   -0.007       0.043       
2458021.73004  2458021.72889  2017-09-25.2300443  coadd_bb429221 1.71 -1.95 18.806     >18.806  99.990         -29.85        16.64   -0.069       0.038       
2458027.71837  2458027.71685  2017-10-01.2183761  coadd_bb431222 1.71 -1.95 18.296     >18.296  99.990         -62.01        26.62   -0.143       0.061       
2458032.70765  2458032.70584  2017-10-06.2076570  coadd_bb432345 2.27 -1.95 17.672     >17.672  99.990         -47.93        47.30   -0.111       0.109       
2458177.08501  2458177.08463  2018-02-27.5850163  coadd_bb463675 2.27 -1.95 17.788     >17.788  99.990          25.82        42.50   0.060        0.098       
2458184.12783  2458184.12792  2018-03-06.6278400  coadd_bb464609 1.62 -1.95 18.150     >18.150  99.990          27.97        30.44   0.065        0.070       
2458189.04079  2458189.04119  2018-03-11.5407928  coadd_bb466284 1.75 -1.95 18.063     >18.063  99.990          11.53        33.01   0.027        0.076       
2458203.89901  2458203.90037  2018-03-26.3990157  coadd_bf396161 1.37 -2.46 17.460     >17.460  99.990        -153.45        35.95   -0.566       0.133       
2458220.96100  2458220.96334  2018-04-12.4610052  coadd_bb469836 1.69 -1.95 18.571     >18.571  99.990          24.14        20.67   0.056        0.048       
2458222.02268  2458222.02507  2018-04-13.5226855  coadd_bb470208 2.34 -1.95 18.820     >18.820  99.990          20.79        16.43   0.048        0.038       
2458223.12290  2458223.12534  2018-04-14.6229056  coadd_bb470402 1.74 -1.95 18.189     >18.189  99.990          48.13        29.39   0.111        0.068       
2458227.98238  2458227.98506  2018-04-19.4823847  coadd_bb471551 1.70 -1.95 17.438     >17.438  99.990           0.07        58.66   0.000        0.135       
2458241.88053  2458241.88379  2018-05-03.3805336  coadd_bf410369 1.48 -2.46 16.984     >16.984  99.990        -134.92        55.76   -0.498       0.206       
2458243.88983  2458243.89315  2018-05-05.3898351  coadd_bb474161 2.08 -1.95 17.174      16.427  0.184          446.53        74.83   1.030        0.173       
2458245.95020  2458245.95359  2018-05-07.4502012  coadd_bb474677 1.63 -1.95 18.453     >18.453  99.990         -28.80        23.05   -0.066       0.053       
2458249.02048  2458249.02396  2018-05-10.5204893  coadd_bb475468 1.66 -1.95 18.795     >18.795  99.990         -22.35        16.82   -0.052       0.039       
2458250.86856  2458250.87210  2018-05-12.3685658  coadd_bb475695 1.65 -1.95 18.604     >18.604  99.990         -45.71        20.05   -0.105       0.046       
2458252.84712  2458252.85070  2018-05-14.3471295  coadd_bb476214 2.10 -1.95 18.927     >18.927  99.990         -24.77        14.88   -0.057       0.034       
2458257.93364  2458257.93733  2018-05-19.4336459  coadd_bb477352 1.76 -1.95 18.274     >18.274  99.990          31.57        27.16   0.073        0.063       
2458258.95272  2458258.95643  2018-05-20.4527240  coadd_bb477715 2.11 -1.95 19.092     >19.092  99.990           5.92        12.79   0.014        0.030       
2458259.88173  2458259.88545  2018-05-21.3817335  coadd_bb477902 1.69 -1.95 18.952     >18.952  99.990          36.45        14.55   0.084        0.034       
2458261.85241  2458261.85617  2018-05-23.3524188  coadd_bb478584 1.70 -1.95 19.025     >19.025  99.990          29.55        13.61   0.068        0.031       
2458271.94663  2458271.95048  2018-06-02.4466391  coadd_bb480515 1.71 -1.95 17.833     >17.833  99.990           0.64        40.79   0.001        0.094       
2458273.95402  2458273.95788  2018-06-04.4540239  coadd_bb480894 2.03 -1.95 18.104     >18.104  99.990         -73.47        31.79   -0.170       0.073       
2458274.83257  2458274.83643  2018-06-05.3325748  coadd_bb481059 1.69 -1.95 18.631     >18.631  99.990          40.44        19.55   0.093        0.045       
2458275.95096  2458275.95482  2018-06-06.4509646  coadd_bb481286 1.98 -1.95 18.954     >18.954  99.990          23.18        14.52   0.053        0.034       
2458277.88686  2458277.89072  2018-06-08.3868738  coadd_bb481746 1.71 -1.95 19.125     >19.125  99.990          19.99        12.41   0.046        0.029       
2458279.98855  2458279.99239  2018-06-10.4885511  coadd_bb482250 1.69 -1.95 18.702     >18.702  99.990          53.68        18.32   0.124        0.042       
2458280.91017  2458280.91401  2018-06-11.4101702  coadd_bb482490 1.65 -1.95 18.558     >18.558  99.990          -9.88        20.91   -0.023       0.048       
2458281.89900  2458281.90283  2018-06-12.3990011  coadd_bb482796 1.69 -1.95 18.940     >18.940  99.990         -31.47        14.71   -0.073       0.034       
2458290.82542  2458290.82915  2018-06-21.3254358  coadd_bb484933 1.75 -1.95 18.511     >18.511  99.990          -7.99        21.84   -0.018       0.050       
2458294.82698  2458294.83064  2018-06-25.3269846  coadd_bb486023 1.99 -1.95 18.005     >18.005  99.990          46.18        34.81   0.107        0.080       
2458296.85121  2458296.85482  2018-06-27.3512142  coadd_bb486574 2.06 -1.95 17.546     >17.546  99.990         -60.31        53.13   -0.139       0.123       
2458300.96476  2458300.96827  2018-07-01.4647626  coadd_bb487756 2.11 -1.95 17.382     >17.382  99.990        -111.99        61.80   -0.258       0.143       
2458303.92704  2458303.93046  2018-07-04.4270451  coadd_bb488152 1.63 -1.95 18.465     >18.465  99.990          -8.68        22.78   -0.020       0.053       
2458308.71704  2458308.72032  2018-07-09.2170479  coadd_bf415684 1.43 -2.46 18.593     >18.593  99.990          16.25        12.67   0.060        0.047       
2458309.71546  2458309.71870  2018-07-10.2154646  coadd_bf416124 1.49 -2.46 18.615     >18.615  99.990           3.82        12.41   0.014        0.046       
2458311.60299  2458311.60615  2018-07-12.1029883  coadd_bf416924 1.47 -2.46 18.850     >18.850  99.990          -9.36         9.99   -0.035       0.037       
2458316.88901  2458316.89197  2018-07-17.3890103  coadd_bb491523 2.08 -1.95 18.780     >18.780  99.990         -15.52        17.05   -0.036       0.039       
2458318.78430  2458318.78718  2018-07-19.2842995  coadd_bb491882 1.68 -1.95 18.498     >18.498  99.990         -62.22        22.10   -0.144       0.051       
2458321.86341  2458321.86615  2018-07-22.3634179  coadd_bb492888 1.63 -1.95 18.209     >18.209  99.990           6.51        28.85   0.015        0.067       
2458323.54465  2458323.54732  2018-07-24.0446533  coadd_bf421187 1.56 -2.46 17.869     >17.869  99.990         -52.96        24.66   -0.195       0.091       
2458325.78510  2458325.78766  2018-07-26.2851053  coadd_bb494145 2.10 -1.95 17.992      17.514  0.235          164.20        35.22   0.379        0.081       
2458329.91407  2458329.91642  2018-07-30.4140672  coadd_bb495532 2.41 -1.95 17.356     >17.356  99.990         -83.67        63.28   -0.193       0.146       
2458330.65616  2458330.65847  2018-07-31.1561652  coadd_bf423742 1.40 -2.46 16.166     >16.166  99.990         -88.98       118.43   -0.328       0.437       
2458331.89193  2458331.89418  2018-08-01.3919298  coadd_bb496052 1.67 -1.95 17.505     >17.505  99.990          74.14        55.14   0.171        0.127       
2458333.83628  2458333.83842  2018-08-03.3362783  coadd_bb496554 2.06 -1.95 19.017     >19.017  99.990           2.58        13.70   0.006        0.032       
2458338.62797  2458338.62985  2018-08-08.1279774  coadd_bf426895 1.45 -2.46 18.738     >18.738  99.990          -6.81        11.08   -0.025       0.041       
2458341.58580  2458341.58751  2018-08-11.0858062  coadd_bf428145 1.45 -2.46 18.717     >18.717  99.990         -28.20        11.30   -0.104       0.042       
2458342.61238  2458342.61403  2018-08-12.1123776  coadd_bf428593 1.44 -2.46 18.621     >18.621  99.990          30.19        12.34   0.111        0.046       
2458347.46973  2458347.47109  2018-08-16.9697371  coadd_bf430229 1.60 -2.46 17.944     >17.944  99.990         -42.45        23.03   -0.157       0.085       
2458351.83473  2458351.83583  2018-08-21.3347335  coadd_bb501146 2.01 -1.95 18.009     >18.009  99.990          -0.58        34.68   -0.001       0.080       
2458352.57068  2458352.57173  2018-08-22.0706854  coadd_bf431844 1.44 -2.46 17.003     >17.003  99.990        -139.67        54.79   -0.515       0.202       
2458360.80730  2458360.80783  2018-08-30.3073042  coadd_bb502199 1.72 -1.95 18.664     >18.664  99.990          -1.72        18.97   -0.004       0.044       
2458371.77938  2458371.77919  2018-09-10.2793798  coadd_bb504651 1.65 -1.95 18.741     >18.741  99.990          34.80        17.67   0.080        0.041       
2458372.77862  2458372.77837  2018-09-11.2786144  coadd_bb505035 1.72 -1.95 18.656     >18.656  99.990          17.21        19.10   0.040        0.044       
2458379.75829  2458379.75759  2018-09-18.2583015  coadd_bb506551 2.09 -1.95 18.202     >18.202  99.990         -69.94        29.04   -0.161       0.067       
2458383.74406  2458383.74311  2018-09-22.2440604  coadd_bb507524 2.11 -1.95 17.508     >17.508  99.990        -109.29        55.02   -0.252       0.127       
2458386.73810  2458386.73696  2018-09-25.2380994  coadd_bb508635 1.67 -1.95 17.954     >17.954  99.990          29.82        36.47   0.069        0.084       
2458394.71366  2458394.71204  2018-10-03.2136652  coadd_bb510559 2.47 -1.95 18.804     >18.804  99.990          31.63        16.67   0.073        0.038       
